submission_id,problem_id,user_id,date,language,original_language,filename_ext,status,cpu_time,memory,code_size,accuracy
s291789669,p02936,u178269371,1600913434,Scala,Scala (2.13.1),scala,Time Limit Exceeded,2064,142048,7163,
s099202555,p02936,u178269371,1600911873,Scala,Scala (2.13.1),scala,Runtime Error,1285,79552,6737,
s179112632,p02936,u068827347,1600909250,C++,C++ (GCC 9.2.1),cpp,Accepted,245,28568,672,
s179801287,p02936,u068827347,1600909241,C++,C++ (GCC 9.2.1),cpp,Accepted,261,30204,701,
s340614931,p02936,u068827347,1600909186,C++,C++ (GCC 9.2.1),cpp,Wrong Answer,239,30128,706,
s263480372,p02936,u950174376,1600903472,C++,C++ (GCC 9.2.1),cpp,Accepted,272,46248,1144,
s306620100,p02936,u950174376,1600903444,C++,C++ (GCC 9.2.1),cpp,Wrong Answer,585,46960,1142,
s860078617,p02936,u950174376,1600901253,C++,C++ (GCC 9.2.1),cpp,Wrong Answer,2207,43208,1042,
s185490272,p02936,u243535639,1600887074,Python,PyPy3 (7.3.0),py,Runtime Error,603,126568,426,
s650598942,p02936,u243535639,1600885686,Python,PyPy3 (7.3.0),py,Wrong Answer,2264,2302816,461,
s801515347,p02936,u243535639,1600885414,Python,PyPy3 (7.3.0),py,Wrong Answer,2209,153564,425,
s290191253,p02936,u455371217,1600882871,C++,C++ (GCC 9.2.1),cpp,Accepted,150,17308,1304,
s755631105,p02936,u969116807,1600878360,Python,Python (3.8.2),py,Accepted,1372,232972,695,
s787015092,p02936,u969116807,1600878215,Python,Python (3.8.2),py,Accepted,1391,233108,612,
s426772260,p02936,u969116807,1600878142,Python,Python (3.8.2),py,Runtime Error,589,44408,599,
s509024212,p02936,u969116807,1600878056,Python,Python (3.8.2),py,Runtime Error,582,44440,501,
s151172803,p02936,u969116807,1600878009,Python,Python (3.8.2),py,Runtime Error,610,44252,579,
s982115627,p02936,u969116807,1600877829,Python,Python (3.8.2),py,Runtime Error,1273,52320,607,
s094022773,p02936,u969116807,1600877786,Python,Python (3.8.2),py,Runtime Error,1168,52424,589,
s238112044,p02936,u969116807,1600877474,Python,Python (3.8.2),py,Runtime Error,1250,52092,584,
s926379735,p02936,u969116807,1600877344,Python,Python (3.8.2),py,Runtime Error,1192,52332,605,
s650104954,p02936,u495692658,1600874728,C++,C++ (GCC 9.2.1),cpp,Accepted,524,28340,898,
s203049742,p02936,u238205921,1600867280,C++,C++ (GCC 9.2.1),cpp,Accepted,141,29780,2001,
s185074237,p02936,u682820318,1600835886,C++,C++ (GCC 9.2.1),cpp,Accepted,239,24324,1636,
s803679651,p02936,u682820318,1600833216,C++,C++ (GCC 9.2.1),cpp,Accepted,233,25068,1592,
s002779103,p02936,u207048881,1600830477,C++,C++ (GCC 9.2.1),cpp,Accepted,139,24248,1153,
s832728280,p02936,u295279251,1600828490,C++,C++ (GCC 9.2.1),cpp,Accepted,246,28352,819,
s046982443,p02936,u010666962,1600817116,C++,C++ (GCC 9.2.1),cpp,Wrong Answer,2206,27644,846,
s747533196,p02936,u151855078,1600796856,C++,C++ (GCC 9.2.1),cpp,Accepted,121,27768,628,
s150557767,p02936,u151855078,1600796813,C++,C++ (GCC 9.2.1),cpp,Wrong Answer,138,30992,628,
s699358416,p02936,u492447501,1600777153,C++,C++ (Clang 10.0.0),cpp,Accepted,698,51364,3312,
s040794671,p02936,u964720366,1600762862,C#,C# (.NET Core 3.1.201),cs,Accepted,480,91352,2355,
s793682578,p02936,u964720366,1600762719,C#,C# (.NET Core 3.1.201),cs,Wrong Answer,424,96444,2353,
s931063720,p02936,u502312544,1600740082,C++,C++ (GCC 9.2.1),cpp,Accepted,420,24296,4639,
s959628831,p02936,u425762225,1600731238,Lisp,Common Lisp (SBCL 2.0.3),l,Accepted,203,63748,8922,
s582929615,p02936,u425762225,1600730885,Lisp,Common Lisp (SBCL 2.0.3),l,Accepted,785,102500,8887,
s792608034,p02936,u425762225,1600730809,Lisp,Common Lisp (SBCL 2.0.3),l,Accepted,802,102540,8855,
s011612186,p02936,u425762225,1600730245,Lisp,Common Lisp (SBCL 2.0.3),l,Accepted,795,102540,8563,
s313328688,p02936,u425762225,1600728955,Lisp,Common Lisp (SBCL 2.0.3),l,Wrong Answer,785,109948,8862,
s147367193,p02936,u970109776,1600726038,Python,Python (3.8.2),py,Runtime Error,1161,73892,473,
s363702665,p02936,u970109776,1600724760,Python,Python (3.8.2),py,Wrong Answer,2208,70192,527,
s965283320,p02936,u970109776,1600724537,Python,Python (3.8.2),py,Runtime Error,2207,69304,431,
s885893868,p02936,u628335443,1600724257,Python,PyPy3 (7.3.0),py,Accepted,837,146792,564,
s843239284,p02936,u628335443,1600724228,Python,Python (3.8.2),py,Accepted,1144,71496,564,
s730163526,p02936,u947485517,1600703775,C++,C++ (GCC 9.2.1),cpp,Wrong Answer,220,15652,600,
s775308136,p02936,u540877546,1600702064,Python,Python (3.8.2),py,Accepted,1504,249456,566,
s950213790,p02936,u854367220,1600680484,C++,C++ (GCC 9.2.1),cpp,Accepted,138,27868,618,
s644824648,p02936,u367794409,1600644486,Python,Python (3.8.2),py,Accepted,1184,283072,540,
s139191348,p02936,u367794409,1600644424,Python,PyPy3 (7.3.0),py,Time Limit Exceeded,2246,1638080,540,
s678844341,p02936,u367794409,1600642434,Python,PyPy3 (7.3.0),py,Accepted,812,230364,733,
s786168360,p02936,u367794409,1600642407,Python,Python (3.8.2),py,Accepted,1053,161304,733,
s841633412,p02936,u367794409,1600642373,Python,Python (3.8.2),py,Accepted,1106,161304,733,
s540399559,p02936,u481250941,1600641054,Python,Python (3.8.2),py,Accepted,1509,131648,1599,
s360564632,p02936,u481250941,1600640824,Python,Python (3.8.2),py,Wrong Answer,1372,130880,1551,
s479355261,p02936,u481250941,1600638952,Python,Python (3.8.2),py,Wrong Answer,2210,132504,1544,
s866867474,p02936,u481250941,1600638238,Python,Python (3.8.2),py,Wrong Answer,2208,90796,1334,
s508098058,p02936,u794448346,1600636293,Python,Python (3.8.2),py,Accepted,1309,56688,497,
s519982178,p02936,u966647557,1600635558,C++,C++ (Clang 10.0.0),cpp,Accepted,517,31128,2718,
s958254926,p02936,u271210469,1600635256,Python,PyPy3 (7.3.0),py,Accepted,790,126152,432,
s260070476,p02936,u794448346,1600634652,Python,Python (3.8.2),py,Wrong Answer,972,48716,306,
s819594006,p02936,u794448346,1600634255,Python,Python (3.8.2),py,Wrong Answer,842,29212,288,
s622626085,p02936,u434874161,1600634079,C++,C++ (GCC 9.2.1),cpp,Accepted,166,67656,2002,
s714490506,p02936,u805616568,1600625171,C++,C++ (GCC 9.2.1),cpp,Accepted,246,25412,685,
s345791113,p02936,u805616568,1600625071,C++,C++ (GCC 9.2.1),cpp,Wrong Answer,223,25396,619,
s409395562,p02936,u943057856,1600616725,Python,PyPy3 (7.3.0),py,Accepted,757,126756,575,
s190967502,p02936,u943057856,1600616580,Python,PyPy3 (7.3.0),py,Accepted,798,139268,601,
s350391955,p02936,u943057856,1600616077,Python,Python (3.8.2),py,Time Limit Exceeded,2207,72420,647,
s954640683,p02936,u943057856,1600615941,Python,PyPy3 (7.3.0),py,Time Limit Exceeded,2208,128656,647,
s575676663,p02936,u793144126,1600563316,Java,Java (OpenJDK 11.0.6),java,Time Limit Exceeded,2212,227968,26299,
s585081384,p02936,u556046719,1600562541,Ruby,Ruby (2.7.1),rb,Wrong Answer,879,299472,596,
s729564018,p02936,u556046719,1600560739,Ruby,Ruby (2.7.1),rb,Wrong Answer,2217,332320,517,
s273372829,p02936,u054514819,1600559025,Python,PyPy3 (7.3.0),py,Accepted,430,124284,612,
s491718821,p02936,u054514819,1600558876,Python,PyPy3 (7.3.0),py,Time Limit Exceeded,2259,1632108,552,
s000227299,p02936,u725680599,1600556698,C++,C++ (GCC 9.2.1),cpp,Accepted,507,24344,1057,
s806489035,p02936,u725680599,1600556656,C++,C++ (GCC 9.2.1),cpp,Wrong Answer,2206,15764,1057,
s410833210,p02936,u725680599,1600556601,C++,C++ (GCC 9.2.1),cpp,Wrong Answer,2206,15752,1057,
s781430372,p02936,u725680599,1600555746,C++,C++ (GCC 9.2.1),cpp,Wrong Answer,2206,36940,1071,
s490441817,p02936,u642657797,1600551972,C++,C++ (GCC 9.2.1),cpp,Accepted,153,47300,1316,
s048467256,p02936,u558528117,1600550930,Rust,Rust (1.42.0),rs,Accepted,226,45460,2157,
s018556736,p02936,u111653921,1600546366,C++,C++ (GCC 9.2.1),cpp,Accepted,375,25084,933,
s565131917,p02936,u111653921,1600545977,C++,C++ (GCC 9.2.1),cpp,Runtime Error,356,271660,831,
s168523634,p02936,u111653921,1600545924,C++,C++ (GCC 9.2.1),cpp,Wrong Answer,389,24176,808,
s462190605,p02936,u743124029,1600542417,C++,C++ (GCC 9.2.1),cpp,Accepted,532,28232,1125,
s761543757,p02936,u326609687,1600541711,Python,Python (3.8.2),py,Accepted,326,166180,2904,
s327816836,p02936,u583285098,1600527849,Python,Python (3.8.2),py,Time Limit Exceeded,2216,291028,882,
s649660029,p02936,u583285098,1600526971,Python,Python (3.8.2),py,Time Limit Exceeded,2214,284688,800,
s593200951,p02936,u583285098,1600526087,Python,Python (3.8.2),py,Accepted,1390,104584,550,
s120916853,p02936,u583285098,1600525797,Python,Python (3.8.2),py,Runtime Error,2208,141832,844,
s489988299,p02936,u719183848,1600519226,C++,C++ (GCC 9.2.1),cpp,Accepted,141,25876,1741,
s760423519,p02936,u005006157,1600513289,C++,C++ (GCC 9.2.1),cpp,Accepted,493,24312,856,
s001179864,p02936,u005006157,1600513232,C++,C++ (GCC 9.2.1),cpp,Runtime Error,2211,271476,854,
s548799592,p02936,u886613668,1600503468,C++,C++ (GCC 9.2.1),cpp,Accepted,236,28576,593,
s179699888,p02936,u713574885,1600491702,C++,C++ (GCC 9.2.1),cpp,Wrong Answer,234,54628,625,
s506491092,p02936,u713574885,1600491421,C++,C++ (GCC 9.2.1),cpp,Wrong Answer,2207,43100,594,
s410971305,p02936,u205655980,1600488361,C++,C++ (GCC 9.2.1),cpp,Accepted,248,25512,659,
s999643798,p02936,u116774833,1600483087,C++,C++ (GCC 9.2.1),cpp,Accepted,228,16612,1020,
s040580590,p02936,u691782712,1600480948,Scala,Scala (2.13.1),scala,Accepted,1649,115816,1062,
s389865903,p02936,u691782712,1600480681,Scala,Scala (2.13.1),scala,Time Limit Exceeded,2101,118344,905,
s640451038,p02936,u691782712,1600477113,Scala,Scala (2.13.1),scala,Wrong Answer,1777,85360,414,
s591629505,p02936,u691782712,1600476622,Scala,Scala (2.13.1),scala,Wrong Answer,1693,84612,413,
s492457276,p02936,u801177665,1600461514,C++,C++ (GCC 9.2.1),cpp,Accepted,510,27496,837,
s776481893,p02936,u842028864,1600460111,C++,C++ (GCC 9.2.1),cpp,Accepted,256,31436,721,
s985332938,p02936,u801177665,1600459872,C++,C++ (GCC 9.2.1),cpp,Time Limit Exceeded,2264,2147800,1023,
s278259385,p02936,u583285098,1600456280,Python,Python (3.8.2),py,Runtime Error,2211,169564,826,
s970945575,p02936,u583285098,1600455250,Python,Python (3.8.2),py,Runtime Error,2210,161792,895,
s919552373,p02936,u583285098,1600452860,Python,Python (3.8.2),py,Runtime Error,2209,136036,733,
s577690915,p02936,u583285098,1600452535,Python,Python (3.8.2),py,Runtime Error,1420,95916,733,
s018963830,p02936,u583285098,1600452435,Python,Python (3.8.2),py,Runtime Error,2211,135876,733,
s224519025,p02936,u583285098,1600452189,Python,Python (3.8.2),py,Runtime Error,2209,135540,733,
s976387891,p02936,u583285098,1600452143,Python,Python (3.8.2),py,Runtime Error,2209,135856,725,
s400295293,p02936,u371958417,1600436604,C++,C++ (GCC 9.2.1),cpp,Accepted,243,24820,560,
s250765150,p02936,u579455624,1600433104,Kotlin,Kotlin (1.3.71),kt,Accepted,1970,140160,986,
s587988991,p02936,u513402782,1600409588,C++,C++ (GCC 9.2.1),cpp,Wrong Answer,168,28260,3783,
s174778916,p02936,u513402782,1600409499,C++,C++ (GCC 9.2.1),cpp,Accepted,134,25012,3217,
s061850674,p02936,u513402782,1600409050,C++,C++ (GCC 9.2.1),cpp,Wrong Answer,102,21888,3111,
s482224643,p02936,u513402782,1600408850,C++,C++ (GCC 9.2.1),cpp,Wrong Answer,116,23508,3129,
s833325211,p02936,u353706368,1600407853,C++,C++ (GCC 9.2.1),cpp,Accepted,141,24232,846,
s709934976,p02936,u513402782,1600406820,C++,C++ (GCC 9.2.1),cpp,Wrong Answer,149,25072,3697,
s432561396,p02936,u513402782,1600406512,C++,C++ (GCC 9.2.1),cpp,Wrong Answer,140,24972,3679,
s963736252,p02936,u513402782,1600405115,C++,C++ (GCC 9.2.1),cpp,Wrong Answer,142,25096,3615,
s037112414,p02936,u513402782,1600405066,C++,C++ (GCC 9.2.1),cpp,Wrong Answer,138,23420,3609,
s236051528,p02936,u896741788,1600402034,Python,Python (3.8.2),py,Accepted,917,234440,652,
s941183203,p02936,u492447501,1600397532,C++,C++ (Clang 10.0.0),cpp,Time Limit Exceeded,2206,40388,3385,
s191436840,p02936,u275256557,1600391123,C++,C++ (GCC 9.2.1),cpp,Accepted,226,17452,1054,
s260325960,p02936,u770067864,1600386078,C++,C++ (GCC 9.2.1),cpp,Accepted,543,25088,4023,
s827985608,p02936,u770067864,1600385977,C++,C++ (GCC 9.2.1),cpp,Wrong Answer,10,3560,3722,
s078747995,p02936,u770067864,1600385195,C++,C++ (GCC 9.2.1),cpp,Accepted,539,25076,4019,
s898380893,p02936,u770067864,1600384069,C++,C++ (GCC 9.2.1),cpp,Wrong Answer,2206,25380,3967,
s735082406,p02936,u770067864,1600383919,C++,C++ (GCC 9.2.1),cpp,Wrong Answer,2206,25200,4079,
s231363425,p02936,u770067864,1600383265,C++,C++ (GCC 9.2.1),cpp,Time Limit Exceeded,2206,10168,4311,
s393342392,p02936,u185413585,1600382638,C++,C++ (GCC 9.2.1),cpp,Accepted,254,42228,1111,
s778209608,p02936,u359358631,1600381611,Python,PyPy3 (7.3.0),py,Accepted,768,125756,725,
s710518622,p02936,u359358631,1600381571,Python,PyPy3 (7.3.0),py,Wrong Answer,809,140460,724,
s873835648,p02936,u619557935,1600377231,C++,C++ (GCC 9.2.1),cpp,Accepted,229,18904,1056,
s934000071,p02936,u619557935,1600376991,C++,C++ (GCC 9.2.1),cpp,Wrong Answer,2230,779504,969,
s751126955,p02936,u842170774,1600372925,Python,PyPy3 (7.3.0),py,Accepted,814,140096,823,
s180357269,p02936,u398221039,1600357570,C++,C++ (GCC 9.2.1),cpp,Accepted,248,24356,1001,
s593782226,p02936,u398221039,1600357304,C++,C++ (GCC 9.2.1),cpp,Accepted,258,24308,1043,
s833917274,p02936,u269963329,1600355755,C++,C++ (GCC 9.2.1),cpp,Accepted,244,24272,625,
s244571594,p02936,u398221039,1600353064,C++,C++ (GCC 9.2.1),cpp,Accepted,254,16472,1059,
s329731412,p02936,u972123419,1600333920,C++,C++ (GCC 9.2.1),cpp,Accepted,139,27032,1819,
s178028494,p02936,u626337957,1600325777,Python,PyPy3 (7.3.0),py,Accepted,740,143780,662,
s570235664,p02936,u547099897,1600316580,C++,C++ (GCC 9.2.1),cpp,Accepted,509,24304,1134,
s390891734,p02936,u941274418,1600316466,Java,Java (OpenJDK 1.8.0),java,Accepted,1335,112616,9011,
s027638634,p02936,u941274418,1600316212,Java,Java (OpenJDK 1.8.0),java,Wrong Answer,1242,110036,8888,
s957257509,p02936,u416773418,1600310097,C++,C++ (GCC 9.2.1),cpp,Accepted,247,18420,1279,
s898532913,p02936,u934052933,1600308895,Python,Python (3.8.2),py,Accepted,726,59096,804,
s726144062,p02936,u770067864,1600302559,C++,C++ (GCC 9.2.1),cpp,Runtime Error,302,16216,3706,
s248025056,p02936,u040875074,1600302136,C++,C++ (GCC 9.2.1),cpp,Accepted,414,25792,1958,
s398116726,p02936,u770067864,1600300650,C++,C++ (GCC 9.2.1),cpp,Runtime Error,606,17016,3335,
s941682725,p02936,u770067864,1600299715,C++,C++ (GCC 9.2.1),cpp,Wrong Answer,226,16212,3222,
s722659509,p02936,u656707269,1600299637,C++,C++ (GCC 9.2.1),cpp,Accepted,143,26580,1227,
s260412476,p02936,u797106134,1600297432,Python,Python (3.8.2),py,Accepted,1422,287500,610,
s039854352,p02936,u797106134,1600297364,Python,Python (3.8.2),py,Runtime Error,1142,56720,571,
s848323194,p02936,u770067864,1600295198,C++,C++ (GCC 9.2.1),cpp,Wrong Answer,206,16168,3118,
s229286708,p02936,u770067864,1600293447,C++,C++ (GCC 9.2.1),cpp,Wrong Answer,2346,3511472,3743,
s394737495,p02936,u702151817,1600286606,C++,C++ (GCC 9.2.1),cpp,Accepted,145,30864,5153,
s603164266,p02936,u702151817,1600286483,C++,C++ (GCC 9.2.1),cpp,Accepted,151,30896,5130,
s651374008,p02936,u702151817,1600286067,C++,C++ (GCC 9.2.1),cpp,Accepted,148,26948,5079,
s026460626,p02936,u702151817,1600285994,C++,C++ (GCC 9.2.1),cpp,Accepted,143,27032,5088,
s725088722,p02936,u702151817,1600285599,C++,C++ (GCC 9.2.1),cpp,Wrong Answer,123,26996,5065,
s942913051,p02936,u702151817,1600285317,C++,C++ (GCC 9.2.1),cpp,Wrong Answer,126,26992,5032,
s295120064,p02936,u702151817,1600284611,C++,C++ (GCC 9.2.1),cpp,Wrong Answer,104,17692,5008,
s762385756,p02936,u424621178,1600261757,C++,C++ (Clang 10.0.0),cpp,Accepted,508,32404,8372,
s495865460,p02936,u367794409,1600248574,Python,Python (3.8.2),py,Accepted,1497,282704,490,
s020286914,p02936,u367794409,1600248542,Python,Python (3.8.2),py,Accepted,1130,282928,540,
s752338193,p02936,u367794409,1600248439,Python,Python (3.8.2),py,Wrong Answer,1098,276416,501,
s361264078,p02936,u367794409,1600248309,Python,Python (3.8.2),py,Accepted,1054,282944,938,
s706625927,p02936,u367794409,1600248270,Python,PyPy3 (7.3.0),py,Time Limit Exceeded,2247,1603676,938,
s098026966,p02936,u367794409,1600248227,Python,PyPy3 (7.3.0),py,Wrong Answer,2255,1582880,513,
s558585867,p02936,u367794409,1600248115,Python,PyPy3 (7.3.0),py,Wrong Answer,2239,1430988,463,
s255747716,p02936,u367794409,1600247990,Python,PyPy3 (7.3.0),py,Runtime Error,727,186524,420,
s594467694,p02936,u188486233,1600242591,C++,C++ (GCC 9.2.1),cpp,Accepted,245,25072,699,
s551602313,p02936,u804049891,1600235800,C++,C++ (GCC 9.2.1),cpp,Accepted,236,17368,856,
s200663150,p02936,u326609687,1600231327,Python,Python (3.8.2),py,Accepted,245,105128,2516,
s525966875,p02936,u326609687,1600230659,Python,Python (3.8.2),py,Runtime Error,113,26952,2614,
s280368391,p02936,u326609687,1600230522,Python,Python (3.8.2),py,Accepted,234,104980,2606,
s139502806,p02936,u960080897,1600223472,Python,Python (3.8.2),py,Accepted,724,56616,1445,
s004418089,p02936,u960080897,1600222421,Python,Python (3.8.2),py,Wrong Answer,541,48288,1276,
s707555888,p02936,u516554284,1600222296,Python,Python (3.8.2),py,Accepted,1443,232960,536,
s783949234,p02936,u326609687,1600221929,Python,Python (3.8.2),py,Wrong Answer,1052,189708,2183,
s775080844,p02936,u516554284,1600221194,Python,Python (3.8.2),py,Runtime Error,1183,66552,494,
s573872582,p02936,u326609687,1600216615,Python,Python (3.8.2),py,Wrong Answer,703,184872,1632,
s733987930,p02936,u267718666,1600192194,Python,Python (3.8.2),py,Wrong Answer,865,32460,304,
s455533105,p02936,u267718666,1600192067,Python,Python (3.8.2),py,Time Limit Exceeded,2206,24736,334,
s820893693,p02936,u418879326,1600186838,C++,C++ (GCC 9.2.1),cpp,Accepted,247,26752,911,
s416921369,p02936,u829260400,1600178393,C++,C++ (GCC 9.2.1),cpp,Accepted,513,17380,2338,
s259504917,p02936,u829260400,1600178347,C++,C++ (GCC 9.2.1),cpp,Wrong Answer,825,17048,2368,
s202747830,p02936,u298768617,1600147185,C++,C++ (GCC 9.2.1),cpp,Accepted,232,24292,654,
s181613329,p02936,u999788719,1600146453,C++,C++ (GCC 9.2.1),cpp,Accepted,143,27480,2761,
s050336863,p02936,u529089914,1600136708,C++,C++ (GCC 9.2.1),cpp,Runtime Error,2328,3497288,775,
s624787619,p02936,u529089914,1600136620,C++,C++ (GCC 9.2.1),cpp,Compile Error,,,783,
s712350298,p02936,u529089914,1600135125,C++,C++ (GCC 9.2.1),cpp,Time Limit Exceeded,2275,2403868,824,
s276909110,p02936,u529089914,1600134938,C++,C++ (GCC 9.2.1),cpp,Time Limit Exceeded,2283,2397984,818,
s768266858,p02936,u529089914,1600134360,C++,C++ (GCC 9.2.1),cpp,Time Limit Exceeded,2305,2402176,813,
s586136363,p02936,u539367121,1600119706,Python,Python (3.8.2),py,Accepted,1403,234312,510,
s040393233,p02936,u539367121,1600119618,Python,Python (3.8.2),py,Runtime Error,1205,54048,464,
s791605701,p02936,u424602097,1600115759,C++,C++ (GCC 9.2.1),cpp,Accepted,140,17328,1437,
s176125824,p02936,u424602097,1600115749,C++,C++ (GCC 9.2.1),cpp,Accepted,175,23632,1435,
s578893368,p02936,u539367121,1600112109,Python,Python (3.8.2),py,Accepted,1513,108040,971,
s083235996,p02936,u539367121,1600108564,Python,Python (3.8.2),py,Wrong Answer,1299,97860,880,
s471418191,p02936,u539367121,1600106208,Python,Python (3.8.2),py,Wrong Answer,1151,86460,701,
s884146755,p02936,u936985471,1600106121,Python,Python (3.8.2),py,Accepted,808,65936,509,
s857649434,p02936,u322187839,1600102853,Python,Python (3.8.2),py,Accepted,1585,244260,656,
s090331768,p02936,u322187839,1600102785,Python,Python (3.8.2),py,Accepted,1517,244216,656,
s111899869,p02936,u322187839,1600102738,Python,Python (3.8.2),py,Runtime Error,1308,60272,616,
s215488666,p02936,u539367121,1600094580,Python,Python (3.8.2),py,Runtime Error,1130,68944,476,
s125879882,p02936,u539367121,1600094416,Python,Python (3.8.2),py,Wrong Answer,1467,78428,471,
s199261334,p02936,u539367121,1600094265,Python,Python (3.8.2),py,Wrong Answer,1480,78444,471,
s929358784,p02936,u539367121,1600088037,Python,Python (3.8.2),py,Wrong Answer,947,49852,377,
s677032893,p02936,u223219391,1600068543,Go,Go (1.14.1),go,Accepted,173,30868,1892,
s200225393,p02936,u223219391,1600068401,Go,Go (1.14.1),go,Time Limit Exceeded,2338,3499104,1904,
s869890741,p02936,u626337957,1600067956,Python,PyPy3 (7.3.0),py,Wrong Answer,775,147996,1055,
s332127310,p02936,u626337957,1600067905,Python,PyPy3 (7.3.0),py,Wrong Answer,701,143824,1017,
s889341676,p02936,u223219391,1600067834,Go,Go (1.14.1),go,Time Limit Exceeded,2338,3516068,1824,
s986292379,p02936,u223219391,1600066455,Go,Go (1.14.1),go,Time Limit Exceeded,2344,3503408,2110,
s664111593,p02936,u400107908,1600064114,C++,C++ (GCC 9.2.1),cpp,Accepted,240,25116,3350,
s679196049,p02936,u400107908,1600063908,C++,C++ (GCC 9.2.1),cpp,Runtime Error,246,25112,3346,
s999050475,p02936,u223219391,1600063673,Go,Go (1.14.1),go,Wrong Answer,116,11452,1763,
s517155783,p02936,u223219391,1600063092,Go,Go (1.14.1),go,Wrong Answer,2206,10580,1582,
s140544261,p02936,u223219391,1600060784,Go,Go (1.14.1),go,Wrong Answer,2346,3497224,1825,
s371341252,p02936,u174394352,1600056419,Python,Python (3.8.2),py,Accepted,1365,104544,540,
s105653147,p02936,u174394352,1600056246,Python,Python (3.8.2),py,Accepted,1405,104584,531,
s723199698,p02936,u174394352,1600056234,Python,PyPy3 (7.3.0),py,Accepted,1102,201472,531,
s300488456,p02936,u903948194,1600054071,Python,Python (3.8.2),py,Wrong Answer,2212,210856,562,
s917789385,p02936,u903948194,1600053974,Python,Python (3.8.2),py,Accepted,1406,223452,585,
s072777813,p02936,u903948194,1600053670,Python,Python (3.8.2),py,Runtime Error,1316,53988,570,
s307003884,p02936,u539367121,1600053118,Python,Python (3.8.2),py,Wrong Answer,2243,1070672,623,
s972038553,p02936,u539367121,1600052661,Python,PyPy3 (7.3.0),py,Wrong Answer,2236,928336,610,
s075135558,p02936,u539367121,1600052493,Python,Python (3.8.2),py,Wrong Answer,2242,1124712,610,
s111091514,p02936,u903948194,1600051669,Python,Python (3.8.2),py,Runtime Error,2207,42352,515,
s721952158,p02936,u539367121,1600050166,Python,Python (3.8.2),py,Wrong Answer,2207,50268,670,
s833598294,p02936,u903948194,1600050156,Python,Python (3.8.2),py,Runtime Error,2207,42264,466,
s276804890,p02936,u666550725,1600044661,Python,PyPy3 (7.3.0),py,Accepted,1374,138104,540,
s617006859,p02936,u965093879,1600043105,C++,C++ (GCC 9.2.1),cpp,Accepted,519,19044,945,
s077442566,p02936,u903948194,1600039748,Python,Python (3.8.2),py,Runtime Error,2208,90092,568,
s852776390,p02936,u903948194,1600039161,Python,Python (3.8.2),py,Runtime Error,2208,90092,509,
s954984285,p02936,u903948194,1600038798,Python,Python (3.8.2),py,Runtime Error,2208,90100,497,
s514343740,p02936,u965093879,1600038671,C++,C++ (GCC 9.2.1),cpp,Wrong Answer,490,15596,786,
s200536007,p02936,u965093879,1600037891,C++,C++ (GCC 9.2.1),cpp,Wrong Answer,483,15624,802,
s449082033,p02936,u965093879,1600035684,C++,C++ (GCC 9.2.1),cpp,Wrong Answer,2226,698428,1146,
s099544902,p02936,u903948194,1600035365,Python,Python (3.8.2),py,Runtime Error,2208,90096,523,
s721671118,p02936,u901282405,1600035114,C++,C++ (GCC 9.2.1),cpp,Accepted,145,17436,12853,
s062902510,p02936,u433380437,1600033784,Python,Python (3.8.2),py,Accepted,1468,282992,549,
s248962613,p02936,u623819879,1600032761,Python,PyPy3 (7.3.0),py,Accepted,630,172108,5474,
s526339704,p02936,u338791285,1600031146,C++,C++ (GCC 9.2.1),cpp,Accepted,508,24360,1392,
s376138727,p02936,u433380437,1600030734,Python,Python (3.8.2),py,Accepted,1145,282860,928,
s116812888,p02936,u698868214,1600025824,Python,Python (3.8.2),py,Accepted,1398,127552,594,
s783671985,p02936,u698868214,1600025776,Python,Python (3.8.2),py,Wrong Answer,1531,131884,606,
s589636173,p02936,u130651752,1600025695,C++,C++ (GCC 9.2.1),cpp,Compile Error,,,495,
s874414761,p02936,u739843002,1600001161,Python,Python (3.8.2),py,Accepted,1145,76072,655,
s973656418,p02936,u240630407,1599970240,Python,Python (3.8.2),py,Accepted,1557,258180,2308,
s202307309,p02936,u240630407,1599969913,Python,Python (3.8.2),py,Time Limit Exceeded,2075,289956,2324,
s388993054,p02936,u240630407,1599969732,Python,Python (3.8.2),py,Time Limit Exceeded,2100,296212,2335,
s467041104,p02936,u631558039,1599961496,C++,C++ (GCC 9.2.1),cpp,Accepted,259,25256,1680,
s120004541,p02936,u759412327,1599952598,Python,Python (3.8.2),py,Accepted,1119,56252,368,
s952768338,p02936,u759412327,1599952425,Python,Python (3.8.2),py,Wrong Answer,1576,92612,267,
s163826351,p02936,u759412327,1599952189,Python,Python (3.8.2),py,Wrong Answer,823,30700,244,
s455025877,p02936,u791317953,1599952036,Java,Java (OpenJDK 11.0.6),java,Runtime Error,933,960280,1212,
s372443565,p02936,u519761526,1599946990,C++,C++ (GCC 9.2.1),cpp,Accepted,234,17368,1361,
s598010317,p02936,u259578308,1599942472,C++,C++ (GCC 9.2.1),cpp,Accepted,508,24328,664,
s310762444,p02936,u106342872,1599934105,C++,C++ (GCC 9.2.1),cpp,Accepted,500,29868,780,
s112486772,p02936,u048238198,1599905677,Python,Python (3.8.2),py,Accepted,1489,271928,1139,
s587194256,p02936,u240630407,1599888693,Python,Python (3.8.2),py,Time Limit Exceeded,2213,291952,2313,
s192531536,p02936,u608007704,1599885380,Python,Python (3.8.2),py,Wrong Answer,1431,61808,415,
s014540515,p02936,u608227593,1599884955,Lisp,Common Lisp (SBCL 2.0.3),l,Accepted,805,89524,1428,
s903535634,p02936,u608007704,1599884902,Python,Python (3.8.2),py,Wrong Answer,2207,82216,485,
s145882966,p02936,u433380437,1599884638,Python,PyPy3 (7.3.0),py,Accepted,799,132012,592,
s464523456,p02936,u608007704,1599884634,Python,Python (3.8.2),py,Wrong Answer,1474,61796,390,
s368840268,p02936,u433380437,1599884263,Python,PyPy3 (7.3.0),py,Wrong Answer,822,131756,591,
s987851167,p02936,u433380437,1599882436,Python,PyPy3 (7.3.0),py,Accepted,746,127932,555,
s120117180,p02936,u728564399,1599882244,Julia,Julia (1.4.0),jl,Accepted,781,257060,712,
s188083876,p02936,u433380437,1599882091,Python,PyPy3 (7.3.0),py,Wrong Answer,1399,124392,363,
s515255636,p02936,u682686221,1599881824,Julia,Julia (1.4.0),jl,Accepted,787,256728,738,
s208929814,p02936,u433380437,1599881408,Python,PyPy3 (7.3.0),py,Wrong Answer,2211,230132,544,
s450284507,p02936,u433380437,1599881387,Python,PyPy3 (7.3.0),py,Wrong Answer,2211,230288,544,
s288560238,p02936,u433380437,1599881278,Python,Python (3.8.2),py,Wrong Answer,2207,51880,519,
s551967317,p02936,u433380437,1599880170,Python,Python (3.8.2),py,Runtime Error,1260,75080,1047,
s446820226,p02936,u433380437,1599880047,Python,Python (3.8.2),py,Runtime Error,1250,61084,1012,
s506016608,p02936,u682686221,1599878596,Julia,Julia (1.4.0),jl,Wrong Answer,714,275332,579,
s623415545,p02936,u433380437,1599878047,Python,PyPy3 (7.3.0),py,Wrong Answer,2211,229724,578,
s628109429,p02936,u682686221,1599877808,Julia,Julia (1.4.0),jl,Wrong Answer,2230,906656,689,
s327158530,p02936,u433380437,1599877697,Python,PyPy3 (7.3.0),py,Wrong Answer,2212,182980,542,
s266577024,p02936,u682686221,1599877666,Julia,Julia (1.4.0),jl,Accepted,748,275516,577,
s220470454,p02936,u851470173,1599876134,C++,C++ (GCC 9.2.1),cpp,Accepted,138,29308,1293,
s925861390,p02936,u910632349,1599875389,Python,Python (3.8.2),py,Accepted,1422,232996,416,
s473437481,p02936,u910632349,1599875349,Python,Python (3.8.2),py,Runtime Error,1136,52316,376,
s109604000,p02936,u910632349,1599866442,Python,Python (3.8.2),py,Wrong Answer,1040,49888,375,
s481785441,p02936,u910632349,1599865618,Python,Python (3.8.2),py,Wrong Answer,983,48628,290,
s199705305,p02936,u910632349,1599865251,Python,PyPy3 (7.3.0),py,Runtime Error,2256,1348196,403,
s079267673,p02936,u910632349,1599865207,Python,Python (3.8.2),py,Runtime Error,27,8944,404,
s592925360,p02936,u910632349,1599865155,Python,PyPy3 (7.3.0),py,Runtime Error,100,74448,404,
s662260907,p02936,u910632349,1599863836,Python,Python (3.8.2),py,Wrong Answer,2207,54224,470,
s698867135,p02936,u862192359,1599863356,JavaScript,JavaScript (Node.js 12.16.1),js,Time Limit Exceeded,2216,327904,1213,
s195746746,p02936,u728564399,1599857695,Julia,Julia (1.4.0),jl,Wrong Answer,720,255868,616,
s680160894,p02936,u728564399,1599857133,Julia,Julia (1.4.0),jl,Runtime Error,1726,314132,529,
s904008369,p02936,u728564399,1599856786,Julia,Julia (1.4.0),jl,Wrong Answer,2215,314192,567,
s402041082,p02936,u344030307,1599840517,Python,Python (3.8.2),py,Accepted,1375,98980,795,
s213689630,p02936,u344030307,1599839777,Python,Python (3.8.2),py,Wrong Answer,2208,99068,614,
s366310904,p02936,u980205854,1599839774,Python,PyPy3 (7.3.0),py,Accepted,822,122100,2517,
s447380484,p02936,u980205854,1599839085,Python,PyPy3 (7.3.0),py,Time Limit Exceeded,2208,131948,2666,
s274475339,p02936,u812354010,1599831346,Python,PyPy3 (7.3.0),py,Accepted,772,127264,554,
s184645955,p02936,u812354010,1599829823,Python,PyPy3 (7.3.0),py,Wrong Answer,624,108404,547,
s627462426,p02936,u548778623,1599792403,C++,C++ (GCC 9.2.1),cpp,Accepted,238,25068,665,
s042032200,p02936,u548778623,1599791461,C++,C++ (GCC 9.2.1),cpp,Accepted,247,25028,694,
s400050119,p02936,u812354010,1599773842,Python,PyPy3 (7.3.0),py,Wrong Answer,664,108584,411,
s950423607,p02936,u812354010,1599765438,Python,PyPy3 (7.3.0),py,Wrong Answer,2213,246016,463,
s444572387,p02936,u333114422,1599741626,C,C (GCC 9.2.1),c,Wrong Answer,90,4828,2476,
s473979194,p02936,u874320250,1599721831,Python,PyPy3 (7.3.0),py,Accepted,485,206668,743,
s561267638,p02936,u276152693,1599714872,Java,Java (OpenJDK 11.0.6),java,Accepted,602,82532,4948,
s970005659,p02936,u276152693,1599714759,Java,Java (OpenJDK 11.0.6),java,Accepted,558,83152,4936,
s390982284,p02936,u276152693,1599714526,Java,Java (OpenJDK 11.0.6),java,Accepted,1260,131924,4973,
s535319154,p02936,u276152693,1599714438,Java,Java (OpenJDK 11.0.6),java,Accepted,1416,124800,4952,
s135824143,p02936,u936600428,1599714392,C++,C++ (GCC 9.2.1),cpp,Accepted,260,39092,2319,
s557947691,p02936,u694665829,1599712489,Python,Python (3.8.2),py,Accepted,716,90672,710,
s434135581,p02936,u930705402,1599711901,Cython,Cython (0.29.16),pyx,Accepted,837,120448,465,
s756583638,p02936,u647875062,1599711827,Ruby,Ruby (2.7.1),rb,Accepted,526,47344,333,
s317370090,p02936,u694665829,1599711719,Python,Python (3.8.2),py,Accepted,1575,349632,738,
s507465165,p02936,u694665829,1599711686,Python,Python (3.8.2),py,Runtime Error,1387,124400,690,
s175189998,p02936,u225388820,1599711287,Cython,Cython (0.29.16),pyx,Accepted,736,116340,501,
s105203149,p02936,u694665829,1599710381,Python,Python (3.8.2),py,Accepted,1708,299740,531,
s503272285,p02936,u694665829,1599710313,Python,Python (3.8.2),py,Runtime Error,1420,124312,489,
s017116239,p02936,u171336585,1599709805,C++,C++ (GCC 9.2.1),cpp,Accepted,503,24324,822,
s484075895,p02936,u225388820,1599709783,Python,PyPy3 (7.3.0),py,Time Limit Exceeded,2253,1655340,501,
s718260865,p02936,u222668979,1599709093,Python,Python (3.8.2),py,Accepted,1636,167552,691,
s645741077,p02936,u222668979,1599708909,Python,PyPy3 (7.3.0),py,Accepted,896,230824,692,
s854561252,p02936,u913016812,1599707197,C++,C++ (GCC 9.2.1),cpp,Accepted,246,25084,1129,
s717016802,p02936,u171336585,1599706020,C++,C++ (GCC 9.2.1),cpp,Wrong Answer,2206,21208,645,
s490476162,p02936,u222668979,1599704139,Python,PyPy3 (7.3.0),py,Accepted,925,230808,780,
s458476922,p02936,u913662443,1599699958,Python,Python (3.8.2),py,Accepted,1716,300052,527,
s110325810,p02936,u913662443,1599699725,Python,Python (3.8.2),py,Runtime Error,1495,124492,487,
s922192721,p02936,u462257825,1599690824,C++,C++ (GCC 9.2.1),cpp,Accepted,255,24332,700,
s564776712,p02936,u462257825,1599690283,C++,C++ (GCC 9.2.1),cpp,Wrong Answer,181,4768,433,
s013763511,p02936,u997648604,1599689259,C++,C++ (GCC 9.2.1),cpp,Accepted,599,48980,3576,
s287463139,p02936,u812354010,1599686290,Python,PyPy3 (7.3.0),py,Wrong Answer,2211,249204,503,
s293610365,p02936,u972591645,1599681020,Python,PyPy3 (7.3.0),py,Accepted,515,177860,790,
s703083295,p02936,u972591645,1599680990,Python,Python (3.8.2),py,Accepted,929,150192,790,
s469669195,p02936,u972591645,1599680862,Python,Python (3.8.2),py,Accepted,1474,150052,605,
s112443472,p02936,u972591645,1599680837,Python,PyPy3 (7.3.0),py,Accepted,795,188860,605,
s217353848,p02936,u972591645,1599679915,Python,PyPy3 (7.3.0),py,Time Limit Exceeded,2210,218284,777,
s737483215,p02936,u972591645,1599679814,Python,Python (3.8.2),py,Time Limit Exceeded,2211,151828,777,
s080371028,p02936,u828593789,1599668663,C++,C++ (GCC 9.2.1),cpp,Accepted,264,27524,828,
s419444855,p02936,u828593789,1599667787,C++,C++ (GCC 9.2.1),cpp,Wrong Answer,223,24256,663,
s072147644,p02936,u737491054,1599662224,C++,C++ (GCC 9.2.1),cpp,Accepted,246,18856,1018,
s520961681,p02936,u737491054,1599623505,C++,C++ (GCC 9.2.1),cpp,Wrong Answer,2230,1069068,1012,
s320967933,p02936,u737491054,1599623252,C++,C++ (GCC 9.2.1),cpp,Wrong Answer,2238,1013028,1014,
s774283552,p02936,u913662443,1599621365,Python,Python (3.8.2),py,Wrong Answer,1471,91248,294,
s940122912,p02936,u204163177,1599619719,C++,C++ (GCC 9.2.1),cpp,Accepted,247,17420,800,
s039005242,p02936,u204163177,1599619565,C++,C++ (GCC 9.2.1),cpp,Wrong Answer,219,15208,709,
s432296687,p02936,u773580152,1599619430,C++,C++ (GCC 9.2.1),cpp,Wrong Answer,497,24248,1234,
s965218639,p02936,u773580152,1599619381,C++,C++ (GCC 9.2.1),cpp,Accepted,494,24292,1230,
s184587844,p02936,u773580152,1599619188,C++,C++ (GCC 9.2.1),cpp,Time Limit Exceeded,2284,2380048,1268,
s720434363,p02936,u773580152,1599618858,C++,C++ (GCC 9.2.1),cpp,Wrong Answer,2288,2162696,1221,
s267328112,p02936,u204163177,1599618706,C++,C++ (GCC 9.2.1),cpp,Wrong Answer,203,15316,644,
s013207811,p02936,u204163177,1599618262,C++,C++ (GCC 9.2.1),cpp,Wrong Answer,2250,1728832,791,
s445476890,p02936,u570601094,1599608276,C++,C++ (GCC 9.2.1),cpp,Accepted,220,31484,1216,
s104395651,p02936,u570601094,1599607742,C++,C++ (GCC 9.2.1),cpp,Wrong Answer,220,28276,1117,
s486386486,p02936,u906649005,1599597319,C++,C++ (GCC 9.2.1),cpp,Accepted,510,24352,3486,
s334635185,p02936,u072293789,1599596440,C++,C++ (GCC 9.2.1),cpp,Accepted,234,26560,763,
s384991170,p02936,u906649005,1599587470,C++,C++ (GCC 9.2.1),cpp,Wrong Answer,2206,21276,3808,
s606111873,p02936,u906649005,1599587292,C++,C++ (GCC 9.2.1),cpp,Wrong Answer,2206,24444,3796,
s329369926,p02936,u906157186,1599569769,C++,C++ (GCC 9.2.1),cpp,Wrong Answer,2206,48100,1921,
s421501530,p02936,u048238198,1599568522,Python,Python (3.8.2),py,Accepted,1471,271988,1132,
s342161896,p02936,u048238198,1599561384,Python,Python (3.8.2),py,Wrong Answer,1329,265472,1013,
s363570086,p02936,u048238198,1599560345,Python,Python (3.8.2),py,Wrong Answer,1293,265832,971,
s480010299,p02936,u960342439,1599543636,C++,C++ (GCC 9.2.1),cpp,Accepted,150,31380,10394,
s395135722,p02936,u960342439,1599542080,C++,C++ (GCC 9.2.1),cpp,Wrong Answer,134,32956,10382,
s169970350,p02936,u960342439,1599541948,C++,C++ (GCC 9.2.1),cpp,Wrong Answer,2206,33192,10379,
s671179425,p02936,u773580152,1599536617,C++,C++ (GCC 9.2.1),cpp,Wrong Answer,2282,2641604,1371,
s806984391,p02936,u773580152,1599535786,C++,C++ (GCC 9.2.1),cpp,Wrong Answer,2280,2340132,1582,
s155542135,p02936,u411858517,1599530456,Python,Python (3.8.2),py,Accepted,1766,143656,776,
s964386488,p02936,u361777955,1599530210,C++,C++ (GCC 9.2.1),cpp,Accepted,238,16832,1154,
s248127936,p02936,u882098164,1599529680,C++,C++ (GCC 9.2.1),cpp,Accepted,257,24284,604,
s741500615,p02936,u411858517,1599528920,Python,Python (3.8.2),py,Time Limit Exceeded,2207,160684,974,
s487677997,p02936,u381585104,1599518939,Python,Python (3.8.2),py,Accepted,1257,71196,522,
s649520096,p02936,u381585104,1599518910,Python,Python (3.8.2),py,Runtime Error,921,51004,517,
s614014548,p02936,u361777955,1599513690,C++,C++ (GCC 9.2.1),cpp,Time Limit Exceeded,2206,24616,1156,
s938258503,p02936,u361777955,1599512839,C++,C++ (GCC 9.2.1),cpp,Runtime Error,107,3632,1142,
s511591080,p02936,u361777955,1599512631,C++,C++ (GCC 9.2.1),cpp,Runtime Error,105,3556,1146,
s054461401,p02936,u361777955,1599512136,C++,C++ (GCC 9.2.1),cpp,Runtime Error,106,3520,1116,
s400618127,p02936,u361777955,1599511907,C++,C++ (GCC 9.2.1),cpp,Runtime Error,107,3560,1174,
s387074959,p02936,u760771686,1599511553,Python,Python (3.8.2),py,Wrong Answer,1111,88368,532,
s332303033,p02936,u760771686,1599511041,Python,Python (3.8.2),py,Wrong Answer,1061,79952,410,
s588888429,p02936,u280175105,1599510905,C++,C++ (GCC 9.2.1),cpp,Accepted,251,18136,1073,
s631756430,p02936,u760771686,1599510400,Python,Python (3.8.2),py,Wrong Answer,1082,79856,368,
s351630956,p02936,u361777955,1599508473,C++,C++ (GCC 9.2.1),cpp,Runtime Error,107,3600,977,
s929465309,p02936,u461573913,1599504185,C++,C++ (GCC 9.2.1),cpp,Accepted,249,16600,923,
s173241444,p02936,u343977188,1599502344,Python,Python (3.8.2),py,Wrong Answer,2207,45368,377,
s729888398,p02936,u936937928,1599497517,C++,C++ (GCC 9.2.1),cpp,Accepted,280,40476,1530,
s920771663,p02936,u936937928,1599496579,C++,C++ (GCC 9.2.1),cpp,Time Limit Exceeded,2207,37900,1558,
s670894967,p02936,u263824932,1599490685,Python,PyPy3 (7.3.0),py,Wrong Answer,2214,305748,808,
s051700064,p02936,u263824932,1599490447,Python,PyPy3 (7.3.0),py,Time Limit Exceeded,2209,100496,752,
s050727094,p02936,u263824932,1599489602,Python,PyPy3 (7.3.0),py,Wrong Answer,750,120296,561,
s130818744,p02936,u263824932,1599488105,Python,PyPy3 (7.3.0),py,Wrong Answer,548,91156,338,
s024303483,p02936,u263824932,1599487845,Python,PyPy3 (7.3.0),py,Wrong Answer,550,91124,367,
s044389464,p02936,u343977188,1599487209,Python,Python (3.8.2),py,Wrong Answer,2206,45228,361,
s289557060,p02936,u633967774,1599485705,C++,C++ (GCC 9.2.1),cpp,Accepted,241,25084,773,
s000453368,p02936,u098700286,1599478947,Haskell,Haskell (GHC 8.8.3),hs,Time Limit Exceeded,2215,392644,769,
s871128209,p02936,u411923565,1599468652,Python,Python (3.8.2),py,Wrong Answer,1441,247288,829,
s196861925,p02936,u806692883,1599468012,C++,C++ (GCC 9.2.1),cpp,Accepted,234,29104,852,
s723583294,p02936,u411923565,1599467916,Python,Python (3.8.2),py,Wrong Answer,1325,239056,854,
s989830362,p02936,u411923565,1599467772,Python,Python (3.8.2),py,Runtime Error,513,42100,753,
s958451350,p02936,u806692883,1599467729,C++,C++ (GCC 9.2.1),cpp,Wrong Answer,225,29040,829,
s394884635,p02936,u411923565,1599467703,Python,Python (3.8.2),py,Runtime Error,2212,247296,1350,
s294304660,p02936,u411923565,1599467674,Python,Python (3.8.2),py,Time Limit Exceeded,2212,247360,873,
s433225252,p02936,u411923565,1599467574,Python,Python (3.8.2),py,Accepted,1461,245656,720,
s760957219,p02936,u411923565,1599467514,Python,Python (3.8.2),py,Wrong Answer,1428,245704,703,
s262091869,p02936,u411923565,1599467488,Python,Python (3.8.2),py,Runtime Error,998,78552,758,
s683672195,p02936,u411923565,1599467424,Python,Python (3.8.2),py,Wrong Answer,1431,247028,822,
s608861100,p02936,u806692883,1599467363,C++,C++ (GCC 9.2.1),cpp,Wrong Answer,235,28288,986,
s495629182,p02936,u806692883,1599466822,C++,C++ (GCC 9.2.1),cpp,Wrong Answer,2206,31440,1039,
s773285779,p02936,u806692883,1599466652,C++,C++ (GCC 9.2.1),cpp,Wrong Answer,2206,28348,835,
s267852114,p02936,u411923565,1599464777,Python,Python (3.8.2),py,Wrong Answer,2211,231604,666,
s008437775,p02936,u411923565,1599464643,Python,PyPy3 (7.3.0),py,Time Limit Exceeded,2245,1274136,869,
s372917920,p02936,u411923565,1599463595,Python,Python (3.8.2),py,Wrong Answer,2215,247428,719,
s618917585,p02936,u601444374,1599451272,C++,C++ (GCC 9.2.1),cpp,Accepted,140,25728,1714,
s676389130,p02936,u965093879,1599448227,C++,C++ (GCC 9.2.1),cpp,Wrong Answer,2206,17480,981,
s472504811,p02936,u276588887,1599442398,C++,C++ (GCC 9.2.1),cpp,Accepted,228,31496,4845,
s653368868,p02936,u568749641,1599439389,Swift,Swift (5.2.1),swift,Wrong Answer,2208,117776,2751,
s764591690,p02936,u048238198,1599438044,Rust,Rust (1.42.0),rs,Wrong Answer,270,40136,1296,
s460210157,p02936,u048238198,1599437822,Rust,Rust (1.42.0),rs,Wrong Answer,535,40072,1356,
s289267953,p02936,u048238198,1599437575,Rust,Rust (1.42.0),rs,Wrong Answer,551,40136,1296,
s060711556,p02936,u085634861,1599436355,C++,C++ (GCC 9.2.1),cpp,Accepted,137,25108,1272,
s566569676,p02936,u117987658,1599435213,Scala,Scala (2.13.1),scala,Accepted,1870,144708,1394,
s169528405,p02936,u117987658,1599434831,Scala,Scala (2.13.1),scala,Wrong Answer,1166,101912,1705,
s930292822,p02936,u117987658,1599433698,Scala,Scala (2.13.1),scala,Runtime Error,1187,107736,1495,
s339599580,p02936,u117987658,1599433616,Scala,Scala (2.13.1),scala,Runtime Error,1094,100076,1529,
s681983253,p02936,u117987658,1599433526,Scala,Scala (2.13.1),scala,Wrong Answer,1088,99576,1524,
s831050370,p02936,u117987658,1599432416,Scala,Scala (2.13.1),scala,Wrong Answer,1108,100124,1464,
s128351143,p02936,u117987658,1599432252,Scala,Scala (2.13.1),scala,Runtime Error,1136,99836,1462,
s873921393,p02936,u117987658,1599432076,Scala,Scala (2.13.1),scala,Runtime Error,1172,100044,1441,
s679024075,p02936,u117987658,1599431954,Scala,Scala (2.13.1),scala,Runtime Error,1136,103860,1357,
s420827796,p02936,u117987658,1599431911,Scala,Scala (2.13.1),scala,Wrong Answer,1076,99152,1332,
s689356999,p02936,u363421241,1599426920,Python,PyPy3 (7.3.0),py,Time Limit Exceeded,2242,1225056,487,
s805013067,p02936,u363421241,1599426871,Python,Python (3.8.2),py,Accepted,1415,237488,487,
s009380861,p02936,u363421241,1599426785,Python,Python (3.8.2),py,Wrong Answer,1364,237484,497,
s163172520,p02936,u499889187,1599426629,Java,Java (OpenJDK 11.0.6),java,Accepted,1380,95756,3044,
s880672114,p02936,u117987658,1599425961,Scala,Scala (2.13.1),scala,Wrong Answer,2205,890252,830,
s990836169,p02936,u897135531,1599425223,C++,C++ (GCC 9.2.1),cpp,Accepted,225,17256,1191,
s827785113,p02936,u117987658,1599424909,Scala,Scala (2.13.1),scala,Wrong Answer,2205,965776,819,
s100955013,p02936,u363421241,1599424858,Python,Python (3.8.2),py,Wrong Answer,2212,251384,610,
s160502333,p02936,u363421241,1599424754,Python,Python (3.8.2),py,Runtime Error,2208,85124,568,
s132781230,p02936,u117987658,1599424233,Scala,Scala (2.13.1),scala,Wrong Answer,2205,271724,818,
s720648849,p02936,u808210315,1599423997,F#,F# (Mono 10.2.3),fs,Accepted,817,97876,2336,
s369445727,p02936,u808210315,1599423111,F#,F# (Mono 10.2.3),fs,Accepted,803,104012,1817,
s817584589,p02936,u917444023,1599422309,Python,PyPy3 (7.3.0),py,Accepted,737,128560,462,
s882426205,p02936,u916682527,1599418382,C++,C++ (GCC 9.2.1),cpp,Accepted,153,25096,1027,
s124347599,p02936,u657818166,1599416963,C++,C++ (GCC 9.2.1),cpp,Accepted,253,31412,905,
s672043630,p02936,u657818166,1599415950,C++,C++ (GCC 9.2.1),cpp,Runtime Error,444,272692,906,
s992673766,p02936,u657818166,1599415455,C++,C++ (GCC 9.2.1),cpp,Wrong Answer,228,29848,870,
s078901024,p02936,u657818166,1599415227,C++,C++ (GCC 9.2.1),cpp,Wrong Answer,226,29920,858,
s954799709,p02936,u657818166,1599413779,C++,C++ (GCC 9.2.1),cpp,Wrong Answer,2206,31476,876,
s888562501,p02936,u657818166,1599413522,C++,C++ (GCC 9.2.1),cpp,Wrong Answer,2206,25232,823,
s157409336,p02936,u810625173,1599413091,C++,C++ (GCC 9.2.1),cpp,Accepted,494,25080,1236,
s980497359,p02936,u808210315,1599409198,F#,F# (Mono 10.2.3),fs,Wrong Answer,1644,127444,1634,
s208052023,p02936,u808210315,1599408704,F#,F# (Mono 10.2.3),fs,Time Limit Exceeded,2124,167120,2375,
s035832090,p02936,u018250459,1599407636,C++,C++ (GCC 9.2.1),cpp,Accepted,516,24292,667,
s306081457,p02936,u626113839,1599400922,Rust,Rust (1.42.0),rs,Accepted,109,28900,853,
s743384948,p02936,u808210315,1599400811,F#,F# (Mono 10.2.3),fs,Wrong Answer,1743,137852,1645,
s472940842,p02936,u579165340,1599386797,C++,C++ (GCC 9.2.1),cpp,Accepted,492,16548,5900,
s438871892,p02936,u579165340,1599385215,C++,C++ (GCC 9.2.1),cpp,Wrong Answer,509,16572,5884,
s890717851,p02936,u005006157,1599384767,C++,C++ (GCC 9.2.1),cpp,Accepted,497,24284,740,
s197172704,p02936,u987164499,1599377489,Python,Python (3.8.2),py,Accepted,1438,252976,1056,
s808677699,p02936,u987164499,1599376951,Python,Python (3.8.2),py,Accepted,1378,253160,825,
s293327815,p02936,u987164499,1599376813,Python,Python (3.8.2),py,Wrong Answer,1437,253828,805,
s765000369,p02936,u768347697,1599366002,C++,C++ (GCC 9.2.1),cpp,Accepted,238,20604,1376,
s299332462,p02936,u808210315,1599363990,F#,F# (Mono 10.2.3),fs,Wrong Answer,1742,136444,1743,
s684074322,p02936,u456173040,1599360277,Kotlin,Kotlin (1.3.71),kt,Accepted,1981,161100,983,
s828205197,p02936,u456173040,1599359511,Kotlin,Kotlin (1.3.71),kt,Wrong Answer,2156,163108,924,
s780293849,p02936,u345693891,1599359360,C++,C++ (GCC 9.2.1),cpp,Accepted,146,24260,1511,
s875946679,p02936,u990726146,1599356582,Python,Python (3.8.2),py,Wrong Answer,893,32516,305,
s904159738,p02936,u475503988,1599354748,C++,C++ (GCC 9.2.1),cpp,Accepted,129,17224,1394,
s080798644,p02936,u642384509,1599353722,C++,C++ (GCC 9.2.1),cpp,Accepted,243,24176,706,
s110188376,p02936,u033937898,1599353172,C++,C++ (GCC 9.2.1),cpp,Accepted,217,16428,1094,
s218333687,p02936,u033937898,1599353131,C++,C++ (GCC 9.2.1),cpp,Wrong Answer,539,16644,1121,
s577968694,p02936,u456173040,1599348936,Kotlin,Kotlin (1.3.71),kt,Runtime Error,2211,142784,751,
s148926677,p02936,u456173040,1599348878,Kotlin,Kotlin (1.3.71),kt,Compile Error,,,668,
s086633896,p02936,u102126195,1599342999,Python,PyPy3 (7.3.0),py,Accepted,1475,170040,837,
s484684754,p02936,u252405453,1599342815,Python,Python (3.8.2),py,Accepted,1381,62656,702,
s172983670,p02936,u171059364,1599342477,C++,C++ (GCC 9.2.1),cpp,Accepted,256,75876,1366,
s106622919,p02936,u252405453,1599342249,Python,Python (3.8.2),py,Wrong Answer,1173,53092,579,
s201780240,p02936,u252405453,1599341806,Python,Python (3.8.2),py,Wrong Answer,931,47196,540,
s823869238,p02936,u401152875,1599341114,C++,C++ (GCC 9.2.1),cpp,Accepted,520,24320,602,
s118347849,p02936,u521973174,1599330718,C++,C++ (GCC 9.2.1),cpp,Accepted,247,25096,839,
s133133647,p02936,u808210315,1599328503,F#,F# (Mono 10.2.3),fs,Wrong Answer,2209,130220,1842,
s901423701,p02936,u808210315,1599328252,F#,F# (Mono 10.2.3),fs,Wrong Answer,2209,126816,1834,
s911350089,p02936,u131663893,1599326895,C++,C++ (GCC 9.2.1),cpp,Accepted,238,25620,1163,
s103431965,p02936,u808210315,1599323214,F#,F# (Mono 10.2.3),fs,Wrong Answer,2209,163948,1650,
s792391886,p02936,u943057856,1599316574,Python,PyPy3 (7.3.0),py,Accepted,741,140476,562,
s857341702,p02936,u943057856,1599315950,Python,PyPy3 (7.3.0),py,Time Limit Exceeded,2208,115936,553,
s050901667,p02936,u943057856,1599315893,Python,Python (3.8.2),py,Time Limit Exceeded,2207,56604,550,
s139237353,p02936,u943057856,1599315742,Python,Python (3.8.2),py,Wrong Answer,2207,61352,552,
s487505215,p02936,u209457657,1599286812,C++,C++ (GCC 9.2.1),cpp,Accepted,488,21908,828,
s537695730,p02936,u209457657,1599286752,C++,C++ (GCC 9.2.1),cpp,Runtime Error,285,5328,827,
s307508303,p02936,u209457657,1599286378,C++,C++ (GCC 9.2.1),cpp,Runtime Error,107,4068,793,
s443008268,p02936,u209457657,1599286272,C++,C++ (GCC 9.2.1),cpp,Runtime Error,107,4008,789,
s150346523,p02936,u209457657,1599286167,C++,C++ (GCC 9.2.1),cpp,Runtime Error,108,4020,787,
s294118276,p02936,u209457657,1599285314,C++,C++ (GCC 9.2.1),cpp,Runtime Error,107,3588,808,
s861740142,p02936,u970267139,1599284301,Python,Python (3.8.2),py,Accepted,1901,346988,504,
s238075428,p02936,u970267139,1599284235,Python,Python (3.8.2),py,Accepted,1710,318244,507,
s182739295,p02936,u970267139,1599283704,Python,Python (3.8.2),py,Wrong Answer,1646,303224,434,
s632104028,p02936,u970267139,1599282023,Python,Python (3.8.2),py,Wrong Answer,2213,300508,594,
s265471565,p02936,u970267139,1599281971,Python,Python (3.8.2),py,Wrong Answer,2227,300748,613,
s838229483,p02936,u752774573,1599280927,Python,PyPy3 (7.3.0),py,Accepted,931,177924,535,
s894276340,p02936,u383226932,1599272621,Haskell,Haskell (GHC 8.8.3),hs,Accepted,1106,190396,1312,
s376017843,p02936,u383226932,1599272435,Rust,Rust (1.42.0),rs,Accepted,213,91040,1585,
s513059065,p02936,u383226932,1599272394,Rust,Rust (1.42.0),rs,Compile Error,,,1580,
s904242563,p02936,u216015528,1599270472,Python,PyPy3 (7.3.0),py,Time Limit Exceeded,2249,1287784,627,
s474839352,p02936,u216015528,1599270415,Python,Python (3.8.2),py,Accepted,1310,251956,627,
s925967666,p02936,u216015528,1599269399,Python,Python (3.8.2),py,Accepted,1722,255060,704,
s193815084,p02936,u216015528,1599268394,Python,Python (3.8.2),py,Time Limit Exceeded,2214,316704,1042,
s526400309,p02936,u216015528,1599268088,Python,Python (3.8.2),py,Time Limit Exceeded,2219,298692,937,
s604936362,p02936,u608773191,1599264813,C++,C++ (GCC 9.2.1),cpp,Wrong Answer,2206,27736,2750,
s337001434,p02936,u651663683,1599262304,Python,PyPy3 (7.3.0),py,Accepted,763,161812,448,
s524214567,p02936,u651663683,1599262061,Python,Python (3.8.2),py,Accepted,1262,65288,476,
s608357871,p02936,u651663683,1599262031,Python,PyPy3 (7.3.0),py,Time Limit Exceeded,2212,259072,476,
s010140121,p02936,u411858517,1599256026,Python,Python (3.8.2),py,Wrong Answer,1935,160632,965,
s554703399,p02936,u411858517,1599255890,Python,Python (3.8.2),py,Wrong Answer,1658,157848,953,
s740739158,p02936,u411858517,1599255253,Python,Python (3.8.2),py,Wrong Answer,2061,169700,947,
s469371485,p02936,u411858517,1599254747,Python,Python (3.8.2),py,Wrong Answer,2209,124160,1032,
s295110823,p02936,u411858517,1599254552,Python,Python (3.8.2),py,Wrong Answer,2209,123960,1026,
s173782286,p02936,u411858517,1599253650,Python,Python (3.8.2),py,Wrong Answer,2209,124848,1093,
s224953028,p02936,u411858517,1599253462,Python,PyPy3 (7.3.0),py,Runtime Error,95,74808,1107,
s226851387,p02936,u411858517,1599253428,Python,PyPy3 (7.3.0),py,Runtime Error,93,74648,1107,
s735686797,p02936,u411858517,1599253317,Python,Python (3.8.2),py,Wrong Answer,2210,125008,1107,
s611339738,p02936,u892305365,1599248765,Python,PyPy3 (7.3.0),py,Accepted,694,121108,653,
s652700696,p02936,u892305365,1599248529,Python,PyPy3 (7.3.0),py,Wrong Answer,656,105360,584,
s073050496,p02936,u285358283,1599235139,Python,Python (3.8.2),py,Accepted,1434,232948,565,
s128772463,p02936,u285358283,1599235118,Python,Python (3.8.2),py,Runtime Error,1285,145192,563,
s344755835,p02936,u285358283,1599234902,Python,PyPy3 (7.3.0),py,Accepted,788,124880,543,
s872767270,p02936,u253726906,1599222809,Java,Java (OpenJDK 11.0.6),java,Accepted,1466,96036,5063,
s510018102,p02936,u756388720,1599221510,Python,PyPy3 (7.3.0),py,Time Limit Exceeded,2252,1253712,596,
s098479762,p02936,u756388720,1599221476,Python,Python (3.8.2),py,Accepted,1396,282888,596,
s973769076,p02936,u249648515,1599209430,C++,C++ (GCC 9.2.1),cpp,Accepted,141,37500,972,
s981663137,p02936,u314089899,1599196241,Python,Python (3.8.2),py,Wrong Answer,1598,267500,818,
s818905718,p02936,u314089899,1599196108,Python,Python (3.8.2),py,Runtime Error,1246,116644,779,
s448562805,p02936,u153390822,1599189316,C++,C++ (GCC 9.2.1),cpp,Accepted,643,57876,5254,
s989447960,p02936,u535803878,1599187218,Python,PyPy3 (7.3.0),py,Accepted,439,139076,696,
s095899201,p02936,u591143370,1599180478,Python,PyPy3 (7.3.0),py,Accepted,875,126728,681,
s669457584,p02936,u591143370,1599180053,Python,PyPy3 (7.3.0),py,Accepted,857,124928,682,
s129902795,p02936,u002627851,1599175118,C++,C++ (GCC 9.2.1),cpp,Accepted,138,25464,1255,
s124950415,p02936,u002627851,1599175088,C++,C++ (GCC 9.2.1),cpp,Runtime Error,109,5968,1255,
s465309645,p02936,u591143370,1599169332,Python,PyPy3 (7.3.0),py,Wrong Answer,2211,222224,700,
s039014407,p02936,u833963136,1599157676,C++,C++ (GCC 9.2.1),cpp,Accepted,247,25108,794,
s582619939,p02936,u236193715,1599157644,C++,C++ (GCC 9.2.1),cpp,Accepted,242,20504,591,
s138920635,p02936,u244203620,1599156018,C,C (GCC 9.2.1),c,Accepted,130,27404,842,
s422426683,p02936,u383226932,1599139510,Haskell,Haskell (GHC 8.8.3),hs,Accepted,1152,190336,1360,
s561414840,p02936,u383226932,1599139292,Haskell,Haskell (GHC 8.8.3),hs,Runtime Error,786,177232,1326,
s421961169,p02936,u563170985,1599126763,C++,C++ (GCC 9.2.1),cpp,Accepted,246,27440,801,
s419608895,p02936,u417360233,1599125883,C++,C++ (GCC 9.2.1),cpp,Accepted,138,30692,5652,
s308173758,p02936,u053980422,1599120544,C++,C++ (GCC 9.2.1),cpp,Accepted,146,31704,1173,
s707940475,p02936,u314089899,1599114752,Python,PyPy3 (7.3.0),py,Wrong Answer,2242,1250560,1386,
s152717518,p02936,u314089899,1599113481,Python,PyPy3 (7.3.0),py,Wrong Answer,2241,1217368,1337,
s140899478,p02936,u314089899,1599113445,Python,PyPy3 (7.3.0),py,Wrong Answer,2241,1162100,1211,
s817166263,p02936,u314089899,1599112919,Python,PyPy3 (7.3.0),py,Wrong Answer,2242,1144192,1179,
s456332755,p02936,u314089899,1599112901,Python,Python (3.8.2),py,Wrong Answer,2281,2193796,1179,
s830973310,p02936,u314089899,1599109389,Python,PyPy3 (7.3.0),py,Wrong Answer,2212,278948,1516,
s797556966,p02936,u314089899,1599109176,Python,PyPy3 (7.3.0),py,Wrong Answer,2213,278236,1295,
s489089742,p02936,u314089899,1599108981,Python,PyPy3 (7.3.0),py,Wrong Answer,2213,285052,1262,
s009411837,p02936,u314089899,1599108609,Python,PyPy3 (7.3.0),py,Wrong Answer,2212,264920,1354,
s972297600,p02936,u314089899,1599108579,Python,PyPy3 (7.3.0),py,Wrong Answer,2212,264840,1380,
s937532413,p02936,u314089899,1599108463,Python,Python (3.8.2),py,Wrong Answer,2208,111696,1402,
s733389770,p02936,u149757670,1599101985,C++,C++ (GCC 9.2.1),cpp,Accepted,249,25176,1182,
s259386119,p02936,u149757670,1599101366,C++,C++ (GCC 9.2.1),cpp,Wrong Answer,215,24980,1160,
s908688510,p02936,u149757670,1599100718,C++,C++ (GCC 9.2.1),cpp,Wrong Answer,221,25172,1171,
s847470723,p02936,u651235280,1599100595,C++,C++ (GCC 9.2.1),cpp,Accepted,508,25116,753,
s782839393,p02936,u149757670,1599100196,C++,C++ (GCC 9.2.1),cpp,Runtime Error,286,16632,1175,
s583160069,p02936,u149757670,1599100025,C++,C++ (GCC 9.2.1),cpp,Compile Error,,,1181,
s935093351,p02936,u149757670,1599099944,C++,C++ (GCC 9.2.1),cpp,Compile Error,,,1181,
s300208713,p02936,u397496203,1599097032,Python,PyPy3 (7.3.0),py,Accepted,504,170564,1014,
s559613708,p02936,u181039779,1599097007,Go,Go (1.14.1),go,Accepted,689,76616,6752,
s317384361,p02936,u397496203,1599096834,Python,Python (3.8.2),py,Runtime Error,1022,184800,1048,
s762208969,p02936,u397496203,1599096479,Python,PyPy3 (7.3.0),py,Runtime Error,2246,1570816,1042,
s045898550,p02936,u397496203,1599095711,Python,PyPy3 (7.3.0),py,Runtime Error,2255,1654588,1307,
s411034118,p02936,u492447501,1599094483,C++,C++ (Clang 10.0.0),cpp,Wrong Answer,2206,27892,2581,
s918668973,p02936,u397496203,1599094340,Python,PyPy3 (7.3.0),py,Runtime Error,2208,156020,760,
s794685937,p02936,u475843109,1599091780,C++,C++ (GCC 9.2.1),cpp,Accepted,241,27824,811,
s802849251,p02936,u965730380,1599091643,C++,C++ (GCC 9.2.1),cpp,Accepted,156,26968,1342,
s554975390,p02936,u747602774,1599081944,C++,C++ (GCC 9.2.1),cpp,Accepted,262,28772,749,
s980691799,p02936,u157232135,1599056345,Python,Python (3.8.2),py,Accepted,1336,117976,775,
s837687818,p02936,u157232135,1599056107,Python,Python (3.8.2),py,Wrong Answer,1182,118376,621,
s437398719,p02936,u157232135,1599055382,Python,Python (3.8.2),py,Wrong Answer,2209,116680,575,
s356964986,p02936,u157232135,1599055264,Python,Python (3.8.2),py,Runtime Error,2209,116628,570,
s803166337,p02936,u626468554,1599053338,Python,PyPy3 (7.3.0),py,Accepted,1533,147644,698,
s045774735,p02936,u368735320,1599018999,C++,C++ (GCC 9.2.1),cpp,Accepted,131,18952,12736,
s584869455,p02936,u368735320,1599018623,C++,C++ (GCC 9.2.1),cpp,Time Limit Exceeded,2206,19040,12496,
s838770854,p02936,u153390822,1599017760,C++,C++ (GCC 9.2.1),cpp,Accepted,234,39112,5320,
s140751590,p02936,u153390822,1599017436,C++,C++ (GCC 9.2.1),cpp,Time Limit Exceeded,2207,50156,5319,
s127682199,p02936,u153390822,1599017359,C++,C++ (GCC 9.2.1),cpp,Time Limit Exceeded,2208,67396,5302,
s224564215,p02936,u523087093,1599014182,Python,Python (3.8.2),py,Accepted,1203,58280,650,
s873307280,p02936,u523087093,1599013382,Python,PyPy3 (7.3.0),py,Wrong Answer,2210,192048,754,
s449509386,p02936,u523087093,1599013169,Python,PyPy3 (7.3.0),py,Wrong Answer,2212,245336,764,
s558941018,p02936,u523087093,1599012604,Python,PyPy3 (7.3.0),py,Wrong Answer,2213,239780,784,
s231660537,p02936,u523087093,1599012546,Python,Python (3.8.2),py,Wrong Answer,2207,55132,784,
s422100903,p02936,u523087093,1599012454,Python,Python (3.8.2),py,Wrong Answer,2208,54936,744,
s114756810,p02936,u968778920,1598989129,C++,C++ (GCC 9.2.1),cpp,Accepted,153,28624,1899,
s984452739,p02936,u863937042,1598989087,C++,C++ (GCC 9.2.1),cpp,Accepted,251,28564,745,
s781865578,p02936,u968778920,1598989077,C++,C++ (GCC 9.2.1),cpp,Runtime Error,106,5948,1899,
s177775112,p02936,u801120804,1598989075,C++,C++ (GCC 9.2.1),cpp,Accepted,261,26220,1333,
s750949786,p02936,u801120804,1598989053,C++,C++ (GCC 9.2.1),cpp,Runtime Error,110,5912,1333,
s486237289,p02936,u589969467,1598984689,Python,Python (3.8.2),py,Runtime Error,1052,48004,580,
s680538658,p02936,u589969467,1598984158,Python,Python (3.8.2),py,Runtime Error,1050,46196,561,
s373282251,p02936,u589969467,1598983553,Python,Python (3.8.2),py,Runtime Error,1047,44616,525,
s229030783,p02936,u167245594,1598955572,C++,C++ (GCC 9.2.1),cpp,Accepted,238,17988,1685,
s083249107,p02936,u231095456,1598950133,Python,Python (3.8.2),py,Accepted,1469,254524,574,
s961635731,p02936,u231095456,1598950096,Python,Python (3.8.2),py,Runtime Error,1299,162704,573,
s769210351,p02936,u231095456,1598949991,Python,Python (3.8.2),py,Runtime Error,1259,76208,532,
s084398835,p02936,u231095456,1598949977,Rust,Rust (1.42.0),rs,Compile Error,,,532,
s283607958,p02936,u682467216,1598943650,Python,Python (3.8.2),py,Accepted,1142,252620,1727,
s674266429,p02936,u682467216,1598943468,Python,Python (3.8.2),py,Runtime Error,1183,54040,575,
s133520958,p02936,u682467216,1598943297,Python,Python (3.8.2),py,Accepted,1375,223348,455,
s498545809,p02936,u682467216,1598943007,Python,Python (3.8.2),py,Runtime Error,904,71628,1692,
s605610573,p02936,u682467216,1598942755,Python,Python (3.8.2),py,Runtime Error,923,71800,1604,
s331958680,p02936,u682467216,1598942649,Python,PyPy3 (7.3.0),py,Runtime Error,94,74776,1603,
s300224811,p02936,u682467216,1598942579,Python,Python (3.8.2),py,Runtime Error,25,9144,423,
s098318730,p02936,u682467216,1598942118,Python,Python (3.8.2),py,Runtime Error,963,71744,1609,
s161399960,p02936,u682467216,1598942085,Python,Python (3.8.2),py,Runtime Error,1030,71648,1608,
s435657894,p02936,u682467216,1598941721,Python,Python (3.8.2),py,Runtime Error,884,85540,1628,
s971578493,p02936,u682467216,1598941196,Python,Python (3.8.2),py,Wrong Answer,846,81020,1495,
s787967911,p02936,u682467216,1598940248,Python,Python (3.8.2),py,Runtime Error,2207,73484,1716,
s680663789,p02936,u168579419,1598937059,Rust,Rust (1.42.0),rs,Accepted,132,44500,7874,
s055919153,p02936,u168579419,1598936971,Rust,Rust (1.42.0),rs,Compile Error,,,10932,
s670414414,p02936,u168579419,1598935728,Rust,Rust (1.42.0),rs,Accepted,127,44428,11681,
s761095476,p02936,u682467216,1598934624,Python,Python (3.8.2),py,Wrong Answer,2208,65224,1512,
s903899489,p02936,u973972117,1598934317,Python,Python (3.8.2),py,Accepted,1409,236028,504,
s727885274,p02936,u973972117,1598934222,Python,Python (3.8.2),py,Runtime Error,1183,55160,464,
s226451532,p02936,u973972117,1598933607,Python,Python (3.8.2),py,Runtime Error,1179,55332,464,
s059814139,p02936,u809918012,1598933568,C++,C++ (GCC 9.2.1),cpp,Accepted,246,37400,942,
s098556531,p02936,u973972117,1598933534,Python,Python (3.8.2),py,Runtime Error,1136,53900,470,
s318158584,p02936,u809918012,1598929875,C++,C++ (GCC 9.2.1),cpp,Wrong Answer,356,34200,824,
s052194895,p02936,u168579419,1598927555,Rust,Rust (1.42.0),rs,Accepted,114,40000,10530,
s837968276,p02936,u168579419,1598927480,Rust,Rust (1.42.0),rs,Compile Error,,,10520,
s642348033,p02936,u168579419,1598927189,Rust,Rust (1.42.0),rs,Compile Error,,,7695,
s797041595,p02936,u168579419,1598926677,Rust,Rust (1.42.0),rs,Compile Error,,,8643,
s125085228,p02936,u087356957,1598925044,C++,C++ (GCC 9.2.1),cpp,Accepted,231,28436,1497,
s443463351,p02936,u087356957,1598925016,C++,C++ (GCC 9.2.1),cpp,Compile Error,,,1495,
s908271245,p02936,u087356957,1598924987,C++,C++ (GCC 9.2.1),cpp,Compile Error,,,1495,
s533473589,p02936,u087356957,1598924726,C++,C++ (GCC 9.2.1),cpp,Accepted,247,28236,1495,
s910722778,p02936,u087356957,1598924671,C++,C++ (GCC 9.2.1),cpp,Wrong Answer,524,29036,1538,
s769224903,p02936,u943057856,1598921953,Python,Python (3.8.2),py,Accepted,1140,65936,490,
s617507819,p02936,u945359338,1598921679,C++,C++ (GCC 9.2.1),cpp,Accepted,410,50164,838,
s103697891,p02936,u901555384,1598917617,C++,C++ (GCC 9.2.1),cpp,Wrong Answer,2225,749848,1430,
s269958722,p02936,u901555384,1598915916,C++,C++ (GCC 9.2.1),cpp,Wrong Answer,2206,21296,1242,
s735167177,p02936,u120143737,1598911163,C++,C++ (GCC 9.2.1),cpp,Accepted,148,34272,1241,
s297259682,p02936,u521712919,1598904686,C++,C++ (GCC 9.2.1),cpp,Accepted,546,23288,818,
s666283393,p02936,u752907966,1598900493,Python,Python (3.8.2),py,Accepted,1606,288740,510,
s036479188,p02936,u752907966,1598900459,Python,Python (3.8.2),py,Runtime Error,2306,3375164,510,
s470229194,p02936,u752907966,1598899726,Python,Python (3.8.2),py,Runtime Error,2311,3353400,454,
s975117814,p02936,u752907966,1598899694,Python,Python (3.8.2),py,Accepted,1254,283372,616,
s441067620,p02936,u752907966,1598899538,Python,Python (3.8.2),py,Wrong Answer,1521,277336,431,
s530720103,p02936,u902576227,1598898456,Rust,Rust (1.42.0),rs,Accepted,114,26044,1896,
s854657814,p02936,u188745744,1598888921,Python,Python (3.8.2),py,Accepted,1312,56432,536,
s627742379,p02936,u188745744,1598887560,Python,Python (3.8.2),py,Wrong Answer,1031,48628,292,
s826068237,p02936,u697690147,1598844608,Python,Python (3.8.2),py,Accepted,1325,77744,645,
s149228782,p02936,u697690147,1598841863,Python,Python (3.8.2),py,Wrong Answer,896,48672,361,
s626496808,p02936,u926412290,1598841651,Python,Python (3.8.2),py,Accepted,1343,282824,570,
s708818698,p02936,u926412290,1598841151,Python,Python (3.8.2),py,Wrong Answer,1289,276552,510,
s058593080,p02936,u926412290,1598840247,Python,Python (3.8.2),py,Wrong Answer,2212,225196,642,
s653681833,p02936,u762160119,1598832287,C++,C++ (GCC 9.2.1),cpp,Accepted,515,26704,927,
s762431165,p02936,u485319545,1598827806,Python,Python (3.8.2),py,Accepted,1441,223284,490,
s602900494,p02936,u485319545,1598827468,Python,Python (3.8.2),py,Runtime Error,1201,54120,503,
s866531392,p02936,u216752093,1598820210,Python,Python (3.8.2),py,Runtime Error,2207,53288,536,
s497998215,p02936,u216752093,1598820093,Python,Python (3.8.2),py,Runtime Error,2207,52940,519,
s843170974,p02936,u216752093,1598820047,Python,Python (3.8.2),py,Runtime Error,2207,52948,509,
s275125074,p02936,u613765770,1598819910,C++,C++ (GCC 9.2.1),cpp,Accepted,240,29828,2354,
s947135927,p02936,u613765770,1598819491,C++,C++ (GCC 9.2.1),cpp,Wrong Answer,232,26712,2072,
s926309464,p02936,u613765770,1598819425,C++,C++ (GCC 9.2.1),cpp,Compile Error,,,2069,
s418793176,p02936,u613765770,1598819280,C++,C++ (GCC 9.2.1),cpp,Wrong Answer,227,25940,2066,
s808459446,p02936,u613765770,1598816173,C++,C++ (GCC 9.2.1),cpp,Wrong Answer,2206,26072,2211,
s766173527,p02936,u154904553,1598812843,C++,C++ (GCC 9.2.1),cpp,Accepted,245,17376,710,
s117112520,p02936,u366886346,1598805100,Python,Python (3.8.2),py,Accepted,1348,56724,595,
s160178076,p02936,u658915215,1598803530,Python,Python (3.8.2),py,Wrong Answer,932,72548,464,
s380551317,p02936,u154904553,1598802664,C++,C++ (GCC 9.2.1),cpp,Runtime Error,178,5312,471,
s569895301,p02936,u930997891,1598794187,C++,C++ (GCC 9.2.1),cpp,Accepted,508,25104,841,
s560432289,p02936,u090225501,1598771940,Go,Go (1.14.1),go,Accepted,340,85808,1105,
s568402767,p02936,u097161601,1598744448,C++,C++ (GCC 9.2.1),cpp,Accepted,250,35948,877,
s272941731,p02936,u224794697,1598743211,C++,C++ (GCC 9.2.1),cpp,Accepted,254,24300,1194,
s353558148,p02936,u289288647,1598743063,Python,Python (3.8.2),py,Accepted,1431,221852,518,
s687372560,p02936,u289288647,1598742930,Python,Python (3.8.2),py,Runtime Error,1252,53116,477,
s589346637,p02936,u224794697,1598742661,C++,C++ (GCC 9.2.1),cpp,Wrong Answer,220,24176,1187,
s079947144,p02936,u373956679,1598740790,C++,C++ (GCC 9.2.1),cpp,Accepted,239,25096,646,
s399241466,p02936,u712719923,1598738301,Python,Python (3.8.2),py,Accepted,1151,62864,811,
s207166441,p02936,u373956679,1598736269,C++,C++ (GCC 9.2.1),cpp,Wrong Answer,2206,21940,604,
s115624649,p02936,u712719923,1598734514,Python,Python (3.8.2),py,Wrong Answer,1012,55064,799,
s350731848,p02936,u712719923,1598734476,Python,PyPy3 (7.3.0),py,Wrong Answer,701,114752,799,
s905941714,p02936,u346215801,1598733588,Rust,Rust (1.42.0),rs,Wrong Answer,127,60336,2817,
s651430259,p02936,u712719923,1598733390,Python,Python (3.8.2),py,Wrong Answer,2207,82860,754,
s117939090,p02936,u712719923,1598732061,Python,PyPy3 (7.3.0),py,Wrong Answer,2213,232780,609,
s525763278,p02936,u712719923,1598731668,Python,Python (3.8.2),py,Wrong Answer,2207,58908,622,
s169196078,p02936,u617515020,1598724139,Python,Python (3.8.2),py,Accepted,1417,284564,394,
s461148668,p02936,u617515020,1598720736,Python,Python (3.8.2),py,Wrong Answer,2211,207964,367,
s074809063,p02936,u909373588,1598718239,C++,C++ (GCC 9.2.1),cpp,Accepted,487,24992,781,
s856983293,p02936,u909373588,1598718040,C++,C++ (GCC 9.2.1),cpp,Wrong Answer,488,25076,760,
s915451604,p02936,u909373588,1598717912,C++,C++ (GCC 9.2.1),cpp,Wrong Answer,482,24288,754,
s988636832,p02936,u499824662,1598717781,C++,C++ (GCC 9.2.1),cpp,Accepted,495,25624,693,
s446348145,p02936,u909373588,1598717659,C++,C++ (GCC 9.2.1),cpp,Wrong Answer,2300,3520380,862,
s494211142,p02936,u499824662,1598717615,C++,C++ (GCC 9.2.1),cpp,Wrong Answer,492,25488,666,
s261811626,p02936,u499824662,1598717308,C++,C++ (GCC 9.2.1),cpp,Wrong Answer,2206,22192,702,
s327453708,p02936,u499824662,1598717215,C++,C++ (GCC 9.2.1),cpp,Wrong Answer,2206,22236,663,
s798846528,p02936,u909373588,1598716989,C++,C++ (GCC 9.2.1),cpp,Wrong Answer,2341,3516376,977,
s540932503,p02936,u909373588,1598716342,C++,C++ (GCC 9.2.1),cpp,Runtime Error,2039,3512660,1034,
s856412458,p02936,u909373588,1598716269,C++,C++ (GCC 9.2.1),cpp,Runtime Error,2108,3512012,1046,
s649074497,p02936,u909373588,1598715991,C++,C++ (GCC 9.2.1),cpp,Runtime Error,2173,3515780,1021,
s045405567,p02936,u909373588,1598715744,C++,C++ (GCC 9.2.1),cpp,Runtime Error,2172,3516128,1100,
s444434752,p02936,u201304522,1598709766,C++,C++ (GCC 9.2.1),cpp,Accepted,244,18828,1319,
s355822330,p02936,u841856382,1598709491,C++,C++ (GCC 9.2.1),cpp,Wrong Answer,216,14868,775,
s157003202,p02936,u224794697,1598685742,C++,C++ (GCC 9.2.1),cpp,Wrong Answer,222,24328,812,
s749132809,p02936,u224794697,1598683524,C++,C++ (GCC 9.2.1),cpp,Wrong Answer,2206,15160,1080,
s397399653,p02936,u459798349,1598683310,Python,Python (3.8.2),py,Accepted,1159,72744,506,
s116832291,p02936,u459798349,1598683139,Python,Python (3.8.2),py,Wrong Answer,1076,66576,484,
s216838435,p02936,u582588783,1598675553,C++,C++ (GCC 9.2.1),cpp,Accepted,228,19044,1409,
s564268665,p02936,u431573188,1598669326,Python,Python (3.8.2),py,Accepted,1393,244260,680,
s986235484,p02936,u431573188,1598669254,Python,Python (3.8.2),py,Runtime Error,1564,256716,698,
s655466842,p02936,u895393304,1598669248,C++,C++ (GCC 9.2.1),cpp,Accepted,233,17468,1386,
s745266242,p02936,u431573188,1598669074,Python,Python (3.8.2),py,Runtime Error,1242,59536,639,
s212601648,p02936,u104613587,1598667176,C++,C++ (GCC 9.2.1),cpp,Accepted,130,17368,642,
s026041011,p02936,u104613587,1598666678,C++,C++ (GCC 9.2.1),cpp,Time Limit Exceeded,2206,25140,812,
s132988945,p02936,u661869380,1598665844,C++,C++ (Clang 10.0.0),cpp,Accepted,506,25012,827,
s352925604,p02936,u551500493,1598662622,C++,C++ (GCC 9.2.1),cpp,Accepted,521,25168,697,
s048225046,p02936,u551500493,1598659742,C++,C++ (GCC 9.2.1),cpp,Wrong Answer,213,15644,559,
s358538730,p02936,u551500493,1598658759,C++,C++ (GCC 9.2.1),cpp,Wrong Answer,2206,16524,824,
s885943270,p02936,u201304522,1598652474,C++,C++ (GCC 9.2.1),cpp,Wrong Answer,225,15604,1198,
s606906256,p02936,u201304522,1598652435,C++,C++ (GCC 9.2.1),cpp,Compile Error,,,1198,
s780468109,p02936,u201304522,1598650981,C++,C++ (GCC 9.2.1),cpp,Wrong Answer,207,15640,1095,
s294871252,p02936,u714642046,1598649147,C++,C++ (GCC 9.2.1),cpp,Accepted,238,27392,919,
s497482169,p02936,u936176493,1598635192,C++,C++ (GCC 9.2.1),cpp,Accepted,253,16584,862,
s412221468,p02936,u936176493,1598634248,C++,C++ (GCC 9.2.1),cpp,Wrong Answer,217,14960,807,
s094206257,p02936,u936176493,1598633873,C++,C++ (GCC 9.2.1),cpp,Wrong Answer,217,14720,718,
s500177711,p02936,u726444300,1598627285,Python,Python (3.8.2),py,Wrong Answer,2271,2167648,631,
s312373394,p02936,u726444300,1598625722,Python,Python (3.8.2),py,Runtime Error,2211,214180,452,
s004722935,p02936,u726444300,1598625207,Python,Python (3.8.2),py,Runtime Error,2211,224956,450,
s699028320,p02936,u726444300,1598625160,Python,Python (3.8.2),py,Runtime Error,26,9092,439,
s803716738,p02936,u726444300,1598625050,Python,Python (3.8.2),py,Runtime Error,2207,42188,408,
s626381082,p02936,u726444300,1598622273,Python,Python (3.8.2),py,Runtime Error,2207,54936,1224,
s417387938,p02936,u347948131,1598592612,Rust,Rust (1.42.0),rs,Accepted,116,49316,935,
s946932552,p02936,u595289165,1598588097,C++,C++ (GCC 9.2.1),cpp,Accepted,233,16672,3656,
s254035272,p02936,u213868052,1598582684,C++,C++ (GCC 9.2.1),cpp,Accepted,253,27152,1366,
s594931924,p02936,u213868052,1598582635,C++,C++ (GCC 9.2.1),cpp,Wrong Answer,259,33344,1388,
s162657393,p02936,u213868052,1598582601,C++,C++ (GCC 9.2.1),cpp,Runtime Error,110,6108,1388,
s205693134,p02936,u213868052,1598582550,C++,C++ (GCC 9.2.1),cpp,Accepted,250,28716,1339,
s933443202,p02936,u204514518,1598581088,C++,C++ (GCC 9.2.1),cpp,Accepted,251,29060,1511,
s084023475,p02936,u204514518,1598581029,C++,C++ (GCC 9.2.1),cpp,Runtime Error,462,272476,1519,
s672036110,p02936,u213868052,1598580931,C++,C++ (GCC 9.2.1),cpp,Runtime Error,111,6012,1366,
s751500439,p02936,u204514518,1598580907,C++,C++ (GCC 9.2.1),cpp,Runtime Error,444,272736,1509,
s405264009,p02936,u204514518,1598580569,C++,C++ (GCC 9.2.1),cpp,Wrong Answer,231,29132,1413,
s085882771,p02936,u204514518,1598580474,C++,C++ (GCC 9.2.1),cpp,Wrong Answer,228,28148,1408,
s865820318,p02936,u204514518,1598579484,C++,C++ (GCC 9.2.1),cpp,Wrong Answer,2206,15132,1465,
s579710978,p02936,u204514518,1598579350,C++,C++ (GCC 9.2.1),cpp,Wrong Answer,2206,15028,1481,
s660198763,p02936,u054016199,1598570766,C++,C++ (GCC 9.2.1),cpp,Accepted,527,35120,1205,
s252456190,p02936,u054016199,1598570573,C++,C++ (GCC 9.2.1),cpp,Wrong Answer,506,35400,1170,
s032599323,p02936,u823855263,1598561190,C++,C++ (GCC 9.2.1),cpp,Accepted,238,21340,852,
s363202559,p02936,u006880673,1598559297,Python,PyPy3 (7.3.0),py,Accepted,1129,239840,694,
s613878471,p02936,u006880673,1598559064,Python,PyPy3 (7.3.0),py,Wrong Answer,923,246984,659,
s781161214,p02936,u127100860,1598548080,C++,C++ (GCC 9.2.1),cpp,Accepted,132,17248,839,
s945236569,p02936,u127100860,1598547909,C++,C++ (GCC 9.2.1),cpp,Accepted,145,25128,712,
s112755618,p02936,u593307566,1598503969,C++,C++ (GCC 9.2.1),cpp,Accepted,156,27748,1735,
s652606703,p02936,u498487134,1598490682,Python,PyPy3 (7.3.0),py,Accepted,731,137244,742,
s855199828,p02936,u550146922,1598464800,Python,PyPy3 (7.3.0),py,Accepted,870,187104,505,
s089670731,p02936,u550146922,1598464748,Python,Python (3.8.2),py,Accepted,1474,126820,505,
s186724037,p02936,u495667483,1598420940,Python,Python (3.8.2),py,Accepted,1525,382732,1063,
s234918955,p02936,u495667483,1598420742,Python,Python (3.8.2),py,Runtime Error,1300,128560,1034,
s006493048,p02936,u495667483,1598410771,Python,Python (3.8.2),py,Wrong Answer,1040,112812,838,
s044664819,p02936,u252828980,1598409089,Python,Python (3.8.2),py,Accepted,1243,62732,671,
s862329388,p02936,u590828596,1598399009,C++,C++ (GCC 9.2.1),cpp,Accepted,260,27548,998,
s770412772,p02936,u401152875,1598398707,C++,C++ (GCC 9.2.1),cpp,Accepted,500,24324,647,
s681235063,p02936,u401152875,1598398181,C++,C++ (GCC 9.2.1),cpp,Runtime Error,2209,271168,641,
s305621296,p02936,u401152875,1598398070,C++,C++ (GCC 9.2.1),cpp,Runtime Error,109,4156,628,
s517113839,p02936,u590828596,1598395401,C++,C++ (GCC 9.2.1),cpp,Wrong Answer,2206,24328,891,
s615727664,p02936,u935370883,1598392185,C++,C++ (GCC 9.2.1),cpp,Wrong Answer,124,18140,1455,
s155064387,p02936,u935370883,1598391821,C++,C++ (GCC 9.2.1),cpp,Wrong Answer,151,18124,1342,
s431736041,p02936,u168579419,1598381212,Rust,Rust (1.42.0),rs,Accepted,115,46564,1114,
s832264809,p02936,u596385287,1598366721,C++,C++ (GCC 9.2.1),cpp,Accepted,123,24304,554,
s915778472,p02936,u248364740,1598366161,Python,Python (3.8.2),py,Wrong Answer,2207,78232,1421,
s506558635,p02936,u596385287,1598366016,C++,C++ (GCC 9.2.1),cpp,Accepted,134,24260,611,
s216285095,p02936,u248364740,1598365035,Python,Python (3.8.2),py,Wrong Answer,2207,70212,1405,
s922648453,p02936,u687574784,1598355056,Python,PyPy3 (7.3.0),py,Time Limit Exceeded,2237,1319856,661,
s785066977,p02936,u687574784,1598355020,Python,Python (3.8.2),py,Accepted,1509,257588,661,
s318853136,p02936,u687574784,1598354111,Python,Python (3.8.2),py,Wrong Answer,1415,251984,582,
s108891204,p02936,u507638984,1598329958,C++,C++ (GCC 9.2.1),cpp,Accepted,243,25088,1495,
s381991376,p02936,u411353821,1598328442,Python,PyPy3 (7.3.0),py,Accepted,825,127812,644,
s121918861,p02936,u411353821,1598328349,Python,PyPy3 (7.3.0),py,Wrong Answer,669,106872,618,
s393513731,p02936,u411353821,1598328268,Python,PyPy3 (7.3.0),py,Wrong Answer,642,109508,528,
s153101058,p02936,u411353821,1598328229,Python,PyPy3 (7.3.0),py,Runtime Error,347,92880,499,
s622391459,p02936,u411353821,1598328007,Python,PyPy3 (7.3.0),py,Wrong Answer,2211,234552,517,
s688894782,p02936,u411353821,1598327807,Python,PyPy3 (7.3.0),py,Wrong Answer,2214,260740,607,
s799511603,p02936,u197541395,1598327586,C++,C++ (GCC 9.2.1),cpp,Accepted,139,24340,2353,
s945575536,p02936,u197541395,1598327524,C++,C++ (GCC 9.2.1),cpp,Wrong Answer,119,21136,2318,
s742604152,p02936,u617515020,1598326925,Python,Python (3.8.2),py,Accepted,1375,223468,454,
s372489402,p02936,u617515020,1598326893,Python,Python (3.8.2),py,Accepted,1346,223552,457,
s055447885,p02936,u617515020,1598326667,Python,Python (3.8.2),py,Accepted,1362,223392,462,
s254466923,p02936,u617515020,1598326453,Python,Python (3.8.2),py,Accepted,1380,223540,462,
s718848092,p02936,u617515020,1598326428,Python,Python (3.8.2),py,Wrong Answer,1509,223624,474,
s306739389,p02936,u255137505,1598325817,C++,C++ (GCC 9.2.1),cpp,Accepted,453,31312,795,
s580675533,p02936,u018679195,1598325615,C++,C++ (GCC 9.2.1),cpp,Accepted,249,25164,1495,
s529339165,p02936,u089230684,1598325506,C++,C++ (GCC 9.2.1),cpp,Runtime Error,106,6452,1495,
s882950653,p02936,u089230684,1598325423,C++,C++ (GCC 9.2.1),cpp,Runtime Error,108,6512,1498,
s010108076,p02936,u255137505,1598325367,C++,C++ (GCC 9.2.1),cpp,Wrong Answer,392,28236,734,
s329855164,p02936,u863370423,1598324055,C++,C++ (GCC 9.2.1),cpp,Accepted,255,25468,1360,
s707944306,p02936,u384683861,1598322061,C++,C++ (GCC 9.2.1),cpp,Accepted,510,24280,876,
s689655911,p02936,u503077877,1598321545,C++,C++ (GCC 9.2.1),cpp,Accepted,143,25532,1044,
s090447114,p02936,u255137505,1598319692,C++,C++ (GCC 9.2.1),cpp,Wrong Answer,355,28268,615,
s214394109,p02936,u255137505,1598319108,C++,C++ (GCC 9.2.1),cpp,Wrong Answer,382,28260,601,
s457318404,p02936,u255137505,1598319007,C++,C++ (GCC 9.2.1),cpp,Wrong Answer,377,24248,613,
s813596045,p02936,u291332466,1598317082,C++,C++ (GCC 9.2.1),cpp,Wrong Answer,210,14696,786,
s163551769,p02936,u424621178,1598309307,C++,C++ (Clang 10.0.0),cpp,Accepted,539,29404,1420,
s845462061,p02936,u424621178,1598309114,C++,C++ (Clang 10.0.0),cpp,Runtime Error,697,274124,1347,
s774349130,p02936,u424621178,1598307559,C++,C++ (Clang 10.0.0),cpp,Wrong Answer,493,29436,1277,
s209178863,p02936,u424621178,1598305807,C++,C++ (Clang 10.0.0),cpp,Wrong Answer,2206,29468,1294,
s296681502,p02936,u752774573,1598304641,Python,PyPy3 (7.3.0),py,Wrong Answer,2210,142044,420,
s520011928,p02936,u617826263,1598304127,C++,C++ (GCC 9.2.1),cpp,Accepted,241,28316,1134,
s682178728,p02936,u105608888,1598297503,Python,Python (3.8.2),py,Accepted,1434,228100,525,
s415319384,p02936,u105608888,1598297311,Python,Python (3.8.2),py,Runtime Error,1199,61056,483,
s122680387,p02936,u105608888,1598297264,Python,Python (3.8.2),py,Runtime Error,984,53948,480,
s166846952,p02936,u105608888,1598295843,Python,Python (3.8.2),py,Runtime Error,1257,61084,534,
s221658694,p02936,u105608888,1598293793,Python,Python (3.8.2),py,Runtime Error,1152,47476,465,
s141343511,p02936,u341957179,1598241106,C++,C++ (GCC 9.2.1),cpp,Accepted,248,26660,967,
s788591281,p02936,u683588090,1598240917,C++,C++ (GCC 9.2.1),cpp,Accepted,237,26632,1030,
s752412118,p02936,u373908456,1598231408,C++,C++ (GCC 9.2.1),cpp,Accepted,259,34768,13218,
s713270824,p02936,u128572736,1598231190,C++,C++ (GCC 9.2.1),cpp,Accepted,256,22776,1893,
s303325082,p02936,u128572736,1598231124,C++,C++ (GCC 9.2.1),cpp,Runtime Error,467,273360,1879,
s659720889,p02936,u843398396,1598222417,Java,Java (OpenJDK 11.0.6),java,Accepted,1602,99964,1506,
s765066731,p02936,u843398396,1598222088,Java,Java (OpenJDK 11.0.6),java,Time Limit Exceeded,2210,100476,1367,
s323768044,p02936,u896588506,1598220867,Python,PyPy3 (7.3.0),py,Accepted,534,154332,758,
s615471716,p02936,u896588506,1598220824,Python,PyPy3 (7.3.0),py,Accepted,482,153936,859,
s144475998,p02936,u013864607,1598220812,Python,Python (3.8.2),py,Accepted,1416,234692,616,
s356824270,p02936,u013864607,1598220688,Python,Python (3.8.2),py,Runtime Error,1568,245796,616,
s199194201,p02936,u013864607,1598219859,Python,Python (3.8.2),py,Runtime Error,1175,53664,573,
s615369927,p02936,u013864607,1598219649,Python,Python (3.8.2),py,Time Limit Exceeded,2211,185612,646,
s780155075,p02936,u128572736,1598219173,C++,C++ (GCC 9.2.1),cpp,Wrong Answer,222,22740,1858,
s731281753,p02936,u128572736,1598219091,C++,C++ (GCC 9.2.1),cpp,Wrong Answer,222,21924,1839,
s575936968,p02936,u128572736,1598218606,C++,C++ (GCC 9.2.1),cpp,Wrong Answer,217,21100,1786,
s026635950,p02936,u013864607,1598218413,Python,Python (3.8.2),py,Runtime Error,2213,312876,755,
s963192428,p02936,u128572736,1598218035,C++,C++ (GCC 9.2.1),cpp,Wrong Answer,2206,21304,1771,
s192113302,p02936,u590828596,1598208026,C++,C++ (GCC 9.2.1),cpp,Wrong Answer,2207,44824,954,
s478026580,p02936,u247830763,1598182631,Python,PyPy3 (7.3.0),py,Time Limit Exceeded,2213,231052,754,
s315890877,p02936,u105608888,1598162110,Python,Python (3.8.2),py,Runtime Error,2207,45956,464,
s778929497,p02936,u105608888,1598161926,Python,Python (3.8.2),py,Runtime Error,2206,45896,464,
s874126905,p02936,u105608888,1598161833,Python,Python (3.8.2),py,Runtime Error,883,45012,481,
s324015183,p02936,u105608888,1598159942,Python,Python (3.8.2),py,Runtime Error,2037,50036,435,
s558906035,p02936,u105608888,1598158802,Python,Python (3.8.2),py,Wrong Answer,2207,45780,419,
s371671118,p02936,u196574642,1598151511,Rust,Rust (1.42.0),rs,Accepted,195,30664,1519,
s229293017,p02936,u450883456,1598133440,C++,C++ (GCC 9.2.1),cpp,Accepted,254,25964,1121,
s143831859,p02936,u450883456,1598133151,C++,C++ (GCC 9.2.1),cpp,Wrong Answer,211,22796,993,
s253740339,p02936,u466335531,1598132394,C++,C++ (GCC 9.2.1),cpp,Accepted,149,24236,1481,
s493965616,p02936,u412408615,1598128226,C++,C++ (GCC 9.2.1),cpp,Accepted,261,28268,1598,
s091127569,p02936,u412408615,1598126320,C++,C++ (GCC 9.2.1),cpp,Time Limit Exceeded,2297,2580448,1530,
s767397700,p02936,u412408615,1598121502,C++,C++ (GCC 9.2.1),cpp,Time Limit Exceeded,2293,2637404,1495,
s294193284,p02936,u408071652,1598120979,Python,PyPy3 (7.3.0),py,Accepted,480,144772,838,
s742613147,p02936,u412408615,1598120639,C++,C++ (GCC 9.2.1),cpp,Time Limit Exceeded,2295,2772100,2411,
s219623609,p02936,u412408615,1598120371,C++,C++ (GCC 9.2.1),cpp,Time Limit Exceeded,2274,2723488,2782,
s964873924,p02936,u412408615,1598117861,C++,C++ (GCC 9.2.1),cpp,Wrong Answer,2296,2858196,1535,
s403889674,p02936,u179169725,1598117454,Cython,Cython (0.29.16),pyx,Accepted,597,75596,771,
s612150264,p02936,u103600314,1598117354,Go,Go (1.14.1),go,Accepted,263,50516,5227,
s428124723,p02936,u179169725,1598117302,Cython,Cython (0.29.16),pyx,Accepted,493,88156,795,
s057436930,p02936,u179169725,1598117147,Cython,Cython (0.29.16),pyx,Wrong Answer,712,89756,870,
s448262167,p02936,u412408615,1598117128,C++,C++ (GCC 9.2.1),cpp,Wrong Answer,223,18756,1116,
s982645151,p02936,u179169725,1598117114,Cython,Cython (0.29.16),pyx,Runtime Error,559,89608,866,
s221556561,p02936,u179169725,1598117065,Cython,Cython (0.29.16),pyx,Accepted,755,66236,907,
s122523953,p02936,u179169725,1598117013,Cython,Cython (0.29.16),pyx,Runtime Error,571,88292,907,
s023630335,p02936,u412408615,1598116840,C++,C++ (GCC 9.2.1),cpp,Wrong Answer,223,18832,1113,
s268072139,p02936,u597584295,1598075145,C++,C++ (GCC 9.2.1),cpp,Accepted,286,48572,1185,
s277904633,p02936,u597584295,1598075071,C++,C++ (GCC 9.2.1),cpp,Accepted,455,48648,1628,
s284594686,p02936,u597584295,1598075015,C++,C++ (GCC 9.2.1),cpp,Accepted,439,48572,1716,
s374616259,p02936,u825115925,1598073781,Python,Python (3.8.2),py,Accepted,1193,56664,516,
s773421088,p02936,u384398403,1598073285,C++,C++ (GCC 9.2.1),cpp,Accepted,148,34900,3091,
s486069838,p02936,u384398403,1598073260,C++,C++ (GCC 9.2.1),cpp,Compile Error,,,6182,
s174511954,p02936,u597584295,1598072129,C++,C++ (GCC 9.2.1),cpp,Runtime Error,2298,3514824,1422,
s196944389,p02936,u597584295,1598071955,C++,C++ (GCC 9.2.1),cpp,Runtime Error,2439,3519440,1298,
s367852748,p02936,u597584295,1598071244,C++,C++ (GCC 9.2.1),cpp,Runtime Error,2331,3510904,1281,
s399689501,p02936,u597584295,1598070490,C++,C++ (GCC 9.2.1),cpp,Wrong Answer,651,25120,913,
s013716856,p02936,u825115925,1598069452,Python,Python (3.8.2),py,Wrong Answer,2207,48044,477,
s105646886,p02936,u825115925,1598069154,Python,Python (3.8.2),py,Wrong Answer,2207,43824,405,
s735874783,p02936,u734397606,1598066900,C++,C++ (GCC 9.2.1),cpp,Accepted,144,25540,1829,
s051669188,p02936,u597584295,1598066843,C++,C++ (GCC 9.2.1),cpp,Wrong Answer,2206,25320,865,
s010099272,p02936,u597584295,1598066797,C++,C++ (GCC 9.2.1),cpp,Wrong Answer,493,25020,825,
s960696018,p02936,u597584295,1598066748,C++,C++ (GCC 9.2.1),cpp,Wrong Answer,2206,25060,800,
s387553778,p02936,u597584295,1598066463,C++,C++ (GCC 9.2.1),cpp,Wrong Answer,2206,25280,684,
s641806053,p02936,u105608888,1598059611,Python,Python (3.8.2),py,Wrong Answer,2207,65872,580,
s103222703,p02936,u105608888,1598059530,Python,Python (3.8.2),py,Wrong Answer,2207,65848,593,
s723387066,p02936,u921044712,1598042791,C++,C++ (GCC 9.2.1),cpp,Accepted,259,31392,840,
s602447609,p02936,u921044712,1598030529,C++,C++ (GCC 9.2.1),cpp,Wrong Answer,2206,15012,822,
s388481373,p02936,u921044712,1598030407,C++,C++ (GCC 9.2.1),cpp,Wrong Answer,2206,15052,820,
s454463459,p02936,u991567869,1598024971,Python,Python (3.8.2),py,Accepted,1239,60468,452,
s753706444,p02936,u823585596,1598021994,Python,Python (3.8.2),py,Accepted,1451,231600,486,
s069680521,p02936,u823585596,1598017597,Python,Python (3.8.2),py,Wrong Answer,2206,32636,691,
s708156842,p02936,u721166818,1598015916,C++,C++ (GCC 9.2.1),cpp,Accepted,249,34408,2457,
s013673588,p02936,u721166818,1598008862,C++,C++ (GCC 9.2.1),cpp,Wrong Answer,215,29904,2406,
s293697815,p02936,u721166818,1598005211,C++,C++ (GCC 9.2.1),cpp,Wrong Answer,2279,2377156,2409,
s277951768,p02936,u029912106,1597995767,C++,C++ (GCC 9.2.1),cpp,Accepted,142,27068,1837,
s190204860,p02936,u539969758,1597993638,Python,Python (3.8.2),py,Wrong Answer,1441,270004,1267,
s655874320,p02936,u518064858,1597993612,Python,Python (3.8.2),py,Accepted,1291,230640,566,
s094834627,p02936,u518064858,1597993526,Python,Python (3.8.2),py,Time Limit Exceeded,2218,391932,525,
s640448417,p02936,u539969758,1597993518,Python,Python (3.8.2),py,Runtime Error,1945,478684,1290,
s898915813,p02936,u539969758,1597993060,Python,Python (3.8.2),py,Accepted,1329,230572,570,
s976088905,p02936,u539969758,1597992981,Python,Python (3.8.2),py,Runtime Error,921,52420,570,
s337558751,p02936,u518064858,1597992374,Python,Python (3.8.2),py,Time Limit Exceeded,2214,235244,616,
s597447545,p02936,u518064858,1597991647,Python,Python (3.8.2),py,Runtime Error,2208,68764,560,
s532722031,p02936,u518064858,1597991576,Python,Python (3.8.2),py,Runtime Error,2208,68900,573,
s094883379,p02936,u518064858,1597991522,Python,Python (3.8.2),py,Runtime Error,140,29664,1252,
s925349497,p02936,u518064858,1597990503,Python,Python (3.8.2),py,Runtime Error,2206,49344,537,
s562407853,p02936,u518064858,1597990355,Python,Python (3.8.2),py,Runtime Error,2207,49164,520,
s486641099,p02936,u518064858,1597989997,Python,Python (3.8.2),py,Runtime Error,2207,49148,505,
s137278037,p02936,u093681822,1597989401,C++,C++ (GCC 9.2.1),cpp,Accepted,136,29808,1529,
s444519397,p02936,u093681822,1597989357,C++,C++ (GCC 9.2.1),cpp,Wrong Answer,151,29032,1527,
s673694708,p02936,u823585596,1597984863,Python,Python (3.8.2),py,Wrong Answer,2207,40592,705,
s734333605,p02936,u591105068,1597983473,C++,C++ (GCC 9.2.1),cpp,Accepted,198,39536,1399,
s192924511,p02936,u591105068,1597983144,C++,C++ (GCC 9.2.1),cpp,Wrong Answer,165,39612,1296,
s399474349,p02936,u135358384,1597980270,C++,C++ (GCC 9.2.1),cpp,Accepted,229,198880,6648,
s947281599,p02936,u078092861,1597970695,C++,C++ (GCC 9.2.1),cpp,Accepted,522,26760,739,
s651528300,p02936,u078092861,1597970646,C++,C++ (GCC 9.2.1),cpp,Wrong Answer,491,26708,704,
s378649525,p02936,u118225776,1597970267,C++,C++ (GCC 9.2.1),cpp,Accepted,232,24376,1279,
s335354557,p02936,u078092861,1597969657,C++,C++ (GCC 9.2.1),cpp,Wrong Answer,489,26604,639,
s541633186,p02936,u118225776,1597969381,C++,C++ (GCC 9.2.1),cpp,Accepted,241,16580,1340,
s404249785,p02936,u005006157,1597962087,C++,C++ (GCC 9.2.1),cpp,Accepted,522,24364,699,
s927360691,p02936,u005006157,1597962014,C++,C++ (GCC 9.2.1),cpp,Wrong Answer,510,27524,699,
s445622830,p02936,u005006157,1597961957,C++,C++ (GCC 9.2.1),cpp,Wrong Answer,536,27484,698,
s654872846,p02936,u605687528,1597961738,C++,C++ (GCC 9.2.1),cpp,Accepted,312,26008,1106,
s252901755,p02936,u060793972,1597948792,Python,Python (3.8.2),py,Accepted,1208,60328,445,
s062685488,p02936,u225660136,1597934347,C++,C++ (GCC 9.2.1),cpp,Accepted,336,29872,2968,
s168655128,p02936,u225660136,1597934271,C++,C++ (GCC 9.2.1),cpp,Wrong Answer,2227,950028,2952,
s305099201,p02936,u225660136,1597933306,C++,C++ (GCC 9.2.1),cpp,Wrong Answer,262,28268,2820,
s385230205,p02936,u225660136,1597933029,C++,C++ (GCC 9.2.1),cpp,Wrong Answer,270,24320,3147,
s297505842,p02936,u788260274,1597906752,Python,PyPy3 (7.3.0),py,Time Limit Exceeded,2241,1301340,1003,
s901552416,p02936,u788260274,1597906706,Python,Python (3.8.2),py,Accepted,1514,300968,1003,
s735765522,p02936,u354126779,1597902116,Python,Python (3.8.2),py,Accepted,1380,227888,540,
s822339493,p02936,u572622695,1597891120,C++,C++ (GCC 9.2.1),cpp,Accepted,235,17324,3545,
s917061096,p02936,u622585907,1597890949,C++,C++ (GCC 9.2.1),cpp,Accepted,258,16620,5999,
s034063269,p02936,u622585907,1597890751,C++,C++ (GCC 9.2.1),cpp,Wrong Answer,209,14724,5937,
s162552719,p02936,u572033996,1597890695,C++,C++ (GCC 9.2.1),cpp,Accepted,137,25088,1153,
s659047695,p02936,u179169725,1597875142,Cython,Cython (0.29.16),pyx,Accepted,734,66376,825,
s157751766,p02936,u179169725,1597874448,Cython,Cython (0.29.16),pyx,Accepted,684,66264,838,
s767540376,p02936,u179169725,1597873959,Python,PyPy3 (7.3.0),py,Time Limit Exceeded,2268,1369104,690,
s152490619,p02936,u179169725,1597873712,Python,Python (3.8.2),py,Accepted,1194,241604,755,
s093994815,p02936,u179169725,1597873698,Cython,Cython (0.29.16),pyx,Accepted,825,129420,755,
s426538863,p02936,u179169725,1597872280,Cython,Cython (0.29.16),pyx,Accepted,771,67032,1646,
s743111627,p02936,u179169725,1597871841,Cython,Cython (0.29.16),pyx,Accepted,696,69540,865,
s494403621,p02936,u179169725,1597864174,Cython,Cython (0.29.16),pyx,Accepted,724,69300,905,
s283944333,p02936,u179169725,1597863200,Cython,Cython (0.29.16),pyx,Accepted,957,98780,929,
s412295848,p02936,u179169725,1597862457,Cython,Cython (0.29.16),pyx,Wrong Answer,50,9464,335,
s914470671,p02936,u179169725,1597862196,Cython,Cython (0.29.16),pyx,Wrong Answer,732,60760,875,
s390106146,p02936,u179169725,1597862062,Cython,Cython (0.29.16),pyx,Accepted,840,84652,874,
s825969429,p02936,u179169725,1597854968,Cython,Cython (0.29.16),pyx,Accepted,871,93776,823,
s598966968,p02936,u179169725,1597854941,Cython,Cython (0.29.16),pyx,Compile Error,,,825,
s613507979,p02936,u179169725,1597854743,Cython,Cython (0.29.16),pyx,Accepted,948,86740,1589,
s971525200,p02936,u179169725,1597854651,Cython,Cython (0.29.16),pyx,Runtime Error,461,59284,1589,
s219521237,p02936,u179169725,1597854521,Cython,Cython (0.29.16),pyx,Compile Error,,,1593,
s833785829,p02936,u179169725,1597850896,Python,Python (3.8.2),py,Accepted,1183,81164,1586,
s742285202,p02936,u179169725,1597850856,Python,PyPy3 (7.3.0),py,Accepted,558,169308,1768,
s473442382,p02936,u179169725,1597850441,Python,Python (3.8.2),py,Accepted,1277,232200,777,
s142086395,p02936,u179169725,1597850402,Python,PyPy3 (7.3.0),py,Time Limit Exceeded,2259,1556512,777,
s362691792,p02936,u618251217,1597848263,Python,Python (3.8.2),py,Accepted,1048,223148,774,
s750455204,p02936,u506464494,1597822896,C++,C++ (GCC 9.2.1),cpp,Accepted,246,28572,1921,
s083363727,p02936,u539969758,1597819181,Python,Python (3.8.2),py,Accepted,1547,273880,1139,
s216338856,p02936,u539969758,1597819089,Python,Python (3.8.2),py,Runtime Error,1727,277380,1139,
s098679485,p02936,u539969758,1597818567,Python,Python (3.8.2),py,Runtime Error,1434,95664,1143,
s507727149,p02936,u539969758,1597817413,Python,Python (3.8.2),py,Runtime Error,2211,179628,648,
s194219826,p02936,u539969758,1597814686,Python,Python (3.8.2),py,Runtime Error,2208,76972,462,
s097403993,p02936,u978308810,1597802905,C++,C++ (GCC 9.2.1),cpp,Accepted,246,25180,1178,
s990415644,p02936,u978308810,1597802774,C++,C++ (GCC 9.2.1),cpp,Accepted,243,25064,1302,
s427071853,p02936,u978308810,1597802716,C++,C++ (GCC 9.2.1),cpp,Time Limit Exceeded,2284,2342740,1167,
s925120470,p02936,u978308810,1597802557,C++,C++ (GCC 9.2.1),cpp,Time Limit Exceeded,2272,2354164,1142,
s299128945,p02936,u978308810,1597800580,C++,C++ (GCC 9.2.1),cpp,Wrong Answer,2299,2603460,988,
s685810374,p02936,u978308810,1597800459,C++,C++ (GCC 9.2.1),cpp,Runtime Error,2297,2294784,988,
s615791399,p02936,u906832993,1597798867,C++,C++ (GCC 9.2.1),cpp,Accepted,525,25124,1022,
s823415423,p02936,u677163137,1597787427,C++,C++ (GCC 9.2.1),cpp,Accepted,129,29116,887,
s988900007,p02936,u756195685,1597769464,Python,Python (3.8.2),py,Accepted,1424,282924,456,
s509650010,p02936,u756195685,1597769343,Python,Python (3.8.2),py,Runtime Error,1210,52336,414,
s262557898,p02936,u756195685,1597769268,Python,PyPy3 (7.3.0),py,Runtime Error,833,153448,421,
s938403947,p02936,u160347785,1597725430,C++,C++ (GCC 9.2.1),cpp,Time Limit Exceeded,2206,29244,1030,
s395391593,p02936,u160347785,1597725321,C++,C++ (GCC 9.2.1),cpp,Accepted,254,29068,1046,
s960204766,p02936,u160347785,1597722198,C++,C++ (GCC 9.2.1),cpp,Wrong Answer,190,7216,1042,
s971783980,p02936,u160347785,1597721991,C++,C++ (GCC 9.2.1),cpp,Wrong Answer,188,7164,1042,
s898220512,p02936,u978308810,1597718812,C++,C++ (GCC 9.2.1),cpp,Runtime Error,2297,2326452,1098,
s546906854,p02936,u776056110,1597717668,C++,C++ (GCC 9.2.1),cpp,Accepted,252,31380,2865,
s298295630,p02936,u175426149,1597712661,C++,C++ (GCC 9.2.1),cpp,Accepted,518,67324,1290,
s173267171,p02936,u511379665,1597694153,C++,C++ (GCC 9.2.1),cpp,Wrong Answer,131,31412,1203,
s836805014,p02936,u511379665,1597693821,C++,C++ (GCC 9.2.1),cpp,Accepted,128,31436,1201,
s326904836,p02936,u070779615,1597685528,C++,C++ (GCC 9.2.1),cpp,Accepted,240,31464,856,
s509691076,p02936,u070779615,1597685385,C++,C++ (GCC 9.2.1),cpp,Wrong Answer,241,31368,838,
s431863255,p02936,u070779615,1597685361,C++,C++ (GCC 9.2.1),cpp,Compile Error,,,836,
s200793411,p02936,u070779615,1597679850,C++,C++ (GCC 9.2.1),cpp,Wrong Answer,258,32244,858,
s712271893,p02936,u070779615,1597679813,C++,C++ (GCC 9.2.1),cpp,Compile Error,,,860,
s664542246,p02936,u070779615,1597679799,C++,C++ (GCC 9.2.1),cpp,Compile Error,,,861,
s850658424,p02936,u070779615,1597679352,C++,C++ (GCC 9.2.1),cpp,Wrong Answer,494,32208,859,
s779545916,p02936,u070779615,1597677191,C++,C++ (GCC 9.2.1),cpp,Wrong Answer,488,32220,829,
s018880861,p02936,u099619676,1597675900,C,C (GCC 9.2.1),c,Accepted,156,22796,1875,
s322623292,p02936,u800396927,1597673685,Python,PyPy3 (7.3.0),py,Accepted,789,139160,764,
s538324240,p02936,u070779615,1597673648,C++,C++ (GCC 9.2.1),cpp,Wrong Answer,430,7956,503,
s578058906,p02936,u800396927,1597673464,Python,PyPy3 (7.3.0),py,Wrong Answer,637,122804,745,
s581872510,p02936,u106922076,1597673317,C++,C++ (GCC 9.2.1),cpp,Accepted,241,22544,1997,
s277403591,p02936,u800396927,1597672849,Python,PyPy3 (7.3.0),py,Runtime Error,686,185748,540,
s267062450,p02936,u800396927,1597672593,Python,PyPy3 (7.3.0),py,Runtime Error,723,186064,513,
s719437841,p02936,u391819434,1597643144,Python,Python (3.8.2),py,Accepted,1140,58132,591,
s225828440,p02936,u391819434,1597642497,Python,Python (3.8.2),py,Wrong Answer,1127,56324,319,
s254850584,p02936,u391819434,1597642400,Python,Python (3.8.2),py,Wrong Answer,1112,53500,321,
s956940691,p02936,u070779615,1597641250,C++,C++ (GCC 9.2.1),cpp,Wrong Answer,442,5616,506,
s926286680,p02936,u070779615,1597640249,C++,C++ (GCC 9.2.1),cpp,Wrong Answer,451,5600,500,
s340073083,p02936,u171654347,1597635784,Python,Python (3.8.2),py,Accepted,1361,284940,1546,
s633524820,p02936,u350093546,1597635290,Python,Python (3.8.2),py,Accepted,1222,71208,460,
s221199193,p02936,u350093546,1597635154,Python,Python (3.8.2),py,Time Limit Exceeded,2207,71356,462,
s479511268,p02936,u350093546,1597634886,Python,PyPy3 (7.3.0),py,Time Limit Exceeded,2209,128912,487,
s048061591,p02936,u171654347,1597634620,Python,Python (3.8.2),py,Runtime Error,1143,53956,1500,
s813253392,p02936,u350093546,1597634565,Python,PyPy3 (7.3.0),py,Time Limit Exceeded,2208,129244,480,
s592471691,p02936,u350093546,1597634528,Python,Python (3.8.2),py,Time Limit Exceeded,2207,68772,480,
s090086227,p02936,u171654347,1597631936,Python,PyPy3 (7.3.0),py,Runtime Error,2208,113464,1340,
s346084214,p02936,u350093546,1597623298,Python,Python (3.8.2),py,Wrong Answer,2207,60888,364,
s861113188,p02936,u350093546,1597623277,Python,PyPy3 (7.3.0),py,Wrong Answer,2208,118012,364,
s509674484,p02936,u350093546,1597623055,Python,PyPy3 (7.3.0),py,Wrong Answer,2208,117808,372,
s443693026,p02936,u232711814,1597587125,C++,C++ (GCC 9.2.1),cpp,Accepted,518,25180,4956,
s354477603,p02936,u200887663,1597535057,Cython,Cython (0.29.16),pyx,Accepted,1181,127196,657,
s905325422,p02936,u200887663,1597534957,Python,PyPy3 (7.3.0),py,Time Limit Exceeded,2246,1221564,657,
s955285478,p02936,u200887663,1597533222,Python,Python (3.8.2),py,Wrong Answer,1260,221400,586,
s855643048,p02936,u009823544,1597531897,Haskell,Haskell (GHC 8.8.3),hs,Accepted,1075,121428,545,
s149010058,p02936,u009823544,1597531511,Haskell,Haskell (GHC 8.8.3),hs,Time Limit Exceeded,2208,128244,523,
s879446161,p02936,u521389909,1597528842,C++,C++ (GCC 9.2.1),cpp,Accepted,245,24296,2047,
s874316354,p02936,u521389909,1597528808,C++,C++ (GCC 9.2.1),cpp,Runtime Error,110,6040,2047,
s565422781,p02936,u482454662,1597526679,C++,C++ (GCC 9.2.1),cpp,Wrong Answer,2206,30932,1030,
s280374538,p02936,u482454662,1597526529,C++,C++ (GCC 9.2.1),cpp,Wrong Answer,2206,30648,1034,
s056379704,p02936,u482454662,1597525162,C++,C++ (GCC 9.2.1),cpp,Wrong Answer,2206,21276,943,
s653368162,p02936,u482454662,1597525118,C++,C++ (GCC 9.2.1),cpp,Runtime Error,191,9052,960,
s769434245,p02936,u116523315,1597524853,C++,C++ (GCC 9.2.1),cpp,Accepted,253,25100,907,
s498477930,p02936,u383713431,1597523931,Python,Python (3.8.2),py,Accepted,1397,233072,608,
s134718965,p02936,u383713431,1597523847,Python,PyPy3 (7.3.0),py,Time Limit Exceeded,2237,1255676,608,
s374791299,p02936,u383713431,1597516976,Python,PyPy3 (7.3.0),py,Runtime Error,862,157448,568,
s048667632,p02936,u620269708,1597516308,C++,C++ (GCC 9.2.1),cpp,Accepted,230,24276,650,
s004021181,p02936,u608654778,1597512196,C++,C++ (GCC 9.2.1),cpp,Wrong Answer,229,33076,982,
s851603523,p02936,u608654778,1597511895,C++,C++ (GCC 9.2.1),cpp,Wrong Answer,230,29824,1005,
s856798291,p02936,u566159623,1597511641,Python,PyPy3 (7.3.0),py,Accepted,782,148600,626,
s454197689,p02936,u608654778,1597510415,C++,C++ (GCC 9.2.1),cpp,Wrong Answer,2206,29048,817,
s096112202,p02936,u048502675,1597509931,Rust,Rust (1.42.0),rs,Accepted,117,43476,906,
s819491449,p02936,u566159623,1597509263,Python,PyPy3 (7.3.0),py,Wrong Answer,1072,137024,328,
s288440126,p02936,u566159623,1597508568,Python,PyPy3 (7.3.0),py,Wrong Answer,1135,138608,329,
s595094491,p02936,u048502675,1597507851,Rust,Rust (1.42.0),rs,Wrong Answer,2217,444168,1225,
s497377932,p02936,u566159623,1597507602,Python,PyPy3 (7.3.0),py,Wrong Answer,2218,529680,546,
s893545418,p02936,u048502675,1597505846,Rust,Rust (1.42.0),rs,Wrong Answer,2206,29256,852,
s958474251,p02936,u171059364,1597505289,C++,C++ (GCC 9.2.1),cpp,Accepted,246,25132,1645,
s550017780,p02936,u171059364,1597505082,C++,C++ (GCC 9.2.1),cpp,Time Limit Exceeded,2206,25188,1487,
s960399146,p02936,u000893497,1597502857,C++,C++ (GCC 9.2.1),cpp,Accepted,240,28556,611,
s470418132,p02936,u247830763,1597489605,Python,Python (3.8.2),py,Runtime Error,2208,93020,809,
s791770498,p02936,u247830763,1597489548,Python,PyPy3 (7.3.0),py,Runtime Error,2212,252812,809,
s852371714,p02936,u247830763,1597489146,Python,Python (3.8.2),py,Time Limit Exceeded,2208,104276,716,
s617695574,p02936,u502312544,1597475385,C++,C++ (GCC 9.2.1),cpp,Accepted,388,24204,2024,
s620383120,p02936,u502312544,1597475220,C++,C++ (GCC 9.2.1),cpp,Wrong Answer,408,24240,2023,
s219020220,p02936,u552176911,1597468427,Python,Python (3.8.2),py,Accepted,1691,351128,571,
s451353542,p02936,u552176911,1597468391,Python,Python (3.8.2),py,Runtime Error,1472,134996,570,
s243300269,p02936,u552176911,1597468303,Python,Python (3.8.2),py,Runtime Error,1459,124960,529,
s348000599,p02936,u552176911,1597468127,Python,Python (3.8.2),py,Runtime Error,1479,124508,521,
s178087670,p02936,u552176911,1597468079,Python,Python (3.8.2),py,Runtime Error,2214,252704,524,
s933947302,p02936,u552176911,1597468049,Python,Python (3.8.2),py,Runtime Error,1443,124512,516,
s029563866,p02936,u628871447,1597459025,C++,C++ (GCC 9.2.1),cpp,Accepted,253,25080,1025,
s860643335,p02936,u823083725,1597458112,C++,C++ (GCC 9.2.1),cpp,Accepted,514,17372,706,
s155121457,p02936,u383713431,1597457022,Python,PyPy3 (7.3.0),py,Runtime Error,2211,254248,772,
s076929531,p02936,u171654347,1597456703,Python,Python (3.8.2),py,Wrong Answer,2207,44512,1340,
s644471981,p02936,u383713431,1597455849,Python,PyPy3 (7.3.0),py,Wrong Answer,2211,254268,679,
s456571771,p02936,u642012866,1597454241,Python,Python (3.8.2),py,Accepted,1163,71416,494,
s145255204,p02936,u642012866,1597453942,Python,Python (3.8.2),py,Runtime Error,1282,75320,480,
s530559722,p02936,u642012866,1597453775,Python,Python (3.8.2),py,Runtime Error,1014,63932,401,
s908830398,p02936,u642012866,1597453536,Python,Python (3.8.2),py,Runtime Error,977,64044,390,
s699401233,p02936,u642012866,1597453319,Python,Python (3.8.2),py,Runtime Error,984,64004,388,
s341856801,p02936,u616794313,1597447880,C++,C++ (GCC 9.2.1),cpp,Accepted,250,16620,3989,
s744163396,p02936,u183422236,1597447749,Python,PyPy3 (7.3.0),py,Time Limit Exceeded,2258,1459008,938,
s491869767,p02936,u183422236,1597447549,Python,PyPy3 (7.3.0),py,Wrong Answer,2250,1333784,698,
s108889430,p02936,u183422236,1597447251,Python,PyPy3 (7.3.0),py,Wrong Answer,2239,1315400,395,
s020994258,p02936,u183422236,1597447227,Python,PyPy3 (7.3.0),py,Runtime Error,2239,1307148,392,
s038993821,p02936,u183422236,1597447123,Python,PyPy3 (7.3.0),py,Runtime Error,709,186260,345,
s082031508,p02936,u787059958,1597439058,Python,Python (3.8.2),py,Accepted,1262,62884,615,
s141255441,p02936,u787059958,1597438990,Python,Python (3.8.2),py,Runtime Error,964,52052,586,
s795218377,p02936,u787059958,1597438967,Python,Python (3.8.2),py,Runtime Error,916,52044,605,
s500612922,p02936,u787059958,1597437935,Python,Python (3.8.2),py,Wrong Answer,2209,116732,816,
s617045596,p02936,u291332466,1597427691,C++,C++ (GCC 9.2.1),cpp,Wrong Answer,192,11164,691,
s046774931,p02936,u942697937,1597427376,Python,Python (3.8.2),py,Wrong Answer,2206,41252,421,
s925238178,p02936,u291332466,1597426290,C++,C++ (GCC 9.2.1),cpp,Wrong Answer,181,11156,552,
s591553264,p02936,u699089116,1597418238,Python,Python (3.8.2),py,Accepted,1179,56616,528,
s124241359,p02936,u699089116,1597417830,Python,Python (3.8.2),py,Runtime Error,27,9484,513,
s429735729,p02936,u168871820,1597410755,C++,C++ (GCC 9.2.1),cpp,Accepted,292,32136,1429,
s950335902,p02936,u168871820,1597410084,C++,C++ (GCC 9.2.1),cpp,Wrong Answer,231,29076,1270,
s418795593,p02936,u168871820,1597407108,C++,C++ (GCC 9.2.1),cpp,Wrong Answer,2206,28320,1270,
s973097661,p02936,u168871820,1597406755,C++,C++ (GCC 9.2.1),cpp,Wrong Answer,2206,28416,1303,
s576578936,p02936,u522293645,1597392985,Python,Python (3.8.2),py,Accepted,1188,62924,926,
s131495104,p02936,u522293645,1597392910,Python,Python (3.8.2),py,Wrong Answer,1238,61392,925,
s961880851,p02936,u522293645,1597392884,Python,Python (3.8.2),py,Runtime Error,906,51912,541,
s124185086,p02936,u522293645,1597387140,Python,Python (3.8.2),py,Time Limit Exceeded,2207,59644,978,
s585567095,p02936,u522293645,1597386909,Python,PyPy3 (7.3.0),py,Time Limit Exceeded,2208,116864,991,
s313278289,p02936,u110383054,1597386639,C++,C++ (GCC 9.2.1),cpp,Accepted,260,29132,904,
s054784830,p02936,u522293645,1597386345,Python,PyPy3 (7.3.0),py,Time Limit Exceeded,2210,190828,1063,
s487368968,p02936,u110383054,1597386257,C++,C++ (GCC 9.2.1),cpp,Wrong Answer,231,25176,749,
s231389571,p02936,u522293645,1597386219,Python,Python (3.8.2),py,Time Limit Exceeded,2210,119768,1063,
s434473205,p02936,u110383054,1597386160,C++,C++ (GCC 9.2.1),cpp,Wrong Answer,227,25032,744,
s531716736,p02936,u110383054,1597386073,C++,C++ (GCC 9.2.1),cpp,Wrong Answer,218,24396,724,
s992671108,p02936,u115672517,1597385136,C++,C++ (GCC 9.2.1),cpp,Accepted,244,25168,766,
s831459559,p02936,u699089116,1597380417,Python,Python (3.8.2),py,Accepted,1181,56488,503,
s458469327,p02936,u342443598,1597376777,OCaml,OCaml (4.10.0),ml,Accepted,291,37372,1027,
s358407423,p02936,u851024856,1597354715,C++,C++ (GCC 9.2.1),cpp,Accepted,249,33520,868,
s068167969,p02936,u603958124,1597351956,Python,Python (3.8.2),py,Accepted,1123,283540,1462,
s689521062,p02936,u392655790,1597350606,Rust,Rust (1.42.0),rs,Accepted,114,29536,888,
s760861508,p02936,u392655790,1597349024,Rust,Rust (1.42.0),rs,Wrong Answer,57,16556,557,
s569004703,p02936,u392655790,1597348632,Rust,Rust (1.42.0),rs,Wrong Answer,2206,25584,713,
s227006379,p02936,u044220565,1597341371,Python,Python (3.8.2),py,Accepted,840,234676,1172,
s960096118,p02936,u482840940,1597341358,Ruby,Ruby (2.7.1),rb,Accepted,700,43336,504,
s819619705,p02936,u044220565,1597341274,Python,PyPy3 (7.3.0),py,Time Limit Exceeded,2372,3514124,1198,
s748448303,p02936,u044220565,1597341202,Python,Python (3.8.2),py,Time Limit Exceeded,2275,2801884,1194,
s514693272,p02936,u355853184,1597339735,Python,Python (3.8.2),py,Accepted,1378,162064,1062,
s403797169,p02936,u355853184,1597339579,Python,Python (3.8.2),py,Accepted,1335,161900,1430,
s651387347,p02936,u355853184,1597339065,Python,PyPy3 (7.3.0),py,Time Limit Exceeded,2212,232488,1306,
s899337263,p02936,u355853184,1597338961,Python,Python (3.8.2),py,Time Limit Exceeded,2211,163068,1306,
s346492512,p02936,u355853184,1597338800,Python,PyPy3 (7.3.0),py,Time Limit Exceeded,2211,232812,1306,
s281909128,p02936,u355853184,1597338678,Python,Python (3.8.2),py,Time Limit Exceeded,2210,163116,1306,
s318105170,p02936,u355853184,1597336286,Python,Python (3.8.2),py,Wrong Answer,2210,156468,1202,
s739899786,p02936,u875407613,1597334419,C++,C++ (GCC 9.2.1),cpp,Accepted,253,25136,650,
s589524904,p02936,u355853184,1597327065,Python,Python (3.8.2),py,Wrong Answer,2219,573540,1210,
s380920462,p02936,u355853184,1597324728,Python,Python (3.8.2),py,Wrong Answer,2214,330412,1040,
s344330765,p02936,u164181205,1597292116,C++,C++ (GCC 9.2.1),cpp,Accepted,245,28320,921,
s045176099,p02936,u478530879,1597285523,Go,Go (1.14.1),go,Accepted,829,30576,3306,
s950821486,p02936,u329878519,1597284461,C,C (GCC 9.2.1),c,Accepted,45,8600,2269,
s167138334,p02936,u329878519,1597284176,C,C (GCC 9.2.1),c,Wrong Answer,43,8600,2239,
s535068625,p02936,u478530879,1597283926,Go,Go (1.14.1),go,Wrong Answer,783,14068,2646,
s589716102,p02936,u907414670,1597281989,Python,PyPy3 (7.3.0),py,Accepted,788,126380,542,
s658856319,p02936,u907414670,1597281653,Python,PyPy3 (7.3.0),py,Runtime Error,780,153340,457,
s316755627,p02936,u907414670,1597281231,Python,Python (3.8.2),py,Runtime Error,1530,122856,458,
s054054186,p02936,u907414670,1597281186,Python,PyPy3 (7.3.0),py,Runtime Error,1078,200096,555,
s462301959,p02936,u907414670,1597280971,Python,PyPy3 (7.3.0),py,Runtime Error,1191,201740,458,
s938229323,p02936,u907414670,1597280890,Python,PyPy3 (7.3.0),py,Runtime Error,1017,201936,458,
s348640150,p02936,u683078179,1597278101,C++,C++ (GCC 9.2.1),cpp,Accepted,294,68876,1480,
s222873174,p02936,u689082549,1597275566,Java,Java (OpenJDK 11.0.6),java,Runtime Error,1116,959720,1898,
s427158382,p02936,u689082549,1597275384,Java,Java (OpenJDK 11.0.6),java,Runtime Error,1016,959856,1907,
s523528657,p02936,u683078179,1597275149,C++,C++ (GCC 9.2.1),cpp,Wrong Answer,308,78148,1495,
s496026824,p02936,u683078179,1597273972,C++,C++ (GCC 9.2.1),cpp,Wrong Answer,2206,36872,1368,
s868155947,p02936,u683078179,1597273079,C++,C++ (GCC 9.2.1),cpp,Wrong Answer,2206,36876,1379,
s938322434,p02936,u683078179,1597272583,C++,C++ (GCC 9.2.1),cpp,Wrong Answer,2207,35208,1300,
s880151972,p02936,u683078179,1597271744,C++,C++ (GCC 9.2.1),cpp,Wrong Answer,2206,44000,1308,
s664752786,p02936,u683078179,1597271699,C++,C++ (GCC 9.2.1),cpp,Runtime Error,192,9532,1306,
s845765626,p02936,u509150616,1597264366,Python,PyPy3 (7.3.0),py,Wrong Answer,586,97220,412,
s675732530,p02936,u509150616,1597263526,Python,PyPy3 (7.3.0),py,Wrong Answer,577,94356,885,
s377122030,p02936,u509150616,1597263403,Python,PyPy3 (7.3.0),py,Runtime Error,572,113412,888,
s652207354,p02936,u111653921,1597261834,C++,C++ (GCC 9.2.1),cpp,Accepted,151,28236,1184,
s662128069,p02936,u111653921,1597261558,C++,C++ (GCC 9.2.1),cpp,Wrong Answer,129,24252,1042,
s684989651,p02936,u111653921,1597261114,C++,C++ (GCC 9.2.1),cpp,Wrong Answer,79,4800,943,
s177535754,p02936,u111653921,1597260852,C++,C++ (GCC 9.2.1),cpp,Wrong Answer,79,4752,1072,
s807290581,p02936,u111653921,1597260634,C++,C++ (GCC 9.2.1),cpp,Wrong Answer,2206,24360,1047,
s634151468,p02936,u642012866,1597259959,Python,Python (3.8.2),py,Wrong Answer,858,48848,342,
s314903236,p02936,u156896646,1597259626,Python,Python (3.8.2),py,Accepted,1396,227976,589,
s437585693,p02936,u156896646,1597259539,Python,Python (3.8.2),py,Runtime Error,1317,141988,588,
s969633464,p02936,u156896646,1597258391,Python,Python (3.8.2),py,Runtime Error,1264,61100,547,
s222574132,p02936,u156896646,1597257102,Python,Python (3.8.2),py,Runtime Error,1038,51388,524,
s939299993,p02936,u793144126,1597252988,Java,Java (OpenJDK 11.0.6),java,Accepted,1497,150640,4408,
s104211706,p02936,u793144126,1597249935,Java,Java (OpenJDK 11.0.6),java,Time Limit Exceeded,2213,148012,1934,
s981915288,p02936,u793144126,1597249314,Java,Java (OpenJDK 11.0.6),java,Time Limit Exceeded,2210,146164,2041,
s404007816,p02936,u437351386,1597242118,Python,Python (3.8.2),py,Accepted,1538,221784,743,
s896257257,p02936,u834771741,1597241991,C++,C++ (GCC 9.2.1),cpp,Accepted,251,39108,1039,
s806149948,p02936,u574922408,1597241327,Python,PyPy3 (7.3.0),py,Accepted,424,119064,992,
s870777449,p02936,u574922408,1597240432,Python,PyPy3 (7.3.0),py,Wrong Answer,250,87816,641,
s391602735,p02936,u575909439,1597237564,Java,Java (OpenJDK 11.0.6),java,Accepted,1915,106636,1052,
s646661383,p02936,u210827208,1597212983,Python,Python (3.8.2),py,Accepted,1433,223188,491,
s104672298,p02936,u210827208,1597212366,Python,Python (3.8.2),py,Runtime Error,1163,53968,482,
s585544108,p02936,u210827208,1597211689,Python,Python (3.8.2),py,Runtime Error,2206,42156,282,
s553050062,p02936,u210827208,1597211671,Java,Java (OpenJDK 11.0.6),java,Compile Error,,,282,
s493268578,p02936,u366886346,1597210081,Python,Python (3.8.2),py,Wrong Answer,1484,59720,1066,
s444507500,p02936,u366886346,1597209680,Python,Python (3.8.2),py,Runtime Error,1199,58144,375,
s401979303,p02936,u366886346,1597209448,Python,Python (3.8.2),py,Wrong Answer,1073,48480,320,
s100622325,p02936,u366886346,1597208855,Python,PyPy3 (7.3.0),py,Time Limit Exceeded,2210,127092,619,
s615268712,p02936,u366886346,1597208531,Python,PyPy3 (7.3.0),py,Time Limit Exceeded,2209,127096,642,
s621534113,p02936,u366886346,1597208464,Python,Python (3.8.2),py,Time Limit Exceeded,2207,56452,642,
s058764166,p02936,u538283043,1597205258,C++,C++ (GCC 9.2.1),cpp,Accepted,234,24280,591,
s575818812,p02936,u094999522,1597204641,Python,Python (3.8.2),py,Wrong Answer,1149,158368,505,
s975655423,p02936,u094999522,1597204553,Python,Python (3.8.2),py,Accepted,1507,164292,521,
s708869223,p02936,u094999522,1597204230,Python,PyPy3 (7.3.0),py,Accepted,1203,234996,528,
s739995030,p02936,u094999522,1597204195,Python,Python (3.8.2),py,Accepted,1463,164476,528,
s356425127,p02936,u094999522,1597203702,Python,Python (3.8.2),py,Time Limit Exceeded,2212,246548,505,
s505814635,p02936,u094999522,1597203258,Python,PyPy3 (7.3.0),py,Runtime Error,91,74836,679,
s482140707,p02936,u094999522,1597203238,Python,Python (3.8.2),py,Time Limit Exceeded,2212,244812,679,
s010063397,p02936,u538283043,1597202198,C++,C++ (GCC 9.2.1),cpp,Wrong Answer,204,16328,674,
s667812732,p02936,u538283043,1597201322,C++,C++ (GCC 9.2.1),cpp,Wrong Answer,2206,16328,637,
s618594371,p02936,u538283043,1597200212,C++,C++ (GCC 9.2.1),cpp,Wrong Answer,2206,25980,562,
s735126038,p02936,u288430479,1597199974,Python,PyPy3 (7.3.0),py,Accepted,835,129496,648,
s001584015,p02936,u288430479,1597199634,Python,PyPy3 (7.3.0),py,Time Limit Exceeded,2251,1242300,512,
s311655350,p02936,u288430479,1597199364,Python,PyPy3 (7.3.0),py,Time Limit Exceeded,2247,1186144,493,
s202881437,p02936,u288430479,1597198631,Python,PyPy3 (7.3.0),py,Time Limit Exceeded,2261,1278896,541,
s990468966,p02936,u288430479,1597198349,Python,Python (3.8.2),py,Runtime Error,1189,53652,499,
s571435467,p02936,u603958124,1597195907,Python,Python (3.8.2),py,Accepted,932,62340,1301,
s337615958,p02936,u603958124,1597195479,Python,Python (3.8.2),py,Wrong Answer,621,28776,975,
s432458308,p02936,u603958124,1597195342,Python,Python (3.8.2),py,Wrong Answer,572,28724,961,
s763810074,p02936,u523087093,1597176853,Python,Python (3.8.2),py,Accepted,1284,80288,663,
s326675446,p02936,u523087093,1597176642,Python,Python (3.8.2),py,Wrong Answer,1114,72508,628,
s116310505,p02936,u955251526,1597175078,Python,Python (3.8.2),py,Accepted,1624,266200,526,
s347917291,p02936,u955251526,1597175060,Python,Python (3.8.2),py,Runtime Error,1346,89924,530,
s470007905,p02936,u955251526,1597175012,Python,Python (3.8.2),py,Accepted,1669,266160,519,
s419595647,p02936,u523087093,1597174910,Python,Python (3.8.2),py,Wrong Answer,2208,73944,702,
s421952322,p02936,u955251526,1597174895,Python,Python (3.8.2),py,Runtime Error,1421,89884,524,
s875351891,p02936,u955251526,1597174853,Python,Python (3.8.2),py,Runtime Error,1400,89804,524,
s622753622,p02936,u955251526,1597174808,Python,Python (3.8.2),py,Runtime Error,1328,89748,476,
s993050707,p02936,u465101448,1597152809,Python,PyPy3 (7.3.0),py,Accepted,1312,237636,739,
s498578510,p02936,u877494916,1597149988,C++,C++ (GCC 9.2.1),cpp,Accepted,246,25180,854,
s549792799,p02936,u877494916,1597149942,C++,C++ (GCC 9.2.1),cpp,Wrong Answer,226,25140,824,
s047382284,p02936,u877494916,1597149669,C++,C++ (GCC 9.2.1),cpp,Runtime Error,291,19160,823,
s530786338,p02936,u554129261,1597116318,C++,C++ (GCC 9.2.1),cpp,Wrong Answer,2278,2753788,1404,
s415228422,p02936,u636683284,1597115951,Python,PyPy3 (7.3.0),py,Accepted,786,153036,544,
s732512730,p02936,u636683284,1597114844,Python,PyPy3 (7.3.0),py,Wrong Answer,730,137212,373,
s316989573,p02936,u211109468,1597113593,Python,PyPy3 (7.3.0),py,Accepted,777,148536,438,
s687015928,p02936,u465101448,1597113454,Python,PyPy3 (7.3.0),py,Wrong Answer,2217,527000,1045,
s622027477,p02936,u211109468,1597113421,Python,PyPy3 (7.3.0),py,Accepted,827,146004,442,
s266959455,p02936,u265359795,1597111612,C++,C++ (GCC 9.2.1),cpp,Accepted,154,24412,641,
s285912210,p02936,u554129261,1597109660,C++,C++ (GCC 9.2.1),cpp,Wrong Answer,2206,28524,1392,
s769802994,p02936,u554129261,1597109096,C++,C++ (GCC 9.2.1),cpp,Runtime Error,2206,28528,1384,
s210651860,p02936,u174325832,1597106581,Haskell,Haskell (GHC 8.8.3),hs,Accepted,646,135156,4621,
s933419485,p02936,u153499445,1597095248,Python,Python (3.8.2),py,Wrong Answer,2208,112952,390,
s998718424,p02936,u619273584,1597092676,C++,C++ (GCC 9.2.1),cpp,Accepted,227,29048,758,
s853128064,p02936,u619273584,1597089737,C++,C++ (GCC 9.2.1),cpp,Wrong Answer,223,26668,674,
s531293227,p02936,u127081935,1597087571,C#,C# (.NET Core 3.1.201),cs,Accepted,431,72104,1684,
s793661597,p02936,u446766335,1597080763,C++,C++ (GCC 9.2.1),cpp,Accepted,249,24300,836,
s065660335,p02936,u085717502,1597071305,Python,Python (3.8.2),py,Accepted,1145,75404,798,
s455844065,p02936,u085717502,1597070469,Python,Python (3.8.2),py,Runtime Error,2207,76960,725,
s063088853,p02936,u085717502,1597070410,Python,Python (3.8.2),py,Runtime Error,2208,77112,724,
s150340269,p02936,u123872895,1597035246,Python,PyPy3 (7.3.0),py,Accepted,897,131316,601,
s712436152,p02936,u773580152,1597033165,C#,C# (Mono-mcs 6.8.0.105),cs,Accepted,1035,72376,9358,
s507449041,p02936,u773580152,1597033087,C#,C# (Mono-mcs 6.8.0.105),cs,Wrong Answer,1038,72452,9567,
s992850892,p02936,u858107870,1597032959,C++,C++ (GCC 9.2.1),cpp,Accepted,167,19004,1111,
s210263950,p02936,u858107870,1597032683,C++,C++ (GCC 9.2.1),cpp,Wrong Answer,117,15788,1188,
s566061947,p02936,u153390822,1597032503,C++,C++ (GCC 9.2.1),cpp,Accepted,517,50124,4455,
s327451122,p02936,u153390822,1597032457,C++,C++ (GCC 9.2.1),cpp,Time Limit Exceeded,2263,2286220,1084,
s656726970,p02936,u153390822,1597032406,C++,C++ (GCC 9.2.1),cpp,Compile Error,,,1085,
s834247892,p02936,u858107870,1597032395,C++,C++ (GCC 9.2.1),cpp,Wrong Answer,115,17180,1616,
s315018411,p02936,u858107870,1597032280,C++,C++ (GCC 9.2.1),cpp,Wrong Answer,128,17168,1605,
s915280571,p02936,u858107870,1597031926,C++,C++ (GCC 9.2.1),cpp,Runtime Error,209,19400,1578,
s018336662,p02936,u773580152,1597030984,C#,C# (Mono-mcs 6.8.0.105),cs,Wrong Answer,981,72440,9475,
s989241775,p02936,u858107870,1597030848,C++,C++ (GCC 9.2.1),cpp,Wrong Answer,118,15796,1220,
s930352364,p02936,u858107870,1597030345,C++,C++ (GCC 9.2.1),cpp,Wrong Answer,135,15516,1054,
s456073445,p02936,u858107870,1597029426,C++,C++ (GCC 9.2.1),cpp,Wrong Answer,2206,15720,1089,
s222202008,p02936,u642276346,1597027621,C++,C++ (GCC 9.2.1),cpp,Accepted,186,32872,833,
s191801668,p02936,u446766335,1597021023,C++,C++ (GCC 9.2.1),cpp,Wrong Answer,2206,25988,925,
s885201192,p02936,u591808161,1597019128,Python,PyPy3 (7.3.0),py,Accepted,440,141648,1187,
s902414978,p02936,u591808161,1597017176,Python,PyPy3 (7.3.0),py,Time Limit Exceeded,2208,101232,1284,
s977394626,p02936,u591808161,1597016693,Python,PyPy3 (7.3.0),py,Accepted,476,142380,959,
s640015401,p02936,u591808161,1597016125,Python,PyPy3 (7.3.0),py,Wrong Answer,312,111904,1124,
s964940855,p02936,u591808161,1597012893,Python,Python (3.8.2),py,Wrong Answer,829,80280,1281,
s498733155,p02936,u591808161,1597012576,Python,PyPy3 (7.3.0),py,Wrong Answer,390,128528,1281,
s240651581,p02936,u197457087,1597009497,Python,Python (3.8.2),py,Accepted,1502,252524,566,
s057982372,p02936,u197457087,1597008857,Python,Python (3.8.2),py,Accepted,1055,221756,526,
s803421118,p02936,u197457087,1597008664,Python,PyPy3 (7.3.0),py,Time Limit Exceeded,2259,1443568,510,
s600963619,p02936,u197457087,1597008469,Python,PyPy3 (7.3.0),py,Time Limit Exceeded,2240,1422596,598,
s085107095,p02936,u197457087,1597008396,Python,PyPy3 (7.3.0),py,Time Limit Exceeded,2240,1264232,571,
s315104498,p02936,u197457087,1597008355,Python,PyPy3 (7.3.0),py,Runtime Error,878,202084,529,
s475983566,p02936,u940569542,1597007061,C++,C++ (GCC 9.2.1),cpp,Accepted,133,24208,934,
s351738060,p02936,u531579566,1597005190,Python,Python (3.8.2),py,Time Limit Exceeded,2199,323248,542,
s515798148,p02936,u531579566,1597004111,Python,Python (3.8.2),py,Wrong Answer,2136,357024,784,
s784032653,p02936,u531579566,1597004042,Python,Python (3.8.2),py,Runtime Error,1824,188204,742,
s002773503,p02936,u296160120,1596998316,C++,C++ (GCC 9.2.1),cpp,Accepted,226,16500,1851,
s211694320,p02936,u915401678,1596985406,C++,C++ (GCC 9.2.1),cpp,Accepted,220,20364,1286,
s923670516,p02936,u508183081,1596966870,C++,C++ (GCC 9.2.1),cpp,Accepted,249,27748,665,
s308635393,p02936,u706984643,1596963645,C++,C++ (GCC 9.2.1),cpp,Accepted,151,28224,2784,
s108059992,p02936,u706984643,1596963532,C++,C++ (GCC 9.2.1),cpp,Wrong Answer,149,28252,2771,
s133811478,p02936,u706984643,1596963496,C++,C++ (GCC 9.2.1),cpp,Runtime Error,108,8060,2782,
s483642493,p02936,u218834617,1596958179,Python,Python (3.8.2),py,Accepted,1171,243224,1318,
s983637760,p02936,u218834617,1596957865,Python,Python (3.8.2),py,Accepted,1155,247972,1327,
s473006916,p02936,u218834617,1596956677,Python,Python (3.8.2),py,Wrong Answer,2211,227812,1238,
s705521523,p02936,u127081935,1596948810,C#,C# (.NET Core 3.1.201),cs,Time Limit Exceeded,2210,143540,1678,
s824444150,p02936,u127081935,1596947725,C#,C# (.NET Core 3.1.201),cs,Time Limit Exceeded,2210,145292,1740,
s032774372,p02936,u127081935,1596947229,C#,C# (.NET Core 3.1.201),cs,Time Limit Exceeded,2209,154456,1710,
s192327466,p02936,u895393304,1596946932,C++,C++ (GCC 9.2.1),cpp,Accepted,257,30164,1351,
s476054023,p02936,u895393304,1596946859,C++,C++ (GCC 9.2.1),cpp,Runtime Error,109,4036,1347,
s462332219,p02936,u895393304,1596946558,C++,C++ (GCC 9.2.1),cpp,Runtime Error,222,5716,1347,
s130555407,p02936,u895393304,1596946432,C++,C++ (GCC 9.2.1),cpp,Runtime Error,222,5784,1348,
s020963451,p02936,u895393304,1596946344,C++,C++ (GCC 9.2.1),cpp,Runtime Error,214,5796,1343,
s170353470,p02936,u897060163,1596940804,Haskell,Haskell (GHC 8.8.3),hs,Accepted,794,187040,1993,
s210582096,p02936,u620480037,1596939297,Python,PyPy3 (7.3.0),py,Accepted,981,169272,638,
s810308451,p02936,u897060163,1596938491,Haskell,Haskell (GHC 8.8.3),hs,Time Limit Exceeded,2210,175900,1983,
s255759265,p02936,u897060163,1596938013,Haskell,Haskell (GHC 8.8.3),hs,Time Limit Exceeded,2211,236532,1958,
s352255207,p02936,u006717664,1596935583,C++,C++ (GCC 9.2.1),cpp,Accepted,403,48600,2772,
s993709923,p02936,u006717664,1596934629,C++,C++ (GCC 9.2.1),cpp,Wrong Answer,410,28580,2674,
s129710274,p02936,u667375816,1596934449,C++,C++ (GCC 9.2.1),cpp,Accepted,139,24180,986,
s845921745,p02936,u006717664,1596934353,C++,C++ (GCC 9.2.1),cpp,Wrong Answer,456,28588,2654,
s437320127,p02936,u006717664,1596934219,C++,C++ (GCC 9.2.1),cpp,Wrong Answer,449,9544,2695,
s423413217,p02936,u006717664,1596933751,C++,C++ (GCC 9.2.1),cpp,Wrong Answer,458,9776,2775,
s425165964,p02936,u006717664,1596933595,C++,C++ (GCC 9.2.1),cpp,Wrong Answer,464,9768,2784,
s795032523,p02936,u667375816,1596933090,C++,C++ (GCC 9.2.1),cpp,Accepted,159,24324,963,
s895000551,p02936,u667375816,1596924848,C++,C++ (GCC 9.2.1),cpp,Time Limit Exceeded,2206,28356,1326,
s816315702,p02936,u406647332,1596922769,C++,C++ (GCC 9.2.1),cpp,Accepted,257,25172,587,
s642033243,p02936,u667375816,1596921412,C++,C++ (GCC 9.2.1),cpp,Time Limit Exceeded,2206,19016,1259,
s623918378,p02936,u717943620,1596918438,Go,Go (1.14.1),go,Wrong Answer,166,31064,3268,
s435600121,p02936,u717943620,1596917976,Go,Go (1.14.1),go,Accepted,203,36508,3426,
s631890277,p02936,u559250296,1596917908,Python,Python (3.8.2),py,Wrong Answer,1434,85244,410,
s602953871,p02936,u559250296,1596916028,Python,Python (3.8.2),py,Wrong Answer,1173,53800,400,
s349804790,p02936,u717943620,1596914465,Go,Go (1.14.1),go,Compile Error,,,901,
s415098764,p02936,u717943620,1596914443,Go,Go (1.14.1),go,Compile Error,,,901,
s831635349,p02936,u119575931,1596913504,C#,C# (.NET Core 3.1.201),cs,Accepted,425,78836,4314,
s151868552,p02936,u570229212,1596913496,C++,C++ (GCC 9.2.1),cpp,Accepted,981,64144,1350,
s480018357,p02936,u406647332,1596911153,C++,C++ (GCC 9.2.1),cpp,Wrong Answer,230,27112,744,
s653378364,p02936,u406647332,1596910793,C++,C++ (GCC 9.2.1),cpp,Runtime Error,268,10104,744,
s481079702,p02936,u406647332,1596906852,C++,C++ (GCC 9.2.1),cpp,Runtime Error,263,9904,790,
s908761972,p02936,u406647332,1596891337,C++,C++ (GCC 9.2.1),cpp,Runtime Error,270,11540,763,
s557769002,p02936,u406647332,1596891224,C++,C++ (GCC 9.2.1),cpp,Runtime Error,262,11208,753,
s157404089,p02936,u953499988,1596888038,C++,C++ (GCC 9.2.1),cpp,Runtime Error,318,13624,691,
s142611938,p02936,u953499988,1596887953,C++,C++ (GCC 9.2.1),cpp,Runtime Error,309,13632,691,
s224445673,p02936,u953499988,1596887046,C++,C++ (GCC 9.2.1),cpp,Wrong Answer,2303,2660944,655,
s089373465,p02936,u953499988,1596886552,C++,C++ (GCC 9.2.1),cpp,Wrong Answer,2277,2696600,643,
s360292413,p02936,u074294821,1596866437,C++,C++ (GCC 9.2.1),cpp,Accepted,143,24940,4890,
s835796780,p02936,u942850310,1596862746,C++,C++ (GCC 9.2.1),cpp,Accepted,248,27520,1311,
s366054980,p02936,u127081935,1596859714,C#,C# (.NET Core 3.1.201),cs,Wrong Answer,2209,179296,1997,
s338328733,p02936,u127081935,1596858984,C#,C# (.NET Core 3.1.201),cs,Wrong Answer,2208,246492,1840,
s780519735,p02936,u570229212,1596828433,C++,C++ (GCC 9.2.1),cpp,Wrong Answer,2267,2272056,1240,
s613551893,p02936,u900958593,1596828134,C++,C++ (GCC 9.2.1),cpp,Accepted,255,25376,745,
s257535438,p02936,u648315264,1596827611,Python,Python (3.8.2),py,Accepted,1374,223216,621,
s901408637,p02936,u648315264,1596827546,Python,PyPy3 (7.3.0),py,Time Limit Exceeded,2239,1300040,621,
s383887402,p02936,u648315264,1596827084,Python,PyPy3 (7.3.0),py,Wrong Answer,2362,3510412,1425,
s520860852,p02936,u013446725,1596810408,Python,PyPy3 (7.3.0),py,Accepted,735,128744,611,
s380738237,p02936,u900958593,1596809642,C++,C++ (GCC 9.2.1),cpp,Time Limit Exceeded,2206,29452,1067,
s433823382,p02936,u013446725,1596809577,Python,PyPy3 (7.3.0),py,Wrong Answer,674,112100,597,
s819731316,p02936,u013446725,1596808903,Python,PyPy3 (7.3.0),py,Wrong Answer,642,110856,596,
s116865869,p02936,u013446725,1596808521,Python,PyPy3 (7.3.0),py,Wrong Answer,752,127808,645,
s086135043,p02936,u414376763,1596803417,Python,Python (3.8.2),py,Accepted,1240,283312,616,
s307162728,p02936,u414376763,1596803278,Python,Python (3.8.2),py,Runtime Error,1342,120264,481,
s891278031,p02936,u658401995,1596795202,C++,C++ (GCC 9.2.1),cpp,Accepted,277,26984,2771,
s149157346,p02936,u658401995,1596793865,C++,C++ (GCC 9.2.1),cpp,Wrong Answer,238,26980,2598,
s306816770,p02936,u658401995,1596792104,C++,C++ (GCC 9.2.1),cpp,Wrong Answer,214,15632,1820,
s277001242,p02936,u605443479,1596791490,Go,Go (1.14.1),go,Accepted,218,52284,5593,
s843794776,p02936,u658401995,1596791155,C++,C++ (GCC 9.2.1),cpp,Wrong Answer,2206,19096,1886,
s527046525,p02936,u605443479,1596790423,Go,Go (1.14.1),go,Accepted,217,52256,5493,
s966253379,p02936,u013446725,1596773193,Python,PyPy3 (7.3.0),py,Wrong Answer,2211,242112,912,
s391585208,p02936,u013446725,1596772872,Python,PyPy3 (7.3.0),py,Wrong Answer,2211,242300,974,
s964397596,p02936,u158758556,1596769616,C++,C++ (GCC 9.2.1),cpp,Accepted,510,28248,1042,
s029626759,p02936,u158758556,1596768978,C++,C++ (GCC 9.2.1),cpp,Accepted,507,25148,794,
s849346697,p02936,u158758556,1596768951,C++,C++ (GCC 9.2.1),cpp,Wrong Answer,489,25152,759,
s615579891,p02936,u158758556,1596766195,C++,C++ (GCC 9.2.1),cpp,Wrong Answer,2206,25984,891,
s300465632,p02936,u535171899,1596762919,Python,Python (3.8.2),py,Accepted,976,128084,919,
s187214646,p02936,u535171899,1596762740,Python,Python (3.8.2),py,Accepted,978,127900,774,
s068489628,p02936,u535171899,1596762011,Python,PyPy3 (7.3.0),py,Wrong Answer,2214,346428,904,
s643693043,p02936,u535171899,1596761901,Python,Python (3.8.2),py,Wrong Answer,2213,169332,904,
s720540175,p02936,u413396046,1596761333,C++,C++ (GCC 9.2.1),cpp,Accepted,237,19292,1159,
s242280301,p02936,u535171899,1596761319,Python,PyPy3 (7.3.0),py,Wrong Answer,2219,351104,1076,
s430992198,p02936,u535171899,1596761162,Python,Python (3.8.2),py,Wrong Answer,2209,129664,1076,
s365364246,p02936,u931901821,1596757621,C++,C++ (GCC 9.2.1),cpp,Accepted,255,25644,1248,
s293891043,p02936,u931901821,1596757130,C++,C++ (GCC 9.2.1),cpp,Wrong Answer,221,25428,1165,
s242231533,p02936,u931901821,1596756679,C++,C++ (GCC 9.2.1),cpp,Wrong Answer,2206,22132,1131,
s495595585,p02936,u232462132,1596756352,C++,C++ (GCC 9.2.1),cpp,Accepted,147,25072,1751,
s231313288,p02936,u422969030,1596750034,C++,C++ (GCC 9.2.1),cpp,Accepted,154,31452,2030,
s774462823,p02936,u422969030,1596749764,C++,C++ (GCC 9.2.1),cpp,Accepted,823,63444,2443,
s394529688,p02936,u221391729,1596741605,C++,C++ (GCC 9.2.1),cpp,Accepted,228,17440,1513,
s032499712,p02936,u453366189,1596731082,C++,C++ (GCC 9.2.1),cpp,Wrong Answer,2206,20772,1109,
s204209288,p02936,u453366189,1596730942,C++,C++ (GCC 9.2.1),cpp,Wrong Answer,234,20784,1112,
s408099121,p02936,u453366189,1596730261,C++,C++ (GCC 9.2.1),cpp,Wrong Answer,217,20748,1150,
s633372019,p02936,u453366189,1596730140,C++,C++ (GCC 9.2.1),cpp,Wrong Answer,215,19220,1130,
s706591742,p02936,u453366189,1596726517,C++,C++ (GCC 9.2.1),cpp,Wrong Answer,2206,8188,750,
s689938285,p02936,u474202990,1596723049,Python,PyPy3 (7.3.0),py,Time Limit Exceeded,2245,1510632,682,
s827183325,p02936,u474202990,1596723012,Python,Python (3.8.2),py,Accepted,1439,231180,633,
s153430012,p02936,u474202990,1596722979,Python,Python (3.8.2),py,Accepted,1072,231432,682,
s572380913,p02936,u474202990,1596722492,C++,C++ (GCC 9.2.1),cpp,Accepted,257,28536,589,
s282651985,p02936,u474202990,1596722061,Python,PyPy3 (7.3.0),py,Time Limit Exceeded,2236,1236964,579,
s092699384,p02936,u474202990,1596721982,Python,PyPy3 (7.3.0),py,Time Limit Exceeded,2236,1274212,672,
s789098424,p02936,u474202990,1596721866,Python,PyPy3 (7.3.0),py,Runtime Error,83,74736,667,
s861678865,p02936,u474202990,1596721820,Python,PyPy3 (7.3.0),py,Runtime Error,89,74840,655,
s512738307,p02936,u474202990,1596721480,Python,PyPy3 (7.3.0),py,Runtime Error,858,201920,627,
s145185099,p02936,u474202990,1596721440,Python,Python (3.8.2),py,Runtime Error,1336,83032,627,
s018844582,p02936,u474202990,1596721328,Python,Python (3.8.2),py,Runtime Error,25,9052,609,
s833606660,p02936,u474202990,1596721287,Python,Python (3.8.2),py,Runtime Error,1360,83144,595,
s112377737,p02936,u474202990,1596721215,Python,Python (3.8.2),py,Runtime Error,1380,82976,595,
s086266363,p02936,u474202990,1596721174,Python,PyPy3 (7.3.0),py,Runtime Error,834,205296,595,
s336251353,p02936,u260525363,1596676509,C++,C++ (GCC 9.2.1),cpp,Accepted,270,26688,904,
s943748201,p02936,u260525363,1596675686,C++,C++ (GCC 9.2.1),cpp,Wrong Answer,233,23536,850,
s015599554,p02936,u260525363,1596673013,C++,C++ (GCC 9.2.1),cpp,Wrong Answer,2206,23632,811,
s040872902,p02936,u260525363,1596672792,C++,C++ (GCC 9.2.1),cpp,Wrong Answer,2206,26772,881,
s521762602,p02936,u260525363,1596672737,C++,C++ (GCC 9.2.1),cpp,Wrong Answer,2206,26068,882,
s770810536,p02936,u236585484,1596666414,C++,C++ (GCC 9.2.1),cpp,Accepted,225,16576,1109,
s250593474,p02936,u236585484,1596666381,C++,C++ (GCC 9.2.1),cpp,Wrong Answer,539,17092,1137,
s887780239,p02936,u236585484,1596664551,C++,C++ (GCC 9.2.1),cpp,Wrong Answer,206,23476,1290,
s609421310,p02936,u236585484,1596664114,C++,C++ (GCC 9.2.1),cpp,Wrong Answer,202,23448,1172,
s611392914,p02936,u367701763,1596652143,Python,PyPy3 (7.3.0),py,Accepted,796,264900,2956,
s454163675,p02936,u622575566,1596650440,C++,C++ (GCC 9.2.1),cpp,Accepted,270,41512,1277,
s251546833,p02936,u622575566,1596649665,C++,C++ (GCC 9.2.1),cpp,Time Limit Exceeded,2290,2310444,1520,
s033643161,p02936,u563170985,1596642865,C++,C++ (GCC 9.2.1),cpp,Accepted,227,16484,870,
s390830895,p02936,u928286416,1596634908,C++,C++ (GCC 9.2.1),cpp,Accepted,235,28276,796,
s256875684,p02936,u928286416,1596600973,C++,C++ (GCC 9.2.1),cpp,Wrong Answer,208,17188,718,
s102015176,p02936,u928286416,1596600766,C++,C++ (GCC 9.2.1),cpp,Wrong Answer,205,17204,701,
s056834629,p02936,u131881594,1596594145,Python,Python (3.8.2),py,Accepted,1465,228452,469,
s142831569,p02936,u131881594,1596592618,Python,Python (3.8.2),py,Wrong Answer,1096,46864,285,
s668642713,p02936,u553987207,1596591492,Python,Python (3.8.2),py,Accepted,846,83100,539,
s129062300,p02936,u944325914,1596581567,Python,Python (3.8.2),py,Accepted,1179,68616,557,
s409146189,p02936,u693173434,1596577449,Python,Python (3.8.2),py,Accepted,1211,67928,535,
s114950693,p02936,u982630224,1596563353,C++,C++ (GCC 9.2.1),cpp,Accepted,251,25152,676,
s170369417,p02936,u756784272,1596563253,C++,C++ (GCC 9.2.1),cpp,Accepted,246,16576,845,
s610840150,p02936,u209457657,1596555064,C++,C++ (GCC 9.2.1),cpp,Accepted,238,24292,1142,
s924725803,p02936,u989749249,1596533783,C++,C++ (GCC 9.2.1),cpp,Accepted,118,19220,1025,
s576626608,p02936,u682672120,1596523844,Python,PyPy3 (7.3.0),py,Accepted,780,166284,510,
s185415425,p02936,u280175105,1596512535,C++,C++ (GCC 9.2.1),cpp,Accepted,232,24260,798,
s365628244,p02936,u376144840,1596485342,C++,C++ (GCC 9.2.1),cpp,Accepted,152,29040,880,
s746628106,p02936,u936985471,1596412645,Python,Python (3.8.2),py,Accepted,782,67328,575,
s162666884,p02936,u332657092,1596410782,Python,PyPy3 (7.3.0),py,Accepted,1177,208064,1122,
s205439377,p02936,u942850310,1596409163,C++,C++ (GCC 9.2.1),cpp,Wrong Answer,2206,16588,1196,
s468257665,p02936,u942850310,1596408887,C++,C++ (GCC 9.2.1),cpp,Wrong Answer,2206,16596,1245,
s099264624,p02936,u533232830,1596408780,Python,Python (3.8.2),py,Accepted,1467,221892,596,
s773119069,p02936,u533232830,1596408694,Python,Python (3.8.2),py,Runtime Error,1190,53072,553,
s063091724,p02936,u814715203,1596406239,C++,C++ (GCC 9.2.1),cpp,Accepted,244,24308,1699,
s039917459,p02936,u814715203,1596405450,C++,C++ (GCC 9.2.1),cpp,Wrong Answer,225,24300,1676,
s589426692,p02936,u814715203,1596405421,C++,C++ (GCC 9.2.1),cpp,Runtime Error,286,14184,1676,
s466743542,p02936,u223663729,1596405004,Python,Python (3.8.2),py,Accepted,995,237740,516,
s691630876,p02936,u223663729,1596404879,Python,PyPy3 (7.3.0),py,Time Limit Exceeded,2245,1526016,515,
s883047721,p02936,u223663729,1596404849,Python,PyPy3 (7.3.0),py,Runtime Error,450,158820,484,
s209432595,p02936,u957398141,1596404460,C++,C++ (GCC 9.2.1),cpp,Accepted,254,24240,727,
s615441474,p02936,u282860613,1596401880,Python,PyPy3 (7.3.0),py,Wrong Answer,616,135216,596,
s678942371,p02936,u728274111,1596400365,Python,PyPy3 (7.3.0),py,Time Limit Exceeded,2209,118492,758,
s960127508,p02936,u728274111,1596399766,Python,PyPy3 (7.3.0),py,Time Limit Exceeded,2208,118696,760,
s442565174,p02936,u282860613,1596399349,Python,PyPy3 (7.3.0),py,Wrong Answer,2212,214000,579,
s819301612,p02936,u000212387,1596399289,C++,C++ (GCC 9.2.1),cpp,Accepted,248,27404,1966,
s157399053,p02936,u000212387,1596399072,C++,C++ (GCC 9.2.1),cpp,Wrong Answer,234,24268,1897,
s643109633,p02936,u000212387,1596398251,C++,C++ (GCC 9.2.1),cpp,Wrong Answer,2206,24436,1833,
s225412497,p02936,u728274111,1596396890,Python,Python (3.8.2),py,Time Limit Exceeded,2207,56212,723,
s036685857,p02936,u728274111,1596396753,Python,Python (3.8.2),py,Time Limit Exceeded,2207,56380,733,
s832946534,p02936,u728274111,1596396551,Python,Python (3.8.2),py,Wrong Answer,998,53720,779,
s488070104,p02936,u006576567,1596390299,C++,C++ (GCC 9.2.1),cpp,Accepted,185,45916,1029,
s117803609,p02936,u006576567,1596389659,C++,C++ (GCC 9.2.1),cpp,Runtime Error,201,31508,930,
s511717954,p02936,u733814820,1596377775,C++,C++ (GCC 9.2.1),cpp,Accepted,138,28176,1669,
s163218336,p02936,u350093546,1596364431,Python,PyPy3 (7.3.0),py,Runtime Error,2209,150848,376,
s533656003,p02936,u350093546,1596364209,Python,Python (3.8.2),py,Wrong Answer,2207,84864,363,
s819676536,p02936,u986884213,1596341120,Python,Python (3.8.2),py,Runtime Error,1194,73312,460,
s047383926,p02936,u986884213,1596340911,Python,Python (3.8.2),py,Runtime Error,1233,73460,439,
s650039614,p02936,u285681431,1596336333,Python,PyPy3 (7.3.0),py,Accepted,802,137668,968,
s348647929,p02936,u285681431,1596336297,Python,Python (3.8.2),py,Accepted,1303,72296,968,
s510982951,p02936,u303297838,1596334632,C++,C++ (GCC 9.2.1),cpp,Time Limit Exceeded,2292,2333088,6807,
s564615644,p02936,u303297838,1596334488,C++,C++ (GCC 9.2.1),cpp,Accepted,503,28356,6762,
s283837150,p02936,u303297838,1596334423,C++,C++ (GCC 9.2.1),cpp,Time Limit Exceeded,2281,2387000,6801,
s638723561,p02936,u490553751,1596334254,Python,PyPy3 (7.3.0),py,Accepted,866,151084,618,
s904525857,p02936,u490553751,1596334148,Python,PyPy3 (7.3.0),py,Wrong Answer,742,118772,427,
s637843585,p02936,u303297838,1596333881,C++,C++ (GCC 9.2.1),cpp,Time Limit Exceeded,2304,2326884,6765,
s819047467,p02936,u303297838,1596333250,C++,C++ (GCC 9.2.1),cpp,Time Limit Exceeded,2296,2328172,6788,
s010553886,p02936,u303297838,1596333141,C++,C++ (GCC 9.2.1),cpp,Accepted,512,24324,569,
s987184552,p02936,u303297838,1596333054,C++,C++ (GCC 9.2.1),cpp,Time Limit Exceeded,2271,2149656,6787,
s481377043,p02936,u303297838,1596332747,C++,C++ (GCC 9.2.1),cpp,Time Limit Exceeded,2275,2097212,6831,
s220079008,p02936,u854155653,1596331169,Java,Java (OpenJDK 11.0.6),java,Accepted,692,123692,7654,
s496921266,p02936,u303297838,1596330562,C++,C++ (GCC 9.2.1),cpp,Time Limit Exceeded,2264,2134568,6895,
s263665959,p02936,u083494782,1596330279,C++,C++ (GCC 9.2.1),cpp,Accepted,284,38960,1575,
s228451767,p02936,u854155653,1596330099,Java,Java (OpenJDK 11.0.6),java,Wrong Answer,707,109520,7454,
s060632886,p02936,u854155653,1596329148,Java,Java (OpenJDK 11.0.6),java,Wrong Answer,1376,109560,7368,
s268136145,p02936,u481559486,1596328728,Python,PyPy3 (7.3.0),py,Accepted,930,233820,728,
s276730706,p02936,u481559486,1596328304,Python,PyPy3 (7.3.0),py,Wrong Answer,828,218180,697,
s936923462,p02936,u481559486,1596326651,Python,PyPy3 (7.3.0),py,Wrong Answer,800,214980,571,
s002633199,p02936,u481559486,1596325772,Python,PyPy3 (7.3.0),py,Wrong Answer,908,230184,606,
s836501227,p02936,u481559486,1596325122,Python,PyPy3 (7.3.0),py,Wrong Answer,1047,263452,651,
s314917853,p02936,u852862907,1596323389,C++,C++ (GCC 9.2.1),cpp,Accepted,247,21148,4454,
s956496118,p02936,u481559486,1596323046,Python,PyPy3 (7.3.0),py,Runtime Error,646,169712,468,
s524742247,p02936,u303297838,1596319816,C++,C++ (GCC 9.2.1),cpp,Wrong Answer,2262,2269588,6792,
s035127904,p02936,u391589398,1596317616,Python,Python (3.8.2),py,Accepted,1261,65944,583,
s299191178,p02936,u391589398,1596317476,Python,Python (3.8.2),py,Accepted,1250,76068,608,
s830465248,p02936,u391589398,1596317156,Python,Python (3.8.2),py,Wrong Answer,1093,58124,457,
s544432807,p02936,u391589398,1596316818,Python,Python (3.8.2),py,Wrong Answer,2208,75596,647,
s572454948,p02936,u391589398,1596316677,Python,Python (3.8.2),py,Wrong Answer,2208,84052,548,
s143184343,p02936,u391589398,1596316227,Python,Python (3.8.2),py,Wrong Answer,2207,44044,406,
s764469891,p02936,u489247698,1596314565,Python,PyPy3 (7.3.0),py,Accepted,466,179512,610,
s817536249,p02936,u489247698,1596314471,Python,PyPy3 (7.3.0),py,Wrong Answer,395,167440,610,
s768367097,p02936,u303297838,1596303389,C++,C++ (GCC 9.2.1),cpp,Wrong Answer,392,26704,6840,
s807650999,p02936,u303297838,1596303293,C++,C++ (GCC 9.2.1),cpp,Wrong Answer,395,26604,6810,
s001624594,p02936,u423966555,1596296870,Python,Python (3.8.2),py,Runtime Error,1158,59660,425,
s451358608,p02936,u303297838,1596296416,C++,C++ (GCC 9.2.1),cpp,Wrong Answer,549,38304,6863,
s095345900,p02936,u423966555,1596296396,Python,Python (3.8.2),py,Wrong Answer,1055,50264,433,
s530946311,p02936,u303297838,1596296165,C++,C++ (GCC 9.2.1),cpp,Wrong Answer,370,24396,6765,
s519447527,p02936,u423966555,1596295733,Python,Python (3.8.2),py,Accepted,1186,56480,533,
s955485544,p02936,u303297838,1596295386,C++,C++ (GCC 9.2.1),cpp,Wrong Answer,346,26692,6560,
s489217133,p02936,u303297838,1596287658,C++,C++ (GCC 9.2.1),cpp,Wrong Answer,2276,2260460,6686,
s074968691,p02936,u303297838,1596287191,C++,C++ (GCC 9.2.1),cpp,Wrong Answer,2268,2251544,6629,
s651268219,p02936,u057109575,1596286611,Python,PyPy3 (7.3.0),py,Accepted,848,182700,642,
s669879642,p02936,u057109575,1596286524,Python,PyPy3 (7.3.0),py,Wrong Answer,2219,563620,563,
s294150661,p02936,u729751480,1596277733,C++,C++ (GCC 9.2.1),cpp,Accepted,131,19180,1561,
s033947772,p02936,u469813907,1596263345,C++,C++ (GCC 9.2.1),cpp,Accepted,253,31372,1209,
s887270623,p02936,u469813907,1596263205,C++,C++ (GCC 9.2.1),cpp,Wrong Answer,271,31448,1232,
s940442065,p02936,u750466050,1596259199,C++,C++ (GCC 9.2.1),cpp,Accepted,525,25160,898,
s031884778,p02936,u750466050,1596259057,C++,C++ (GCC 9.2.1),cpp,Wrong Answer,537,27516,827,
s775658789,p02936,u623007471,1596253618,Go,Go (1.14.1),go,Accepted,268,74780,1816,
s260055476,p02936,u623814058,1596240710,Python,Python (3.8.2),py,Accepted,1392,223584,558,
s821567453,p02936,u623814058,1596235743,Python,Python (3.8.2),py,Wrong Answer,2214,271076,440,
s920985390,p02936,u623814058,1596235338,Python,Python (3.8.2),py,Wrong Answer,2213,271240,391,
s503337642,p02936,u623814058,1596235215,Python,Python (3.8.2),py,Runtime Error,2208,118956,348,
s243718447,p02936,u793715260,1596230473,C++,C++ (GCC 9.2.1),cpp,Accepted,130,28580,868,
s931949534,p02936,u469813907,1596169974,C++,C++ (GCC 9.2.1),cpp,Accepted,262,25120,1290,
s719955841,p02936,u469813907,1596169824,C++,C++ (GCC 9.2.1),cpp,Wrong Answer,242,25104,1252,
s633315776,p02936,u469813907,1596169772,C++,C++ (GCC 9.2.1),cpp,Wrong Answer,240,21904,1249,
s239727919,p02936,u469813907,1596169436,C++,C++ (GCC 9.2.1),cpp,Wrong Answer,227,25084,1271,
s086964066,p02936,u469813907,1596169311,C++,C++ (GCC 9.2.1),cpp,Wrong Answer,244,25060,1201,
s748401091,p02936,u346395915,1596169172,Python,Python (3.8.2),py,Accepted,1443,115584,573,
s968287239,p02936,u469813907,1596167878,C++,C++ (GCC 9.2.1),cpp,Wrong Answer,2206,16644,1396,
s092430617,p02936,u963915126,1596165150,Python,Python (3.8.2),py,Accepted,1471,233088,568,
s367544759,p02936,u963915126,1596164900,Python,Python (3.8.2),py,Wrong Answer,1372,218508,496,
s250547534,p02936,u963915126,1596164729,Python,Python (3.8.2),py,Runtime Error,1133,89376,495,
s880453032,p02936,u963915126,1596164215,Python,Python (3.8.2),py,Runtime Error,1094,89188,472,
s534162694,p02936,u963915126,1596164079,Python,Python (3.8.2),py,Runtime Error,1068,48296,431,
s500367730,p02936,u344065503,1596161407,Python,PyPy3 (7.3.0),py,Accepted,1155,231968,597,
s450992657,p02936,u047452365,1596158561,C++,C++ (GCC 9.2.1),cpp,Accepted,236,25092,1666,
s216224335,p02936,u047452365,1596158474,C++,C++ (GCC 9.2.1),cpp,Wrong Answer,236,24308,817,
s309331956,p02936,u047452365,1596158082,C++,C++ (GCC 9.2.1),cpp,Wrong Answer,2206,22092,716,
s498001838,p02936,u047452365,1596157638,C++,C++ (GCC 9.2.1),cpp,Wrong Answer,2206,22784,781,
s670517510,p02936,u201660334,1596139638,Python,PyPy3 (7.3.0),py,Accepted,485,123748,688,
s382965545,p02936,u201660334,1596139262,Python,PyPy3 (7.3.0),py,Time Limit Exceeded,2210,133236,653,
s492002549,p02936,u201660334,1596139022,Python,PyPy3 (7.3.0),py,Time Limit Exceeded,2209,135184,614,
s577777799,p02936,u283907492,1596132982,C++,C++ (GCC 9.2.1),cpp,Accepted,129,17340,931,
s942768766,p02936,u801916231,1596132268,C++,C++ (GCC 9.2.1),cpp,Accepted,254,25080,671,
s244433080,p02936,u801916231,1596122083,C++,C++ (GCC 9.2.1),cpp,Wrong Answer,225,26652,736,
s197415451,p02936,u801916231,1596121945,C++,C++ (GCC 9.2.1),cpp,Wrong Answer,217,25104,647,
s015496833,p02936,u801916231,1596121723,C++,C++ (GCC 9.2.1),cpp,Wrong Answer,2206,24440,657,
s645425732,p02936,u166378830,1596121559,C++,C++ (GCC 9.2.1),cpp,Accepted,252,27072,676,
s080467091,p02936,u335365831,1596120475,C++,C++ (Clang 10.0.0),cpp,Wrong Answer,483,15300,1120,
s192698442,p02936,u495704746,1596111964,C++,C++ (GCC 9.2.1),cpp,Accepted,236,19464,938,
s615339417,p02936,u346395915,1596086585,Python,Python (3.8.2),py,Time Limit Exceeded,2210,119908,696,
s319766412,p02936,u346395915,1596084838,Python,Python (3.8.2),py,Wrong Answer,2209,119196,675,
s548636941,p02936,u346395915,1596082664,Python,Python (3.8.2),py,Wrong Answer,2212,271472,444,
s901946359,p02936,u345693891,1596080392,C++,C++ (GCC 9.2.1),cpp,Accepted,155,28220,2914,
s195866406,p02936,u345693891,1596080266,C++,C++ (GCC 9.2.1),cpp,Wrong Answer,118,28288,2966,
s046782620,p02936,u345693891,1596080206,C++,C++ (GCC 9.2.1),cpp,Accepted,133,28236,2939,
s977156637,p02936,u469813907,1596079450,C++,C++ (GCC 9.2.1),cpp,Wrong Answer,2206,16748,1366,
s837943706,p02936,u114722370,1596071232,Python,Python (3.8.2),py,Accepted,1387,234452,727,
s948291659,p02936,u114722370,1596071159,Python,Python (3.8.2),py,Runtime Error,1202,53836,686,
s402610641,p02936,u141768747,1596061287,C#,C# (.NET Core 3.1.201),cs,Wrong Answer,774,66912,1573,
s414487439,p02936,u425184437,1596005232,Python,Python (3.8.2),py,Accepted,1163,58104,445,
s507174424,p02936,u201928947,1595996506,Python,Python (3.8.2),py,Accepted,1223,58312,518,
s035924522,p02936,u201928947,1595996260,Python,Python (3.8.2),py,Accepted,1273,64620,499,
s127982227,p02936,u201928947,1595996098,Python,PyPy3 (7.3.0),py,Accepted,828,159120,499,
s237501546,p02936,u926412290,1595995587,Python,Python (3.8.2),py,Accepted,1276,283152,588,
s761385563,p02936,u926412290,1595995123,Python,Python (3.8.2),py,Wrong Answer,1100,226608,540,
s892129043,p02936,u926412290,1595994755,Python,Python (3.8.2),py,Wrong Answer,2211,222136,523,
s979380828,p02936,u926412290,1595994412,Python,Python (3.8.2),py,Wrong Answer,2213,225080,629,
s014915187,p02936,u153390822,1595994011,C++,C++ (GCC 9.2.1),cpp,Accepted,399,50092,4455,
s062812339,p02936,u881116515,1595988038,C++,C++ (GCC 9.2.1),cpp,Accepted,139,25128,599,
s117172287,p02936,u881116515,1595987879,C++,C++ (GCC 9.2.1),cpp,Compile Error,,,602,
s255040203,p02936,u114722370,1595987170,Python,Python (3.8.2),py,Wrong Answer,2211,231472,799,
s739703457,p02936,u114722370,1595987078,Python,Python (3.8.2),py,Runtime Error,2207,49056,758,
s853988332,p02936,u836311327,1595977344,Python,Python (3.8.2),py,Accepted,841,88204,859,
s786912337,p02936,u836311327,1595977305,Python,Python (3.8.2),py,Wrong Answer,114,26440,342,
s295967994,p02936,u195822478,1595964003,C++,C++ (GCC 9.2.1),cpp,Accepted,258,31348,1662,
s020776301,p02936,u195822478,1595963696,C++,C++ (GCC 9.2.1),cpp,Wrong Answer,225,31456,1530,
s645824590,p02936,u195822478,1595963083,C++,C++ (GCC 9.2.1),cpp,Wrong Answer,2206,28312,1468,
s010928952,p02936,u195822478,1595962975,C++,C++ (GCC 9.2.1),cpp,Wrong Answer,2206,28352,1470,
s295652579,p02936,u195822478,1595962925,C++,C++ (GCC 9.2.1),cpp,Runtime Error,272,16740,1470,
s029639860,p02936,u435037050,1595949072,Python,Python (3.8.2),py,Accepted,1194,58032,531,
s489440951,p02936,u072610327,1595946784,C,C (GCC 9.2.1),c,Accepted,113,28244,1690,
s470450278,p02936,u232873434,1595942317,Python,PyPy3 (7.3.0),py,Wrong Answer,1188,166348,455,
s484156892,p02936,u072610327,1595939813,C,C (GCC 9.2.1),c,Wrong Answer,90,7996,877,
s005827684,p02936,u623099583,1595933845,C++,C++ (GCC 9.2.1),cpp,Accepted,252,43032,2200,
s014009479,p02936,u106978087,1595927890,C++,C++ (GCC 9.2.1),cpp,Accepted,235,25468,597,
s673373458,p02936,u954976049,1595911145,C++,C++ (GCC 9.2.1),cpp,Accepted,252,25172,724,
s247106379,p02936,u072610327,1595910818,C,C (GCC 9.2.1),c,Wrong Answer,2243,818208,1058,
s110851650,p02936,u072610327,1595910790,C,C (GCC 9.2.1),c,Compile Error,,,1059,
s050413649,p02936,u072610327,1595910706,C,C (GCC 9.2.1),c,Compile Error,,,1060,
s838777109,p02936,u954976049,1595910269,C++,C++ (GCC 9.2.1),cpp,Runtime Error,182,12572,772,
s084709998,p02936,u954976049,1595910150,C++,C++ (GCC 9.2.1),cpp,Runtime Error,190,12480,732,
s735064537,p02936,u633066470,1595909921,C++,C++ (GCC 9.2.1),cpp,Accepted,129,27476,1288,
s322513709,p02936,u222822036,1595909096,JavaScript,JavaScript (Node.js 12.16.1),js,Accepted,1172,184328,3054,
s412460666,p02936,u222822036,1595908970,JavaScript,JavaScript (Node.js 12.16.1),js,Time Limit Exceeded,2212,186080,2928,
s454470822,p02936,u969116807,1595882158,C++,C++ (GCC 9.2.1),cpp,Accepted,246,28152,913,
s111643267,p02936,u969116807,1595882132,C++,C++ (GCC 9.2.1),cpp,Runtime Error,106,6456,913,
s793947424,p02936,u414699019,1595880272,C++,C++ (GCC 9.2.1),cpp,Wrong Answer,2272,2614844,568,
s413738489,p02936,u948698924,1595873335,C++,C++ (GCC 9.2.1),cpp,Runtime Error,105,4060,514,
s582100337,p02936,u347948131,1595836603,Ruby,Ruby (2.7.1),rb,Accepted,740,277696,519,
s581578941,p02936,u706414019,1595819588,Python,PyPy3 (7.3.0),py,Accepted,404,118116,547,
s326291186,p02936,u706414019,1595819377,Python,Python (3.8.2),py,Accepted,871,58068,547,
s929618660,p02936,u706414019,1595819000,Python,Python (3.8.2),py,Wrong Answer,588,50056,439,
s630797633,p02936,u706414019,1595818745,Python,Python (3.8.2),py,Wrong Answer,603,50124,443,
s724118073,p02936,u893584578,1595816401,C++,C++ (GCC 9.2.1),cpp,Accepted,252,22092,879,
s366139376,p02936,u998732100,1595809608,C++,C++ (GCC 9.2.1),cpp,Accepted,255,25060,876,
s373931940,p02936,u438583134,1595809037,C++,C++ (GCC 9.2.1),cpp,Runtime Error,215,16600,1699,
s672503178,p02936,u438583134,1595808868,C++,C++ (GCC 9.2.1),cpp,Runtime Error,222,16444,1645,
s466785044,p02936,u193264896,1595800882,Python,Python (3.8.2),py,Accepted,1004,142260,898,
s024603728,p02936,u193264896,1595800239,Python,Python (3.8.2),py,Time Limit Exceeded,2208,85052,1094,
s675992241,p02936,u150664457,1595797407,Python,Python (3.8.2),py,Accepted,1678,277652,826,
s317356480,p02936,u150664457,1595797228,Python,Python (3.8.2),py,Accepted,1094,282840,939,
s969293214,p02936,u150664457,1595797193,Python,Python (3.8.2),py,Runtime Error,868,52128,897,
s157004252,p02936,u150664457,1595796929,Python,Python (3.8.2),py,Wrong Answer,1381,91416,460,
s688745129,p02936,u150664457,1595796685,Python,Python (3.8.2),py,Runtime Error,1140,52336,836,
s599850216,p02936,u150664457,1595796020,Python,Python (3.8.2),py,Runtime Error,1129,53468,457,
s530748550,p02936,u150664457,1595795862,Python,Python (3.8.2),py,Runtime Error,1471,125152,567,
s929423885,p02936,u150664457,1595795397,Python,Python (3.8.2),py,Runtime Error,1560,125152,589,
s799883828,p02936,u150664457,1595795252,Python,Python (3.8.2),py,Runtime Error,1459,113912,591,
s395444587,p02936,u150664457,1595794900,Python,Python (3.8.2),py,Runtime Error,1484,113732,616,
s180628327,p02936,u150664457,1595794614,Python,Python (3.8.2),py,Runtime Error,1488,113720,776,
s337240752,p02936,u150664457,1595794170,Python,Python (3.8.2),py,Runtime Error,1470,112980,716,
s200968269,p02936,u489247698,1595793671,Python,PyPy3 (7.3.0),py,Accepted,453,179408,859,
s053112882,p02936,u150664457,1595793074,Python,Python (3.8.2),py,Runtime Error,1540,113284,756,
s483384094,p02936,u266014018,1595792787,C++,C++ (GCC 9.2.1),cpp,Accepted,491,18132,1047,
s367326160,p02936,u266014018,1595792664,Python,Python (3.8.2),py,Accepted,750,55108,780,
s281572373,p02936,u266014018,1595792221,C++,C++ (GCC 9.2.1),cpp,Accepted,511,22208,1205,
s508819528,p02936,u266014018,1595792206,Python,Python (3.8.2),py,Runtime Error,24,8852,1205,
s818001663,p02936,u150664457,1595792100,Python,Python (3.8.2),py,Runtime Error,1562,113088,764,
s187059778,p02936,u150664457,1595791104,Python,Python (3.8.2),py,Runtime Error,1992,113800,610,
s998651492,p02936,u670898337,1595790206,C++,C++ (GCC 9.2.1),cpp,Accepted,231,24320,948,
s196469882,p02936,u970197315,1595784801,Python,Python (3.8.2),py,Accepted,1230,56756,518,
s165871135,p02936,u097161601,1595781427,C++,C++ (GCC 9.2.1),cpp,Accepted,250,35864,877,
s937140749,p02936,u097161601,1595780703,C++,C++ (GCC 9.2.1),cpp,Wrong Answer,230,32772,746,
s688080632,p02936,u072610327,1595776699,C,C (GCC 9.2.1),c,Runtime Error,1872,809976,999,
s640268616,p02936,u502772848,1595776155,C++,C++ (GCC 9.2.1),cpp,Accepted,127,27452,1456,
s634091852,p02936,u489247698,1595775174,Python,PyPy3 (7.3.0),py,Time Limit Exceeded,2241,1273324,1385,
s730189472,p02936,u489247698,1595774889,Python,PyPy3 (7.3.0),py,Time Limit Exceeded,2236,1229160,1381,
s036894974,p02936,u489247698,1595774602,Python,PyPy3 (7.3.0),py,Runtime Error,760,168528,1338,
s446006638,p02936,u489247698,1595774517,Python,Python (3.8.2),py,Runtime Error,1203,61152,1338,
s631122854,p02936,u270144704,1595772278,Python,PyPy3 (7.3.0),py,Accepted,731,138144,859,
s042359716,p02936,u270144704,1595768319,Python,PyPy3 (7.3.0),py,Wrong Answer,2211,284776,998,
s518833766,p02936,u270144704,1595767515,Python,PyPy3 (7.3.0),py,Wrong Answer,2211,284728,1005,
s150558623,p02936,u072610327,1595750183,C,C (GCC 9.2.1),c,Compile Error,,,1000,
s371235496,p02936,u072610327,1595750159,C,C (GCC 9.2.1),c,Compile Error,,,994,
s566844805,p02936,u072610327,1595750119,C,C (GCC 9.2.1),c,Compile Error,,,995,
s419677420,p02936,u072610327,1595750035,C,C (GCC 9.2.1),c,Wrong Answer,2212,171788,996,
s720386943,p02936,u072610327,1595747134,C,C (GCC 9.2.1),c,Wrong Answer,2205,7748,838,
s177006272,p02936,u539011156,1595746458,C++,C++ (GCC 9.2.1),cpp,Accepted,234,17404,4800,
s942773987,p02936,u011438316,1595737967,C++,C++ (GCC 9.2.1),cpp,Accepted,278,39156,1138,
s321811368,p02936,u891516200,1595724269,Python,Python (3.8.2),py,Accepted,1560,97736,825,
s436259999,p02936,u891516200,1595723849,Python,Python (3.8.2),py,Wrong Answer,1092,79668,660,
s292576627,p02936,u164181205,1595723295,C++,C++ (GCC 9.2.1),cpp,Accepted,509,28156,920,
s766753464,p02936,u891516200,1595723216,Python,Python (3.8.2),py,Wrong Answer,2207,64376,643,
s696205447,p02936,u489247698,1595719784,Python,Python (3.8.2),py,Runtime Error,1254,60780,1338,
s392396769,p02936,u489247698,1595719750,Python,Python (3.8.2),py,Runtime Error,1370,60932,1336,
s746413584,p02936,u945452839,1595719360,C++,C++ (GCC 9.2.1),cpp,Accepted,258,25052,615,
s940622573,p02936,u364916333,1595716107,C++,C++ (GCC 9.2.1),cpp,Accepted,252,34560,1234,
s678300302,p02936,u364916333,1595715953,C++,C++ (GCC 9.2.1),cpp,Runtime Error,109,13708,1233,
s021328353,p02936,u127288756,1595713218,Python,Python (3.8.2),py,Accepted,1315,64304,465,
s912672467,p02936,u364916333,1595713029,C++,C++ (GCC 9.2.1),cpp,Time Limit Exceeded,2291,2968324,1179,
s476594825,p02936,u800591358,1595707317,C#,C# (.NET Core 3.1.201),cs,Accepted,898,105268,15221,
s173304882,p02936,u120582723,1595707063,Lua,Lua (Lua 5.3.5),lua,Accepted,476,57384,611,
s391506261,p02936,u194225526,1595694699,Java,Java (OpenJDK 11.0.6),java,Wrong Answer,1248,146300,1869,
s796992859,p02936,u194225526,1595692811,Java,Java (OpenJDK 11.0.6),java,Wrong Answer,1252,153136,1630,
s124902890,p02936,u194225526,1595692641,Java,Java (OpenJDK 11.0.6),java,Wrong Answer,1225,153216,1630,
s260991310,p02936,u133936772,1595663247,Python,Python (3.8.2),py,Accepted,1198,56284,297,
s430626963,p02936,u133936772,1595662570,Python,Python (3.8.2),py,Accepted,1488,283156,319,
s854896274,p02936,u149991748,1595658086,Python,Python (3.8.2),py,Accepted,1053,282972,938,
s174309943,p02936,u149991748,1595658014,Python,Python (3.8.2),py,Runtime Error,865,52344,896,
s781628602,p02936,u149991748,1595657636,Python,Python (3.8.2),py,Wrong Answer,2211,139816,627,
s815515521,p02936,u149991748,1595656809,Python,Python (3.8.2),py,Wrong Answer,2210,140192,565,
s987525156,p02936,u149991748,1595656238,Python,Python (3.8.2),py,Runtime Error,2207,60996,582,
s091181254,p02936,u149991748,1595655917,Python,Python (3.8.2),py,Runtime Error,2207,61044,566,
s130881363,p02936,u062691227,1595648112,Python,PyPy3 (7.3.0),py,Accepted,870,306796,540,
s852069362,p02936,u062691227,1595646856,Python,PyPy3 (7.3.0),py,Time Limit Exceeded,2229,958320,1244,
s765745155,p02936,u925478083,1595646478,C++,C++ (GCC 9.2.1),cpp,Accepted,267,24760,2956,
s499673074,p02936,u925478083,1595646367,C++,C++ (GCC 9.2.1),cpp,Accepted,290,24920,3179,
s160475561,p02936,u925478083,1595646133,C++,C++ (GCC 9.2.1),cpp,Wrong Answer,305,24888,3069,
s029710276,p02936,u062691227,1595644958,Python,PyPy3 (7.3.0),py,Runtime Error,688,218528,929,
s097224968,p02936,u925478083,1595644463,C++,C++ (GCC 9.2.1),cpp,Wrong Answer,2212,193056,2920,
s036077355,p02936,u925478083,1595644192,C++,C++ (GCC 9.2.1),cpp,Wrong Answer,2206,39384,2889,
s064305284,p02936,u925478083,1595643304,C++,C++ (GCC 9.2.1),cpp,Wrong Answer,2206,30788,2656,
s778768569,p02936,u925478083,1595642897,C++,C++ (GCC 9.2.1),cpp,Wrong Answer,2206,15120,2662,
s143499383,p02936,u303453927,1595637298,C++,C++ (GCC 9.2.1),cpp,Wrong Answer,448,5624,580,
s500784638,p02936,u303453927,1595637162,C++,C++ (GCC 9.2.1),cpp,Wrong Answer,448,5548,580,
s783146933,p02936,u476488060,1595626478,C++,C++ (GCC 9.2.1),cpp,Accepted,223,18908,1009,
s512273474,p02936,u224469387,1595625508,C++,C++ (GCC 9.2.1),cpp,Wrong Answer,2206,16728,631,
s618046000,p02936,u285022453,1595625200,Python,Python (3.8.2),py,Accepted,772,71240,636,
s035221008,p02936,u285022453,1595624744,Python,Python (3.8.2),py,Wrong Answer,609,63480,495,
s660991145,p02936,u798260206,1595616121,Python,Python (3.8.2),py,Time Limit Exceeded,2208,105308,588,
s453185952,p02936,u603234915,1595602843,C++,C++ (GCC 9.2.1),cpp,Accepted,250,24356,1454,
s036371625,p02936,u603234915,1595602694,C++,C++ (GCC 9.2.1),cpp,Accepted,236,16616,1265,
s713412385,p02936,u077051605,1595596185,C++,C++ (GCC 9.2.1),cpp,Accepted,502,22180,939,
s045410857,p02936,u688660263,1595585895,C++,C++ (GCC 9.2.1),cpp,Accepted,138,33280,802,
s710341883,p02936,u789199225,1595566786,C++,C++ (GCC 9.2.1),cpp,Accepted,286,71112,3287,
s980563172,p02936,u789199225,1595566601,C++,C++ (GCC 9.2.1),cpp,Wrong Answer,290,70476,2959,
s769687532,p02936,u789199225,1595566577,C++,C++ (GCC 9.2.1),cpp,Wrong Answer,279,70680,2959,
s814218778,p02936,u312245175,1595565560,C++,C++ (GCC 9.2.1),cpp,Accepted,220,24324,724,
s530418260,p02936,u789199225,1595564498,C++,C++ (GCC 9.2.1),cpp,Wrong Answer,236,48588,2490,
s603822334,p02936,u789199225,1595564474,C++,C++ (GCC 9.2.1),cpp,Runtime Error,276,26780,2489,
s213409415,p02936,u789199225,1595563506,C++,C++ (GCC 9.2.1),cpp,Wrong Answer,2206,19056,2167,
s402174039,p02936,u312245175,1595563306,C++,C++ (GCC 9.2.1),cpp,Time Limit Exceeded,2282,2332032,739,
s758152996,p02936,u789199225,1595562816,C++,C++ (GCC 9.2.1),cpp,Runtime Error,2206,11952,2160,
s582026255,p02936,u789199225,1595561371,C++,C++ (GCC 9.2.1),cpp,Runtime Error,2206,11920,2311,
s177170081,p02936,u175034939,1595560742,Python,Python (3.8.2),py,Accepted,1386,232852,485,
s541859717,p02936,u175034939,1595560512,Python,Python (3.8.2),py,Accepted,1442,232792,476,
s460024082,p02936,u201965173,1595547013,C++,C++ (GCC 9.2.1),cpp,Accepted,281,81856,3785,
s306363881,p02936,u175034939,1595546489,Python,Python (3.8.2),py,Accepted,1367,234688,541,
s161949856,p02936,u088863512,1595546454,Python,Python (3.8.2),py,Accepted,852,82324,1168,
s501175577,p02936,u175034939,1595546395,Python,Python (3.8.2),py,Runtime Error,1258,53844,500,
s853627844,p02936,u088863512,1595545816,Python,Python (3.8.2),py,Wrong Answer,712,65880,1070,
s750770352,p02936,u924691798,1595544073,Python,Python (3.8.2),py,Accepted,858,75484,597,
s704037083,p02936,u924691798,1595544051,Python,PyPy3 (7.3.0),py,Accepted,434,147476,597,
s464019938,p02936,u924691798,1595543707,Python,PyPy3 (7.3.0),py,Time Limit Exceeded,2270,1453384,562,
s197214812,p02936,u924691798,1595543668,Python,Python (3.8.2),py,Accepted,1019,239020,562,
s693153006,p02936,u924691798,1595542591,Python,Python (3.8.2),py,Wrong Answer,549,35600,558,
s802102869,p02936,u633967774,1595533271,C++,C++ (GCC 9.2.1),cpp,Accepted,250,28276,722,
s698381075,p02936,u222822036,1595530631,Java,Java (OpenJDK 11.0.6),java,Wrong Answer,1838,155400,4295,
s238199819,p02936,u461993794,1595525821,Python,PyPy3 (7.3.0),py,Accepted,779,156732,541,
s235937637,p02936,u461993794,1595525786,Python,Python (3.8.2),py,Accepted,1220,70968,541,
s566716750,p02936,u461993794,1595477785,Python,PyPy3 (7.3.0),py,Accepted,744,156852,541,
s031416940,p02936,u461993794,1595477741,Python,PyPy3 (7.3.0),py,Accepted,743,156712,550,
s148249282,p02936,u011438316,1595475673,C++,C++ (GCC 9.2.1),cpp,Wrong Answer,2282,2079052,1364,
s370880563,p02936,u944643608,1595472768,Python,Python (3.8.2),py,Wrong Answer,2207,48276,487,
s294377363,p02936,u011062360,1595472327,Python,Python (3.8.2),py,Accepted,1136,65996,460,
s877780691,p02936,u011062360,1595471903,Python,Python (3.8.2),py,Time Limit Exceeded,2207,62740,512,
s774529991,p02936,u011062360,1595471495,Python,Python (3.8.2),py,Time Limit Exceeded,2207,62872,502,
s232841279,p02936,u011062360,1595468710,Python,Python (3.8.2),py,Wrong Answer,2207,48396,445,
s805780122,p02936,u011062360,1595467989,Python,Python (3.8.2),py,Wrong Answer,2207,48484,437,
s554049525,p02936,u011062360,1595467187,Python,Python (3.8.2),py,Wrong Answer,1461,78484,393,
s317202301,p02936,u011062360,1595467054,Python,Python (3.8.2),py,Wrong Answer,1261,72388,385,
s718690968,p02936,u011062360,1595466956,Python,Python (3.8.2),py,Wrong Answer,1086,69304,340,
s786003470,p02936,u011062360,1595465940,Python,PyPy3 (7.3.0),py,Wrong Answer,2211,202412,512,
s109734735,p02936,u011062360,1595465866,Python,Python (3.8.2),py,Wrong Answer,2207,54976,512,
s705929682,p02936,u991650542,1595464930,C++,C++ (Clang 10.0.0),cpp,Accepted,515,16132,1116,
s902203334,p02936,u011438316,1595464636,C++,C++ (GCC 9.2.1),cpp,Wrong Answer,2207,50204,1312,
s222435338,p02936,u521866787,1595443862,Python,Python (3.8.2),py,Accepted,1320,228984,642,
s996314857,p02936,u401686269,1595440562,Python,Python (3.8.2),py,Accepted,1277,56576,640,
s642793832,p02936,u401686269,1595440124,Python,Python (3.8.2),py,Wrong Answer,1115,50084,623,
s522084355,p02936,u475844288,1595432637,C++,C++ (GCC 9.2.1),cpp,Accepted,258,25084,653,
s618751986,p02936,u475844288,1595432244,C++,C++ (GCC 9.2.1),cpp,Wrong Answer,224,24380,1036,
s426795173,p02936,u475844288,1595430500,C++,C++ (GCC 9.2.1),cpp,Wrong Answer,2206,33876,1050,
s177472211,p02936,u011438316,1595421975,C++,C++ (GCC 9.2.1),cpp,Wrong Answer,2207,50200,1500,
s012703090,p02936,u011438316,1595421926,C++,C++ (GCC 9.2.1),cpp,Compile Error,,,1521,
s297579113,p02936,u941047297,1595397650,Python,Python (3.8.2),py,Accepted,1932,308448,1447,
s463366051,p02936,u011438316,1595396580,C++,C++ (GCC 9.2.1),cpp,Wrong Answer,2206,28420,1105,
s302408553,p02936,u011438316,1595396367,C++,C++ (GCC 9.2.1),cpp,Wrong Answer,2206,28296,1100,
s505714072,p02936,u835523614,1595394861,C++,C++ (GCC 9.2.1),cpp,Accepted,506,24360,568,
s794884807,p02936,u835523614,1595394753,C++,C++ (GCC 9.2.1),cpp,Runtime Error,513,24228,572,
s565362316,p02936,u722928342,1595390357,C++,C++ (GCC 9.2.1),cpp,Accepted,95,10152,935,
s006477048,p02936,u722928342,1595390056,C++,C++ (GCC 9.2.1),cpp,Accepted,129,17360,807,
s492890679,p02936,u815763296,1595390015,Python,Python (3.8.2),py,Accepted,1232,55256,522,
s235364322,p02936,u271469978,1595387549,Python,Python (3.8.2),py,Accepted,1189,58148,487,
s074928572,p02936,u815763296,1595386769,Python,Python (3.8.2),py,Wrong Answer,1075,47352,426,
s313240299,p02936,u254187258,1595385055,C++,C++ (GCC 9.2.1),cpp,Accepted,166,26688,2608,
s934629425,p02936,u449922162,1595369659,C++,C++ (GCC 9.2.1),cpp,Accepted,511,25072,846,
s427495727,p02936,u740054550,1595364574,C++,C++ (GCC 9.2.1),cpp,Accepted,512,25100,2721,
s464502911,p02936,u531599639,1595344841,Python,Python (3.8.2),py,Accepted,1286,64376,503,
s534227197,p02936,u531599639,1595344320,Python,Python (3.8.2),py,Wrong Answer,1048,56572,486,
s415991566,p02936,u422725381,1595343683,C++,C++ (GCC 9.2.1),cpp,Accepted,252,17356,1186,
s220478952,p02936,u477343425,1595338252,C++,C++ (GCC 9.2.1),cpp,Accepted,245,26940,868,
s247223462,p02936,u680190333,1595305526,Python,Python (3.8.2),py,Time Limit Exceeded,2207,79180,477,
s479729032,p02936,u538808095,1595302632,C++,C++ (GCC 9.2.1),cpp,Accepted,256,25148,757,
s310164056,p02936,u680190333,1595302220,Python,Python (3.8.2),py,Time Limit Exceeded,2209,93380,481,
s017806034,p02936,u680190333,1595301970,Python,PyPy3 (7.3.0),py,Time Limit Exceeded,2216,326388,484,
s242797354,p02936,u538808095,1595301692,C++,C++ (GCC 9.2.1),cpp,Compile Error,,,729,
s379878846,p02936,u680190333,1595301571,Python,Python (3.8.2),py,Wrong Answer,2209,143716,553,
s534475278,p02936,u538808095,1595301260,C++,C++ (GCC 9.2.1),cpp,Compile Error,,,610,
s066216208,p02936,u680190333,1595300947,Python,Python (3.8.2),py,Wrong Answer,2210,163056,534,
s159749572,p02936,u680190333,1595299922,Python,Python (3.8.2),py,Time Limit Exceeded,2209,115596,483,
s040955355,p02936,u680190333,1595298865,Python,Python (3.8.2),py,Runtime Error,2207,50836,741,
s844067822,p02936,u680190333,1595298490,Python,Python (3.8.2),py,Runtime Error,2207,54576,784,
s620132243,p02936,u680190333,1595298239,Python,Python (3.8.2),py,Runtime Error,2207,54548,783,
s374955147,p02936,u592547545,1595297989,Python,PyPy3 (7.3.0),py,Time Limit Exceeded,2244,1606668,1617,
s485393255,p02936,u592547545,1595297871,Python,Python (3.8.2),py,Time Limit Exceeded,2240,1283576,1617,
s008434721,p02936,u592547545,1595296877,Python,Python (3.8.2),py,Runtime Error,2237,1240960,1617,
s920091719,p02936,u592547545,1595295664,Python,Python (3.8.2),py,Runtime Error,2210,250248,1320,
s323187729,p02936,u592547545,1595295520,Python,Python (3.8.2),py,Runtime Error,2207,92160,1277,
s682555873,p02936,u332253305,1595281027,C++,C++ (GCC 9.2.1),cpp,Accepted,251,28332,1141,
s709132620,p02936,u332253305,1595280910,C++,C++ (GCC 9.2.1),cpp,Wrong Answer,233,28200,1112,
s782360445,p02936,u332253305,1595280839,C++,C++ (GCC 9.2.1),cpp,Wrong Answer,495,28200,1095,
s040219301,p02936,u972398652,1595214640,C++,C++ (GCC 9.2.1),cpp,Accepted,266,43012,688,
s410347808,p02936,u972398652,1595211822,C++,C++ (GCC 9.2.1),cpp,Wrong Answer,96,11156,943,
s581240663,p02936,u972398652,1595211591,C++,C++ (GCC 9.2.1),cpp,Wrong Answer,97,11160,951,
s680139940,p02936,u972398652,1595211067,C++,C++ (GCC 9.2.1),cpp,Wrong Answer,96,11184,989,
s868158504,p02936,u818349438,1595201255,C++,C++ (GCC 9.2.1),cpp,Accepted,506,25616,2159,
s337296998,p02936,u885634168,1595200982,Python,PyPy3 (7.3.0),py,Accepted,803,132776,649,
s267625670,p02936,u519968172,1595190476,Python,Python (3.8.2),py,Accepted,1508,231212,448,
s738073904,p02936,u519968172,1595190164,Python,Python (3.8.2),py,Runtime Error,1896,673640,461,
s792918762,p02936,u519968172,1595190014,Python,Python (3.8.2),py,Runtime Error,1213,66992,420,
s010521652,p02936,u736893066,1595186929,C++,C++ (GCC 9.2.1),cpp,Accepted,248,25128,821,
s504733478,p02936,u704563784,1595186647,Python,Python (3.8.2),py,Accepted,1980,70208,757,
s013285577,p02936,u519968172,1595186638,Python,Python (3.8.2),py,Wrong Answer,1045,53160,286,
s656444454,p02936,u736893066,1595186593,C++,C++ (GCC 9.2.1),cpp,Wrong Answer,229,21952,792,
s390165789,p02936,u519968172,1595186567,Python,Python (3.8.2),py,Wrong Answer,1021,56036,285,
s594363148,p02936,u704563784,1595186227,Python,Python (3.8.2),py,Wrong Answer,1830,64008,734,
s584941387,p02936,u704563784,1595185785,Python,Python (3.8.2),py,Wrong Answer,1139,63424,720,
s551893625,p02936,u736893066,1595185741,C++,C++ (GCC 9.2.1),cpp,Wrong Answer,231,31360,736,
s464391584,p02936,u487060019,1595183888,C++,C++ (GCC 9.2.1),cpp,Wrong Answer,82,15860,1560,
s369177761,p02936,u722640678,1595181713,C++,C++ (GCC 9.2.1),cpp,Accepted,232,19732,5840,
s246397990,p02936,u722640678,1595181517,C++,C++ (GCC 9.2.1),cpp,Wrong Answer,229,17228,5813,
s842804543,p02936,u722640678,1595181418,C++,C++ (GCC 9.2.1),cpp,Wrong Answer,219,17140,5811,
s667833763,p02936,u722640678,1595181380,C++,C++ (GCC 9.2.1),cpp,Compile Error,,,5829,
s454019647,p02936,u722640678,1595181353,C++,C++ (GCC 9.2.1),cpp,Compile Error,,,5829,
s471035402,p02936,u722640678,1595180781,C++,C++ (GCC 9.2.1),cpp,Wrong Answer,2206,19020,5862,
s336661884,p02936,u722640678,1595180660,C++,C++ (GCC 9.2.1),cpp,Wrong Answer,2206,19020,5832,
s880231295,p02936,u722640678,1595180640,C++,C++ (GCC 9.2.1),cpp,Compile Error,,,5827,
s040132201,p02936,u722640678,1595180578,C++,C++ (GCC 9.2.1),cpp,Compile Error,,,5830,
s239170667,p02936,u979004569,1595174957,Kotlin,Kotlin (1.3.71),kt,Accepted,1479,163200,1617,
s051613998,p02936,u979004569,1595174278,Kotlin,Kotlin (1.3.71),kt,Runtime Error,1318,155828,1491,
s885431569,p02936,u381460455,1595152557,Java,Java (OpenJDK 11.0.6),java,Accepted,1568,108532,8813,
s141033345,p02936,u381460455,1595151411,Java,Java (OpenJDK 11.0.6),java,Wrong Answer,639,102872,8507,
s611483949,p02936,u919272156,1595135715,C++,C++ (GCC 9.2.1),cpp,Accepted,237,28344,833,
s878608172,p02936,u919272156,1595135084,C++,C++ (GCC 9.2.1),cpp,Wrong Answer,228,28248,868,
s005744858,p02936,u480938608,1595130522,C++,C++ (GCC 9.2.1),cpp,Accepted,243,24296,794,
s724231054,p02936,u063318293,1595129968,C++,C++ (GCC 9.2.1),cpp,Accepted,126,27828,702,
s924882121,p02936,u663842230,1595129501,C++,C++ (GCC 9.2.1),cpp,Accepted,449,43884,1233,
s283513048,p02936,u004498402,1595128296,C++,C++ (Clang 10.0.0),cpp,Wrong Answer,2206,25548,1386,
s866932753,p02936,u487023207,1595126582,Nim,Nim (1.0.6),nim,Accepted,1790,93588,1545,
s301932729,p02936,u994630752,1595121763,C++,C++ (GCC 9.2.1),cpp,Wrong Answer,228,26756,2024,
s880053499,p02936,u663842230,1595117707,C++,C++ (GCC 9.2.1),cpp,Compile Error,,,1227,
s217652502,p02936,u663842230,1595114442,C++,C++ (GCC 9.2.1),cpp,Time Limit Exceeded,2286,2603176,1322,
s237100939,p02936,u663842230,1595114370,C++,C++ (GCC 9.2.1),cpp,Wrong Answer,2279,2583800,1356,
s957571308,p02936,u936176493,1595102103,C++,C++ (GCC 9.2.1),cpp,Wrong Answer,235,30712,926,
s156028497,p02936,u936176493,1595100553,C++,C++ (GCC 9.2.1),cpp,Wrong Answer,225,27492,885,
s862440859,p02936,u936176493,1595100482,C++,C++ (GCC 9.2.1),cpp,Wrong Answer,228,27488,917,
s146281265,p02936,u936176493,1595098586,C++,C++ (GCC 9.2.1),cpp,Wrong Answer,2206,27516,968,
s855129087,p02936,u936176493,1595097715,C++,C++ (GCC 9.2.1),cpp,Wrong Answer,2207,30636,981,
s207011146,p02936,u319279308,1595092260,C++,C++ (GCC 9.2.1),cpp,Accepted,230,24380,1286,
s078043575,p02936,u370785250,1595047994,C++,C++ (GCC 9.2.1),cpp,Accepted,242,25092,1488,
s588830022,p02936,u137335181,1595034448,C#,C# (.NET Core 3.1.201),cs,Accepted,616,122620,3289,
s006547032,p02936,u893239355,1595027107,C++,C++ (GCC 9.2.1),cpp,Accepted,266,32284,1366,
s444593944,p02936,u893239355,1595026981,C++,C++ (GCC 9.2.1),cpp,Wrong Answer,231,29064,1288,
s811897413,p02936,u893239355,1595026691,C++,C++ (GCC 9.2.1),cpp,Wrong Answer,2206,16704,1422,
s446608122,p02936,u893239355,1595026552,C++,C++ (GCC 9.2.1),cpp,Time Limit Exceeded,2206,19024,1410,
s136100770,p02936,u331327289,1595016709,Python,Python (3.8.2),py,Accepted,994,245216,784,
s527894734,p02936,u331327289,1595016570,Python,Python (3.8.2),py,Runtime Error,701,64436,751,
s280391538,p02936,u331327289,1595016337,Python,Python (3.8.2),py,Runtime Error,688,64344,745,
s595897624,p02936,u331327289,1595016051,Python,PyPy3 (7.3.0),py,Runtime Error,494,168452,724,
s757966719,p02936,u331327289,1595015866,Python,Python (3.8.2),py,Runtime Error,666,64440,737,
s819366579,p02936,u331327289,1594999344,Python,Python (3.8.2),py,Runtime Error,649,64196,724,
s003155936,p02936,u331327289,1594999102,Python,Python (3.8.2),py,Runtime Error,622,64260,700,
s132241487,p02936,u331327289,1594998889,Python,Python (3.8.2),py,Runtime Error,662,64836,730,
s067743796,p02936,u331327289,1594997607,Python,Python (3.8.2),py,Runtime Error,692,65820,731,
s415543864,p02936,u331327289,1594996248,Python,Python (3.8.2),py,Runtime Error,530,62964,598,
s100655384,p02936,u331327289,1594995588,Python,Python (3.8.2),py,Runtime Error,505,61992,549,
s585619516,p02936,u331327289,1594995277,Python,Python (3.8.2),py,Wrong Answer,537,65396,803,
s945349881,p02936,u331327289,1594995149,Python,Python (3.8.2),py,Wrong Answer,2206,15048,778,
s035369313,p02936,u331327289,1594994903,Python,Python (3.8.2),py,Wrong Answer,2206,15156,942,
s072430960,p02936,u167931717,1594993077,C++,C++ (GCC 9.2.1),cpp,Accepted,150,53252,6080,
s048274748,p02936,u788068140,1594984993,Python,Python (3.8.2),py,Accepted,1749,352804,1089,
s204323549,p02936,u788068140,1594984961,Python,Python (3.8.2),py,Runtime Error,1515,138868,1046,
s547867297,p02936,u331327289,1594977751,Python,Python (3.8.2),py,Wrong Answer,2206,15072,609,
s462965709,p02936,u798260206,1594973494,Python,Python (3.8.2),py,Accepted,1103,58196,895,
s350437550,p02936,u676010704,1594971757,Rust,Rust (1.42.0),rs,Accepted,157,31984,1437,
s782768449,p02936,u089376182,1594930650,Python,Python (3.8.2),py,Accepted,1210,58072,552,
s177683341,p02936,u089376182,1594930567,Python,Python (3.8.2),py,Time Limit Exceeded,2207,71364,587,
s007946367,p02936,u089376182,1594930441,Python,Python (3.8.2),py,Time Limit Exceeded,2207,57788,646,
s630353260,p02936,u089376182,1594930265,Python,Python (3.8.2),py,Time Limit Exceeded,2207,58068,553,
s130999742,p02936,u089376182,1594930136,Python,Python (3.8.2),py,Time Limit Exceeded,2207,57908,533,
s013884047,p02936,u089376182,1594929772,Python,Python (3.8.2),py,Time Limit Exceeded,2207,57680,529,
s226504979,p02936,u089376182,1594929514,Python,PyPy3 (7.3.0),py,Time Limit Exceeded,2209,151428,544,
s260147786,p02936,u089376182,1594928933,Python,Python (3.8.2),py,Time Limit Exceeded,2208,90188,544,
s220922170,p02936,u089376182,1594928838,Python,Python (3.8.2),py,Wrong Answer,2208,90288,535,
s317278239,p02936,u601446537,1594928009,C++,C++ (GCC 9.2.1),cpp,Wrong Answer,2205,6328,880,
s742871541,p02936,u601446537,1594927291,C++,C++ (GCC 9.2.1),cpp,Wrong Answer,2205,6332,867,
s580876834,p02936,u089376182,1594924990,Python,Python (3.8.2),py,Wrong Answer,1383,256524,443,
s981577400,p02936,u089376182,1594923427,Python,Python (3.8.2),py,Wrong Answer,1429,256416,434,
s668025750,p02936,u782144261,1594915071,C++,C++ (GCC 9.2.1),cpp,Accepted,239,28264,1139,
s203819717,p02936,u601446537,1594913466,C++,C++ (GCC 9.2.1),cpp,Wrong Answer,2205,6396,861,
s311463186,p02936,u089376182,1594912683,Python,Python (3.8.2),py,Runtime Error,1123,89368,435,
s978342703,p02936,u089376182,1594912386,Python,Python (3.8.2),py,Runtime Error,1118,89036,434,
s989940147,p02936,u089376182,1594911467,Python,Python (3.8.2),py,Runtime Error,1101,81076,393,
s723145557,p02936,u089376182,1594910209,Python,Python (3.8.2),py,Runtime Error,2207,77584,384,
s693456462,p02936,u003392923,1594894325,C++,C++ (GCC 9.2.1),cpp,Accepted,142,28532,1259,
s561264197,p02936,u633355062,1594887656,Python,Python (3.8.2),py,Accepted,1237,69388,641,
s997795554,p02936,u633355062,1594887576,Python,Python (3.8.2),py,Time Limit Exceeded,2208,65388,632,
s739890691,p02936,u633355062,1594887119,Python,Python (3.8.2),py,Wrong Answer,1114,67736,527,
s298792739,p02936,u633355062,1594886725,Python,Python (3.8.2),py,Wrong Answer,1297,68568,549,
s809572070,p02936,u646118499,1594876318,C,C (GCC 9.2.1),c,Accepted,123,29716,1051,
s714831623,p02936,u521389909,1594869239,C++,C++ (GCC 9.2.1),cpp,Accepted,246,24324,1934,
s656623711,p02936,u714724786,1594867898,C++,C++ (GCC 9.2.1),cpp,Accepted,254,25088,1936,
s502233310,p02936,u489691149,1594865389,Python,Python (3.8.2),py,Accepted,1508,236260,673,
s337929072,p02936,u489691149,1594865232,Python,Python (3.8.2),py,Runtime Error,1271,129280,672,
s887123006,p02936,u201553784,1594864975,C++,C++ (GCC 9.2.1),cpp,Accepted,252,26656,992,
s643927817,p02936,u201553784,1594864613,C++,C++ (GCC 9.2.1),cpp,Accepted,249,26724,983,
s453845867,p02936,u201553784,1594864457,C++,C++ (GCC 9.2.1),cpp,Time Limit Exceeded,2273,2338364,985,
s212869552,p02936,u201553784,1594863953,C++,C++ (GCC 9.2.1),cpp,Time Limit Exceeded,2274,2365428,987,
s902737157,p02936,u489691149,1594863858,Python,PyPy3 (7.3.0),py,Runtime Error,2248,1317404,646,
s864412665,p02936,u201553784,1594863590,C++,C++ (GCC 9.2.1),cpp,Time Limit Exceeded,2292,2338480,976,
s475119600,p02936,u489691149,1594863448,Python,PyPy3 (7.3.0),py,Runtime Error,2208,140996,538,
s689677690,p02936,u489691149,1594859913,Python,Python (3.8.2),py,Runtime Error,2207,56060,369,
s540921156,p02936,u601446537,1594859677,C++,C++ (GCC 9.2.1),cpp,Wrong Answer,2205,6396,860,
s158111140,p02936,u601446537,1594859533,C++,C++ (GCC 9.2.1),cpp,Wrong Answer,2205,6400,861,
s043259095,p02936,u601446537,1594859126,C++,C++ (GCC 9.2.1),cpp,Wrong Answer,2205,4628,769,
s348881467,p02936,u601446537,1594858586,C++,C++ (GCC 9.2.1),cpp,Wrong Answer,2205,4576,760,
s057554085,p02936,u050087249,1594855527,C++,C++ (GCC 9.2.1),cpp,Accepted,250,25084,1106,
s642085952,p02936,u050087249,1594855316,C++,C++ (GCC 9.2.1),cpp,Wrong Answer,228,25104,1079,
s386268353,p02936,u860883332,1594850922,C++,C++ (GCC 9.2.1),cpp,Accepted,237,25044,472,
s574596610,p02936,u899782392,1594849659,Python,Python (3.8.2),py,Accepted,1803,173096,663,
s261954819,p02936,u860883332,1594849471,C++,C++ (GCC 9.2.1),cpp,Wrong Answer,224,25104,414,
s941415563,p02936,u688587139,1594847984,Python,PyPy3 (7.3.0),py,Accepted,759,148296,510,
s490392801,p02936,u860883332,1594847114,C++,C++ (GCC 9.2.1),cpp,Wrong Answer,2206,15044,523,
s153586765,p02936,u860883332,1594846403,C++,C++ (GCC 9.2.1),cpp,Wrong Answer,2206,15116,543,
s882804912,p02936,u135957438,1594793268,C++,C++ (GCC 9.2.1),cpp,Accepted,234,25120,688,
s441270960,p02936,u135957438,1594792928,C++,C++ (GCC 9.2.1),cpp,Accepted,237,25080,720,
s320351542,p02936,u286623856,1594792174,C++,C++ (GCC 9.2.1),cpp,Accepted,243,25668,1264,
s163945546,p02936,u286623856,1594791443,C++,C++ (GCC 9.2.1),cpp,Accepted,238,25140,653,
s541639915,p02936,u286623856,1594790246,C++,C++ (GCC 9.2.1),cpp,Wrong Answer,218,25428,1084,
s468515474,p02936,u286623856,1594788750,C++,C++ (GCC 9.2.1),cpp,Wrong Answer,2206,15128,1270,
s233499407,p02936,u998732100,1594785008,C++,C++ (GCC 9.2.1),cpp,Accepted,233,25084,890,
s865275776,p02936,u785748162,1594778096,C++,C++ (GCC 9.2.1),cpp,Accepted,139,20732,1319,
s628053706,p02936,u785748162,1594777753,C++,C++ (GCC 9.2.1),cpp,Wrong Answer,134,20788,1308,
s967520049,p02936,u785748162,1594777426,C++,C++ (GCC 9.2.1),cpp,Wrong Answer,125,20648,2631,
s268991190,p02936,u785748162,1594777302,C++,C++ (GCC 9.2.1),cpp,Runtime Error,209,20776,2620,
s307396583,p02936,u785748162,1594776383,C++,C++ (GCC 9.2.1),cpp,Wrong Answer,78,5224,2353,
s653952626,p02936,u330518333,1594751845,C++,C++ (GCC 9.2.1),cpp,Accepted,253,25152,1306,
s393700034,p02936,u919025034,1594746247,Python,PyPy3 (7.3.0),py,Wrong Answer,2213,228244,375,
s824595774,p02936,u522140891,1594739879,Python,Python (3.8.2),py,Accepted,1065,316084,1113,
s072692935,p02936,u522140891,1594739796,Python,Python (3.8.2),py,Runtime Error,738,88316,1073,
s315050619,p02936,u522140891,1594738660,Python,Python (3.8.2),py,Time Limit Exceeded,2208,88288,908,
s458762941,p02936,u522140891,1594737126,Python,Python (3.8.2),py,Time Limit Exceeded,2208,88388,939,
s035186670,p02936,u522140891,1594736683,Python,PyPy3 (7.3.0),py,Time Limit Exceeded,2209,185852,939,
s057817103,p02936,u522140891,1594736110,Python,PyPy3 (7.3.0),py,Time Limit Exceeded,2209,185816,887,
s785066236,p02936,u758411830,1594735352,Python,Python (3.8.2),py,Accepted,1426,350068,671,
s179663383,p02936,u758411830,1594734913,Python,Python (3.8.2),py,Runtime Error,1623,122936,600,
s511138952,p02936,u169350228,1594705988,Python,PyPy3 (7.3.0),py,Accepted,393,142364,987,
s593050561,p02936,u631558039,1594701136,C++,C++ (GCC 9.2.1),cpp,Accepted,514,25128,1860,
s395570298,p02936,u631558039,1594701095,C++,C++ (GCC 9.2.1),cpp,Compile Error,,,1899,
s768732200,p02936,u774438048,1594694175,C++,C++ (GCC 9.2.1),cpp,Accepted,220,20504,1335,
s450161431,p02936,u774438048,1594694100,C++,C++ (GCC 9.2.1),cpp,Accepted,228,20548,1561,
s149289196,p02936,u891387249,1594693907,Scala,Scala (2.13.1),scala,Accepted,1960,124764,1232,
s515945500,p02936,u891387249,1594693886,Scala,Scala (2.13.1),scala,Compile Error,,,1233,
s857728744,p02936,u774438048,1594693311,C++,C++ (GCC 9.2.1),cpp,Time Limit Exceeded,2206,20472,1730,
s811842948,p02936,u011809316,1594676224,Ruby,Ruby (2.7.1),rb,Accepted,533,38608,501,
s872788360,p02936,u309168663,1594670977,C++,C++ (GCC 9.2.1),cpp,Accepted,260,28312,741,
s552495975,p02936,u127890024,1594664611,C++,C++ (GCC 9.2.1),cpp,Accepted,244,30632,2328,
s382764748,p02936,u024383312,1594659232,C++,C++ (GCC 9.2.1),cpp,Accepted,124,22672,1971,
s551290306,p02936,u612975321,1594653895,Python,PyPy3 (7.3.0),py,Accepted,714,148452,501,
s415856653,p02936,u612975321,1594653861,Python,Python (3.8.2),py,Accepted,1212,76580,501,
s818887692,p02936,u229156891,1594649899,Python,PyPy3 (7.3.0),py,Wrong Answer,2207,89752,441,
s677390806,p02936,u229156891,1594649809,Python,Python (3.8.2),py,Wrong Answer,2206,34328,441,
s040978521,p02936,u783675879,1594648996,C++,C++ (GCC 9.2.1),cpp,Accepted,293,50968,2804,
s303512946,p02936,u651802048,1594641154,C++,C++ (GCC 9.2.1),cpp,Accepted,244,31488,1217,
s199973082,p02936,u651802048,1594633731,C++,C++ (GCC 9.2.1),cpp,Accepted,248,34260,821,
s046966982,p02936,u264867962,1594623689,F#,F# (.NET Core 3.1.201),fs,Accepted,560,92492,1337,
s282338705,p02936,u264867962,1594622960,Python,Python (3.8.2),py,Accepted,1387,252292,604,
s891110768,p02936,u264867962,1594622877,Python,Python (3.8.2),py,Runtime Error,1033,67684,601,
s467388320,p02936,u264867962,1594621822,Python,Python (3.8.2),py,Wrong Answer,1275,234908,512,
s718057720,p02936,u264867962,1594621467,Python,Python (3.8.2),py,Wrong Answer,1290,231788,471,
s320948048,p02936,u264867962,1594620608,F#,F# (.NET Core 3.1.201),fs,Runtime Error,189,29384,71,
s555424568,p02936,u874081650,1594613391,C++,C++ (GCC 9.2.1),cpp,Wrong Answer,2206,31408,805,
s299019778,p02936,u874081650,1594613208,C++,C++ (GCC 9.2.1),cpp,Wrong Answer,2206,30636,806,
s078552372,p02936,u536916602,1594612318,C++,C++ (GCC 9.2.1),cpp,Accepted,530,23632,2465,
s540785820,p02936,u536916602,1594609545,C++,C++ (GCC 9.2.1),cpp,Time Limit Exceeded,2206,29812,1282,
s772495460,p02936,u264867962,1594607532,F#,F# (.NET Core 3.1.201),fs,Wrong Answer,1355,73236,1259,
s657052788,p02936,u651802048,1594603736,C++,C++ (GCC 9.2.1),cpp,Accepted,264,31436,951,
s072348992,p02936,u115927976,1594601294,C++,C++ (GCC 9.2.1),cpp,Accepted,235,17476,2118,
s816440384,p02936,u549438788,1594600366,C++,C++ (GCC 9.2.1),cpp,Accepted,262,28180,762,
s850866739,p02936,u549438788,1594599923,C++,C++ (GCC 9.2.1),cpp,Wrong Answer,227,25064,682,
s365529468,p02936,u549438788,1594599339,C++,C++ (GCC 9.2.1),cpp,Wrong Answer,2206,25240,656,
s340383943,p02936,u329878519,1594598305,C,C (GCC 9.2.1),c,Accepted,108,22780,774,
s354775668,p02936,u783299609,1594597093,C++,C++ (GCC 9.2.1),cpp,Wrong Answer,219,24228,934,
s616762307,p02936,u783299609,1594596935,C++,C++ (GCC 9.2.1),cpp,Wrong Answer,2407,3523732,1007,
s934776879,p02936,u783299609,1594596785,C++,C++ (GCC 9.2.1),cpp,Runtime Error,2299,3511932,998,
s166450963,p02936,u899592602,1594596600,C++,C++ (GCC 9.2.1),cpp,Accepted,246,20008,1868,
s859245357,p02936,u783299609,1594594412,C++,C++ (GCC 9.2.1),cpp,Wrong Answer,2335,3514264,987,
s580914142,p02936,u290292036,1594584793,C++,C++ (GCC 9.2.1),cpp,Runtime Error,2307,2554832,940,
s816821829,p02936,u227379863,1594578959,C++,C++ (GCC 9.2.1),cpp,Accepted,381,47884,1053,
s256493302,p02936,u139478771,1594566817,Kotlin,Kotlin (1.3.71),kt,Accepted,816,128952,4612,
s097961170,p02936,u222188267,1594554301,C++,C++ (GCC 9.2.1),cpp,Accepted,241,28272,1782,
s745456545,p02936,u222188267,1594553001,C++,C++ (GCC 9.2.1),cpp,Time Limit Exceeded,2305,2327016,1972,
s232908319,p02936,u222188267,1594552674,C++,C++ (GCC 9.2.1),cpp,Time Limit Exceeded,2296,2333488,1954,
s530477326,p02936,u222188267,1594550136,C++,C++ (GCC 9.2.1),cpp,Time Limit Exceeded,2289,2456536,1385,
s428657364,p02936,u290292036,1594525490,Java,Java (OpenJDK 11.0.6),java,Wrong Answer,2213,118180,1138,
s405967697,p02936,u761475553,1594524623,C++,C++ (GCC 9.2.1),cpp,Accepted,158,33660,773,
s500106308,p02936,u940102677,1594515524,C++,C++ (GCC 9.2.1),cpp,Accepted,229,25104,692,
s287360904,p02936,u809967037,1594506762,C++,C++ (GCC 9.2.1),cpp,Accepted,379,28300,7086,
s501997452,p02936,u323045245,1594486282,Python,Python (3.8.2),py,Accepted,1391,232912,715,
s936090221,p02936,u212831449,1594482439,Python,Python (3.8.2),py,Accepted,1369,232720,491,
s960312036,p02936,u212831449,1594482022,Python,PyPy3 (7.3.0),py,Runtime Error,806,153424,449,
s206977320,p02936,u212831449,1594481937,Python,Python (3.8.2),py,Runtime Error,1189,52152,449,
s203467581,p02936,u212831449,1594481490,Python,Python (3.8.2),py,Runtime Error,1217,52124,462,
s326598865,p02936,u945228737,1594450493,Python,Python (3.8.2),py,Accepted,1584,332332,816,
s038490253,p02936,u394961950,1594435261,C++,C++ (GCC 9.2.1),cpp,Accepted,162,20444,1242,
s798429075,p02936,u371555975,1594431170,C++,C++ (GCC 9.2.1),cpp,Accepted,149,34880,685,
s372953159,p02936,u106797249,1594427144,Python,PyPy3 (7.3.0),py,Accepted,952,193336,702,
s990375564,p02936,u714732628,1594426721,C++,C++ (GCC 9.2.1),cpp,Accepted,231,17380,1088,
s631208421,p02936,u714732628,1594424778,C++,C++ (GCC 9.2.1),cpp,Wrong Answer,227,15600,844,
s241565901,p02936,u923270446,1594417268,Python,Python (3.8.2),py,Accepted,1356,232980,507,
s671348676,p02936,u923270446,1594417220,Python,PyPy3 (7.3.0),py,Time Limit Exceeded,2242,1220060,507,
s249101623,p02936,u923270446,1594417148,Python,PyPy3 (7.3.0),py,Time Limit Exceeded,2249,1256452,507,
s538347957,p02936,u923270446,1594417097,Python,Python (3.8.2),py,Runtime Error,1193,52344,465,
s660370874,p02936,u943070796,1594415641,C++,C++ (GCC 9.2.1),cpp,Accepted,140,31732,23155,
s551387622,p02936,u588369531,1594404981,C++,C++ (GCC 9.2.1),cpp,Accepted,153,18968,8291,
s309139677,p02936,u688789047,1594396776,C++,C++ (GCC 9.2.1),cpp,Accepted,123,25080,894,
s291465170,p02936,u675040086,1594393545,C++,C++ (GCC 9.2.1),cpp,Accepted,400,24220,886,
s555785021,p02936,u521323621,1594392247,Python,Python (3.8.2),py,Accepted,1793,280548,651,
s635626429,p02936,u521323621,1594392209,Python,Python (3.8.2),py,Runtime Error,1295,84844,607,
s814913024,p02936,u521323621,1594391638,Python,Python (3.8.2),py,Wrong Answer,1221,218444,450,
s752579244,p02936,u521323621,1594391558,Python,Python (3.8.2),py,Runtime Error,937,59316,406,
s551422106,p02936,u159943174,1594371517,C++,C++ (GCC 9.2.1),cpp,Accepted,232,27532,649,
s243947254,p02936,u881359256,1594360322,Java,Java (OpenJDK 1.8.0),java,Accepted,496,94780,16714,
s833659893,p02936,u133864042,1594359913,Python,Python (3.8.2),py,Accepted,1571,265616,609,
s232323809,p02936,u133864042,1594359068,Python,Python (3.8.2),py,Time Limit Exceeded,2212,257936,810,
s997539222,p02936,u133864042,1594358423,Python,Python (3.8.2),py,Time Limit Exceeded,2214,265280,820,
s672095250,p02936,u766512448,1594354716,C++,C++ (GCC 9.2.1),cpp,Accepted,141,28668,1764,
s264688960,p02936,u127890024,1594353360,C++,C++ (GCC 9.2.1),cpp,Accepted,244,30696,2344,
s369489064,p02936,u930705402,1594350326,Python,Python (3.8.2),py,Accepted,932,232788,465,
s530095545,p02936,u930705402,1594350028,Python,PyPy3 (7.3.0),py,Time Limit Exceeded,2247,1516092,465,
s611704048,p02936,u506858457,1594346912,Python,Python (3.8.2),py,Accepted,1260,56420,444,
s412440521,p02936,u259039862,1594345326,C++,C++ (GCC 9.2.1),cpp,Accepted,139,28656,1633,
s642921922,p02936,u616998927,1594344402,C++,C++ (GCC 9.2.1),cpp,Accepted,526,23484,673,
s273574085,p02936,u506858457,1594344134,Python,Python (3.8.2),py,Accepted,1393,283160,404,
s854543804,p02936,u367701763,1594343838,Python,PyPy3 (7.3.0),py,Accepted,454,116128,3175,
s719860093,p02936,u367701763,1594343755,Python,PyPy3 (7.3.0),py,Runtime Error,353,112984,3173,
s336135542,p02936,u367701763,1594343687,Python,PyPy3 (7.3.0),py,Runtime Error,101,96120,3160,
s405812282,p02936,u506858457,1594343456,Python,Python (3.8.2),py,Runtime Error,1188,52460,430,
s003785241,p02936,u506858457,1594343159,Python,PyPy3 (7.3.0),py,Runtime Error,884,121416,493,
s714350301,p02936,u374802266,1594341969,Python,Python (3.8.2),py,Accepted,1392,223172,425,
s365233011,p02936,u374802266,1594341900,Python,Python (3.8.2),py,Runtime Error,1224,54024,385,
s723970249,p02936,u762158020,1594341473,C++,C++ (GCC 9.2.1),cpp,Accepted,246,29824,797,
s148685141,p02936,u227733891,1594341407,C++,C++ (GCC 9.2.1),cpp,Accepted,252,19816,911,
s119691656,p02936,u227733891,1594340784,C++,C++ (GCC 9.2.1),cpp,Time Limit Exceeded,2289,2420228,1108,
s242766777,p02936,u227733891,1594335713,C++,C++ (GCC 9.2.1),cpp,Wrong Answer,234,15868,661,
s213398811,p02936,u857147058,1594331788,C++,C++ (GCC 9.2.1),cpp,Wrong Answer,180,5632,820,
s959032940,p02936,u527058497,1594331558,C++,C++ (GCC 9.2.1),cpp,Accepted,255,25088,1436,
s540935641,p02936,u857147058,1594331548,C++,C++ (GCC 9.2.1),cpp,Wrong Answer,186,4820,813,
s787888775,p02936,u857147058,1594331013,C++,C++ (GCC 9.2.1),cpp,Wrong Answer,2205,5072,779,
s527119248,p02936,u064881889,1594328717,Python,Python (3.8.2),py,Runtime Error,528,59876,684,
s140162846,p02936,u064881889,1594328031,Python,Python (3.8.2),py,Runtime Error,2207,56712,683,
s134299579,p02936,u130900604,1594325501,Python,PyPy3 (7.3.0),py,Accepted,782,127620,469,
s997807844,p02936,u130900604,1594325390,Python,PyPy3 (7.3.0),py,Wrong Answer,682,109616,399,
s247824072,p02936,u796273093,1594323567,C++,C++ (GCC 9.2.1),cpp,Accepted,238,24268,796,
s576964964,p02936,u796273093,1594323270,C++,C++ (GCC 9.2.1),cpp,Accepted,249,24284,672,
s753163239,p02936,u489061952,1594322345,C++,C++ (GCC 9.2.1),cpp,Accepted,134,28200,1877,
s486145112,p02936,u941438707,1594318999,Python,Python (3.8.2),py,Wrong Answer,1067,50340,298,
s938423602,p02936,u941438707,1594318828,Python,Python (3.8.2),py,Wrong Answer,2206,49848,266,
s967487565,p02936,u941438707,1594318598,Python,Python (3.8.2),py,Wrong Answer,1028,50304,248,
s266733003,p02936,u941438707,1594318471,Python,Python (3.8.2),py,Wrong Answer,1052,49968,240,
s900430840,p02936,u730769327,1594318172,Python,PyPy3 (7.3.0),py,Accepted,784,132040,542,
s863502386,p02936,u730769327,1594317668,Python,PyPy3 (7.3.0),py,Runtime Error,1075,362724,404,
s786068245,p02936,u730769327,1594317321,Python,Python (3.8.2),py,Runtime Error,998,46756,344,
s336706614,p02936,u745688558,1594314679,Java,Java (OpenJDK 11.0.6),java,Accepted,1751,104856,1859,
s178189404,p02936,u745688558,1594314365,Java,Java (OpenJDK 11.0.6),java,Accepted,1714,105136,1860,
s219100263,p02936,u745688558,1594312158,Java,Java (OpenJDK 11.0.6),java,Wrong Answer,1519,101496,1858,
s481835433,p02936,u745688558,1594312044,Java,Java (OpenJDK 11.0.6),java,Accepted,1750,103832,1860,
s330696143,p02936,u745688558,1594310952,Java,Java (OpenJDK 11.0.6),java,Time Limit Exceeded,2098,102436,1803,
s867166573,p02936,u745688558,1594310782,Java,Java (OpenJDK 11.0.6),java,Time Limit Exceeded,2154,113636,2048,
s331594807,p02936,u745688558,1594310403,Java,Java (OpenJDK 11.0.6),java,Wrong Answer,1351,98880,1906,
s739426693,p02936,u745688558,1594309930,Java,Java (OpenJDK 11.0.6),java,Wrong Answer,1392,98104,1936,
s108583168,p02936,u745688558,1594309896,Java,Java (OpenJDK 11.0.6),java,Wrong Answer,1398,98668,1922,
s398242254,p02936,u745688558,1594309707,Java,Java (OpenJDK 11.0.6),java,Wrong Answer,1426,99380,1966,
s511506727,p02936,u745688558,1594308895,Java,Java (OpenJDK 11.0.6),java,Wrong Answer,1643,92668,1902,
s243852953,p02936,u745688558,1594308547,Java,Java (OpenJDK 11.0.6),java,Wrong Answer,2208,89732,2594,
s416662619,p02936,u745688558,1594308436,Java,Java (OpenJDK 11.0.6),java,Wrong Answer,1590,88828,2148,
s741007293,p02936,u745688558,1594308266,Java,Java (OpenJDK 11.0.6),java,Wrong Answer,1207,90528,2063,
s315100823,p02936,u745688558,1594307824,Java,Java (OpenJDK 11.0.6),java,Wrong Answer,1230,88752,2007,
s906973133,p02936,u745688558,1594307618,Java,Java (OpenJDK 11.0.6),java,Wrong Answer,1321,91488,1927,
s478488031,p02936,u745688558,1594307383,Java,Java (OpenJDK 11.0.6),java,Wrong Answer,1274,88188,1921,
s318658012,p02936,u880480312,1594289624,Python,Python (3.8.2),py,Accepted,897,283124,681,
s243410533,p02936,u896137920,1594284229,C++,C++ (GCC 9.2.1),cpp,Accepted,227,20584,977,
s200688813,p02936,u896137920,1594284097,C++,C++ (GCC 9.2.1),cpp,Wrong Answer,241,20504,961,
s265680284,p02936,u896137920,1594283971,C++,C++ (GCC 9.2.1),cpp,Wrong Answer,199,15636,820,
s339535618,p02936,u896137920,1594283516,C++,C++ (GCC 9.2.1),cpp,Wrong Answer,220,15664,697,
s408015615,p02936,u896137920,1594283418,C++,C++ (GCC 9.2.1),cpp,Wrong Answer,215,15668,694,
s832664473,p02936,u118058164,1594281308,C++,C++ (GCC 9.2.1),cpp,Accepted,137,27880,635,
s384529921,p02936,u779079340,1594274968,C++,C++ (GCC 9.2.1),cpp,Accepted,129,27872,592,
s907830955,p02936,u766512448,1594270644,C++,C++ (GCC 9.2.1),cpp,Wrong Answer,77,6800,1445,
s225165842,p02936,u766512448,1594269474,C++,C++ (GCC 9.2.1),cpp,Wrong Answer,119,27000,1658,
s895478956,p02936,u766512448,1594269238,C++,C++ (GCC 9.2.1),cpp,Wrong Answer,120,26924,1597,
s760739775,p02936,u766512448,1594268881,C++,C++ (GCC 9.2.1),cpp,Wrong Answer,122,23788,1630,
s013593976,p02936,u366369712,1594268771,Python,Python (3.8.2),py,Accepted,1398,285252,1277,
s679408839,p02936,u796273093,1594265909,C++,C++ (GCC 9.2.1),cpp,Wrong Answer,2274,2644644,924,
s544949510,p02936,u282807996,1594254243,C++,C++ (GCC 9.2.1),cpp,Accepted,509,24352,610,
s012181915,p02936,u412837450,1594251389,C++,C++ (GCC 9.2.1),cpp,Accepted,234,21392,933,
s843759721,p02936,u412837450,1594251063,C++,C++ (GCC 9.2.1),cpp,Wrong Answer,225,18756,834,
s835539608,p02936,u527652459,1594250425,C++,C++ (GCC 9.2.1),cpp,Accepted,152,23464,2857,
s531479162,p02936,u527652459,1594250196,C++,C++ (GCC 9.2.1),cpp,Compile Error,,,2860,
s781281105,p02936,u506858457,1594247742,Python,Python (3.8.2),py,Accepted,1340,56604,601,
s762059575,p02936,u506858457,1594247651,Python,Python (3.8.2),py,Accepted,1236,56588,597,
s012661269,p02936,u506858457,1594246858,Python,Python (3.8.2),py,Accepted,1441,283024,448,
s154238714,p02936,u506858457,1594246744,Python,Python (3.8.2),py,Wrong Answer,1299,276404,424,
s002521567,p02936,u366369712,1594246087,Python,Python (3.8.2),py,Wrong Answer,1224,285988,689,
s656843612,p02936,u366369712,1594245988,Python,PyPy3 (7.3.0),py,Runtime Error,544,239800,660,
s625656020,p02936,u366369712,1594245484,Python,PyPy3 (7.3.0),py,Wrong Answer,403,176016,507,
s955149231,p02936,u722036092,1594244796,C++,C++ (GCC 9.2.1),cpp,Runtime Error,336,271972,762,
s607970216,p02936,u722036092,1594244529,C++,C++ (GCC 9.2.1),cpp,Runtime Error,329,271888,754,
s067185583,p02936,u890870565,1594244283,C++,C++ (GCC 9.2.1),cpp,Accepted,230,22052,3939,
s529578642,p02936,u890870565,1594244194,C++,C++ (GCC 9.2.1),cpp,Accepted,260,22180,3941,
s390929613,p02936,u366369712,1594244044,Python,PyPy3 (7.3.0),py,Wrong Answer,2220,621192,712,
s688297939,p02936,u011809316,1594241880,Ruby,Ruby (2.7.1),rb,Wrong Answer,2208,64880,365,
s161519369,p02936,u011809316,1594240468,Ruby,Ruby (2.7.1),rb,Wrong Answer,2206,38752,274,
s886962942,p02936,u747703115,1594237805,Python,Python (3.8.2),py,Accepted,1436,282912,449,
s013369688,p02936,u747703115,1594237484,Python,Python (3.8.2),py,Runtime Error,1187,52308,403,
s500060941,p02936,u747703115,1594237273,Python,Python (3.8.2),py,Runtime Error,1177,52272,391,
s207615052,p02936,u747703115,1594236970,Python,Python (3.8.2),py,Runtime Error,1290,52376,452,
s003665449,p02936,u747703115,1594236826,Python,Python (3.8.2),py,Runtime Error,1164,52248,437,
s218442600,p02936,u747703115,1594236781,Python,Python (3.8.2),py,Runtime Error,1187,52156,431,
s141767191,p02936,u747703115,1594234945,Python,Python (3.8.2),py,Wrong Answer,1076,48456,330,
s901446715,p02936,u747703115,1594234747,Python,Python (3.8.2),py,Wrong Answer,1149,58072,314,
s011379349,p02936,u747703115,1594234531,Python,Python (3.8.2),py,Wrong Answer,1135,57912,314,
s263546194,p02936,u747703115,1594234450,Python,Python (3.8.2),py,Runtime Error,611,50132,360,
s735970498,p02936,u747703115,1594233955,Python,Python (3.8.2),py,Wrong Answer,2271,2154304,391,
s404285251,p02936,u604893051,1594232101,C++,C++ (GCC 9.2.1),cpp,Accepted,141,25356,4214,
s302597626,p02936,u682686221,1594222147,C++,C++ (GCC 9.2.1),cpp,Accepted,127,27844,1476,
s216514551,p02936,u264265458,1594217562,C++,C++ (GCC 9.2.1),cpp,Accepted,130,25096,3870,
s962178625,p02936,u633967774,1594211115,C++,C++ (GCC 9.2.1),cpp,Accepted,255,28308,721,
s656785700,p02936,u965093879,1594205825,C++,C++ (GCC 9.2.1),cpp,Wrong Answer,2206,28280,907,
s427291051,p02936,u926046014,1594185586,Python,PyPy3 (7.3.0),py,Accepted,764,148528,532,
s392521590,p02936,u926046014,1594184954,Python,PyPy3 (7.3.0),py,Accepted,706,128920,895,
s321311846,p02936,u926046014,1594184907,Python,PyPy3 (7.3.0),py,Wrong Answer,680,136880,409,
s573984518,p02936,u926046014,1594182358,Python,PyPy3 (7.3.0),py,Wrong Answer,2211,221056,630,
s877231837,p02936,u303884911,1594181600,C++,C++ (GCC 9.2.1),cpp,Accepted,145,24204,1360,
s420017205,p02936,u303884911,1594181446,C++,C++ (GCC 9.2.1),cpp,Wrong Answer,125,24304,1359,
s940825291,p02936,u668785999,1594181375,C++,C++ (GCC 9.2.1),cpp,Accepted,235,17448,3350,
s613858945,p02936,u668785999,1594181019,C++,C++ (GCC 9.2.1),cpp,Time Limit Exceeded,2206,17108,2864,
s855144243,p02936,u303884911,1594179954,C++,C++ (GCC 9.2.1),cpp,Wrong Answer,120,24232,1363,
s270642815,p02936,u303884911,1594179872,C++,C++ (GCC 9.2.1),cpp,Accepted,129,24224,1360,
s425803030,p02936,u303884911,1594178370,C++,C++ (GCC 9.2.1),cpp,Wrong Answer,106,15896,1244,
s289252389,p02936,u668785999,1594176004,C++,C++ (GCC 9.2.1),cpp,Runtime Error,290,14344,4224,
s661773876,p02936,u932868243,1594175886,Python,Python (3.8.2),py,Accepted,1322,223276,463,
s644484228,p02936,u932868243,1594175817,Python,Python (3.8.2),py,Runtime Error,1206,53572,420,
s716210519,p02936,u932868243,1594175648,Python,Python (3.8.2),py,Runtime Error,961,50488,402,
s530601357,p02936,u668785999,1594175312,C++,C++ (GCC 9.2.1),cpp,Runtime Error,2206,26068,4229,
s476262119,p02936,u932868243,1594175298,Python,Python (3.8.2),py,Runtime Error,1277,62316,406,
s068041895,p02936,u932868243,1594175203,Python,Python (3.8.2),py,Runtime Error,625,42764,404,
s912198315,p02936,u668785999,1594175094,C++,C++ (GCC 9.2.1),cpp,Runtime Error,2206,34448,4098,
s690483045,p02936,u668785999,1594173881,C++,C++ (GCC 9.2.1),cpp,Runtime Error,299,14324,3666,
s284861869,p02936,u653699618,1594173327,C++,C++ (Clang 10.0.0),cpp,Accepted,519,22296,5930,
s967780828,p02936,u653699618,1594173114,C++,C++ (Clang 10.0.0),cpp,Wrong Answer,508,22304,5929,
s209869715,p02936,u668785999,1594171494,C++,C++ (GCC 9.2.1),cpp,Runtime Error,282,14340,2007,
s668845837,p02936,u668785999,1594171353,C++,C++ (GCC 9.2.1),cpp,Runtime Error,319,14180,2705,
s052862644,p02936,u280175105,1594169964,C++,C++ (GCC 9.2.1),cpp,Accepted,395,46200,1039,
s781489729,p02936,u513808307,1594166981,C++,C++ (GCC 9.2.1),cpp,Accepted,133,27408,779,
s107569189,p02936,u023751250,1594162924,C++,C++ (GCC 9.2.1),cpp,Accepted,228,20556,2069,
s348722259,p02936,u023751250,1594162790,C++,C++ (GCC 9.2.1),cpp,Wrong Answer,2246,1126064,2061,
s398491318,p02936,u023751250,1594161996,C++,C++ (GCC 9.2.1),cpp,Wrong Answer,230,15932,1928,
s125860936,p02936,u023751250,1594161868,C++,C++ (GCC 9.2.1),cpp,Wrong Answer,221,15360,1929,
s602193446,p02936,u035907840,1594160782,Python,PyPy3 (7.3.0),py,Accepted,1094,142232,469,
s447517631,p02936,u909716307,1594156140,Python,Python (3.8.2),py,Runtime Error,1231,165520,497,
s268299551,p02936,u909716307,1594155924,Python,Python (3.8.2),py,Runtime Error,1170,73360,456,
s896853757,p02936,u909716307,1594155669,Python,Python (3.8.2),py,Runtime Error,1233,73252,637,
s188181277,p02936,u303884911,1594144313,C++,C++ (GCC 9.2.1),cpp,Wrong Answer,100,15036,1260,
s153987510,p02936,u367701763,1594139583,Python,PyPy3 (7.3.0),py,Accepted,421,128208,469,
s997902291,p02936,u367701763,1594133209,Python,PyPy3 (7.3.0),py,Accepted,474,166644,3158,
s976580782,p02936,u367701763,1594132694,Python,PyPy3 (7.3.0),py,Accepted,865,264992,3026,
s601234011,p02936,u367701763,1594131786,Python,PyPy3 (7.3.0),py,Accepted,1149,282640,3030,
s757543752,p02936,u367701763,1594131743,Python,PyPy3 (7.3.0),py,Accepted,501,164272,3067,
s340603653,p02936,u367701763,1594131169,Python,PyPy3 (7.3.0),py,Accepted,1208,282652,3016,
s796675123,p02936,u303884911,1594126573,C++,C++ (GCC 9.2.1),cpp,Wrong Answer,2206,15156,1415,
s961202246,p02936,u217942651,1594110372,C++,C++ (GCC 9.2.1),cpp,Accepted,131,25068,1014,
s014083336,p02936,u303884911,1594096603,C++,C++ (GCC 9.2.1),cpp,Wrong Answer,2206,15196,1371,
s277809650,p02936,u367701763,1594096463,Python,PyPy3 (7.3.0),py,Accepted,640,214160,2524,
s894810818,p02936,u367701763,1594096413,Python,PyPy3 (7.3.0),py,Wrong Answer,667,214072,2571,
s196777499,p02936,u712993629,1594096147,C++,C++ (GCC 9.2.1),cpp,Accepted,165,42244,2264,
s574723883,p02936,u367701763,1594094441,Python,PyPy3 (7.3.0),py,Accepted,552,204324,2171,
s322895833,p02936,u367701763,1594092784,Python,PyPy3 (7.3.0),py,Time Limit Exceeded,2254,1405440,2512,
s571474902,p02936,u089177147,1594088286,C++,C++ (GCC 9.2.1),cpp,Accepted,124,19796,1818,
s855746447,p02936,u405653069,1594085729,C++,C++ (GCC 9.2.1),cpp,Accepted,268,51588,10698,
s689462900,p02936,u277236383,1594084195,Python,Python (3.8.2),py,Accepted,1934,69536,508,
s025339461,p02936,u277236383,1594084158,Python,PyPy3 (7.3.0),py,Accepted,1107,139412,508,
s600374268,p02936,u556672233,1594078751,Python,Python (3.8.2),py,Accepted,1140,61336,509,
s549025272,p02936,u867826040,1594078475,Python,Python (3.8.2),py,Accepted,1353,56668,681,
s165512962,p02936,u556672233,1594078463,Python,Python (3.8.2),py,Time Limit Exceeded,2207,59560,473,
s714408928,p02936,u867826040,1594078057,Python,Python (3.8.2),py,Wrong Answer,1362,68420,680,
s485938733,p02936,u556672233,1594077726,Python,Python (3.8.2),py,Runtime Error,1265,53720,526,
s076808829,p02936,u867826040,1594076630,Python,Python (3.8.2),py,Wrong Answer,1542,218048,595,
s012878238,p02936,u867826040,1594076557,Python,Python (3.8.2),py,Wrong Answer,1647,222752,604,
s586524534,p02936,u867826040,1594075955,Python,Python (3.8.2),py,Wrong Answer,1356,204820,477,
s779175743,p02936,u936558609,1594047122,C++,C++ (GCC 9.2.1),cpp,Accepted,507,24260,604,
s316673495,p02936,u416011173,1594019750,Python,Python (3.8.2),py,Runtime Error,2208,72188,753,
s829857309,p02936,u416011173,1594018240,Python,Python (3.8.2),py,Wrong Answer,2208,78068,1461,
s382618022,p02936,u416011173,1594017304,Python,Python (3.8.2),py,Wrong Answer,2208,78340,816,
s047927292,p02936,u416011173,1594017193,Python,Python (3.8.2),py,Wrong Answer,2207,78244,785,
s625090670,p02936,u681778599,1594009514,C++,C++ (GCC 9.2.1),cpp,Time Limit Exceeded,2206,8304,714,
s336843801,p02936,u223160139,1593996240,C++,C++ (GCC 9.2.1),cpp,Accepted,171,26652,3788,
s854278132,p02936,u221780420,1593993644,C++,C++ (GCC 9.2.1),cpp,Accepted,263,31520,788,
s093921147,p02936,u068177169,1593993554,C++,C++ (GCC 9.2.1),cpp,Accepted,131,27432,1395,
s432942868,p02936,u221780420,1593993117,C++,C++ (GCC 9.2.1),cpp,Wrong Answer,228,28284,655,
s439974089,p02936,u477233273,1593985390,C++,C++ (GCC 9.2.1),cpp,Wrong Answer,230,28324,1180,
s081210483,p02936,u477233273,1593984963,C++,C++ (GCC 9.2.1),cpp,Wrong Answer,225,28312,1201,
s771857948,p02936,u264265458,1593984258,C++,C++ (GCC 9.2.1),cpp,Accepted,135,25132,3871,
s579079515,p02936,u477233273,1593981830,C++,C++ (GCC 9.2.1),cpp,Wrong Answer,2206,25956,948,
s364712429,p02936,u423327360,1593979419,C++,C++ (GCC 9.2.1),cpp,Accepted,239,27492,623,
s219207216,p02936,u979429407,1593974142,Kotlin,Kotlin (1.3.71),kt,Accepted,1177,99040,1352,
s402417370,p02936,u362195835,1593973745,C++,C++ (GCC 9.2.1),cpp,Accepted,147,51564,1735,
s631757597,p02936,u362195835,1593973685,C++,C++ (GCC 9.2.1),cpp,Runtime Error,121,6464,1731,
s025422637,p02936,u553159739,1593973476,C++,C++ (GCC 9.2.1),cpp,Accepted,228,35124,1094,
s121169645,p02936,u104613587,1593973301,C++,C++ (GCC 9.2.1),cpp,Accepted,128,24988,594,
s857260220,p02936,u553159739,1593972724,C++,C++ (GCC 9.2.1),cpp,Wrong Answer,212,32180,1001,
s260726862,p02936,u553159739,1593972431,C++,C++ (GCC 9.2.1),cpp,Wrong Answer,215,31420,989,
s194528471,p02936,u104613587,1593972213,C++,C++ (GCC 9.2.1),cpp,Accepted,142,31420,636,
s350978778,p02936,u104613587,1593972034,C++,C++ (GCC 9.2.1),cpp,Wrong Answer,116,28268,576,
s796394297,p02936,u030504180,1593967204,C,C (GCC 9.2.1),c,Accepted,117,26708,1061,
s772476596,p02936,u030504180,1593966325,C,C (GCC 9.2.1),c,Wrong Answer,109,24396,993,
s304962137,p02936,u030504180,1593965115,C,C (GCC 9.2.1),c,Wrong Answer,109,23816,1069,
s514504617,p02936,u285991898,1593925799,C++,C++ (GCC 9.2.1),cpp,Accepted,133,24296,1404,
s607264876,p02936,u368735320,1593925059,C++,C++ (GCC 9.2.1),cpp,Wrong Answer,2205,6548,9232,
s499739830,p02936,u494609869,1593917873,C++,C++ (GCC 9.2.1),cpp,Accepted,247,17380,945,
s299562461,p02936,u494609869,1593917724,C++,C++ (GCC 9.2.1),cpp,Wrong Answer,215,15532,947,
s351741957,p02936,u494609869,1593917592,C++,C++ (GCC 9.2.1),cpp,Wrong Answer,215,15584,899,
s353064384,p02936,u705561278,1593914600,C++,C++ (GCC 9.2.1),cpp,Accepted,233,19992,1635,
s877150855,p02936,u705561278,1593913990,C++,C++ (GCC 9.2.1),cpp,Wrong Answer,223,17224,1513,
s386269264,p02936,u901282405,1593913844,C++,C++ (GCC 9.2.1),cpp,Accepted,501,18136,2352,
s933621015,p02936,u605168157,1593913486,C++,C++ (GCC 9.2.1),cpp,Accepted,247,25512,971,
s724733149,p02936,u605168157,1593913460,C++,C++ (GCC 9.2.1),cpp,Runtime Error,105,5972,971,
s964001017,p02936,u705561278,1593912342,C++,C++ (GCC 9.2.1),cpp,Wrong Answer,2205,5880,1329,
s193824706,p02936,u814271993,1593910757,Python,Python (3.8.2),py,Runtime Error,1211,73148,450,
s177421347,p02936,u084949493,1593910643,C++,C++ (GCC 9.2.1),cpp,Accepted,249,25148,1289,
s058828222,p02936,u084949493,1593909877,C++,C++ (GCC 9.2.1),cpp,Wrong Answer,229,25044,1153,
s609563121,p02936,u814271993,1593906703,Python,Python (3.8.2),py,Accepted,694,56648,696,
s205415876,p02936,u814271993,1593906563,Python,Python (3.8.2),py,Runtime Error,1259,73108,445,
s304160828,p02936,u814271993,1593906510,Python,Python (3.8.2),py,Runtime Error,1230,73276,506,
s535220021,p02936,u697467902,1593904890,Kotlin,Kotlin (1.3.71),kt,Accepted,1516,141176,1228,
s803922337,p02936,u697467902,1593904471,Kotlin,Kotlin (1.3.71),kt,Wrong Answer,1667,117712,1292,
s674910087,p02936,u753386263,1593903507,Python,PyPy3 (7.3.0),py,Runtime Error,709,182536,1433,
s206294194,p02936,u697467902,1593903128,Kotlin,Kotlin (1.3.71),kt,Wrong Answer,1221,125708,834,
s869342084,p02936,u753386263,1593902919,Python,PyPy3 (7.3.0),py,Runtime Error,830,220520,815,
s628292407,p02936,u753386263,1593902715,Python,PyPy3 (7.3.0),py,Runtime Error,793,218036,791,
s236826980,p02936,u697467902,1593902411,Kotlin,Kotlin (1.3.71),kt,Wrong Answer,2209,143008,986,
s624039185,p02936,u753386263,1593901790,Python,PyPy3 (7.3.0),py,Runtime Error,2211,183964,510,
s135458047,p02936,u753386263,1593901549,Python,PyPy3 (7.3.0),py,Runtime Error,2209,186424,547,
s392189975,p02936,u657556512,1593899590,C++,C++ (GCC 9.2.1),cpp,Accepted,139,31392,2023,
s826137419,p02936,u190580703,1593898862,C++,C++ (GCC 9.2.1),cpp,Accepted,203,27016,2547,
s236504446,p02936,u991083615,1593888965,C++,C++ (GCC 9.2.1),cpp,Accepted,140,27404,1457,
s634489073,p02936,u281829807,1593888900,C++,C++ (GCC 9.2.1),cpp,Accepted,246,24212,628,
s687490217,p02936,u991083615,1593887911,C++,C++ (GCC 9.2.1),cpp,Wrong Answer,84,7168,1197,
s551476743,p02936,u991083615,1593887554,C++,C++ (GCC 9.2.1),cpp,Wrong Answer,85,7092,1190,
s997185229,p02936,u991083615,1593887303,C++,C++ (GCC 9.2.1),cpp,Wrong Answer,82,7072,1181,
s154970180,p02936,u484460274,1593887066,C++,C++ (GCC 9.2.1),cpp,Accepted,245,18228,913,
s678601375,p02936,u991083615,1593886976,C++,C++ (GCC 9.2.1),cpp,Wrong Answer,80,6288,1181,
s054065729,p02936,u860002137,1593885581,Python,Python (3.8.2),py,Accepted,1453,233908,638,
s573255582,p02936,u860002137,1593885414,Python,Python (3.8.2),py,Accepted,1437,235004,641,
s299207785,p02936,u587589241,1593884045,Python,Python (3.8.2),py,Accepted,1230,54860,731,
s305855003,p02936,u860002137,1593883908,Python,Python (3.8.2),py,Wrong Answer,2212,229440,613,
s727089849,p02936,u587589241,1593883267,Python,Python (3.8.2),py,Wrong Answer,2207,53332,618,
s026630660,p02936,u860002137,1593882821,Python,Python (3.8.2),py,Wrong Answer,2211,226208,412,
s291209052,p02936,u860002137,1593882777,Python,Python (3.8.2),py,Runtime Error,2207,57328,372,
s885451193,p02936,u869919400,1593879158,Python,Python (3.8.2),py,Accepted,1419,234516,532,
s300684971,p02936,u869919400,1593878598,Python,Python (3.8.2),py,Wrong Answer,1249,219996,439,
s234902949,p02936,u905203728,1593877639,Python,PyPy3 (7.3.0),py,Time Limit Exceeded,2255,1520556,446,
s493548796,p02936,u905203728,1593877600,Python,PyPy3 (7.3.0),py,Time Limit Exceeded,2285,1437224,449,
s761422687,p02936,u905203728,1593877525,Python,PyPy3 (7.3.0),py,Time Limit Exceeded,2244,1465496,526,
s955832687,p02936,u687204015,1593875748,C++,C++ (GCC 9.2.1),cpp,Accepted,137,26652,2174,
s140134664,p02936,u057109575,1593862742,Python,PyPy3 (7.3.0),py,Accepted,801,182608,616,
s742164360,p02936,u263333739,1593849475,Java,Java (OpenJDK 1.8.0),java,Accepted,1110,80272,3310,
s746798111,p02936,u263333739,1593849364,Java,Java (OpenJDK 1.8.0),java,Accepted,1029,81080,3308,
s553528067,p02936,u307737725,1593839871,C++,C++ (GCC 9.2.1),cpp,Accepted,237,30612,653,
s195471000,p02936,u890331732,1593839806,C++,C++ (GCC 9.2.1),cpp,Accepted,242,25144,618,
s425955143,p02936,u890331732,1593839556,C++,C++ (GCC 9.2.1),cpp,Runtime Error,1003,272444,615,
s782825127,p02936,u527984331,1593837172,Haskell,Haskell (GHC 8.8.3),hs,Accepted,430,136800,866,
s204351790,p02936,u527984331,1593836115,Haskell,Haskell (GHC 8.8.3),hs,Accepted,872,173676,813,
s627394924,p02936,u527984331,1593835902,Haskell,Haskell (GHC 8.8.3),hs,Time Limit Exceeded,2211,173556,804,
s900298393,p02936,u527984331,1593835287,Haskell,Haskell (GHC 8.8.3),hs,Time Limit Exceeded,2210,196056,799,
s718854902,p02936,u527984331,1593834792,Haskell,Haskell (GHC 8.8.3),hs,Time Limit Exceeded,2214,242932,863,
s043074207,p02936,u527984331,1593834595,Haskell,Haskell (GHC 8.8.3),hs,Wrong Answer,2210,158072,874,
s781565444,p02936,u527984331,1593833941,Haskell,Haskell (GHC 8.8.3),hs,Time Limit Exceeded,2209,154972,884,
s262290524,p02936,u527984331,1593833011,Haskell,Haskell (GHC 8.8.3),hs,Runtime Error,444,113420,912,
s383150230,p02936,u527984331,1593832721,Haskell,Haskell (GHC 8.8.3),hs,Runtime Error,444,113380,896,
s047244701,p02936,u527984331,1593832358,Haskell,Haskell (GHC 8.8.3),hs,Runtime Error,468,113428,903,
s270037042,p02936,u493520238,1593832262,Python,PyPy3 (7.3.0),py,Accepted,764,128236,710,
s504284921,p02936,u692704469,1593831315,C++,C++ (GCC 9.2.1),cpp,Wrong Answer,210,17152,960,
s150167337,p02936,u649865415,1593830863,C#,C# (.NET Core 3.1.201),cs,Accepted,719,79536,7157,
s848889145,p02936,u649865415,1593827917,C#,C# (.NET Core 3.1.201),cs,Time Limit Exceeded,2208,84216,5757,
s959104665,p02936,u658901072,1593826584,C++,C++ (GCC 9.2.1),cpp,Accepted,251,30668,802,
s406684316,p02936,u527984331,1593826448,Haskell,Haskell (GHC 8.8.3),hs,Time Limit Exceeded,2210,154688,832,
s634232427,p02936,u649865415,1593825917,C#,C# (.NET Core 3.1.201),cs,Wrong Answer,2207,74896,3581,
s467653031,p02936,u649865415,1593824726,C#,C# (.NET Core 3.1.201),cs,Time Limit Exceeded,2207,67816,1991,
s092743079,p02936,u527984331,1593824692,Haskell,Haskell (GHC 8.8.3),hs,Runtime Error,1006,201292,797,
s161727855,p02936,u192675031,1593823773,Rust,Rust (1.42.0),rs,Accepted,127,44328,913,
s313464292,p02936,u470123394,1593823071,C++,C++ (GCC 9.2.1),cpp,Accepted,249,26636,978,
s913892699,p02936,u658901072,1593822585,C++,C++ (GCC 9.2.1),cpp,Wrong Answer,221,24360,756,
s520965293,p02936,u470123394,1593821915,C++,C++ (GCC 9.2.1),cpp,Wrong Answer,2206,6568,1627,
s138031541,p02936,u867826040,1593819093,Python,Python (3.8.2),py,Runtime Error,883,44456,263,
s758131809,p02936,u867826040,1593817184,Python,Python (3.8.2),py,Wrong Answer,2211,225912,414,
s260241525,p02936,u723711163,1593815516,Python,Python (3.8.2),py,Accepted,1469,256656,552,
s900800468,p02936,u723711163,1593815435,Python,PyPy3 (7.3.0),py,Time Limit Exceeded,2234,1226736,552,
s215662049,p02936,u313994303,1593815364,C++,C++ (GCC 9.2.1),cpp,Accepted,263,31404,772,
s200470597,p02936,u313994303,1593815287,C++,C++ (GCC 9.2.1),cpp,Accepted,260,31396,798,
s064615433,p02936,u723711163,1593814856,Python,PyPy3 (7.3.0),py,Runtime Error,838,153012,492,
s862305561,p02936,u313994303,1593813208,C++,C++ (GCC 9.2.1),cpp,Accepted,142,31420,1655,
s867487095,p02936,u855831834,1593800666,Python,Python (3.8.2),py,Accepted,1215,56580,525,
s725673548,p02936,u489603283,1593797227,C++,C++ (GCC 9.2.1),cpp,Accepted,488,24352,596,
s088664677,p02936,u489603283,1593797157,C++,C++ (GCC 9.2.1),cpp,Runtime Error,110,3640,745,
s205082034,p02936,u263333739,1593795583,Java,Java (OpenJDK 1.8.0),java,Time Limit Exceeded,2209,78128,3319,
s786103514,p02936,u263333739,1593795184,Java,Java (OpenJDK 1.8.0),java,Time Limit Exceeded,2208,78416,3191,
s459063848,p02936,u263333739,1593794929,Java,Java (OpenJDK 1.8.0),java,Time Limit Exceeded,2209,77448,3123,
s831680994,p02936,u263333739,1593794858,Java,Java (OpenJDK 1.8.0),java,Time Limit Exceeded,2209,77436,3006,
s084135546,p02936,u263333739,1593794781,Java,Java (OpenJDK 1.8.0),java,Compile Error,,,3105,
s188471092,p02936,u919730120,1593791674,Python,Python (3.8.2),py,Accepted,1072,60972,589,
s010871740,p02936,u263333739,1593789804,Java,Java (OpenJDK 1.8.0),java,Wrong Answer,2208,72556,2986,
s404471742,p02936,u919730120,1593788222,Python,Python (3.8.2),py,Runtime Error,1046,55444,580,
s116588813,p02936,u263333739,1593787735,Java,Java (OpenJDK 1.8.0),java,Time Limit Exceeded,2208,77524,3006,
s863087738,p02936,u110044127,1593784565,C++,C++ (GCC 9.2.1),cpp,Accepted,536,31404,1043,
s234935396,p02936,u110044127,1593784393,C++,C++ (GCC 9.2.1),cpp,Wrong Answer,2219,574556,1049,
s149254498,p02936,u485979475,1593751940,Python,Python (3.8.2),py,Accepted,1455,72100,949,
s830722488,p02936,u392423112,1593747716,Ruby,Ruby (2.7.1),rb,Accepted,813,293420,538,
s047932777,p02936,u934469795,1593741185,C++,C++ (GCC 9.2.1),cpp,Accepted,242,24916,641,
s462506376,p02936,u694711153,1593740754,C++,C++ (GCC 9.2.1),cpp,Accepted,139,16572,1985,
s910283439,p02936,u945554850,1593740625,C++,C++ (GCC 9.2.1),cpp,Accepted,487,25068,1069,
s922541542,p02936,u694711153,1593739677,C++,C++ (GCC 9.2.1),cpp,Wrong Answer,120,14996,1792,
s358647362,p02936,u506858457,1593736258,Python,Python (3.8.2),py,Accepted,1247,56628,488,
s642333907,p02936,u506858457,1593736110,Python,Python (3.8.2),py,Accepted,1234,56528,484,
s415775500,p02936,u474180590,1593733267,C++,C++ (GCC 9.2.1),cpp,Accepted,246,16652,957,
s126185682,p02936,u474180590,1593733130,C++,C++ (GCC 9.2.1),cpp,Compile Error,,,990,
s454816659,p02936,u474180590,1593732289,C++,C++ (GCC 9.2.1),cpp,Wrong Answer,200,15268,732,
s708414019,p02936,u506858457,1593732007,Python,Python (3.8.2),py,Accepted,1285,56816,449,
s230659938,p02936,u506858457,1593731483,Python,Python (3.8.2),py,Accepted,1489,282864,412,
s474173131,p02936,u506858457,1593731261,Python,Python (3.8.2),py,Runtime Error,1207,52224,372,
s767076564,p02936,u610897920,1593725884,C++,C++ (GCC 9.2.1),cpp,Accepted,274,33024,4014,
s277201470,p02936,u945554850,1593721009,C++,C++ (GCC 9.2.1),cpp,Wrong Answer,561,17152,966,
s800228878,p02936,u945554850,1593720923,C++,C++ (GCC 9.2.1),cpp,Compile Error,,,970,
s442793975,p02936,u621956397,1593710626,C++,C++ (GCC 9.2.1),cpp,Accepted,241,25500,435,
s991838180,p02936,u370721525,1593709190,Python,Python (3.8.2),py,Accepted,1411,223404,466,
s363751324,p02936,u370721525,1593709069,Python,Python (3.8.2),py,Runtime Error,1173,53832,447,
s838416693,p02936,u370721525,1593708931,Python,Python (3.8.2),py,Runtime Error,1230,53908,458,
s727599472,p02936,u370721525,1593708747,Python,Python (3.8.2),py,Accepted,977,223428,543,
s725051072,p02936,u613920660,1593708479,Python,Python (3.8.2),py,Runtime Error,921,99768,503,
s079603087,p02936,u370721525,1593708211,Python,Python (3.8.2),py,Runtime Error,1147,53772,425,
s699468805,p02936,u370721525,1593708029,Python,Python (3.8.2),py,Runtime Error,1109,68196,474,
s924001648,p02936,u370721525,1593707912,Python,Python (3.8.2),py,Runtime Error,990,60832,440,
s614532191,p02936,u370721525,1593707173,Python,Python (3.8.2),py,Time Limit Exceeded,2206,71636,521,
s261536585,p02936,u370721525,1593707041,Python,Python (3.8.2),py,Runtime Error,2205,25080,521,
s316997028,p02936,u370721525,1593704942,Python,PyPy3 (7.3.0),py,Wrong Answer,2211,219688,358,
s133427075,p02936,u370721525,1593704814,Python,Python (3.8.2),py,Wrong Answer,2206,42260,346,
s167826974,p02936,u705857261,1593695250,Python,Python (3.8.2),py,Accepted,1175,260340,840,
s514675848,p02936,u758793356,1593676364,Java,Java (OpenJDK 11.0.6),java,Accepted,527,115392,5745,
s263616184,p02936,u651235280,1593655197,Python,PyPy3 (7.3.0),py,Accepted,440,116472,617,
s156300124,p02936,u651235280,1593654490,Python,PyPy3 (7.3.0),py,Time Limit Exceeded,2254,1531236,543,
s640335149,p02936,u651235280,1593654463,Python,Python (3.8.2),py,Accepted,965,223412,543,
s521817236,p02936,u496511996,1593651297,C++,C++ (GCC 9.2.1),cpp,Accepted,493,46992,1118,
s054139719,p02936,u496511996,1593651025,C++,C++ (GCC 9.2.1),cpp,Time Limit Exceeded,2207,61184,1156,
s180512310,p02936,u496511996,1593650950,C++,C++ (GCC 9.2.1),cpp,Time Limit Exceeded,2207,58040,1154,
s820789065,p02936,u496511996,1593650920,C++,C++ (GCC 9.2.1),cpp,Compile Error,,,1151,
s562263918,p02936,u531631168,1593648410,Python,Python (3.8.2),py,Accepted,1429,223596,491,
s844575591,p02936,u531631168,1593648179,Python,Python (3.8.2),py,Runtime Error,1163,53696,449,
s827436509,p02936,u673211643,1593642444,C++,C++ (GCC 9.2.1),cpp,Accepted,236,18404,2554,
s369836865,p02936,u347184682,1593638496,Python,Python (3.8.2),py,Accepted,1213,65804,538,
s159472794,p02936,u347184682,1593638446,Python,Python (3.8.2),py,Accepted,1208,54872,450,
s700204202,p02936,u387371565,1593638212,C++,C++ (GCC 9.2.1),cpp,Accepted,237,20564,915,
s247721206,p02936,u387371565,1593638044,C++,C++ (GCC 9.2.1),cpp,Accepted,253,20516,916,
s806845745,p02936,u347184682,1593637464,Python,Python (3.8.2),py,Time Limit Exceeded,2207,54724,472,
s818293163,p02936,u347184682,1593637292,Python,Python (3.8.2),py,Time Limit Exceeded,2207,54840,465,
s388070337,p02936,u347184682,1593637142,Python,Python (3.8.2),py,Time Limit Exceeded,2207,54696,498,
s995066100,p02936,u347184682,1593636578,Python,Python (3.8.2),py,Time Limit Exceeded,2208,64296,529,
s858177665,p02936,u347184682,1593635968,Python,Python (3.8.2),py,Wrong Answer,2207,59576,541,
s989151788,p02936,u347184682,1593635937,Python,Python (3.8.2),py,Time Limit Exceeded,2208,65912,539,
s703395448,p02936,u347184682,1593635522,Python,Python (3.8.2),py,Wrong Answer,2207,59532,504,
s503601093,p02936,u139300044,1593625616,C++,C++ (GCC 9.2.1),cpp,Accepted,135,25072,1469,
s212704179,p02936,u692704469,1593621997,C++,C++ (GCC 9.2.1),cpp,Time Limit Exceeded,2205,5052,962,
s332672115,p02936,u628332144,1593599936,C++,C++ (GCC 9.2.1),cpp,Accepted,532,25092,1042,
s521982856,p02936,u115672517,1593582078,C++,C++ (GCC 9.2.1),cpp,Accepted,233,21932,721,
s906960805,p02936,u138273120,1593579115,C++,C++ (GCC 9.2.1),cpp,Accepted,432,331376,820,
s274760814,p02936,u581094488,1593576422,C++,C++ (GCC 9.2.1),cpp,Accepted,511,25100,832,
s914489525,p02936,u126146165,1593576371,C++,C++ (GCC 9.2.1),cpp,Accepted,492,48568,851,
s404977462,p02936,u126146165,1593576236,C++,C++ (GCC 9.2.1),cpp,Wrong Answer,372,48556,828,
s976024392,p02936,u126146165,1593574990,C++,C++ (GCC 9.2.1),cpp,Time Limit Exceeded,2262,2185668,827,
s408961689,p02936,u857982473,1593574252,C++,C++ (GCC 9.2.1),cpp,Wrong Answer,227,17640,8429,
s665481014,p02936,u857982473,1593573365,C++,C++ (GCC 9.2.1),cpp,Wrong Answer,183,5928,8089,
s051548217,p02936,u372550522,1593570130,Python,PyPy3 (7.3.0),py,Runtime Error,759,157172,424,
s109766963,p02936,u243714267,1593565385,Python,PyPy3 (7.3.0),py,Wrong Answer,2209,110696,440,
s970783734,p02936,u243714267,1593565273,Python,PyPy3 (7.3.0),py,Wrong Answer,2208,108184,410,
s519543140,p02936,u434398296,1593558204,C++,C++ (GCC 9.2.1),cpp,Wrong Answer,8,3552,1491,
s060202894,p02936,u332258971,1593557059,C++,C++ (GCC 9.2.1),cpp,Time Limit Exceeded,2206,36232,1650,
s764392442,p02936,u392283934,1593555705,C++,C++ (GCC 9.2.1),cpp,Accepted,191,44296,3865,
s906918145,p02936,u649310245,1593547549,C++,C++ (Clang 10.0.0),cpp,Accepted,659,40864,4044,
s222609099,p02936,u649310245,1593547518,C++,C++ (Clang 10.0.0),cpp,Runtime Error,112,7572,4044,
s997209772,p02936,u649310245,1593546845,C++,C++ (Clang 10.0.0),cpp,Wrong Answer,612,40564,3941,
s974096220,p02936,u649310245,1593541354,C++,C++ (Clang 10.0.0),cpp,Wrong Answer,635,40564,3988,
s887911380,p02936,u645250356,1593540914,Python,Python (3.8.2),py,Accepted,1084,224604,795,
s307813992,p02936,u645250356,1593540873,Python,PyPy3 (7.3.0),py,Time Limit Exceeded,2248,1312748,795,
s527150469,p02936,u618251217,1593532128,Python,Python (3.8.2),py,Accepted,1084,223208,804,
s249268305,p02936,u618251217,1593529805,Python,Python (3.8.2),py,Wrong Answer,945,216508,759,
s449214548,p02936,u618251217,1593529353,Python,Python (3.8.2),py,Runtime Error,1086,52772,668,
s202709471,p02936,u411353821,1593521557,Python,PyPy3 (7.3.0),py,Accepted,748,128228,634,
s620795148,p02936,u556672233,1593521474,Python,Python (3.8.2),py,Runtime Error,979,64012,437,
s925807286,p02936,u411353821,1593521416,Python,PyPy3 (7.3.0),py,Wrong Answer,723,111312,607,
s174717585,p02936,u411353821,1593520995,Python,PyPy3 (7.3.0),py,Wrong Answer,2211,243788,598,
s181506417,p02936,u411353821,1593520835,Python,PyPy3 (7.3.0),py,Wrong Answer,2212,243728,597,
s374381808,p02936,u411353821,1593520813,Python,PyPy3 (7.3.0),py,Wrong Answer,2211,243924,617,
s297251555,p02936,u243714267,1593503620,Python,Python (3.8.2),py,Wrong Answer,2207,46904,419,
s346875098,p02936,u600402037,1593489444,C++,C++ (GCC 9.2.1),cpp,Accepted,241,25084,646,
s480432980,p02936,u869306730,1593487942,C++,C++ (GCC 9.2.1),cpp,Accepted,97,23880,1589,
s568340128,p02936,u869306730,1593487249,C++,C++ (GCC 9.2.1),cpp,Accepted,100,23840,2595,
s984339658,p02936,u869306730,1593487125,C++,C++ (GCC 9.2.1),cpp,Accepted,146,25056,2015,
s699417591,p02936,u869306730,1593486871,C++,C++ (GCC 9.2.1),cpp,Accepted,356,23928,2583,
s004998913,p02936,u869306730,1593486575,C++,C++ (GCC 9.2.1),cpp,Accepted,340,23932,2625,
s409587817,p02936,u869306730,1593486512,C++,C++ (GCC 9.2.1),cpp,Accepted,357,23948,2637,
s607562341,p02936,u869306730,1593486348,C++,C++ (GCC 9.2.1),cpp,Accepted,364,20340,2630,
s743923193,p02936,u869306730,1593486223,C++,C++ (GCC 9.2.1),cpp,Accepted,363,21956,2830,
s942611670,p02936,u869306730,1593485680,C++,C++ (GCC 9.2.1),cpp,Accepted,368,21916,2742,
s907051905,p02936,u869306730,1593485637,C++,C++ (GCC 9.2.1),cpp,Accepted,372,26604,2791,
s117620392,p02936,u869306730,1593483577,C++,C++ (GCC 9.2.1),cpp,Accepted,405,25800,2227,
s834120312,p02936,u889919275,1593482174,Python,Python (3.8.2),py,Wrong Answer,2209,83968,609,
s326579696,p02936,u760569096,1593477192,Python,Python (3.8.2),py,Accepted,1570,132944,662,
s405977096,p02936,u323255029,1593476810,Go,Go (1.14.1),go,Accepted,256,62512,2066,
s617550005,p02936,u760569096,1593476727,Python,Python (3.8.2),py,Accepted,1633,132916,692,
s856132278,p02936,u323255029,1593476125,Go,Go (1.14.1),go,Runtime Error,2223,709124,2053,
s418861148,p02936,u323255029,1593475724,Go,Go (1.14.1),go,Runtime Error,2227,678492,2081,
s640940772,p02936,u760569096,1593475503,Python,Python (3.8.2),py,Time Limit Exceeded,2209,123740,651,
s436721974,p02936,u131340563,1593475126,C++,C++ (GCC 9.2.1),cpp,Accepted,493,37224,1365,
s663528785,p02936,u131340563,1593474903,C++,C++ (GCC 9.2.1),cpp,Wrong Answer,356,35108,1257,
s154784751,p02936,u131340563,1593474700,C++,C++ (GCC 9.2.1),cpp,Wrong Answer,306,33100,1198,
s330153372,p02936,u760569096,1593474293,Python,Python (3.8.2),py,Time Limit Exceeded,2208,89916,551,
s933230662,p02936,u323255029,1593467490,Go,Go (1.14.1),go,Time Limit Exceeded,2206,21748,551,
s907399206,p02936,u323255029,1593466737,Go,Go (1.14.1),go,Time Limit Exceeded,2206,21768,540,
s306517283,p02936,u600402037,1593466677,C++,C++ (GCC 9.2.1),cpp,Accepted,250,18948,1132,
s467325950,p02936,u258923384,1593457395,Rust,Rust (1.42.0),rs,Accepted,157,25092,167724,
s625562366,p02936,u258923384,1593454716,Rust,Rust (1.42.0),rs,Wrong Answer,196,39436,168492,
s045373534,p02936,u779805689,1593447470,Python,PyPy3 (7.3.0),py,Accepted,1041,178520,500,
s023631793,p02936,u772029934,1593407275,Python,PyPy3 (7.3.0),py,Accepted,792,127108,554,
s396915107,p02936,u772029934,1593407180,Python,Python (3.8.2),py,Wrong Answer,2431,148100,606,
s523825865,p02936,u772029934,1593407008,Python,PyPy3 (7.3.0),py,Wrong Answer,2371,351924,606,
s907211670,p02936,u392058778,1593405508,C++,C++ (GCC 9.2.1),cpp,Accepted,143,37492,1889,
s432116913,p02936,u730769327,1593400416,Python,PyPy3 (7.3.0),py,Accepted,684,136496,444,
s478398579,p02936,u730769327,1593399804,Python,PyPy3 (7.3.0),py,Runtime Error,2209,198016,417,
s341420300,p02936,u730769327,1593399759,Python,Python (3.8.2),py,Runtime Error,2207,52332,417,
s414565946,p02936,u730769327,1593399477,Python,Python (3.8.2),py,Runtime Error,2207,51268,378,
s310155978,p02936,u512624048,1593391782,C++,C++ (GCC 9.2.1),cpp,Accepted,289,27452,696,
s756821490,p02936,u512624048,1593390876,C++,C++ (GCC 9.2.1),cpp,Wrong Answer,229,18972,754,
s006149752,p02936,u970109776,1593380885,C++,C++ (Clang 10.0.0),cpp,Accepted,511,21572,1070,
s003435242,p02936,u970109776,1593380349,C++,C++ (Clang 10.0.0),cpp,Wrong Answer,510,21508,928,
s345900670,p02936,u046482892,1593378156,C++,C++ (GCC 9.2.1),cpp,Accepted,313,41512,919,
s936004039,p02936,u730447703,1593376793,C++,C++ (Clang 10.0.0),cpp,Accepted,531,24728,944,
s771101638,p02936,u730447703,1593376457,C++,C++ (Clang 10.0.0),cpp,Wrong Answer,493,23996,785,
s741179123,p02936,u614181788,1593370970,Python,Python (3.8.2),py,Accepted,1269,54836,550,
s968067426,p02936,u195257137,1593365732,Ruby,Ruby (2.7.1),rb,Accepted,613,45036,430,
s200334350,p02936,u195257137,1593360099,Ruby,Ruby (2.7.1),rb,Wrong Answer,511,35348,385,
s962404522,p02936,u195257137,1593358825,Ruby,Ruby (2.7.1),rb,Wrong Answer,2209,146320,503,
s225992009,p02936,u329731898,1593322603,C++,C++ (GCC 9.2.1),cpp,Wrong Answer,172,6696,711,
s360859801,p02936,u926412290,1593318434,Python,Python (3.8.2),py,Accepted,1369,282932,583,
s069197115,p02936,u926412290,1593318377,Python,Python (3.8.2),py,Runtime Error,1206,168972,583,
s486941462,p02936,u606600497,1593301797,C++,C++ (GCC 9.2.1),cpp,Accepted,145,34652,1178,
s474014525,p02936,u645250356,1593298683,Python,PyPy3 (7.3.0),py,Accepted,534,127912,726,
s776330590,p02936,u955282280,1593296662,C++,C++ (GCC 9.2.1),cpp,Accepted,255,25172,765,
s714455934,p02936,u507549471,1593292446,C++,C++ (GCC 9.2.1),cpp,Time Limit Exceeded,2288,2258836,1276,
s451014906,p02936,u507549471,1593292338,C++,C++ (GCC 9.2.1),cpp,Time Limit Exceeded,2289,2340372,1315,
s975037298,p02936,u943057856,1593289092,Python,PyPy3 (7.3.0),py,Time Limit Exceeded,2252,1273024,452,
s957434552,p02936,u943057856,1593289054,Python,Python (3.8.2),py,Accepted,1435,232972,452,
s429035062,p02936,u943057856,1593288981,Python,Python (3.8.2),py,Runtime Error,1087,52308,412,
s685228317,p02936,u268977772,1593288810,C++,C++ (GCC 9.2.1),cpp,Accepted,272,28348,733,
s802813239,p02936,u268977772,1593288659,C++,C++ (GCC 9.2.1),cpp,Wrong Answer,238,28160,629,
s699578887,p02936,u544879354,1593282936,C++,C++ (GCC 9.2.1),cpp,Accepted,504,24308,1451,
s199975785,p02936,u945078804,1593282288,C++,C++ (GCC 9.2.1),cpp,Accepted,106,31900,1172,
s746846776,p02936,u544879354,1593281833,C++,C++ (GCC 9.2.1),cpp,Accepted,520,24308,1432,
s381961710,p02936,u507549471,1593281065,C++,C++ (GCC 9.2.1),cpp,Wrong Answer,2205,27716,1255,
s695691445,p02936,u544879354,1593280822,C++,C++ (GCC 9.2.1),cpp,Wrong Answer,217,18764,1358,
s402458104,p02936,u544879354,1593280666,C++,C++ (GCC 9.2.1),cpp,Wrong Answer,226,18736,1358,
s374327840,p02936,u544879354,1593280479,C++,C++ (GCC 9.2.1),cpp,Wrong Answer,213,18776,1329,
s766938968,p02936,u544879354,1593279840,C++,C++ (GCC 9.2.1),cpp,Wrong Answer,2206,23644,1430,
s313551269,p02936,u945078804,1593279485,C++,C++ (GCC 9.2.1),cpp,Wrong Answer,101,27800,929,
s084095333,p02936,u945078804,1593278025,C++,C++ (GCC 9.2.1),cpp,Wrong Answer,2206,24348,924,
s480144781,p02936,u556672233,1593268690,Python,Python (3.8.2),py,Runtime Error,1005,48468,429,
s506989013,p02936,u950002813,1593249066,C++,C++ (GCC 9.2.1),cpp,Accepted,169,33728,6288,
s858161448,p02936,u649310245,1593244263,C++,C++ (Clang 10.0.0),cpp,Wrong Answer,2206,24796,3901,
s255282539,p02936,u950002813,1593243592,C++,C++ (GCC 9.2.1),cpp,Wrong Answer,146,20368,6182,
s036106102,p02936,u274883254,1593242992,C++,C++ (GCC 9.2.1),cpp,Accepted,159,37492,993,
s774656860,p02936,u950002813,1593241036,C++,C++ (GCC 9.2.1),cpp,Wrong Answer,142,31468,5707,
s118009441,p02936,u950002813,1593240873,C++,C++ (GCC 9.2.1),cpp,Wrong Answer,141,29800,5707,
s928160770,p02936,u950002813,1593238523,C++,C++ (GCC 9.2.1),cpp,Wrong Answer,125,17232,5278,
s315395852,p02936,u950002813,1593238245,C++,C++ (GCC 9.2.1),cpp,Wrong Answer,127,16848,5269,
s114899885,p02936,u288042356,1593237820,Java,Java (OpenJDK 1.8.0),java,Accepted,1519,79940,19868,
s025136299,p02936,u288042356,1593237285,Java,Java (OpenJDK 1.8.0),java,Wrong Answer,1602,77260,19723,
s606961088,p02936,u950002813,1593236777,C++,C++ (GCC 9.2.1),cpp,Wrong Answer,2206,16588,5529,
s766490253,p02936,u243572357,1593236707,Python,Python (3.8.2),py,Runtime Error,2208,70688,516,
s929076865,p02936,u288042356,1593236664,Java,Java (OpenJDK 1.8.0),java,Wrong Answer,1454,72136,19527,
s825742016,p02936,u950002813,1593236632,C++,C++ (GCC 9.2.1),cpp,Wrong Answer,2206,16636,5525,
s612732668,p02936,u288042356,1593236223,Java,Java (OpenJDK 1.8.0),java,Wrong Answer,1491,72976,19523,
s229301843,p02936,u288042356,1593236116,Java,Java (OpenJDK 1.8.0),java,Wrong Answer,2190,72640,19561,
s991287101,p02936,u288042356,1593235499,Java,Java (OpenJDK 1.8.0),java,Wrong Answer,1728,96048,19514,
s589590886,p02936,u797106134,1593232866,Python,Python (3.8.2),py,Accepted,1515,267560,889,
s880682350,p02936,u797106134,1593232706,Python,Python (3.8.2),py,Runtime Error,1241,81228,849,
s858090667,p02936,u797106134,1593232532,Python,Python (3.8.2),py,Runtime Error,1261,75380,834,
s291179240,p02936,u636251914,1593226862,Python,Python (3.8.2),py,Accepted,1412,232960,530,
s206061399,p02936,u636251914,1593226814,Python,Python (3.8.2),py,Runtime Error,1224,52300,487,
s047155471,p02936,u822029894,1593220230,OCaml,OCaml (4.10.0),ml,Accepted,365,43920,778,
s706836280,p02936,u288042356,1593210241,Java,Java (OpenJDK 1.8.0),java,Wrong Answer,1173,52244,19098,
s388050488,p02936,u288042356,1593209756,Java,Java (OpenJDK 1.8.0),java,Wrong Answer,2207,51956,19220,
s538849482,p02936,u556017194,1593207921,Go,Go (1.14.1),go,Accepted,529,55212,900,
s098431800,p02936,u556017194,1593207772,Go,Go (1.14.1),go,Time Limit Exceeded,2206,23420,701,
s632354477,p02936,u004279520,1593202454,C,C (GCC 9.2.1),c,Accepted,162,32648,8512,
s574350695,p02936,u004279520,1593202178,C,C (GCC 9.2.1),c,Accepted,175,34244,8221,
s279807168,p02936,u004279520,1593202115,C,C (GCC 9.2.1),c,Runtime Error,104,1664,8221,
s815277200,p02936,u306482197,1593179083,C++,C++ (GCC 9.2.1),cpp,Accepted,343,34660,645,
s925766687,p02936,u327466606,1593168556,Python,Python (3.8.2),py,Accepted,1195,59468,429,
s983656116,p02936,u327466606,1593168528,Python,PyPy3 (7.3.0),py,Accepted,721,135352,429,
s830989947,p02936,u327466606,1593168386,Python,PyPy3 (7.3.0),py,Accepted,778,135464,442,
s420079883,p02936,u327466606,1593146647,Python,PyPy3 (7.3.0),py,Accepted,727,136804,488,
s049368017,p02936,u327466606,1593146312,Python,PyPy3 (7.3.0),py,Wrong Answer,722,121800,403,
s812922252,p02936,u327466606,1593146274,Python,PyPy3 (7.3.0),py,Wrong Answer,650,121856,410,
s974417507,p02936,u262801165,1593145736,Python,Python (3.8.2),py,Wrong Answer,532,28800,581,
s157475496,p02936,u373699015,1593138116,C++,C++ (GCC 9.2.1),cpp,Accepted,259,20576,940,
s015334735,p02936,u336381735,1593137475,C++,C++ (GCC 9.2.1),cpp,Accepted,255,29840,1289,
s770016349,p02936,u336381735,1593136831,C++,C++ (GCC 9.2.1),cpp,Time Limit Exceeded,2347,3488836,1736,
s203871153,p02936,u148551245,1593135288,Rust,Rust (1.42.0),rs,Accepted,127,42116,4483,
s294828541,p02936,u148551245,1593135041,Rust,Rust (1.42.0),rs,Runtime Error,2340,3531164,4443,
s981818263,p02936,u148551245,1593134789,Rust,Rust (1.42.0),rs,Wrong Answer,96,38808,4426,
s267464426,p02936,u116038906,1593134742,Python,PyPy3 (7.3.0),py,Accepted,830,227992,1001,
s858740969,p02936,u148551245,1593134599,Rust,Rust (1.42.0),rs,Wrong Answer,96,38696,4302,
s658657095,p02936,u116038906,1593134024,Python,Python (3.8.2),py,Accepted,1489,151008,913,
s199732968,p02936,u943057856,1593133230,Python,Python (3.8.2),py,Time Limit Exceeded,2289,2681376,633,
s994349621,p02936,u943057856,1593133096,Python,Python (3.8.2),py,Wrong Answer,2273,2672008,610,
s213065902,p02936,u327532412,1593132907,Python,Python (3.8.2),py,Accepted,1440,233268,485,
s803470869,p02936,u327532412,1593132778,Python,Python (3.8.2),py,Wrong Answer,1412,235832,484,
s556667964,p02936,u327532412,1593132725,Python,Python (3.8.2),py,Runtime Error,1159,53224,442,
s397066768,p02936,u945359338,1593132022,C++,C++ (GCC 9.2.1),cpp,Accepted,254,31456,844,
s751542531,p02936,u369633456,1593129926,C++,C++ (GCC 9.2.1),cpp,Accepted,137,28636,654,
s057383937,p02936,u369633456,1593129834,C++,C++ (GCC 9.2.1),cpp,Runtime Error,372,270724,653,
s382410243,p02936,u369633456,1593129735,C++,C++ (GCC 9.2.1),cpp,Runtime Error,337,270696,639,
s585271723,p02936,u840310460,1593128016,Python,Python (3.8.2),py,Accepted,1706,289876,726,
s320628613,p02936,u840310460,1593127753,Python,Python (3.8.2),py,Wrong Answer,1527,278912,639,
s868362002,p02936,u840310460,1593127617,Python,Python (3.8.2),py,Wrong Answer,1577,272392,638,
s167404149,p02936,u840310460,1593127532,Python,Python (3.8.2),py,Wrong Answer,1541,276904,613,
s410167444,p02936,u840310460,1593124642,Python,Python (3.8.2),py,Wrong Answer,2209,121392,962,
s975525412,p02936,u880480312,1593123899,Python,Python (3.8.2),py,Accepted,939,283284,1040,
s348170686,p02936,u840310460,1593122680,Python,PyPy3 (7.3.0),py,Wrong Answer,2231,985188,820,
s758581355,p02936,u840310460,1593122631,Python,Python (3.8.2),py,Wrong Answer,2214,312660,820,
s386197265,p02936,u840310460,1593122552,Python,Python (3.8.2),py,Runtime Error,2209,137440,777,
s183103373,p02936,u361344213,1593105193,C++,C++ (GCC 9.2.1),cpp,Accepted,241,18112,1159,
s605725477,p02936,u361344213,1593103456,C++,C++ (GCC 9.2.1),cpp,Runtime Error,2361,3536700,1153,
s635356864,p02936,u361344213,1593101686,C++,C++ (GCC 9.2.1),cpp,Wrong Answer,225,25100,949,
s016136601,p02936,u361344213,1593101524,C++,C++ (GCC 9.2.1),cpp,Wrong Answer,221,24288,796,
s911896931,p02936,u367701763,1593096616,Python,Python (3.8.2),py,Accepted,1389,353792,1234,
s766003106,p02936,u367701763,1593096550,Python,PyPy3 (7.3.0),py,Time Limit Exceeded,2247,1300220,1234,
s021983363,p02936,u583276018,1593095444,C++,C++ (GCC 9.2.1),cpp,Wrong Answer,126,18140,3098,
s711925430,p02936,u722640678,1593071045,C++,C++ (GCC 9.2.1),cpp,Compile Error,,,1041,
s584142675,p02936,u494904817,1593069003,C++,C++ (GCC 9.2.1),cpp,Accepted,255,25072,1162,
s580895172,p02936,u514114987,1593068901,C++,C++ (GCC 9.2.1),cpp,Accepted,282,66796,1245,
s218276951,p02936,u196953553,1593058778,C++,C++ (GCC 9.2.1),cpp,Accepted,530,20556,2192,
s270827903,p02936,u196953553,1593057125,C++,C++ (GCC 9.2.1),cpp,Wrong Answer,497,17200,2202,
s416785004,p02936,u196953553,1593056348,C++,C++ (GCC 9.2.1),cpp,Wrong Answer,503,15640,2051,
s769554217,p02936,u196953553,1593054482,C++,C++ (GCC 9.2.1),cpp,Wrong Answer,2206,15848,2021,
s219612173,p02936,u010686961,1593051645,C++,C++ (GCC 9.2.1),cpp,Accepted,201,31920,1026,
s182653280,p02936,u260216890,1593048329,Python,Python (3.8.2),py,Accepted,1157,282840,631,
s509509392,p02936,u260216890,1593048202,Python,PyPy3 (7.3.0),py,Accepted,873,127024,509,
s902102275,p02936,u260216890,1593047806,Python,PyPy3 (7.3.0),py,Wrong Answer,722,111464,485,
s617886003,p02936,u426572476,1593047361,Python,PyPy3 (7.3.0),py,Accepted,845,163544,5332,
s769011795,p02936,u426572476,1593046973,Python,PyPy3 (7.3.0),py,Wrong Answer,670,153340,5191,
s154746655,p02936,u010686961,1593046883,C++,C++ (GCC 9.2.1),cpp,Wrong Answer,185,22408,803,
s653485998,p02936,u829260400,1593041543,C++,C++ (GCC 9.2.1),cpp,Accepted,632,27432,2729,
s809952598,p02936,u926412290,1593040332,Python,PyPy3 (7.3.0),py,Time Limit Exceeded,2239,1289880,583,
s796752479,p02936,u926412290,1593039828,Python,PyPy3 (7.3.0),py,Runtime Error,800,153440,544,
s217833067,p02936,u926412290,1593037274,Python,PyPy3 (7.3.0),py,Runtime Error,2208,156808,478,
s683329728,p02936,u111285482,1593036919,Java,Java (OpenJDK 11.0.6),java,Accepted,1106,109504,3364,
s260523377,p02936,u396266329,1593034129,C++,C++ (GCC 9.2.1),cpp,Accepted,249,28268,1455,
s707377373,p02936,u396266329,1593033944,C++,C++ (GCC 9.2.1),cpp,Wrong Answer,228,24320,1333,
s950143712,p02936,u396266329,1593033374,C++,C++ (GCC 9.2.1),cpp,Wrong Answer,227,15664,1281,
s054213222,p02936,u396266329,1593033283,C++,C++ (GCC 9.2.1),cpp,Wrong Answer,214,14876,1274,
s331622627,p02936,u641900703,1593030304,C++,C++ (GCC 9.2.1),cpp,Accepted,493,24196,669,
s078447103,p02936,u512624048,1593015103,C++,C++ (GCC 9.2.1),cpp,Accepted,255,19816,882,
s620710181,p02936,u565761178,1593011812,Python,Python (3.8.2),py,Accepted,1462,283092,897,
s336305462,p02936,u565761178,1593011653,Python,Python (3.8.2),py,Runtime Error,1167,52456,844,
s305100002,p02936,u237390401,1593010203,C++,C++ (GCC 9.2.1),cpp,Accepted,243,28348,1015,
s074788520,p02936,u237390401,1593009775,C++,C++ (GCC 9.2.1),cpp,Wrong Answer,236,28332,986,
s601867369,p02936,u237390401,1593009419,C++,C++ (GCC 9.2.1),cpp,Wrong Answer,2290,2632068,1025,
s600206922,p02936,u237390401,1593009263,C++,C++ (GCC 9.2.1),cpp,Wrong Answer,2280,2666932,1041,
s608007422,p02936,u237390401,1593008657,C++,C++ (GCC 9.2.1),cpp,Wrong Answer,2288,2640328,937,
s721665953,p02936,u237390401,1593008173,C++,C++ (GCC 9.2.1),cpp,Wrong Answer,2282,2625820,884,
s119098042,p02936,u237390401,1593007238,C++,C++ (GCC 9.2.1),cpp,Wrong Answer,2281,2726816,866,
s467337992,p02936,u273928723,1592980824,C++,C++ (GCC 9.2.1),cpp,Accepted,253,44204,1555,
s630754615,p02936,u273928723,1592980713,C++,C++ (GCC 9.2.1),cpp,Wrong Answer,256,45716,1622,
s291978645,p02936,u273928723,1592980271,C++,C++ (GCC 9.2.1),cpp,Accepted,258,25172,653,
s869405069,p02936,u273928723,1592979197,C++,C++ (GCC 9.2.1),cpp,Wrong Answer,231,47276,1623,
s647542614,p02936,u273928723,1592979173,C++,C++ (GCC 9.2.1),cpp,Compile Error,,,1623,
s158437383,p02936,u273928723,1592978877,C++,C++ (GCC 9.2.1),cpp,Wrong Answer,238,46000,1621,
s198480123,p02936,u273928723,1592978356,C++,C++ (GCC 9.2.1),cpp,Wrong Answer,234,45716,1490,
s999051081,p02936,u273928723,1592976400,C++,C++ (GCC 9.2.1),cpp,Wrong Answer,2206,44044,1576,
s912816134,p02936,u225388820,1592976344,Python,Python (3.8.2),py,Accepted,1024,56620,785,
s157896648,p02936,u225388820,1592976313,Python,Python (3.8.2),py,Accepted,662,56516,781,
s447161328,p02936,u225388820,1592976279,Python,Python (3.8.2),py,Accepted,638,60692,737,
s334983329,p02936,u885986895,1592976249,Python,Python (3.8.2),py,Accepted,1558,266048,525,
s137613491,p02936,u885986895,1592974031,Python,Python (3.8.2),py,Wrong Answer,1564,290020,448,
s730616808,p02936,u885986895,1592973880,Python,PyPy3 (7.3.0),py,Wrong Answer,2237,1328548,448,
s351507915,p02936,u885986895,1592971959,Python,PyPy3 (7.3.0),py,Wrong Answer,2247,1331980,414,
s929943151,p02936,u835805357,1592969227,C++,C++ (GCC 9.2.1),cpp,Accepted,260,30628,928,
s530448436,p02936,u252828980,1592961929,Python,Python (3.8.2),py,Runtime Error,974,52168,541,
s984492337,p02936,u001769145,1592961596,Python,Python (3.8.2),py,Accepted,1382,282856,522,
s227792885,p02936,u001769145,1592961531,Python,PyPy3 (7.3.0),py,Time Limit Exceeded,2238,1115496,522,
s493217537,p02936,u446774692,1592960704,C++,C++ (GCC 9.2.1),cpp,Accepted,240,19680,896,
s460974644,p02936,u446774692,1592960605,C++,C++ (GCC 9.2.1),cpp,Accepted,507,18920,816,
s183962509,p02936,u446774692,1592960499,C++,C++ (GCC 9.2.1),cpp,Wrong Answer,218,16356,896,
s316261078,p02936,u303039933,1592960282,Python,Python (3.8.2),py,Accepted,1058,228040,3326,
s179292688,p02936,u252828980,1592960188,Python,Python (3.8.2),py,Wrong Answer,1219,62736,667,
s892015996,p02936,u873915460,1592959293,Python,PyPy3 (7.3.0),py,Accepted,502,184152,603,
s033352997,p02936,u446774692,1592959167,C++,C++ (GCC 9.2.1),cpp,Wrong Answer,225,16428,909,
s310058709,p02936,u565761178,1592953609,Python,Python (3.8.2),py,Wrong Answer,1622,92568,403,
s230902798,p02936,u565761178,1592953492,Python,Python (3.8.2),py,Wrong Answer,1956,98984,422,
s667067789,p02936,u565761178,1592951142,Python,Python (3.8.2),py,Wrong Answer,1558,92404,384,
s119012081,p02936,u448570453,1592936924,C++,C++ (GCC 9.2.1),cpp,Accepted,172,44168,3747,
s313859304,p02936,u448570453,1592936865,C++,C++ (GCC 9.2.1),cpp,Runtime Error,107,5968,3747,
s546261740,p02936,u012133968,1592936791,Rust,Rust (1.42.0),rs,Accepted,128,28908,1554,
s043643982,p02936,u001769145,1592934887,Python,PyPy3 (7.3.0),py,Wrong Answer,2258,1380540,691,
s696459954,p02936,u001769145,1592934666,Python,Python (3.8.2),py,Wrong Answer,2215,236376,691,
s552540083,p02936,u644224332,1592932479,C++,C++ (GCC 9.2.1),cpp,Accepted,150,29800,3156,
s855443146,p02936,u866535689,1592923198,C++,C++ (GCC 9.2.1),cpp,Accepted,129,22184,1032,
s908408816,p02936,u866535689,1592922167,C++,C++ (GCC 9.2.1),cpp,Wrong Answer,144,25308,973,
s289675938,p02936,u825601908,1592921976,C++,C++ (GCC 9.2.1),cpp,Wrong Answer,346,4700,1196,
s763221998,p02936,u825601908,1592921869,C++,C++ (GCC 9.2.1),cpp,Wrong Answer,338,4744,1193,
s895494947,p02936,u825601908,1592921712,C++,C++ (GCC 9.2.1),cpp,Wrong Answer,325,4756,1193,
s261550557,p02936,u825601908,1592921380,C++,C++ (GCC 9.2.1),cpp,Wrong Answer,340,4720,1156,
s509915373,p02936,u866535689,1592919436,C++,C++ (GCC 9.2.1),cpp,Wrong Answer,88,14540,1245,
s376526945,p02936,u866535689,1592919379,C++,C++ (GCC 9.2.1),cpp,Wrong Answer,2206,14564,1243,
s586227251,p02936,u866535689,1592919335,C++,C++ (GCC 9.2.1),cpp,Wrong Answer,84,8276,1244,
s413413692,p02936,u866535689,1592918900,C++,C++ (GCC 9.2.1),cpp,Wrong Answer,2206,14464,1266,
s502354120,p02936,u866535689,1592917770,C++,C++ (GCC 9.2.1),cpp,Wrong Answer,2206,13696,1084,
s510659249,p02936,u968166680,1592914757,Python,Python (3.8.2),py,Accepted,658,90808,846,
s073802508,p02936,u968166680,1592914621,Python,Python (3.8.2),py,Accepted,965,296968,734,
s192362579,p02936,u860657719,1592888990,Python,Python (3.8.2),py,Accepted,1550,240928,626,
s170939896,p02936,u860657719,1592888735,Python,PyPy3 (7.3.0),py,Time Limit Exceeded,2242,1259004,626,
s194949663,p02936,u860657719,1592888629,Python,PyPy3 (7.3.0),py,Runtime Error,785,158340,586,
s639167571,p02936,u596505843,1592886482,Python,PyPy3 (7.3.0),py,Accepted,481,153304,606,
s422334969,p02936,u690536347,1592885697,Python,Python (3.8.2),py,Accepted,1237,66692,475,
s857469120,p02936,u190018920,1592885394,C++,C++ (GCC 9.2.1),cpp,Accepted,151,27496,1699,
s865007789,p02936,u258923384,1592885297,Rust,Rust (1.42.0),rs,Wrong Answer,206,40804,168283,
s176757224,p02936,u258923384,1592883191,Rust,Rust (1.42.0),rs,Wrong Answer,146,22000,166225,
s638249389,p02936,u061071198,1592874313,C++,C++ (GCC 9.2.1),cpp,Accepted,244,29812,6682,
s125622000,p02936,u061071198,1592874272,C++,C++ (GCC 9.2.1),cpp,Accepted,269,33084,6765,
s096588495,p02936,u157368592,1592874023,C++,C++ (GCC 9.2.1),cpp,Accepted,238,24292,905,
s871881002,p02936,u873269440,1592869584,C++,C++ (GCC 9.2.1),cpp,Accepted,485,18904,816,
s834726430,p02936,u873269440,1592869053,C++,C++ (GCC 9.2.1),cpp,Wrong Answer,504,18888,860,
s899431898,p02936,u110859855,1592851199,Python,Python (3.8.2),py,Accepted,1201,56528,467,
s861657884,p02936,u316733945,1592840167,Python,Python (3.8.2),py,Accepted,1211,71204,540,
s770026475,p02936,u765815947,1592840021,C++,C++ (GCC 9.2.1),cpp,Accepted,249,24276,1077,
s093022333,p02936,u316733945,1592837868,Python,Python (3.8.2),py,Wrong Answer,1203,71264,473,
s512198295,p02936,u316733945,1592837387,Python,Python (3.8.2),py,Wrong Answer,1018,63272,364,
s394909195,p02936,u316733945,1592836692,Python,Python (3.8.2),py,Wrong Answer,2272,2167868,433,
s841495398,p02936,u317379170,1592833226,C++,C++ (GCC 9.2.1),cpp,Accepted,234,25416,804,
s981848928,p02936,u705857261,1592830408,Python,Python (3.8.2),py,Accepted,1168,258760,1196,
s403338267,p02936,u705857261,1592830361,Python,Python (3.8.2),py,Wrong Answer,1036,252524,1165,
s295881966,p02936,u705857261,1592830297,Python,PyPy3 (7.3.0),py,Wrong Answer,2251,1397024,1165,
s722626418,p02936,u999788719,1592777711,C++,C++ (GCC 9.2.1),cpp,Accepted,252,25884,1376,
s180529414,p02936,u999788719,1592777374,C++,C++ (GCC 9.2.1),cpp,Accepted,252,29848,1677,
s772113804,p02936,u999788719,1592774820,C++,C++ (GCC 9.2.1),cpp,Time Limit Exceeded,2207,32976,1817,
s595132742,p02936,u802260583,1592771711,C++,C++ (GCC 9.2.1),cpp,Accepted,241,31444,814,
s071429467,p02936,u031240034,1592770335,C++,C++ (GCC 9.2.1),cpp,Accepted,243,18204,772,
s226672185,p02936,u423327360,1592764253,C++,C++ (GCC 9.2.1),cpp,Accepted,251,24220,697,
s379584282,p02936,u423327360,1592763398,C++,C++ (GCC 9.2.1),cpp,Time Limit Exceeded,2206,39972,676,
s049960409,p02936,u007463213,1592761693,C++,C++ (GCC 9.2.1),cpp,Wrong Answer,2206,21304,636,
s324883825,p02936,u943057856,1592759257,Python,PyPy3 (7.3.0),py,Accepted,828,191700,594,
s921104182,p02936,u943057856,1592759214,Python,Python (3.8.2),py,Accepted,1323,98272,594,
s531260394,p02936,u943057856,1592759117,Python,Python (3.8.2),py,Wrong Answer,1256,98232,548,
s170310733,p02936,u943057856,1592757451,Python,Python (3.8.2),py,Wrong Answer,2282,2696000,714,
s564700327,p02936,u211255607,1592755773,C++,C++ (GCC 9.2.1),cpp,Accepted,140,31436,6361,
s480157263,p02936,u211255607,1592755389,C++,C++ (GCC 9.2.1),cpp,Accepted,463,118540,7331,
s205085155,p02936,u211255607,1592755285,C++,C++ (GCC 9.2.1),cpp,Accepted,456,118536,7315,
s709858838,p02936,u211255607,1592755092,C++,C++ (GCC 9.2.1),cpp,Wrong Answer,407,48876,7085,
s803892775,p02936,u347640436,1592755009,Go,Go (1.14.1),go,Accepted,160,30572,1574,
s704659875,p02936,u178079174,1592752432,Python,Python (3.8.2),py,Accepted,1823,334472,570,
s466199555,p02936,u223504018,1592751654,C++,C++ (GCC 9.2.1),cpp,Accepted,246,22140,836,
s128976999,p02936,u178079174,1592751460,Python,Python (3.8.2),py,Wrong Answer,1596,312560,651,
s123934576,p02936,u674343825,1592746553,Python,Python (3.8.2),py,Accepted,1319,98472,492,
s284342441,p02936,u328656362,1592728905,Go,Go (1.14.1),go,Accepted,824,49456,836,
s394546566,p02936,u328656362,1592726859,Go,Go (1.14.1),go,Accepted,548,48524,1568,
s147111356,p02936,u328656362,1592726781,Go,Go (1.14.1),go,Accepted,783,49452,1168,
s348338012,p02936,u328656362,1592726715,Go,Go (1.14.1),go,Time Limit Exceeded,2206,21456,1172,
s711027776,p02936,u328656362,1592725098,Go,Go (1.14.1),go,Wrong Answer,2206,41508,1080,
s954197672,p02936,u328656362,1592724822,Go,Go (1.14.1),go,Wrong Answer,2207,41520,981,
s991274998,p02936,u799939777,1592722130,C++,C++ (GCC 9.2.1),cpp,Accepted,237,26672,1435,
s664787097,p02936,u674343825,1592720215,Python,Python (3.8.2),py,Time Limit Exceeded,2208,107600,739,
s718067137,p02936,u674343825,1592720035,Python,Python (3.8.2),py,Time Limit Exceeded,2208,114380,755,
s081902526,p02936,u674343825,1592718418,Python,Python (3.8.2),py,Wrong Answer,1818,81156,601,
s155181456,p02936,u674343825,1592718380,Python,Python (3.8.2),py,Wrong Answer,1808,81276,601,
s589067190,p02936,u674343825,1592718217,Python,Python (3.8.2),py,Wrong Answer,1764,81096,601,
s595554976,p02936,u674343825,1592718078,Python,Python (3.8.2),py,Wrong Answer,1759,81172,555,
s840281563,p02936,u674343825,1592717605,Python,Python (3.8.2),py,Wrong Answer,1690,80972,421,
s478100967,p02936,u223504018,1592714879,C++,C++ (GCC 9.2.1),cpp,Time Limit Exceeded,2206,20552,1111,
s245612200,p02936,u236658355,1592712167,C++,C++ (GCC 9.2.1),cpp,Accepted,277,29052,1034,
s259696596,p02936,u590825760,1592711694,C++,C++ (GCC 9.2.1),cpp,Accepted,588,72148,797,
s214685070,p02936,u590825760,1592711498,C++,C++ (GCC 9.2.1),cpp,Runtime Error,395,72432,783,
s333614788,p02936,u590825760,1592711451,C++,C++ (GCC 9.2.1),cpp,Runtime Error,383,72476,783,
s864296015,p02936,u590825760,1592711439,C,C (GCC 9.2.1),c,Compile Error,,,783,
s861797699,p02936,u084069244,1592709752,C++,C++ (GCC 9.2.1),cpp,Accepted,276,28280,646,
s367777591,p02936,u514118270,1592705820,Python,Python (3.8.2),py,Accepted,1462,64356,873,
s333248933,p02936,u514118270,1592705341,Python,Python (3.8.2),py,Runtime Error,2209,625168,825,
s697141203,p02936,u514118270,1592705287,Python,Python (3.8.2),py,Runtime Error,30,9120,816,
s470913328,p02936,u514118270,1592703822,Python,Python (3.8.2),py,Runtime Error,2209,625036,837,
s148808250,p02936,u514118270,1592703621,Python,Python (3.8.2),py,Runtime Error,2214,625300,845,
s047884000,p02936,u333573372,1592690606,Java,Java (OpenJDK 11.0.6),java,Accepted,1561,100364,3508,
s216330361,p02936,u622847899,1592683454,Python,Python (3.8.2),py,Accepted,1160,64988,480,
s620335329,p02936,u622847899,1592683383,Python,Python (3.8.2),py,Wrong Answer,1073,58344,452,
s496002553,p02936,u622847899,1592683304,Python,Python (3.8.2),py,Wrong Answer,1040,58340,456,
s770179079,p02936,u622847899,1592682413,Python,Python (3.8.2),py,Wrong Answer,988,50132,310,
s255199296,p02936,u622847899,1592682298,Python,Python (3.8.2),py,Wrong Answer,974,49948,308,
s869290145,p02936,u622847899,1592681875,Python,Python (3.8.2),py,Wrong Answer,2282,2688236,424,
s860715773,p02936,u651235280,1592679156,C++,C++ (GCC 9.2.1),cpp,Wrong Answer,2206,34512,1001,
s640425414,p02936,u054556734,1592676130,Python,Python (3.8.2),py,Accepted,1175,101236,1320,
s754523817,p02936,u765815947,1592670124,C++,C++ (GCC 9.2.1),cpp,Accepted,241,25072,1070,
s464700574,p02936,u765815947,1592669671,C++,C++ (GCC 9.2.1),cpp,Time Limit Exceeded,2206,25196,1141,
s862829612,p02936,u189392482,1592667529,C++,C++ (GCC 9.2.1),cpp,Wrong Answer,223,14820,588,
s864241417,p02936,u098923136,1592662488,C++,C++ (GCC 9.2.1),cpp,Accepted,523,24368,659,
s038040120,p02936,u980783809,1592656769,Python,Python (3.8.2),py,Accepted,1401,223180,490,
s499759768,p02936,u980783809,1592656529,Python,Python (3.8.2),py,Runtime Error,1132,53728,449,
s992642706,p02936,u980783809,1592656477,Python,Python (3.8.2),py,Runtime Error,1192,53924,448,
s040839455,p02936,u980783809,1592656301,Python,Python (3.8.2),py,Runtime Error,1171,53728,512,
s917504480,p02936,u980783809,1592655788,Python,Python (3.8.2),py,Accepted,1391,282876,526,
s114484168,p02936,u980783809,1592653448,Python,Python (3.8.2),py,Runtime Error,1169,60764,520,
s836308280,p02936,u980783809,1592653051,Python,Python (3.8.2),py,Runtime Error,985,50116,387,
s318239866,p02936,u980783809,1592651317,Python,Python (3.8.2),py,Runtime Error,1039,51716,453,
s304559532,p02936,u239239546,1592625262,C++,C++ (GCC 9.2.1),cpp,Accepted,126,25028,2329,
s186557576,p02936,u239239546,1592625002,C++,C++ (GCC 9.2.1),cpp,Wrong Answer,81,6372,2203,
s799489634,p02936,u239239546,1592624385,C++,C++ (GCC 9.2.1),cpp,Wrong Answer,114,15564,2226,
s684900351,p02936,u239239546,1592624313,C++,C++ (GCC 9.2.1),cpp,Wrong Answer,100,15040,2228,
s629225610,p02936,u417096287,1592615952,Python,PyPy3 (7.3.0),py,Accepted,774,128508,568,
s418209898,p02936,u036104576,1592609816,Python,Python (3.8.2),py,Accepted,1373,224000,720,
s945300691,p02936,u036104576,1592609538,Python,PyPy3 (7.3.0),py,Time Limit Exceeded,2236,1278712,748,
s243107598,p02936,u036104576,1592609500,Python,PyPy3 (7.3.0),py,Wrong Answer,2238,1313848,727,
s589463297,p02936,u036104576,1592609457,Python,PyPy3 (7.3.0),py,Time Limit Exceeded,2236,1273140,748,
s110840941,p02936,u036104576,1592609401,Python,PyPy3 (7.3.0),py,Time Limit Exceeded,2239,1276648,738,
s941988016,p02936,u036104576,1592609173,Python,Python (3.8.2),py,Wrong Answer,2207,40996,724,
s012636038,p02936,u550061714,1592609051,Python,Python (3.8.2),py,Accepted,1287,64388,499,
s901423264,p02936,u550061714,1592608725,Python,Python (3.8.2),py,Time Limit Exceeded,2213,268912,379,
s135481431,p02936,u979552932,1592607853,Ruby,Ruby (2.7.1),rb,Accepted,594,37772,411,
s734349083,p02936,u979552932,1592607204,Ruby,Ruby (2.7.1),rb,Wrong Answer,2207,55048,388,
s273991274,p02936,u528470578,1592602333,C++,C++ (GCC 9.2.1),cpp,Accepted,266,28596,579,
s170674464,p02936,u528470578,1592601141,C++,C++ (GCC 9.2.1),cpp,Accepted,256,28508,590,
s450264919,p02936,u979552932,1592577075,Ruby,Ruby (2.7.1),rb,Wrong Answer,2207,50144,334,
s124088498,p02936,u506858457,1592576848,Python,Python (3.8.2),py,Accepted,1439,283008,525,
s374187343,p02936,u506858457,1592575516,Python,Python (3.8.2),py,Accepted,1137,58052,579,
s559107151,p02936,u657901243,1592574182,C++,C++ (GCC 9.2.1),cpp,Accepted,252,23472,695,
s842314106,p02936,u657901243,1592573866,C++,C++ (GCC 9.2.1),cpp,Wrong Answer,217,21904,588,
s401883034,p02936,u657901243,1592573594,C++,C++ (GCC 9.2.1),cpp,Wrong Answer,207,15596,551,
s228175035,p02936,u452157159,1592552244,C++,C++ (GCC 9.2.1),cpp,Accepted,256,25128,1376,
s848896775,p02936,u452157159,1592552036,C++,C++ (GCC 9.2.1),cpp,Wrong Answer,228,25032,1303,
s338480355,p02936,u367713721,1592546554,C++,C++ (Clang 10.0.0),cpp,Accepted,741,29704,1453,
s474896156,p02936,u367713721,1592545371,C++,C++ (Clang 10.0.0),cpp,Wrong Answer,475,28056,1052,
s053934585,p02936,u936985471,1592544618,Python,Python (3.8.2),py,Accepted,856,65932,499,
s092539129,p02936,u325282913,1592542589,Python,Python (3.8.2),py,Accepted,1397,228020,549,
s556112415,p02936,u308012928,1592541210,C++,C++ (GCC 9.2.1),cpp,Accepted,233,18968,800,
s174337655,p02936,u505122009,1592540186,C++,C++ (GCC 9.2.1),cpp,Accepted,240,39144,1825,
s547183700,p02936,u905080613,1592540082,Rust,Rust (1.42.0),rs,Accepted,169,27572,1106,
s344004311,p02936,u308012928,1592540082,C++,C++ (GCC 9.2.1),cpp,Wrong Answer,219,15672,698,
s228273369,p02936,u243312682,1592538411,Python,Python (3.8.2),py,Accepted,1300,129860,1453,
s646854898,p02936,u243312682,1592538384,Python,Python (3.8.2),py,Wrong Answer,2369,237728,1474,
s334013992,p02936,u243312682,1592538283,Python,Python (3.8.2),py,Wrong Answer,2390,237148,1470,
s303122858,p02936,u905080613,1592538265,Rust,Rust (1.42.0),rs,Wrong Answer,2206,27068,980,
s902510261,p02936,u243312682,1592536390,Python,Python (3.8.2),py,Accepted,1224,129720,1199,
s677517673,p02936,u628335443,1592535181,Python,Python (3.8.2),py,Wrong Answer,1108,80820,376,
s638886970,p02936,u979362546,1592534923,C++,C++ (GCC 9.2.1),cpp,Accepted,262,33000,1022,
s762592993,p02936,u979362546,1592533216,C++,C++ (GCC 9.2.1),cpp,Wrong Answer,2206,34720,948,
s973188222,p02936,u379142263,1592530866,Python,Python (3.8.2),py,Accepted,1164,55200,730,
s708354080,p02936,u506858457,1592528338,Python,Python (3.8.2),py,Accepted,1244,58148,895,
s288990027,p02936,u506858457,1592528293,Python,Python (3.8.2),py,Accepted,1096,283020,938,
s027204682,p02936,u221391729,1592524728,C++,C++ (GCC 9.2.1),cpp,Accepted,225,17388,1289,
s950675476,p02936,u780962115,1592517053,Python,Python (3.8.2),py,Accepted,1269,58148,704,
s726099289,p02936,u780962115,1592517009,Python,PyPy3 (7.3.0),py,Accepted,784,137208,704,
s508289606,p02936,u221391729,1592510490,C++,C++14 (GCC 5.4.1),cpp,Wrong Answer,2104,14408,1380,
s799975703,p02936,u243312682,1592503380,Python,Python (3.4.3),py,Time Limit Exceeded,2119,338968,969,
s362917813,p02936,u243312682,1592503296,Python,Python (3.4.3),py,Runtime Error,18,3064,971,
s940313996,p02936,u243312682,1592503203,Python,Python (3.4.3),py,Runtime Error,18,3188,960,
s702636495,p02936,u243312682,1592503017,Python,Python (3.4.3),py,Runtime Error,1859,137912,979,
s708964516,p02936,u225388820,1592500887,Python,PyPy3 (2.4.0),py,Accepted,767,93716,668,
s669373148,p02936,u225388820,1592500722,Python,Python (3.4.3),py,Accepted,933,56216,668,
s765857564,p02936,u244416763,1592500558,Python,Python (3.4.3),py,Accepted,1553,56088,631,
s592357719,p02936,u225388820,1592500471,Python,Python (3.4.3),py,Time Limit Exceeded,2111,55824,632,
s002782015,p02936,u244416763,1592499936,Python,PyPy3 (2.4.0),py,Time Limit Exceeded,2110,106060,595,
s854216736,p02936,u820341516,1592499905,Python,PyPy3 (2.4.0),py,Time Limit Exceeded,2110,107852,628,
s377830846,p02936,u244416763,1592499862,Python,Python (3.4.3),py,Time Limit Exceeded,2107,55856,595,
s774673045,p02936,u244416763,1592499710,Python,Python (3.4.3),py,Time Limit Exceeded,2107,55816,627,
s205028351,p02936,u244416763,1592498857,Python,Python (3.4.3),py,Time Limit Exceeded,2107,66844,547,
s872309320,p02936,u244416763,1592498807,Python,Python (3.4.3),py,Time Limit Exceeded,2107,66868,553,
s688506315,p02936,u244416763,1592497966,Python,PyPy3 (2.4.0),py,Time Limit Exceeded,2110,113356,558,
s083776741,p02936,u244416763,1592497796,Python,Python (3.4.3),py,Time Limit Exceeded,2106,66848,558,
s847680871,p02936,u856095980,1592469943,C++,C++14 (GCC 5.4.1),cpp,Accepted,379,24320,1772,
s277369988,p02936,u085324734,1592450723,Java,Java8 (OpenJDK 1.8.0),java,Accepted,1400,154452,1598,
s712815035,p02936,u655761560,1592449172,C#,C# (Mono 4.6.2.0),cs,Accepted,1229,45088,1731,
s078884076,p02936,u655761560,1592448108,C#,C# (Mono 4.6.2.0),cs,Wrong Answer,1186,39848,1530,
s298377694,p02936,u655761560,1592447763,C#,C# (Mono 4.6.2.0),cs,Wrong Answer,2109,41272,1647,
s533487910,p02936,u879294842,1592447124,C++,C++14 (GCC 5.4.1),cpp,Accepted,444,179712,1027,
s461636382,p02936,u308463793,1592446711,C++,C++14 (GCC 5.4.1),cpp,Accepted,367,27392,1575,
s076054915,p02936,u655761560,1592446494,C#,C# (Mono 4.6.2.0),cs,Wrong Answer,2109,41784,1524,
s647640865,p02936,u655761560,1592446398,C#,C# (Mono 4.6.2.0),cs,Wrong Answer,2113,41020,1522,
s692563919,p02936,u308463793,1592446171,C++,C++14 (GCC 5.4.1),cpp,Wrong Answer,379,27392,1499,
s161324313,p02936,u344119694,1592446119,C++,C++14 (GCC 5.4.1),cpp,Accepted,289,27648,2796,
s262357922,p02936,u308463793,1592445894,C++,C++14 (GCC 5.4.1),cpp,Wrong Answer,2105,25216,1465,
s101071066,p02936,u344119694,1592445745,C++,C++14 (GCC 5.4.1),cpp,Wrong Answer,278,27392,2701,
s229089867,p02936,u308463793,1592445385,C++,C++14 (GCC 5.4.1),cpp,Wrong Answer,2104,26496,1484,
s544047700,p02936,u436660228,1592443446,C++,C++14 (GCC 5.4.1),cpp,Accepted,671,23552,614,
s302074298,p02936,u224346910,1592442682,Python,Python (3.4.3),py,Accepted,1975,313104,660,
s840127946,p02936,u224346910,1592442559,Python,Python (3.4.3),py,Runtime Error,1327,124912,664,
s083131930,p02936,u614181788,1592442539,Python,PyPy3 (2.4.0),py,Wrong Answer,2111,127568,430,
s017481127,p02936,u224346910,1592441832,Python,Python (3.4.3),py,Wrong Answer,2144,645632,643,
s592783754,p02936,u224346910,1592441518,Python,Python (3.4.3),py,Wrong Answer,2149,698888,775,
s323108053,p02936,u224346910,1592441190,Python,PyPy3 (2.4.0),py,Wrong Answer,2119,260848,724,
s213705166,p02936,u614181788,1592441161,Python,PyPy3 (2.4.0),py,Wrong Answer,2111,129416,579,
s001079228,p02936,u401452016,1592440925,Python,Python (3.4.3),py,Wrong Answer,1438,311224,880,
s899041689,p02936,u401452016,1592440837,Python,Python (3.4.3),py,Runtime Error,1365,204156,879,
s689096887,p02936,u614181788,1592440598,Python,Python (3.4.3),py,Wrong Answer,2111,127044,579,
s069294352,p02936,u224346910,1592440363,Python,Python (3.4.3),py,Wrong Answer,2131,385528,724,
s168134707,p02936,u401452016,1592440186,Python,Python (3.4.3),py,Runtime Error,995,100408,877,
s162519774,p02936,u401452016,1592440064,Python,Python (3.4.3),py,Runtime Error,902,99628,876,
s941726450,p02936,u026155812,1592435188,Python,Python (3.4.3),py,Accepted,1799,65948,658,
s517018307,p02936,u026155812,1592435007,Python,Python (3.4.3),py,Runtime Error,1445,49832,658,
s842637510,p02936,u418879326,1592403793,C++,C++14 (GCC 5.4.1),cpp,Accepted,336,35200,1241,
s811355784,p02936,u418879326,1592401487,C++,C++14 (GCC 5.4.1),cpp,Accepted,353,35200,1146,
s182628819,p02936,u418879326,1592401429,C++,C++14 (GCC 5.4.1),cpp,Accepted,350,35200,1147,
s039875875,p02936,u418879326,1592400668,C++,C++14 (GCC 5.4.1),cpp,Wrong Answer,273,14848,794,
s890675441,p02936,u457790148,1592395659,C++,C++14 (GCC 5.4.1),cpp,Accepted,433,47732,6162,
s961349995,p02936,u457790148,1592395381,C++,C++14 (GCC 5.4.1),cpp,Accepted,298,17140,1212,
s601622432,p02936,u457790148,1592394542,C++,C++14 (GCC 5.4.1),cpp,Wrong Answer,433,47732,6146,
s674054960,p02936,u105533331,1592382799,C++,C++14 (GCC 5.4.1),cpp,Accepted,585,17904,681,
s043327013,p02936,u116774833,1592382754,C++,C++14 (GCC 5.4.1),cpp,Accepted,308,27392,1040,
s693075550,p02936,u105533331,1592382386,C++,C++14 (GCC 5.4.1),cpp,Wrong Answer,559,17904,663,
s260816080,p02936,u105533331,1592382312,C++,C++14 (GCC 5.4.1),cpp,Wrong Answer,270,15984,703,
s751893280,p02936,u105533331,1592382279,C++,C++14 (GCC 5.4.1),cpp,Compile Error,,,702,
s156461356,p02936,u105533331,1592382189,C++,C++14 (GCC 5.4.1),cpp,Compile Error,,,693,
s839116030,p02936,u105533331,1592382105,C++,C++14 (GCC 5.4.1),cpp,Compile Error,,,688,
s824498488,p02936,u116774833,1592381835,C++,C++14 (GCC 5.4.1),cpp,Wrong Answer,290,24320,957,
s685047245,p02936,u116774833,1592381366,C++,C++14 (GCC 5.4.1),cpp,Wrong Answer,293,25856,959,
s777601090,p02936,u116774833,1592381178,C++,C++14 (GCC 5.4.1),cpp,Wrong Answer,294,24320,951,
s152356205,p02936,u116774833,1592380582,C++,C++14 (GCC 5.4.1),cpp,Wrong Answer,2104,21376,834,
s203902774,p02936,u064434060,1592366193,Python,PyPy3 (2.4.0),py,Accepted,793,94100,725,
s055530591,p02936,u064434060,1592366150,Python,PyPy3 (2.4.0),py,Accepted,1965,105492,727,
s894396114,p02936,u722397179,1592365897,C++,C++14 (GCC 5.4.1),cpp,Accepted,297,25856,869,
s078794955,p02936,u558528117,1592365164,C++,C++14 (GCC 5.4.1),cpp,Wrong Answer,432,32128,4054,
s330722432,p02936,u064434060,1592364512,Python,PyPy3 (2.4.0),py,Accepted,1973,124964,751,
s672283923,p02936,u064434060,1592364238,Python,PyPy3 (2.4.0),py,Accepted,1934,124780,782,
s430150459,p02936,u088845406,1592364049,JavaScript,JavaScript (node.js v5.12),js,Accepted,1039,167544,865,
s078216291,p02936,u558528117,1592363999,C++,C++14 (GCC 5.4.1),cpp,Wrong Answer,409,27392,3419,
s208881971,p02936,u120219556,1592363909,C++,C++14 (GCC 5.4.1),cpp,Accepted,317,25856,786,
s378932150,p02936,u558528117,1592363900,C++,C++14 (GCC 5.4.1),cpp,Wrong Answer,412,25856,3422,
s046680310,p02936,u064434060,1592363747,Python,PyPy3 (2.4.0),py,Accepted,1936,125348,778,
s716945383,p02936,u120219556,1592363674,C++,C++14 (GCC 5.4.1),cpp,Wrong Answer,349,20352,485,
s759391876,p02936,u120219556,1592363629,C++,C++14 (GCC 5.4.1),cpp,Wrong Answer,359,20352,659,
s245820371,p02936,u427469869,1592363499,Python,Python (3.4.3),py,Accepted,1421,232224,707,
s739682510,p02936,u120219556,1592363185,C++,C++14 (GCC 5.4.1),cpp,Wrong Answer,363,20352,715,
s206963978,p02936,u120219556,1592363119,C++,C++14 (GCC 5.4.1),cpp,Wrong Answer,684,21632,749,
s271103709,p02936,u088845406,1592360698,JavaScript,JavaScript (node.js v5.12),js,Wrong Answer,2112,156268,720,
s632586188,p02936,u088845406,1592360358,JavaScript,JavaScript (node.js v5.12),js,Wrong Answer,1028,157796,664,
s747625060,p02936,u088845406,1592359732,JavaScript,JavaScript (node.js v5.12),js,Runtime Error,2114,146040,683,
s701585924,p02936,u474423089,1592359301,Python,PyPy3 (2.4.0),py,Accepted,1102,132728,578,
s839836818,p02936,u474423089,1592359150,Python,Python (3.4.3),py,Accepted,1942,110944,578,
s790875286,p02936,u474423089,1592358948,Python,Python (3.4.3),py,Accepted,1670,230960,519,
s792994660,p02936,u474423089,1592358878,Python,Python (3.4.3),py,Time Limit Exceeded,2117,230960,498,
s030258688,p02936,u474423089,1592358813,Python,Python (3.4.3),py,Accepted,1612,230960,502,
s817487020,p02936,u474423089,1592358677,Python,Python (3.4.3),py,Time Limit Exceeded,2112,230932,473,
s683342110,p02936,u474423089,1592358652,Python,PyPy3 (2.4.0),py,Time Limit Exceeded,2126,363768,473,
s580707939,p02936,u474423089,1592358174,Python,PyPy3 (2.4.0),py,Wrong Answer,2053,121932,542,
s295257429,p02936,u474423089,1592357447,Python,PyPy3 (2.4.0),py,Time Limit Exceeded,2111,125968,570,
s454379480,p02936,u474423089,1592357220,Python,PyPy3 (2.4.0),py,Time Limit Exceeded,2111,136824,549,
s074062157,p02936,u474423089,1592357130,Python,Python (3.4.3),py,Time Limit Exceeded,2110,110896,549,
s117785794,p02936,u967669872,1592353265,Go,Go (1.6),go,Accepted,433,56448,6181,
s283097660,p02936,u967669872,1592353203,Go,Go (1.6),go,Wrong Answer,344,52480,6132,
s514492870,p02936,u531461815,1592352541,C++,C++14 (GCC 5.4.1),cpp,Accepted,606,16500,1215,
s154705669,p02936,u967669872,1592349872,Go,Go (1.6),go,Wrong Answer,2109,56960,6199,
s855396241,p02936,u617718239,1592348070,Python,PyPy3 (2.4.0),py,Accepted,1872,131164,531,
s907818006,p02936,u617718239,1592347539,Python,PyPy3 (2.4.0),py,Wrong Answer,2117,224248,568,
s559585094,p02936,u617718239,1592346979,Python,PyPy3 (2.4.0),py,Wrong Answer,2116,195320,530,
s944043732,p02936,u625046108,1592345785,Python,PyPy3 (2.4.0),py,Accepted,1951,145260,496,
s454776088,p02936,u528470578,1592342823,Python,Python (3.4.3),py,Time Limit Exceeded,2112,232244,504,
s751137487,p02936,u528470578,1592342631,Python,Python (3.4.3),py,Runtime Error,1656,61744,458,
s964660361,p02936,u852563689,1592337486,C++,C++14 (GCC 5.4.1),cpp,Accepted,169,24320,1419,
s405696776,p02936,u852563689,1592336589,C++,C++14 (GCC 5.4.1),cpp,Wrong Answer,132,24320,1611,
s845660932,p02936,u852563689,1592335543,C++,C++14 (GCC 5.4.1),cpp,Wrong Answer,115,22784,1322,
s298886049,p02936,u852563689,1592334964,C++,C++14 (GCC 5.4.1),cpp,Wrong Answer,109,22784,1304,
s406677318,p02936,u714642046,1592315355,C++,C++14 (GCC 5.4.1),cpp,Accepted,354,23680,1071,
s424707869,p02936,u688522869,1592274186,Go,Go (1.6),go,Accepted,829,78464,714,
s255076927,p02936,u090091127,1592274095,C++,C++14 (GCC 5.4.1),cpp,Accepted,596,15732,2104,
s516730704,p02936,u095094246,1592273577,Python,PyPy3 (2.4.0),py,Time Limit Exceeded,2117,228344,562,
s410957133,p02936,u095094246,1592273412,Python,PyPy3 (2.4.0),py,Time Limit Exceeded,2126,352888,502,
s038539282,p02936,u095094246,1592273317,Python,Python (3.4.3),py,Time Limit Exceeded,2123,267692,531,
s080920604,p02936,u225642513,1592266973,C++,C++14 (GCC 5.4.1),cpp,Accepted,330,17140,1050,
s401073510,p02936,u792720861,1592266843,C,C (GCC 5.4.1),c,Runtime Error,813,807680,874,
s704489163,p02936,u792720861,1592266751,C,C (GCC 5.4.1),c,Runtime Error,1407,822984,878,
s330291843,p02936,u792720861,1592266488,C,C (GCC 5.4.1),c,Runtime Error,1497,817124,876,
s786225631,p02936,u792720861,1592265512,C,C (GCC 5.4.1),c,Wrong Answer,706,817480,807,
s525470345,p02936,u792720861,1592265328,C,C (GCC 5.4.1),c,Wrong Answer,703,806912,900,
s751814128,p02936,u792720861,1592264820,C,C (GCC 5.4.1),c,Wrong Answer,711,806912,798,
s869434979,p02936,u581489014,1592251911,C++,C++14 (GCC 5.4.1),cpp,Accepted,670,25088,956,
s039304001,p02936,u698741861,1592251336,C++,C++14 (GCC 5.4.1),cpp,Accepted,298,30592,967,
s743743257,p02936,u698741861,1592251211,C++,C++14 (GCC 5.4.1),cpp,Wrong Answer,325,30592,966,
s765324746,p02936,u225581241,1592249875,C++,C++14 (GCC 5.4.1),cpp,Accepted,141,24320,1180,
s749845987,p02936,u115454768,1592193286,C++,C++14 (GCC 5.4.1),cpp,Accepted,135,26624,1004,
s403030742,p02936,u147556624,1592187777,C++,C++14 (GCC 5.4.1),cpp,Wrong Answer,347,21376,848,
s565091858,p02936,u690145987,1592182647,Python,Python (3.4.3),py,Runtime Error,21,3316,679,
s896741243,p02936,u150664457,1592182386,Python,Python (3.4.3),py,Runtime Error,2111,128200,718,
s366104987,p02936,u150664457,1592181303,Python,Python (3.4.3),py,Runtime Error,2111,128200,718,
s600358549,p02936,u150664457,1592180615,Python,Python (3.4.3),py,Runtime Error,2111,128224,678,
s563657369,p02936,u150664457,1592179522,Python,Python (3.4.3),py,Runtime Error,2111,129712,703,
s611379863,p02936,u150664457,1592179415,Python,Python (3.4.3),py,Wrong Answer,1996,113600,460,
s282610660,p02936,u150664457,1592179253,Python,PyPy3 (2.4.0),py,Wrong Answer,2111,120664,460,
s617663203,p02936,u376616698,1592176573,C++,C++14 (GCC 5.4.1),cpp,Accepted,319,45312,1373,
s392156901,p02936,u150664457,1592176344,Python,PyPy3 (2.4.0),py,Runtime Error,2083,145036,703,
s305372781,p02936,u150664457,1592175783,Python,PyPy3 (2.4.0),py,Wrong Answer,2111,118636,674,
s460644279,p02936,u150664457,1592175455,Python,Python (3.4.3),py,Wrong Answer,2111,127144,606,
s357091705,p02936,u376616698,1592175420,C++,C++14 (GCC 5.4.1),cpp,Time Limit Exceeded,2106,43648,1098,
s741486982,p02936,u150664457,1592175405,Python,Python (3.4.3),py,Wrong Answer,2111,124164,586,
s444642837,p02936,u150664457,1592172229,Python,Python (3.4.3),py,Runtime Error,2112,122924,579,
s197799997,p02936,u653837719,1592172205,Python,PyPy3 (2.4.0),py,Accepted,1868,104908,569,
s661081737,p02936,u653837719,1592171755,Python,PyPy3 (2.4.0),py,Accepted,1894,105036,573,
s397124684,p02936,u653837719,1592170190,Python,PyPy3 (2.4.0),py,Wrong Answer,1825,90444,457,
s912737632,p02936,u422633119,1592169636,C++,C++14 (GCC 5.4.1),cpp,Accepted,129,22272,2890,
s463551368,p02936,u315483537,1592169491,C#,C# (Mono 4.6.2.0),cs,Accepted,693,53884,2051,
s352029290,p02936,u422633119,1592169480,C++,C++14 (GCC 5.4.1),cpp,Runtime Error,2119,276464,2954,
s209425710,p02936,u250757552,1592169479,C++,C++14 (GCC 5.4.1),cpp,Accepted,156,24320,781,
s105859457,p02936,u422633119,1592169233,C++,C++14 (GCC 5.4.1),cpp,Accepted,127,20864,2889,
s106899093,p02936,u250757552,1592169122,C++,C++14 (GCC 5.4.1),cpp,Runtime Error,133,23808,2802,
s848386552,p02936,u422633119,1592168967,C++,C++14 (GCC 5.4.1),cpp,Accepted,143,23808,2836,
s722895957,p02936,u653837719,1592168959,Python,PyPy3 (2.4.0),py,Wrong Answer,2111,133496,451,
s094624469,p02936,u422633119,1592168779,C++,C++14 (GCC 5.4.1),cpp,Compile Error,,,2667,
s207423011,p02936,u422633119,1592168622,C++,C++14 (GCC 5.4.1),cpp,Compile Error,,,2755,
s898302307,p02936,u250757552,1592168060,C++,C++14 (GCC 5.4.1),cpp,Accepted,127,24320,2277,
s693108583,p02936,u153607901,1592167738,C++,C++14 (GCC 5.4.1),cpp,Accepted,592,18676,2572,
s114803699,p02936,u604329931,1592167695,C++,C++14 (GCC 5.4.1),cpp,Accepted,328,36736,1750,
s531959816,p02936,u153607901,1592167411,C++,C++14 (GCC 5.4.1),cpp,Accepted,591,18676,1951,
s031647639,p02936,u891945807,1592166498,C++,C++14 (GCC 5.4.1),cpp,Wrong Answer,282,16512,726,
s160098705,p02936,u891945807,1592165868,C++,C++14 (GCC 5.4.1),cpp,Wrong Answer,274,16512,722,
s864182977,p02936,u294385082,1592165849,Python,PyPy3 (2.4.0),py,Accepted,788,93716,714,
s994234846,p02936,u294385082,1592165784,Python,Python (3.4.3),py,Accepted,1137,56080,714,
s506598854,p02936,u891945807,1592165726,C++,C++14 (GCC 5.4.1),cpp,Wrong Answer,274,16384,722,
s865852839,p02936,u294385082,1592165565,Python,Python (3.4.3),py,Accepted,1773,56088,616,
s463786638,p02936,u294385082,1592165438,Python,Python (3.4.3),py,Wrong Answer,1851,56964,629,
s747477568,p02936,u153556810,1592165202,Java,Java8 (OpenJDK 1.8.0),java,Accepted,1042,141000,6073,
s282374056,p02936,u294385082,1592164644,Python,Python (3.4.3),py,Wrong Answer,1704,56152,618,
s521982748,p02936,u250757552,1592162766,C++,C++14 (GCC 5.4.1),cpp,Wrong Answer,2105,27264,2289,
s028290253,p02936,u131156882,1592116721,C++,C++14 (GCC 5.4.1),cpp,Accepted,370,27264,764,
s963515221,p02936,u131156882,1592115742,C++,C++14 (GCC 5.4.1),cpp,Wrong Answer,348,24192,698,
s911799288,p02936,u075775814,1592111246,C++,C++14 (GCC 5.4.1),cpp,Accepted,646,23424,607,
s743923239,p02936,u688522869,1592106945,Go,Go (1.6),go,Wrong Answer,445,90240,777,
s344807197,p02936,u751964641,1592106662,Java,Java8 (OpenJDK 1.8.0),java,Accepted,1138,116576,3138,
s435664507,p02936,u075775814,1592106585,C++,C++14 (GCC 5.4.1),cpp,Accepted,313,17140,756,
s123567575,p02936,u124659583,1592095995,C++,C++14 (GCC 5.4.1),cpp,Accepted,316,25856,1451,
s444321062,p02936,u224346910,1592080467,Python,Python (3.4.3),py,Wrong Answer,2126,319500,647,
s347972299,p02936,u268318377,1592075638,Python,Python (3.4.3),py,Accepted,1777,56712,511,
s637324713,p02936,u268318377,1592074789,Python,Python (3.4.3),py,Wrong Answer,1718,48708,308,
s915878810,p02936,u121974081,1592068544,C++,C++14 (GCC 5.4.1),cpp,Accepted,372,43464,873,
s419038389,p02936,u121974081,1592067840,C++,C++14 (GCC 5.4.1),cpp,Wrong Answer,338,43464,707,
s516793302,p02936,u121974081,1592066097,C++,C++14 (GCC 5.4.1),cpp,Wrong Answer,2105,22144,1223,
s373617941,p02936,u970040729,1592066076,Rust,Rust (1.15.1),rs,Accepted,311,35112,1207,
s829975151,p02936,u334712262,1592061859,Python,PyPy3 (2.4.0),py,Accepted,962,157084,1821,
s109682210,p02936,u552847961,1592059180,C++,C++14 (GCC 5.4.1),cpp,Accepted,316,24320,1139,
s452355426,p02936,u314543767,1592056774,C++,C++14 (GCC 5.4.1),cpp,Accepted,130,16372,2062,
s493192962,p02936,u523087093,1592053419,Python,Python (3.4.3),py,Wrong Answer,2106,46564,523,
s782467972,p02936,u354281482,1592031106,C++,C++14 (GCC 5.4.1),cpp,Accepted,592,29696,743,
s486647748,p02936,u045238009,1592024451,Lua,LuaJIT (2.0.4),lua,Accepted,572,46732,1436,
s010029878,p02936,u045238009,1592024390,Lua,Lua (5.3.2),lua,Accepted,608,54496,1430,
s695621841,p02936,u278057806,1592020539,Python,Python (3.4.3),py,Accepted,1607,140772,711,
s088243162,p02936,u278057806,1592020380,Python,Python (3.4.3),py,Wrong Answer,2113,145760,652,
s005207923,p02936,u278057806,1592020355,Python,Python (3.4.3),py,Wrong Answer,2115,177792,652,
s584640310,p02936,u343930666,1592019257,C++,C++14 (GCC 5.4.1),cpp,Accepted,139,17904,4096,
s388562161,p02936,u278057806,1592018416,Python,Python (3.4.3),py,Wrong Answer,1519,132832,583,
s148887628,p02936,u278057806,1592018311,Python,Python (3.4.3),py,Runtime Error,18,3064,590,
s280800009,p02936,u278057806,1592017810,Python,PyPy3 (2.4.0),py,Wrong Answer,2156,854380,516,
s414136355,p02936,u278057806,1592017736,Python,PyPy3 (2.4.0),py,Wrong Answer,2121,296684,487,
s737528911,p02936,u278057806,1592017628,Python,Python (3.4.3),py,Wrong Answer,2122,305608,487,
s147268438,p02936,u278057806,1592017103,Python,PyPy3 (2.4.0),py,Wrong Answer,2122,303164,639,
s726023234,p02936,u278057806,1592017059,Python,Python (3.4.3),py,Wrong Answer,2124,326116,639,
s687580842,p02936,u278057806,1592016414,Python,Python (3.4.3),py,Wrong Answer,2113,156888,646,
s266389092,p02936,u278057806,1592015621,Python,Python (3.4.3),py,Runtime Error,2112,129852,407,
s339138138,p02936,u955202970,1592014042,C++,C++14 (GCC 5.4.1),cpp,Accepted,359,24320,623,
s730991426,p02936,u577170763,1592008184,Python,Python (3.4.3),py,Accepted,1689,300880,792,
s152916642,p02936,u550814027,1591999199,Python,PyPy3 (2.4.0),py,Accepted,1969,121160,2552,
s163619907,p02936,u550814027,1591998373,Python,PyPy3 (2.4.0),py,Time Limit Exceeded,2123,323856,2844,
s720784500,p02936,u550814027,1591997259,Python,PyPy3 (2.4.0),py,Time Limit Exceeded,2119,263476,2976,
s422439163,p02936,u550814027,1591996460,Python,PyPy3 (2.4.0),py,Time Limit Exceeded,2125,344540,2952,
s314661155,p02936,u550814027,1591996111,Python,PyPy3 (2.4.0),py,Time Limit Exceeded,2122,254608,2914,
s848052839,p02936,u550814027,1591995273,Python,PyPy3 (2.4.0),py,Time Limit Exceeded,2119,257632,2842,
s821098046,p02936,u394961950,1591995164,C++,C++14 (GCC 5.4.1),cpp,Accepted,185,27392,1589,
s992905361,p02936,u394961950,1591993795,C++,C++14 (GCC 5.4.1),cpp,Accepted,166,27392,1599,
s923803632,p02936,u394961950,1591993517,C++,C++14 (GCC 5.4.1),cpp,Time Limit Exceeded,2104,24064,1473,
s499342529,p02936,u627803856,1591990196,Python,Python (3.4.3),py,Accepted,1699,55828,505,
s499269740,p02936,u268318377,1591989202,Python,Python (3.4.3),py,Wrong Answer,2108,75952,784,
s271776579,p02936,u268318377,1591988964,Python,Python (3.4.3),py,Time Limit Exceeded,2106,77016,702,
s236692748,p02936,u268318377,1591987828,Python,Python (3.4.3),py,Time Limit Exceeded,2108,76056,679,
s224089359,p02936,u950915155,1591984315,C++,C++14 (GCC 5.4.1),cpp,Accepted,133,24064,2184,
s368609657,p02936,u372550522,1591984236,Python,Python (3.4.3),py,Runtime Error,1744,86364,606,
s054709225,p02936,u484052148,1591983749,Python,Python (3.4.3),py,Runtime Error,17,3064,681,
s221848192,p02936,u484052148,1591983659,Python,Python (3.4.3),py,Accepted,1640,268748,683,
s606495434,p02936,u484052148,1591983595,Python,Python (3.4.3),py,Time Limit Exceeded,2120,263372,684,
s880972016,p02936,u268318377,1591973088,Python,Python (3.4.3),py,Time Limit Exceeded,2108,76052,685,
s228786961,p02936,u268318377,1591972668,Python,PyPy3 (2.4.0),py,Time Limit Exceeded,2111,120268,665,
s212388906,p02936,u268318377,1591972426,Python,Python (3.4.3),py,Time Limit Exceeded,2108,76056,665,
s289667779,p02936,u268318377,1591971301,Python,Python (3.4.3),py,Wrong Answer,1757,50800,306,
s339497806,p02936,u532514769,1591952124,C++,C++14 (GCC 5.4.1),cpp,Accepted,594,24320,699,
s392944697,p02936,u532514769,1591951493,C++,C++14 (GCC 5.4.1),cpp,Wrong Answer,571,22656,695,
s641168099,p02936,u532514769,1591950367,C++,C++14 (GCC 5.4.1),cpp,Wrong Answer,566,21120,573,
s584299058,p02936,u343930666,1591941431,C++,C++14 (GCC 5.4.1),cpp,Wrong Answer,2105,31488,1300,
s082369631,p02936,u045238009,1591939372,Lua,LuaJIT (2.0.4),lua,Accepted,609,46728,1449,
s044259477,p02936,u045238009,1591939271,Lua,Lua (5.3.2),lua,Accepted,640,54500,1443,
s080009105,p02936,u045238009,1591938444,Lua,Lua (5.3.2),lua,Wrong Answer,483,46692,1371,
s542407519,p02936,u967106822,1591937426,C++,C++14 (GCC 5.4.1),cpp,Accepted,348,24320,892,
s288304923,p02936,u333573372,1591920629,Java,Java8 (OpenJDK 1.8.0),java,Accepted,1485,120660,3542,
s435827394,p02936,u045238009,1591920517,Lua,Lua (5.3.2),lua,Runtime Error,512,59996,560,
s979545047,p02936,u045238009,1591919314,Lua,Lua (5.3.2),lua,Runtime Error,560,59488,611,
s100206644,p02936,u045238009,1591918831,Lua,Lua (5.3.2),lua,Runtime Error,591,68576,588,
s127299760,p02936,u045238009,1591918580,Lua,Lua (5.3.2),lua,Runtime Error,564,67296,533,
s083296786,p02936,u045238009,1591918512,Lua,LuaJIT (2.0.4),lua,Runtime Error,480,30108,539,
s867245915,p02936,u489823438,1591911697,C++,C++14 (GCC 5.4.1),cpp,Wrong Answer,310,26624,896,
s158994541,p02936,u489823438,1591911566,C++,C++14 (GCC 5.4.1),cpp,Accepted,316,23424,900,
s710628217,p02936,u967106822,1591906518,C++,C++14 (GCC 5.4.1),cpp,Wrong Answer,254,5376,1003,
s314277432,p02936,u967106822,1591905545,C++,C++14 (GCC 5.4.1),cpp,Wrong Answer,297,3968,697,
s356394114,p02936,u449123607,1591904540,C++,C++14 (GCC 5.4.1),cpp,Accepted,618,24320,1017,
s459983538,p02936,u449123607,1591904517,C++,C++14 (GCC 5.4.1),cpp,Compile Error,,,1016,
s094548190,p02936,u484052148,1591900247,Python,PyPy3 (2.4.0),py,Wrong Answer,2111,121676,676,
s362594025,p02936,u266874640,1591900184,C++,C++14 (GCC 5.4.1),cpp,Accepted,320,27392,1144,
s311899338,p02936,u484052148,1591900150,Python,PyPy3 (2.4.0),py,Runtime Error,176,38640,680,
s851195475,p02936,u484052148,1591899889,Python,Python (3.4.3),py,Wrong Answer,2110,106508,616,
s618649473,p02936,u266874640,1591899619,C++,C++14 (GCC 5.4.1),cpp,Runtime Error,2827,42664,1345,
s578609444,p02936,u266874640,1591899492,C++,C++14 (GCC 5.4.1),cpp,Runtime Error,3593,42664,1330,
s927043821,p02936,u266874640,1591898767,Python,Python (3.4.3),py,Wrong Answer,1741,121324,450,
s239046748,p02936,u266874640,1591898625,C++,C++14 (GCC 5.4.1),cpp,Runtime Error,3530,42664,1330,
s877657763,p02936,u624923345,1591896602,C++,C++14 (GCC 5.4.1),cpp,Accepted,362,23552,737,
s493899798,p02936,u624923345,1591892297,C++,C++14 (GCC 5.4.1),cpp,Time Limit Exceeded,2105,25216,1068,
s835252628,p02936,u077291787,1591887511,Python,Python (3.4.3),py,Accepted,707,93580,735,
s927462027,p02936,u077291787,1591887470,Python,Python (3.4.3),py,Accepted,663,93572,761,
s738573921,p02936,u414689295,1591883670,C++,C++14 (GCC 5.4.1),cpp,Accepted,391,23552,895,
s468401752,p02936,u124498235,1591873939,Python,PyPy3 (2.4.0),py,Accepted,1873,105704,565,
s903451270,p02936,u124498235,1591873575,Python,PyPy3 (2.4.0),py,Accepted,1890,108960,630,
s307091883,p02936,u124498235,1591873450,Python,PyPy3 (2.4.0),py,Wrong Answer,1809,101536,612,
s545919814,p02936,u124498235,1591872417,Python,PyPy3 (2.4.0),py,Wrong Answer,1868,97612,547,
s959822643,p02936,u343930666,1591869988,C++,C++14 (GCC 5.4.1),cpp,Wrong Answer,2104,20992,1187,
s582906098,p02936,u343930666,1591869613,C++,C++14 (GCC 5.4.1),cpp,Wrong Answer,2104,18944,1111,
s407251078,p02936,u243714267,1591859740,Python,Python (3.4.3),py,Wrong Answer,2106,44720,409,
s666762111,p02936,u262303450,1591848977,C++,C++14 (GCC 5.4.1),cpp,Accepted,153,24320,1349,
s548415853,p02936,u687572907,1591845112,C++,C++14 (GCC 5.4.1),cpp,Accepted,625,30452,911,
s163142080,p02936,u321035578,1591844961,Python,Python (3.4.3),py,Accepted,1753,67204,625,
s236377475,p02936,u687572907,1591844271,C++,C++14 (GCC 5.4.1),cpp,Wrong Answer,608,28672,850,
s495798886,p02936,u321035578,1591843503,Python,Python (3.4.3),py,Accepted,1888,57228,633,
s684082566,p02936,u321035578,1591843261,Python,Python (3.4.3),py,Time Limit Exceeded,2107,50588,624,
s707211059,p02936,u321035578,1591843239,Python,Python (3.4.3),py,Wrong Answer,2107,51212,638,
s115492889,p02936,u321035578,1591842525,Python,Python (3.4.3),py,Wrong Answer,2106,44596,500,
s795555963,p02936,u964075974,1591841707,C++,C++14 (GCC 5.4.1),cpp,Accepted,593,17904,3978,
s015453731,p02936,u964075974,1591841113,C++,C++14 (GCC 5.4.1),cpp,Wrong Answer,552,5376,3623,
s863020796,p02936,u185967517,1591840951,C++,C++14 (GCC 5.4.1),cpp,Accepted,310,30592,1110,
s897323409,p02936,u185967517,1591840665,C++,C++14 (GCC 5.4.1),cpp,Runtime Error,496,275072,1007,
s538666723,p02936,u964075974,1591840461,C++,C++14 (GCC 5.4.1),cpp,Wrong Answer,536,5504,3380,
s834451972,p02936,u185967517,1591840337,C++,C++14 (GCC 5.4.1),cpp,Wrong Answer,287,27392,926,
s416810256,p02936,u840310460,1591829694,Python,Python (3.4.3),py,Wrong Answer,1497,230528,658,
s408503742,p02936,u840310460,1591829342,Python,Python (3.4.3),py,Wrong Answer,2119,254836,739,
s259951758,p02936,u840310460,1591829008,Python,Python (3.4.3),py,Accepted,1574,236920,660,
s590822934,p02936,u840310460,1591824901,Python,Python (3.4.3),py,Runtime Error,2016,97776,1069,
s183576751,p02936,u840310460,1591822998,Python,Python (3.4.3),py,Wrong Answer,2111,106296,1098,
s343639670,p02936,u840310460,1591822860,Python,PyPy3 (2.4.0),py,Wrong Answer,2111,142580,1098,
s400953301,p02936,u840310460,1591819876,Python,PyPy3 (2.4.0),py,Wrong Answer,2146,708500,936,
s241155886,p02936,u840310460,1591819251,Python,Python (3.4.3),py,Wrong Answer,2121,274548,935,
s129761911,p02936,u840310460,1591818741,Python,Python (3.4.3),py,Wrong Answer,2121,274548,808,
s960924633,p02936,u052303665,1591815943,C++,C++14 (GCC 5.4.1),cpp,Accepted,304,24320,1104,
s265506870,p02936,u840310460,1591815095,Python,Python (3.4.3),py,Runtime Error,2112,144168,1276,
s167038794,p02936,u333573372,1591813050,Java,Java8 (OpenJDK 1.8.0),java,Accepted,1510,123020,3807,
s509937683,p02936,u051928503,1591809205,Python,Python (3.4.3),py,Accepted,1690,65308,625,
s146754777,p02936,u154148649,1591804626,C++,C++14 (GCC 5.4.1),cpp,Accepted,128,16372,1111,
s957025257,p02936,u154148649,1591804192,C++,C++14 (GCC 5.4.1),cpp,Wrong Answer,147,16372,1091,
s032939921,p02936,u154148649,1591804147,C++,C++14 (GCC 5.4.1),cpp,Wrong Answer,2113,272420,1051,
s763467635,p02936,u154148649,1591804067,C++,C++14 (GCC 5.4.1),cpp,Wrong Answer,135,16372,1091,
s968294624,p02936,u216264338,1591804065,Rust,Rust (1.15.1),rs,Wrong Answer,159,35324,945,
s275031853,p02936,u154148649,1591803781,C++,C++14 (GCC 5.4.1),cpp,Wrong Answer,141,16372,1094,
s500897847,p02936,u154148649,1591802567,C++,C++14 (GCC 5.4.1),cpp,Wrong Answer,120,14708,867,
s541824412,p02936,u321035578,1591791396,Python,Python (3.4.3),py,Wrong Answer,1596,49008,415,
s127090244,p02936,u321035578,1591791147,Python,Python (3.4.3),py,Wrong Answer,1602,48988,396,
s159145938,p02936,u658243311,1591790823,C++,C++14 (GCC 5.4.1),cpp,Accepted,130,19440,9489,
s234287629,p02936,u321035578,1591790542,Python,Python (3.4.3),py,Wrong Answer,2033,94216,615,
s051458143,p02936,u515740713,1591786850,Python,Python (3.4.3),py,Accepted,1538,230908,524,
s969295052,p02936,u515740713,1591786627,Python,Python (3.4.3),py,Wrong Answer,1398,224508,477,
s229129728,p02936,u630185395,1591783219,Julia,Julia (0.5.0),jl,Accepted,1675,312296,1113,
s078364457,p02936,u630185395,1591782333,Julia,Julia (0.5.0),jl,Time Limit Exceeded,2119,325480,682,
s563512276,p02936,u630185395,1591779805,Julia,Julia (0.5.0),jl,Time Limit Exceeded,2119,323980,892,
s997568321,p02936,u596724731,1591762113,C++,C++14 (GCC 5.4.1),cpp,Accepted,142,24320,829,
s495076685,p02936,u596724731,1591761996,C++,C++14 (GCC 5.4.1),cpp,Runtime Error,101,3328,829,
s322741131,p02936,u596724731,1591761833,C++,C++14 (GCC 5.4.1),cpp,Runtime Error,104,2560,812,
s390150936,p02936,u656341025,1591728908,Python,Python (3.4.3),py,Accepted,1900,51452,531,
s107564093,p02936,u656341025,1591728541,Python,Python (3.4.3),py,Time Limit Exceeded,2107,51060,511,
s470591269,p02936,u656341025,1591727432,Python,Python (3.4.3),py,Wrong Answer,2106,44756,464,
s725838541,p02936,u656341025,1591726884,Python,PyPy3 (2.4.0),py,Wrong Answer,2109,94028,464,
s076216065,p02936,u032004842,1591723694,C++,C++14 (GCC 5.4.1),cpp,Accepted,307,23552,817,
s308415158,p02936,u032004842,1591723630,C++,C++14 (GCC 5.4.1),cpp,Runtime Error,100,256,818,
s550080512,p02936,u867200256,1591721323,Python,Python (3.4.3),py,Accepted,1826,157036,1092,
s387303615,p02936,u959340534,1591718442,Python,Python (3.4.3),py,Time Limit Exceeded,2111,65444,785,
s494330354,p02936,u959340534,1591717916,Python,Python (3.4.3),py,Time Limit Exceeded,2108,66984,783,
s440911526,p02936,u959340534,1591717384,Python,PyPy3 (2.4.0),py,Time Limit Exceeded,2110,108232,752,
s783400002,p02936,u207097826,1591711078,Python,PyPy3 (2.4.0),py,Accepted,1994,144604,909,
s347800899,p02936,u207097826,1591711033,Python,Python (3.4.3),py,Time Limit Exceeded,2096,162680,909,
s819982395,p02936,u207097826,1591710511,Python,Python (3.4.3),py,Time Limit Exceeded,2124,319776,760,
s952304745,p02936,u207097826,1591710474,Python,Python (3.4.3),py,Runtime Error,18,3064,827,
s097498995,p02936,u207097826,1591709180,Python,Python (3.4.3),py,Wrong Answer,2123,307380,765,
s955274729,p02936,u207097826,1591708950,Python,PyPy3 (2.4.0),py,Time Limit Exceeded,2121,287116,762,
s849441179,p02936,u784802858,1591708915,Rust,Rust (1.15.1),rs,Accepted,330,56828,2677,
s692851658,p02936,u207097826,1591708501,Python,PyPy3 (2.4.0),py,Time Limit Exceeded,2122,313280,839,
s455388577,p02936,u207097826,1591707312,Python,PyPy3 (2.4.0),py,Time Limit Exceeded,2123,320788,777,
s859528766,p02936,u207097826,1591707268,Python,PyPy3 (2.4.0),py,Runtime Error,183,38384,777,
s286324401,p02936,u207097826,1591707073,Python,PyPy3 (2.4.0),py,Runtime Error,2055,144652,766,
s447067975,p02936,u207097826,1591706728,Python,Python (3.4.3),py,Runtime Error,2107,157052,766,
s590785883,p02936,u515740713,1591704256,Python,PyPy3 (2.4.0),py,Wrong Answer,2172,1113464,469,
s304983926,p02936,u515740713,1591704055,Python,Python (3.4.3),py,Wrong Answer,2117,217752,469,
s679493241,p02936,u669876141,1591691531,Java,Java8 (OpenJDK 1.8.0),java,Accepted,744,110712,4727,
s921714298,p02936,u459419927,1591680716,Python,Python (3.4.3),py,Runtime Error,2108,59196,1062,
s636815702,p02936,u263000123,1591679748,C++,C++14 (GCC 5.4.1),cpp,Accepted,662,23552,685,
s875633986,p02936,u333573372,1591678915,Java,Java8 (OpenJDK 1.8.0),java,Time Limit Exceeded,2110,166820,1555,
s351488542,p02936,u333573372,1591678689,Java,Java8 (OpenJDK 1.8.0),java,Accepted,1982,166872,1565,
s671092145,p02936,u333573372,1591678467,Java,Java8 (OpenJDK 1.8.0),java,Time Limit Exceeded,2062,169928,1536,
s484167913,p02936,u970523279,1591675896,Python,Python (3.4.3),py,Accepted,1655,238460,564,
s238911936,p02936,u847923740,1591675854,Python,Python (3.4.3),py,Accepted,1799,239860,726,
s980231202,p02936,u970523279,1591675802,Python,PyPy3 (2.4.0),py,Time Limit Exceeded,2154,799096,564,
s419872867,p02936,u847923740,1591675785,Python,Python (3.4.3),py,Time Limit Exceeded,2119,235256,572,
s866297105,p02936,u970523279,1591675752,Python,PyPy3 (2.4.0),py,Accepted,1343,100240,611,
s350860132,p02936,u970523279,1591675601,Python,PyPy3 (2.4.0),py,Time Limit Exceeded,2109,111632,567,
s401730066,p02936,u970523279,1591675126,Python,Python (3.4.3),py,Time Limit Exceeded,2118,238460,531,
s902779616,p02936,u847923740,1591675025,Python,Python (3.4.3),py,Time Limit Exceeded,2175,1133464,629,
s054749016,p02936,u847923740,1591674986,Python,Python (3.4.3),py,Runtime Error,18,3064,632,
s296043418,p02936,u847923740,1591674932,Python,PyPy3 (2.4.0),py,Runtime Error,2111,134520,583,
s536713342,p02936,u970523279,1591674905,Python,PyPy3 (2.4.0),py,Time Limit Exceeded,2124,341240,531,
s677373240,p02936,u970523279,1591674869,Python,Python (3.4.3),py,Runtime Error,1878,61144,490,
s632118280,p02936,u257472411,1591672323,Python,Python (3.4.3),py,Accepted,1856,305756,1416,
s671931070,p02936,u257472411,1591672084,Python,Python (3.4.3),py,Runtime Error,935,101256,1144,
s169050438,p02936,u164181205,1591671438,C++,C++14 (GCC 5.4.1),cpp,Accepted,383,65664,1017,
s821241652,p02936,u257472411,1591671274,Python,PyPy3 (2.4.0),py,Time Limit Exceeded,2155,857816,982,
s731453856,p02936,u257472411,1591670970,Python,Python (3.4.3),py,Time Limit Exceeded,2112,291456,982,
s527187981,p02936,u257472411,1591670721,Python,Python (3.4.3),py,Time Limit Exceeded,2118,197388,844,
s389504350,p02936,u425848474,1591667998,C++,C++14 (GCC 5.4.1),cpp,Accepted,327,32128,4475,
s880704136,p02936,u425848474,1591667869,C++,C++14 (GCC 5.4.1),cpp,Wrong Answer,285,28928,4430,
s013192576,p02936,u425848474,1591667119,C++,C++14 (GCC 5.4.1),cpp,Wrong Answer,281,21120,4416,
s225667219,p02936,u425848474,1591666487,C++,C++14 (GCC 5.4.1),cpp,Wrong Answer,2123,310004,4528,
s028218758,p02936,u425848474,1591665683,C++,C++14 (GCC 5.4.1),cpp,Wrong Answer,2104,24192,4434,
s328426047,p02936,u711193305,1591648914,C++,C++14 (GCC 5.4.1),cpp,Accepted,679,23424,657,
s776392001,p02936,u501503190,1591636565,Python,Python (3.4.3),py,Runtime Error,2120,284952,1134,
s203555869,p02936,u315078622,1591636376,Python,Python (3.4.3),py,Accepted,1622,282708,660,
s971208581,p02936,u501503190,1591635257,Python,Python (3.4.3),py,Runtime Error,1921,175284,1086,
s965171518,p02936,u501503190,1591635056,Python,Python (3.4.3),py,Runtime Error,1520,117248,1045,
s245661162,p02936,u315078622,1591634931,Python,Python (3.4.3),py,Accepted,1554,274220,683,
s321568952,p02936,u315078622,1591634780,Python,Python (3.4.3),py,Time Limit Exceeded,2120,275940,649,
s619297948,p02936,u253952966,1591629252,Python,Python (3.4.3),py,Time Limit Exceeded,2107,50840,528,
s566844361,p02936,u669819350,1591628091,Python,PyPy3 (2.4.0),py,Accepted,1917,120436,1000,
s479848790,p02936,u669819350,1591627215,Python,PyPy3 (2.4.0),py,Wrong Answer,1838,103756,834,
s937923949,p02936,u424374375,1591620708,C++,C++14 (GCC 5.4.1),cpp,Accepted,312,25856,912,
s049614023,p02936,u333573372,1591599161,Java,Java8 (OpenJDK 1.8.0),java,Accepted,1121,117352,4245,
s604006938,p02936,u333573372,1591598719,Java,Java8 (OpenJDK 1.8.0),java,Accepted,1400,127476,4041,
s545319454,p02936,u333573372,1591597464,Java,Java8 (OpenJDK 1.8.0),java,Accepted,1934,171592,1641,
s613082731,p02936,u333573372,1591597220,Java,Java8 (OpenJDK 1.8.0),java,Accepted,1962,165544,1223,
s059757045,p02936,u775772427,1591593255,C++,C++14 (GCC 5.4.1),cpp,Accepted,332,27520,727,
s649615559,p02936,u333573372,1591591542,Java,Java8 (OpenJDK 1.8.0),java,Time Limit Exceeded,2110,222848,1149,
s543050317,p02936,u333573372,1591591284,Java,Java8 (OpenJDK 1.8.0),java,Time Limit Exceeded,2110,219364,1355,
s568285783,p02936,u802614675,1591591192,OCaml,OCaml (4.02.3),ml,Accepted,520,62464,2575,
s029659930,p02936,u328811800,1591591190,C++,C++14 (GCC 5.4.1),cpp,Accepted,587,27392,1066,
s571851677,p02936,u333573372,1591591101,Java,Java8 (OpenJDK 1.8.0),java,Time Limit Exceeded,2106,226420,1551,
s491627715,p02936,u333573372,1591590436,Java,Java8 (OpenJDK 1.8.0),java,Time Limit Exceeded,2109,221724,1552,
s242743046,p02936,u263000123,1591590317,C++,C++14 (GCC 5.4.1),cpp,Wrong Answer,634,25856,751,
s528878109,p02936,u263000123,1591589966,C++,C++14 (GCC 5.4.1),cpp,Wrong Answer,646,24320,751,
s677847808,p02936,u550294762,1591589961,Python,PyPy3 (2.4.0),py,Accepted,1963,141936,563,
s466704085,p02936,u333573372,1591589936,Java,Java8 (OpenJDK 1.8.0),java,Wrong Answer,2109,204316,1347,
s632600885,p02936,u550294762,1591589888,Python,Python (3.4.3),py,Accepted,1750,73704,563,
s176055895,p02936,u775772427,1591589334,C++,C++14 (GCC 5.4.1),cpp,Wrong Answer,292,14836,634,
s370261313,p02936,u333573372,1591588789,Java,Java8 (OpenJDK 1.8.0),java,Wrong Answer,2106,217744,1452,
s640411348,p02936,u333573372,1591588039,Java,Java8 (OpenJDK 1.8.0),java,Wrong Answer,2110,369852,1424,
s574495004,p02936,u155216115,1591587547,C++,C++14 (GCC 5.4.1),cpp,Accepted,362,25600,1509,
s331306147,p02936,u333573372,1591587499,Java,Java8 (OpenJDK 1.8.0),java,Wrong Answer,2110,368356,1419,
s849678315,p02936,u768347697,1591587186,C++,C++14 (GCC 5.4.1),cpp,Accepted,319,28528,1353,
s806326816,p02936,u768347697,1591586916,C++,C++14 (GCC 5.4.1),cpp,Time Limit Exceeded,2220,1945724,1205,
s358630493,p02936,u768347697,1591586359,C++,C++14 (GCC 5.4.1),cpp,Wrong Answer,292,23680,1192,
s098358103,p02936,u474760662,1591584604,C++,C++14 (GCC 5.4.1),cpp,Accepted,309,29696,1139,
s637031058,p02936,u780428208,1591583081,C++,C++14 (GCC 5.4.1),cpp,Accepted,127,25600,2546,
s159213305,p02936,u342075214,1591576272,C++,C++14 (GCC 5.4.1),cpp,Runtime Error,601,283392,991,
s632263150,p02936,u190580703,1591576248,C++,C++14 (GCC 5.4.1),cpp,Accepted,181,26224,2143,
s360888327,p02936,u342075214,1591576171,C++,C++14 (GCC 5.4.1),cpp,Runtime Error,630,283904,1017,
s073740606,p02936,u534800382,1591576049,C++,C++14 (GCC 5.4.1),cpp,Accepted,303,17908,845,
s982764113,p02936,u328811800,1591575987,C++,C++14 (GCC 5.4.1),cpp,Runtime Error,632,283904,1006,
s038438242,p02936,u328811800,1591575889,C++,C++14 (GCC 5.4.1),cpp,Wrong Answer,603,23424,1008,
s641163879,p02936,u328811800,1591575848,C++,C++14 (GCC 5.4.1),cpp,Wrong Answer,588,23424,1009,
s990877141,p02936,u328811800,1591575824,C++,C++14 (GCC 5.4.1),cpp,Wrong Answer,604,23668,1008,
s127931415,p02936,u328811800,1591575468,C++,C++14 (GCC 5.4.1),cpp,Runtime Error,609,283904,1016,
s248771656,p02936,u896741788,1591575334,Python,PyPy3 (2.4.0),py,Accepted,681,93648,621,
s035932599,p02936,u534800382,1591575193,C++,C++14 (GCC 5.4.1),cpp,Wrong Answer,2103,3712,637,
s149857552,p02936,u328811800,1591575131,C++,C++14 (GCC 5.4.1),cpp,Runtime Error,612,283904,983,
s664244122,p02936,u896741788,1591575007,Python,PyPy3 (2.4.0),py,Time Limit Exceeded,2156,864656,496,
s547323240,p02936,u896741788,1591574864,Python,PyPy3 (2.4.0),py,Time Limit Exceeded,2158,877048,478,
s543888082,p02936,u896741788,1591574806,Python,Python (3.4.3),py,Runtime Error,1171,48688,477,
s596070986,p02936,u896741788,1591574793,Python,PyPy3 (2.4.0),py,Runtime Error,1076,83916,477,
s230349619,p02936,u082512804,1591574406,Java,Java8 (OpenJDK 1.8.0),java,Accepted,1026,133096,2642,
s934618524,p02936,u328811800,1591573871,C++,C++14 (GCC 5.4.1),cpp,Runtime Error,637,297216,1038,
s194635266,p02936,u314960567,1591573809,C++,C++14 (GCC 5.4.1),cpp,Wrong Answer,2206,1488000,1501,
s312828722,p02936,u082512804,1591573675,Java,Java8 (OpenJDK 1.8.0),java,Wrong Answer,742,87860,2509,
s014731380,p02936,u082512804,1591571062,Java,Java8 (OpenJDK 1.8.0),java,Time Limit Exceeded,2113,64852,3129,
s624773848,p02936,u082512804,1591565729,Java,Java8 (OpenJDK 1.8.0),java,Runtime Error,960,318708,3533,
s562237038,p02936,u082512804,1591565509,Java,Java8 (OpenJDK 1.8.0),java,Runtime Error,957,318172,3512,
s322111358,p02936,u469315559,1591564810,C++,C++14 (GCC 5.4.1),cpp,Accepted,301,29696,1078,
s171587754,p02936,u464205401,1591563196,Python,Python (3.4.3),py,Accepted,1881,70960,760,
s719509116,p02936,u190196352,1591556196,C++,C++14 (GCC 5.4.1),cpp,Accepted,371,24320,1055,
s016557943,p02936,u602140789,1591553708,C++,C++14 (GCC 5.4.1),cpp,Accepted,298,29696,770,
s763065464,p02936,u143509139,1591553279,Python,PyPy3 (2.4.0),py,Accepted,1909,129064,461,
s177513312,p02936,u143509139,1591553140,Python,PyPy3 (2.4.0),py,Wrong Answer,1814,123468,434,
s365146873,p02936,u631558039,1591542235,C++,C++14 (GCC 5.4.1),cpp,Accepted,598,21376,2656,
s784915650,p02936,u126236540,1591511036,C++,C++14 (GCC 5.4.1),cpp,Wrong Answer,2107,57344,1307,
s024700953,p02936,u126236540,1591510158,C++,C++14 (GCC 5.4.1),cpp,Wrong Answer,2105,35072,1334,
s885150254,p02936,u126236540,1591509494,C++,C++14 (GCC 5.4.1),cpp,Wrong Answer,2105,32000,1324,
s698345204,p02936,u157020659,1591495523,Python,Python (3.4.3),py,Accepted,1809,69352,645,
s438988551,p02936,u157020659,1591495466,Python,Python (3.4.3),py,Wrong Answer,1776,69340,645,
s834754362,p02936,u157020659,1591495409,Python,Python (3.4.3),py,Wrong Answer,1596,65900,645,
s619775417,p02936,u157020659,1591495141,Python,Python (3.4.3),py,Wrong Answer,1637,65816,804,
s201688102,p02936,u157020659,1591494999,Python,Python (3.4.3),py,Time Limit Exceeded,2107,56380,754,
s195216612,p02936,u863309603,1591494520,Kotlin,Kotlin (1.0.0),kt,Time Limit Exceeded,2111,159208,725,
s008683000,p02936,u863309603,1591494449,Kotlin,Kotlin (1.0.0),kt,Time Limit Exceeded,2111,159756,732,
s539951680,p02936,u863309603,1591494263,Kotlin,Kotlin (1.0.0),kt,Accepted,1153,152028,825,
s999438460,p02936,u157020659,1591492857,Python,PyPy3 (2.4.0),py,Time Limit Exceeded,2110,105560,794,
s954525838,p02936,u157020659,1591492669,Python,PyPy3 (2.4.0),py,Time Limit Exceeded,2110,123352,819,
s545809852,p02936,u569559028,1591492505,Ruby,Ruby (2.3.3),rb,Wrong Answer,1043,60180,799,
s477584365,p02936,u157020659,1591492471,Python,PyPy3 (2.4.0),py,Time Limit Exceeded,2114,173368,795,
s026374575,p02936,u157020659,1591492436,Python,Python (3.4.3),py,Time Limit Exceeded,2108,84996,795,
s477051350,p02936,u157020659,1591492046,Python,Python (3.4.3),py,Runtime Error,1653,86328,767,
s568126410,p02936,u224168474,1591491647,C++,C++14 (GCC 5.4.1),cpp,Accepted,151,27648,1241,
s291653226,p02936,u157020659,1591491405,Python,Python (3.4.3),py,Wrong Answer,1627,118944,585,
s223696351,p02936,u157020659,1591490774,Python,Python (3.4.3),py,Runtime Error,1955,207204,504,
s479973196,p02936,u157020659,1591490704,Python,Python (3.4.3),py,Runtime Error,1793,99212,469,
s882070990,p02936,u863309603,1591490291,Kotlin,Kotlin (1.0.0),kt,Accepted,1572,163536,910,
s511060501,p02936,u696847403,1591481419,Python,PyPy3 (2.4.0),py,Accepted,1252,91720,613,
s060259892,p02936,u696847403,1591481368,Python,PyPy3 (2.4.0),py,Time Limit Exceeded,2110,104648,542,
s015136189,p02936,u696847403,1591481267,Python,PyPy3 (2.4.0),py,Accepted,1280,91592,613,
s673461678,p02936,u863309603,1591475814,Kotlin,Kotlin (1.0.0),kt,Accepted,1816,171928,832,
s769294187,p02936,u363936720,1591475503,C++,C++14 (GCC 5.4.1),cpp,Accepted,304,30592,1709,
s692289288,p02936,u863309603,1591474433,Kotlin,Kotlin (1.0.0),kt,Wrong Answer,1302,156436,741,
s267471367,p02936,u151785909,1591471619,Python,Python (3.4.3),py,Accepted,1784,67200,551,
s694176326,p02936,u277556971,1591471293,C++,C++14 (GCC 5.4.1),cpp,Accepted,150,21504,2455,
s417582008,p02936,u151785909,1591470812,Python,Python (3.4.3),py,Runtime Error,1904,138740,461,
s536626461,p02936,u151785909,1591470767,Python,Python (3.4.3),py,Runtime Error,1659,63288,421,
s747357984,p02936,u151785909,1591470452,Python,PyPy3 (2.4.0),py,Time Limit Exceeded,2127,365440,450,
s475360028,p02936,u151785909,1591470410,Python,Python (3.4.3),py,Time Limit Exceeded,2120,233876,450,
s977606558,p02936,u151785909,1591470304,Python,Python (3.4.3),py,Runtime Error,1652,63288,410,
s186209432,p02936,u929977034,1591463348,C++,C++14 (GCC 5.4.1),cpp,Accepted,300,22016,2983,
s083535901,p02936,u929977034,1591463144,C++,C++14 (GCC 5.4.1),cpp,Wrong Answer,275,21888,3149,
s813774474,p02936,u929977034,1591463070,C++,C++14 (GCC 5.4.1),cpp,Wrong Answer,300,21888,3103,
s876641499,p02936,u929977034,1591462431,C++,C++14 (GCC 5.4.1),cpp,Wrong Answer,294,22016,2985,
s020059359,p02936,u406237526,1591425365,C++,C++14 (GCC 5.4.1),cpp,Accepted,361,24320,1118,
s261520402,p02936,u580697892,1591424242,Nim,Nim (0.13.0),nim,Accepted,399,51168,1116,
s883383707,p02936,u580697892,1591423968,Nim,Nim (0.13.0),nim,Time Limit Exceeded,2106,54336,1087,
s386327529,p02936,u580697892,1591423952,Nim,Nim (0.13.0),nim,Wrong Answer,2111,62752,1085,
s876932657,p02936,u406237526,1591423592,C++,C++14 (GCC 5.4.1),cpp,Accepted,129,21888,708,
s652416784,p02936,u406237526,1591423496,C++,C++14 (GCC 5.4.1),cpp,Wrong Answer,395,24320,1125,
s195888272,p02936,u580697892,1591423333,Nim,Nim (0.13.0),nim,Time Limit Exceeded,2107,53044,1037,
s876040698,p02936,u406237526,1591423323,C++,C++14 (GCC 5.4.1),cpp,Wrong Answer,371,24320,1108,
s887121732,p02936,u174181999,1591423174,Python,Python (3.4.3),py,Accepted,1393,232340,608,
s598656091,p02936,u406237526,1591423165,C++,C++14 (GCC 5.4.1),cpp,Wrong Answer,392,24320,1133,
s080390854,p02936,u174181999,1591423144,Python,PyPy3 (2.4.0),py,Time Limit Exceeded,2165,884856,608,
s706253365,p02936,u174181999,1591423048,Python,PyPy3 (2.4.0),py,Time Limit Exceeded,2125,348152,582,
s537246002,p02936,u103557284,1591423007,C++,C++14 (GCC 5.4.1),cpp,Accepted,276,43008,1189,
s000285836,p02936,u174181999,1591423006,Python,Python (3.4.3),py,Time Limit Exceeded,2059,232216,582,
s010464668,p02936,u406237526,1591422952,C++,C++14 (GCC 5.4.1),cpp,Wrong Answer,384,24320,1102,
s090954861,p02936,u174181999,1591422897,Python,Python (3.4.3),py,Runtime Error,1676,65544,539,
s842580091,p02936,u580697892,1591422642,Nim,Nim (0.13.0),nim,Wrong Answer,359,46792,752,
s264626356,p02936,u814501862,1591414770,C++,C++14 (GCC 5.4.1),cpp,Accepted,317,25856,676,
s890364217,p02936,u723843066,1591414549,C++,C++14 (GCC 5.4.1),cpp,Accepted,289,17140,1870,
s432177735,p02936,u861445290,1591414186,Java,Java8 (OpenJDK 1.8.0),java,Accepted,1334,149960,7503,
s870082799,p02936,u723843066,1591413863,C++,C++14 (GCC 5.4.1),cpp,Runtime Error,3305,54132,1990,
s494027406,p02936,u873167698,1591397107,Java,Java8 (OpenJDK 1.8.0),java,Accepted,1993,195236,1356,
s333186599,p02936,u873167698,1591397062,Java,Java8 (OpenJDK 1.8.0),java,Time Limit Exceeded,2106,198900,1359,
s214045899,p02936,u873167698,1591396911,Java,Java8 (OpenJDK 1.8.0),java,Time Limit Exceeded,2053,201780,1382,
s448483890,p02936,u873167698,1591396721,Java,Java8 (OpenJDK 1.8.0),java,Time Limit Exceeded,2007,200068,1385,
s006038118,p02936,u873167698,1591396621,Java,Java8 (OpenJDK 1.8.0),java,Time Limit Exceeded,2038,198836,1383,
s663439774,p02936,u873167698,1591396334,Java,Java8 (OpenJDK 1.8.0),java,Time Limit Exceeded,2076,203596,1382,
s308037696,p02936,u816645498,1591396135,C++,C++14 (GCC 5.4.1),cpp,Accepted,303,16372,943,
s350159991,p02936,u723711163,1591396012,Python,PyPy3 (2.4.0),py,Accepted,1911,141072,540,
s778201505,p02936,u816645498,1591395848,C++,C++14 (GCC 5.4.1),cpp,Wrong Answer,291,14848,908,
s189703196,p02936,u873167698,1591395765,Java,Java8 (OpenJDK 1.8.0),java,Wrong Answer,1596,176480,1070,
s331028570,p02936,u723711163,1591395538,Python,PyPy3 (2.4.0),py,Time Limit Exceeded,2122,320840,478,
s517618820,p02936,u873167698,1591395484,Java,Java8 (OpenJDK 1.8.0),java,Wrong Answer,1539,176028,1070,
s854725934,p02936,u723711163,1591394931,Python,PyPy3 (2.4.0),py,Runtime Error,1762,129868,417,
s318422930,p02936,u620084012,1591392617,Python,Python (3.4.3),py,Accepted,1666,268428,600,
s552387204,p02936,u620084012,1591392576,Python,Python (3.4.3),py,Runtime Error,1034,52300,570,
s836825357,p02936,u738898077,1591392162,Python,Python (3.4.3),py,Accepted,1853,58420,566,
s571255578,p02936,u974214237,1591392069,C++,C++14 (GCC 5.4.1),cpp,Wrong Answer,274,14848,714,
s564572171,p02936,u657353833,1591390540,C++,C++14 (GCC 5.4.1),cpp,Accepted,363,26624,712,
s820526921,p02936,u917282863,1591390172,C++,C++14 (GCC 5.4.1),cpp,Accepted,311,30464,1345,
s271491820,p02936,u782098901,1591389972,C++,C++14 (GCC 5.4.1),cpp,Accepted,125,15604,791,
s053093272,p02936,u656771711,1591389719,C++,C++14 (GCC 5.4.1),cpp,Accepted,83,31360,6775,
s764557364,p02936,u543954314,1591389551,Python,Python (3.4.3),py,Accepted,961,56144,777,
s119215809,p02936,u373047809,1591374720,C++,C++14 (GCC 5.4.1),cpp,Accepted,373,24320,616,
s680298040,p02936,u373047809,1591374115,Python,PyPy3 (2.4.0),py,Time Limit Exceeded,2157,780844,462,
s334607914,p02936,u373047809,1591374050,Python,PyPy3 (2.4.0),py,Wrong Answer,2142,664236,451,
s611647262,p02936,u373047809,1591373720,Python,PyPy3 (2.4.0),py,Time Limit Exceeded,2142,646224,509,
s841574566,p02936,u373047809,1591373696,Python,PyPy3 (2.4.0),py,Runtime Error,177,38256,515,
s235118664,p02936,u373047809,1591373575,Python,PyPy3 (2.4.0),py,Time Limit Exceeded,2122,310520,481,
s727235486,p02936,u373047809,1591373562,Python,Python (3.4.3),py,Time Limit Exceeded,2118,230960,481,
s329624862,p02936,u373047809,1591373477,Python,Python (3.4.3),py,Time Limit Exceeded,2117,230932,483,
s539114092,p02936,u373047809,1591373427,Python,Python (3.4.3),py,Runtime Error,1758,52268,442,
s888264140,p02936,u852770206,1591368275,C++,C++14 (GCC 5.4.1),cpp,Accepted,303,24320,702,
s666092560,p02936,u852770206,1591367110,C++,C++14 (GCC 5.4.1),cpp,Wrong Answer,2547,1633496,1197,
s487095106,p02936,u134019875,1591353171,Python,Python (3.4.3),py,Accepted,1712,230960,519,
s369625834,p02936,u134019875,1591353086,Python,Python (3.4.3),py,Time Limit Exceeded,2118,230960,492,
s933102970,p02936,u134019875,1591352992,Python,Python (3.4.3),py,Accepted,1615,230960,639,
s518394318,p02936,u134019875,1591352918,Python,Python (3.4.3),py,Runtime Error,1686,52300,535,
s452652702,p02936,u134019875,1591352813,Python,Python (3.4.3),py,Runtime Error,1480,45096,425,
s193199143,p02936,u134019875,1591352661,Python,Python (3.4.3),py,Runtime Error,1715,52312,430,
s658859416,p02936,u134019875,1591352268,Python,Python (3.4.3),py,Runtime Error,1653,52312,451,
s999410923,p02936,u134019875,1591351951,Python,Python (3.4.3),py,Runtime Error,1678,52292,453,
s650427643,p02936,u134019875,1591348598,Python,Python (3.4.3),py,Wrong Answer,2106,53060,614,
s958011124,p02936,u690326065,1591335281,C++,C++14 (GCC 5.4.1),cpp,Accepted,299,26240,2995,
s210848061,p02936,u723792785,1591326887,Python,Python (3.4.3),py,Accepted,1898,84368,674,
s158762704,p02936,u723792785,1591326606,Python,PyPy3 (2.4.0),py,Time Limit Exceeded,2198,1555320,878,
s714701903,p02936,u723792785,1591326580,Python,Python (3.4.3),py,Time Limit Exceeded,2217,1691064,878,
s792424175,p02936,u753386263,1591325574,Python,PyPy3 (2.4.0),py,Wrong Answer,169,38256,10,
s110831881,p02936,u945452839,1591322800,C++,C++14 (GCC 5.4.1),cpp,Accepted,326,24320,728,
s786994973,p02936,u650236619,1591316689,C++,C++14 (GCC 5.4.1),cpp,Accepted,315,27392,959,
s287894234,p02936,u190018920,1591313114,C++,C++14 (GCC 5.4.1),cpp,Accepted,125,19712,1525,
s424455372,p02936,u945452839,1591310849,C++,C++14 (GCC 5.4.1),cpp,Wrong Answer,2105,31872,1095,
s755195052,p02936,u219873484,1591304006,C++,C++14 (GCC 5.4.1),cpp,Accepted,156,70272,1553,
s625938781,p02936,u163783894,1591296854,Python,PyPy3 (2.4.0),py,Accepted,919,94028,859,
s028574006,p02936,u850516963,1591295766,C++,C++14 (GCC 5.4.1),cpp,Accepted,358,23424,3395,
s895362282,p02936,u163783894,1591295463,Python,PyPy3 (2.4.0),py,Wrong Answer,826,82764,833,
s147135785,p02936,u884323674,1591286493,Python,Python (3.4.3),py,Accepted,1586,232604,555,
s070418008,p02936,u884323674,1591286223,Python,Python (3.4.3),py,Time Limit Exceeded,2112,232568,528,
s449521571,p02936,u884323674,1591286039,Python,Python (3.4.3),py,Time Limit Exceeded,2122,298820,604,
s642526569,p02936,u884323674,1591285511,Python,Python (3.4.3),py,Time Limit Exceeded,2122,296812,619,
s028706724,p02936,u884323674,1591285408,Python,Python (3.4.3),py,Runtime Error,2111,122052,579,
s249792190,p02936,u884323674,1591284644,Python,PyPy3 (2.4.0),py,Accepted,1988,128240,665,
s669922406,p02936,u884323674,1591284526,Python,PyPy3 (2.4.0),py,Time Limit Exceeded,2043,128236,720,
s989082943,p02936,u884323674,1591284399,Python,Python (3.4.3),py,Time Limit Exceeded,2110,125228,720,
s400862565,p02936,u884323674,1591284079,Python,Python (3.4.3),py,Wrong Answer,2107,115848,612,
s236333703,p02936,u884323674,1591283716,Python,Python (3.4.3),py,Wrong Answer,2035,115900,557,
s477826399,p02936,u884323674,1591283579,Python,Python (3.4.3),py,Wrong Answer,2106,115840,540,
s107369868,p02936,u884323674,1591282535,Python,Python (3.4.3),py,Wrong Answer,2106,117368,659,
s278272153,p02936,u093384595,1591282433,Python,Python (3.4.3),py,Runtime Error,1815,57640,470,
s771518231,p02936,u884323674,1591281485,Python,Python (3.4.3),py,Wrong Answer,2107,115500,471,
s563921361,p02936,u884323674,1591281110,Python,Python (3.4.3),py,Wrong Answer,1992,116824,451,
s945349958,p02936,u093384595,1591280615,Python,Python (3.4.3),py,Wrong Answer,1849,77616,348,
s742830956,p02936,u093384595,1591280291,Python,Python (3.4.3),py,Wrong Answer,1946,77424,346,
s394655187,p02936,u093384595,1591279755,Python,Python (3.4.3),py,Runtime Error,1579,122140,467,
s389988091,p02936,u093384595,1591279612,Python,Python (3.4.3),py,Runtime Error,2111,125416,421,
s913821959,p02936,u354953865,1591273510,C++,C++14 (GCC 5.4.1),cpp,Accepted,253,49280,2980,
s097017642,p02936,u354953865,1591273371,C++,C++14 (GCC 5.4.1),cpp,Accepted,241,49280,3100,
s428311143,p02936,u238461782,1591272832,Go,Go (1.6),go,Accepted,1333,87040,2409,
s304884388,p02936,u730731139,1591272557,C++,C++14 (GCC 5.4.1),cpp,Accepted,138,25856,793,
s579441184,p02936,u730731139,1591272234,C++,C++14 (GCC 5.4.1),cpp,Wrong Answer,125,21120,738,
s384968417,p02936,u354953865,1591271839,C++,C++14 (GCC 5.4.1),cpp,Wrong Answer,167,24064,3106,
s701277106,p02936,u354953865,1591271419,C++,C++14 (GCC 5.4.1),cpp,Wrong Answer,169,36736,2967,
s359791451,p02936,u239528020,1591257353,Python,PyPy3 (2.4.0),py,Time Limit Exceeded,2119,270948,569,
s661486066,p02936,u901282405,1591242267,C++,C++14 (GCC 5.4.1),cpp,Time Limit Exceeded,2104,22528,1971,
s941661538,p02936,u861445290,1591241566,Java,Java8 (OpenJDK 1.8.0),java,Time Limit Exceeded,2111,259196,8181,
s551571572,p02936,u901282405,1591239989,C++,C++14 (GCC 5.4.1),cpp,Wrong Answer,2104,22144,1664,
s011000059,p02936,u073549161,1591238633,Python,PyPy3 (2.4.0),py,Accepted,1823,127564,717,
s813288652,p02936,u058186113,1591229901,C++,C++14 (GCC 5.4.1),cpp,Accepted,587,17140,989,
s438127481,p02936,u098923136,1591228769,C++,C++14 (GCC 5.4.1),cpp,Accepted,364,23424,629,
s334614766,p02936,u135626132,1591223368,C++,C++14 (GCC 5.4.1),cpp,Accepted,294,19444,1151,
s917258065,p02936,u135626132,1591223145,C++,C++14 (GCC 5.4.1),cpp,Wrong Answer,293,18560,1151,
s013910524,p02936,u135626132,1591220891,C++,C++14 (GCC 5.4.1),cpp,Accepted,314,29824,1135,
s696994293,p02936,u135626132,1591218818,C++,C++14 (GCC 5.4.1),cpp,Wrong Answer,278,17280,1007,
s115745313,p02936,u135626132,1591217479,C++,C++14 (GCC 5.4.1),cpp,Wrong Answer,564,17280,935,
s309887492,p02936,u472234259,1591213255,Rust,Rust (1.15.1),rs,Accepted,211,33276,2097,
s763867014,p02936,u472234259,1591212824,Rust,Rust (1.15.1),rs,Wrong Answer,207,35324,2205,
s025830565,p02936,u914707890,1591212699,C++,C++14 (GCC 5.4.1),cpp,Accepted,432,40264,928,
s398517727,p02936,u914707890,1591212680,C++,C++14 (Clang 3.8.0),cpp,Compile Error,,,928,
s432375667,p02936,u472234259,1591210713,Rust,Rust (1.15.1),rs,Wrong Answer,204,33276,2068,
s200980596,p02936,u472234259,1591210100,Rust,Rust (1.15.1),rs,Runtime Error,382,282876,2090,
s107563436,p02936,u410392135,1591209455,C++,C++14 (GCC 5.4.1),cpp,Accepted,598,16372,1811,
s621066186,p02936,u175590965,1591206883,Python,Python (3.4.3),py,Accepted,1994,74852,487,
s778752820,p02936,u175590965,1591206623,Python,Python (3.4.3),py,Runtime Error,1947,121872,477,
s438009730,p02936,u175590965,1591206544,Python,Python (3.4.3),py,Runtime Error,1902,121876,477,
s314275054,p02936,u175590965,1591206427,Python,Python (3.4.3),py,Runtime Error,1879,108608,476,
s314039369,p02936,u175590965,1591205881,Python,Python (3.4.3),py,Wrong Answer,1262,36896,274,
s648568776,p02936,u175590965,1591205835,Python,Python (3.4.3),py,Wrong Answer,1293,36892,274,
s337728691,p02936,u175590965,1591205701,Python,Python (3.4.3),py,Wrong Answer,1241,36768,273,
s700830558,p02936,u175590965,1591205620,Python,Python (3.4.3),py,Runtime Error,17,3064,274,
s696831489,p02936,u995155463,1591196511,C++,C++14 (GCC 5.4.1),cpp,Runtime Error,2105,29952,1846,
s551715200,p02936,u995155463,1591196432,C++,C++14 (GCC 5.4.1),cpp,Runtime Error,2106,46208,1844,
s233539450,p02936,u526278960,1591193957,C++,C++14 (GCC 5.4.1),cpp,Accepted,287,21120,1883,
s417240975,p02936,u238461782,1591192543,Go,Go (1.6),go,Time Limit Exceeded,2112,258816,2066,
s927705066,p02936,u135626132,1591190416,C++,C++14 (GCC 5.4.1),cpp,Wrong Answer,2104,15488,964,
s350564696,p02936,u238461782,1591187999,Go,Go (1.6),go,Wrong Answer,2110,238720,1587,
s931525224,p02936,u725109307,1591171539,C++,C++14 (GCC 5.4.1),cpp,Accepted,459,42240,864,
s833882510,p02936,u725109307,1591171115,C++,C++14 (GCC 5.4.1),cpp,Wrong Answer,419,42240,830,
s366675476,p02936,u725109307,1591170620,C++,C++14 (GCC 5.4.1),cpp,Wrong Answer,421,45312,787,
s510442233,p02936,u323051878,1591161632,C++,C++14 (GCC 5.4.1),cpp,Accepted,372,23424,622,
s308179802,p02936,u323051878,1591161595,C++,C++14 (GCC 5.4.1),cpp,Compile Error,,,576,
s188345127,p02936,u208713671,1591160633,Python,PyPy3 (2.4.0),py,Accepted,1890,123512,562,
s680646957,p02936,u736647947,1591156585,C++,C++14 (GCC 5.4.1),cpp,Accepted,125,23552,599,
s399265239,p02936,u568501780,1591153788,C++,C++14 (GCC 5.4.1),cpp,Accepted,316,23552,917,
s811618922,p02936,u470542271,1591141306,Python,PyPy3 (2.4.0),py,Wrong Answer,2112,139680,1265,
s964533973,p02936,u470542271,1591141162,Python,PyPy3 (2.4.0),py,Accepted,1112,154396,822,
s421229828,p02936,u470542271,1591140962,Python,PyPy3 (2.4.0),py,Time Limit Exceeded,2111,154516,622,
s142902384,p02936,u297738015,1591134006,C++,C++14 (GCC 5.4.1),cpp,Accepted,322,21232,2039,
s470115177,p02936,u297738015,1591132605,C++,C++14 (GCC 5.4.1),cpp,Wrong Answer,286,16512,2022,
s437890829,p02936,u521272340,1591131777,C++,C++14 (GCC 5.4.1),cpp,Accepted,307,21120,6941,
s113095792,p02936,u314260680,1591126504,C++,C++14 (GCC 5.4.1),cpp,Accepted,671,28928,1427,
s257730665,p02936,u314260680,1591126215,C++,C++14 (GCC 5.4.1),cpp,Accepted,387,28928,1485,
s181996326,p02936,u521272340,1591125994,C++,C++14 (GCC 5.4.1),cpp,Accepted,299,21120,6190,
s126576373,p02936,u496821919,1591123799,Python,Python (3.4.3),py,Accepted,1811,67168,567,
s699808059,p02936,u496821919,1591123203,Python,Python (3.4.3),py,Wrong Answer,1565,59312,471,
s117306322,p02936,u157232135,1591122516,Python,PyPy3 (2.4.0),py,Time Limit Exceeded,2110,120652,973,
s283195406,p02936,u496821919,1591122010,Python,PyPy3 (2.4.0),py,Wrong Answer,2111,124876,463,
s728908892,p02936,u496821919,1591121961,Python,Python (3.4.3),py,Wrong Answer,2106,50316,463,
s096044968,p02936,u157232135,1591121556,Python,PyPy3 (2.4.0),py,Wrong Answer,2110,120652,972,
s779489978,p02936,u157232135,1591120835,Python,Python (3.4.3),py,Time Limit Exceeded,2106,45100,902,
s899944354,p02936,u157232135,1591120457,Python,PyPy3 (2.4.0),py,Time Limit Exceeded,2112,142660,903,
s250931155,p02936,u157232135,1591118812,Python,Python (3.4.3),py,Wrong Answer,2106,42880,594,
s688584024,p02936,u961674365,1591081226,Python,PyPy3 (2.4.0),py,Time Limit Exceeded,2111,124068,842,
s327248332,p02936,u961674365,1591081198,Python,Python (3.4.3),py,Time Limit Exceeded,2109,89072,842,
s771953645,p02936,u379142263,1591079222,Python,Python (3.4.3),py,Wrong Answer,1626,54260,418,
s613089266,p02936,u961674365,1591078764,Python,Python (3.4.3),py,Wrong Answer,1854,102332,522,
s008203268,p02936,u278032600,1591070399,C++,C++14 (GCC 5.4.1),cpp,Accepted,370,23552,611,
s872884394,p02936,u278032600,1591070109,C++,C++14 (GCC 5.4.1),cpp,Runtime Error,2111,274424,602,
s423548395,p02936,u278032600,1591070068,C++,C++14 (GCC 5.4.1),cpp,Compile Error,,,600,
s531997857,p02936,u278032600,1591070025,C++,C++14 (GCC 5.4.1),cpp,Compile Error,,,596,
s199110216,p02936,u869790980,1591069180,Python,PyPy2 (5.6.0),py,Accepted,745,164636,637,
s257414922,p02936,u869790980,1591068286,Python,PyPy2 (5.6.0),py,Wrong Answer,720,140444,548,
s400125105,p02936,u278032600,1591067854,C++,C++14 (GCC 5.4.1),cpp,Accepted,365,23552,755,
s460862113,p02936,u213868052,1591067732,C++,C++14 (GCC 5.4.1),cpp,Accepted,363,24320,1004,
s575987226,p02936,u860002137,1591066673,Python,Python (3.4.3),py,Accepted,1925,93512,687,
s830424015,p02936,u860002137,1591066023,Python,PyPy3 (2.4.0),py,Time Limit Exceeded,2119,272764,772,
s352887275,p02936,u860002137,1591065996,Python,Python (3.4.3),py,Time Limit Exceeded,2122,309596,772,
s377712640,p02936,u860002137,1591065515,Python,Python (3.4.3),py,Time Limit Exceeded,2127,389404,810,
s607255328,p02936,u860002137,1591064850,Python,Python (3.4.3),py,Runtime Error,1699,162700,627,
s752384547,p02936,u860002137,1591064408,Python,Python (3.4.3),py,Time Limit Exceeded,2120,275912,698,
s149728097,p02936,u860002137,1591064151,Python,Python (3.4.3),py,Time Limit Exceeded,2123,334492,591,
s101753526,p02936,u860002137,1591063618,Python,Python (3.4.3),py,Wrong Answer,2127,387228,796,
s583703600,p02936,u860002137,1591063329,Python,Python (3.4.3),py,Time Limit Exceeded,2127,371740,730,
s960047440,p02936,u860002137,1591063024,Python,Python (3.4.3),py,Time Limit Exceeded,2126,371996,731,
s167575462,p02936,u273816974,1591062668,Java,Java8 (OpenJDK 1.8.0),java,Accepted,1995,196828,1642,
s500500254,p02936,u860002137,1591062534,Python,PyPy3 (2.4.0),py,Time Limit Exceeded,2120,274936,644,
s765470143,p02936,u273816974,1591062506,Java,Java8 (OpenJDK 1.8.0),java,Wrong Answer,1961,190224,1459,
s792584869,p02936,u860002137,1591062427,Python,Python (3.4.3),py,Time Limit Exceeded,2121,299608,644,
s856683513,p02936,u622070196,1591060371,C++,C++14 (GCC 5.4.1),cpp,Accepted,307,30592,764,
s605218688,p02936,u529722835,1591059681,C++,C++14 (GCC 5.4.1),cpp,Accepted,657,23424,718,
s150815285,p02936,u529722835,1591059552,C++,C++14 (GCC 5.4.1),cpp,Runtime Error,283,12020,699,
s542375249,p02936,u860002137,1591058902,Python,Python (3.4.3),py,Wrong Answer,2105,96224,473,
s645099066,p02936,u860002137,1591058221,Python,Python (3.4.3),py,Wrong Answer,2113,160668,526,
s376355977,p02936,u137332130,1591057947,C++,C++14 (GCC 5.4.1),cpp,Accepted,128,18672,2433,
s389540516,p02936,u622070196,1591053490,C++,C++14 (GCC 5.4.1),cpp,Wrong Answer,282,24320,625,
s411600658,p02936,u622070196,1591053153,C++,C++14 (GCC 5.4.1),cpp,Wrong Answer,2104,22144,606,
s492386131,p02936,u622070196,1591052882,C++,C++14 (GCC 5.4.1),cpp,Wrong Answer,2104,21376,593,
s742750131,p02936,u168684371,1591052603,C++,C++14 (GCC 5.4.1),cpp,Accepted,320,23808,808,
s389185830,p02936,u168684371,1591052322,C++,C++14 (GCC 5.4.1),cpp,Runtime Error,98,3072,800,
s160962483,p02936,u189513668,1591050439,Python,Python (3.4.3),py,Wrong Answer,1312,36896,341,
s607008326,p02936,u189513668,1591048487,Python,Python (3.4.3),py,Wrong Answer,2140,566876,492,
s475818026,p02936,u189513668,1591047755,Python,Python (3.4.3),py,Wrong Answer,2141,614216,487,
s741502959,p02936,u024782094,1591044962,Python,Python (3.4.3),py,Time Limit Exceeded,2108,95640,705,
s715084224,p02936,u024782094,1591044907,Python,PyPy3 (2.4.0),py,Accepted,1120,126024,705,
s951314971,p02936,u336517845,1591044229,C++,C++14 (GCC 5.4.1),cpp,Accepted,366,24320,667,
s877715255,p02936,u234636620,1591043898,Fortran,Fortran (gfortran v4.8.4),f,Accepted,384,35840,2903,
s896488156,p02936,u336517845,1591037127,C++,C++14 (GCC 5.4.1),cpp,Wrong Answer,313,4736,537,
s297483541,p02936,u336517845,1591036655,C++,C++14 (GCC 5.4.1),cpp,Wrong Answer,2103,4480,572,
s309845098,p02936,u740626584,1591033867,C++,C++14 (GCC 5.4.1),cpp,Accepted,293,16372,947,
s086036422,p02936,u876953939,1591033858,C++,C++14 (GCC 5.4.1),cpp,Accepted,128,24320,2048,
s519091017,p02936,u740626584,1591033823,C++,C++14 (GCC 5.4.1),cpp,Accepted,300,16372,939,
s465738502,p02936,u876953939,1591033545,C++,C++14 (GCC 5.4.1),cpp,Wrong Answer,122,21120,1934,
s850565984,p02936,u740626584,1591032910,C++,C++14 (GCC 5.4.1),cpp,Wrong Answer,316,17140,1033,
s803510972,p02936,u740626584,1591032338,C++,C++14 (GCC 5.4.1),cpp,Runtime Error,347,15616,876,
s692048557,p02936,u539517139,1591030272,Python,PyPy3 (2.4.0),py,Accepted,1886,105364,446,
s422437129,p02936,u740626584,1591029826,C++,C++14 (GCC 5.4.1),cpp,Wrong Answer,2104,14848,769,
s932338349,p02936,u947263228,1590992387,C++,C++14 (GCC 5.4.1),cpp,Accepted,162,44672,850,
s226961467,p02936,u947263228,1590992312,C++,C++14 (GCC 5.4.1),cpp,Wrong Answer,118,23296,1331,
s964034499,p02936,u947263228,1590992201,C++,C++14 (GCC 5.4.1),cpp,Wrong Answer,125,21632,1339,
s736824940,p02936,u494284451,1590980994,C++,C++14 (GCC 5.4.1),cpp,Accepted,669,23552,573,
s647946932,p02936,u430797067,1590979329,C++,C++14 (GCC 5.4.1),cpp,Accepted,362,23552,760,
s067829274,p02936,u523545435,1590972000,Python,PyPy3 (2.4.0),py,Time Limit Exceeded,2131,408824,519,
s849649143,p02936,u523545435,1590971821,Python,Python (3.4.3),py,Time Limit Exceeded,2117,227404,519,
s795989186,p02936,u523545435,1590971764,Python,Python (3.4.3),py,Runtime Error,1758,61128,478,
s322037109,p02936,u156815136,1590964932,Python,Python (3.4.3),py,Accepted,1995,62532,1198,
s002277027,p02936,u156815136,1590964712,Python,Python (3.4.3),py,Time Limit Exceeded,2118,230936,1014,
s845727933,p02936,u156815136,1590964675,Python,PyPy3 (2.4.0),py,Runtime Error,170,38256,1011,
s624382854,p02936,u156815136,1590964625,Python,Python (3.4.3),py,Time Limit Exceeded,2120,231432,1023,
s036828361,p02936,u494284451,1590964094,C++,C++14 (GCC 5.4.1),cpp,Runtime Error,2104,19328,645,
s963308636,p02936,u830054172,1590963218,Python,Python (3.4.3),py,Accepted,1785,55824,554,
s519064386,p02936,u830054172,1590962616,Python,Python (3.4.3),py,Wrong Answer,1587,49456,522,
s382840379,p02936,u830054172,1590961967,Python,Python (3.4.3),py,Wrong Answer,1582,49432,514,
s374128899,p02936,u619382421,1590961524,C++,C++14 (GCC 5.4.1),cpp,Accepted,289,27648,1065,
s300432409,p02936,u619382421,1590961307,C++,C++14 (GCC 5.4.1),cpp,Runtime Error,352,20992,1065,
s347296050,p02936,u494284451,1590960461,C++,C++14 (GCC 5.4.1),cpp,Runtime Error,2105,25728,694,
s476362670,p02936,u494284451,1590956452,C++,C++14 (GCC 5.4.1),cpp,Wrong Answer,2104,24192,549,
s100643972,p02936,u494284451,1590955983,C++,C++14 (GCC 5.4.1),cpp,Wrong Answer,2105,21376,550,
s424573366,p02936,u077051605,1590951404,C++,C++14 (GCC 5.4.1),cpp,Accepted,583,19440,796,
s541265103,p02936,u077051605,1590951324,C++,C++14 (GCC 5.4.1),cpp,Wrong Answer,570,18688,789,
s962568275,p02936,u943070796,1590951293,C++,C++14 (GCC 5.4.1),cpp,Accepted,161,32384,18834,
s838808338,p02936,u025501820,1590950466,Python,PyPy3 (2.4.0),py,Accepted,1878,131112,542,
s592427542,p02936,u371051907,1590950451,C++,C++14 (GCC 5.4.1),cpp,Accepted,304,30464,1162,
s070200729,p02936,u928784113,1590945051,Python,Python (3.4.3),py,Time Limit Exceeded,2109,148144,2203,
s959766859,p02936,u803617136,1590944468,Python,Python (3.4.3),py,Accepted,1836,55856,568,
s267023079,p02936,u400107908,1590944210,C++,C++14 (GCC 5.4.1),cpp,Wrong Answer,2225,1702404,1133,
s734753644,p02936,u356069145,1590944168,C++,C++14 (GCC 5.4.1),cpp,Accepted,309,27392,1012,
s478825125,p02936,u356069145,1590942691,C++,C++14 (GCC 5.4.1),cpp,Accepted,307,27360,1003,
s677171996,p02936,u929582923,1590940593,C++,C++14 (GCC 5.4.1),cpp,Accepted,140,17904,1726,
s235656247,p02936,u929582923,1590940503,C++,C++14 (GCC 5.4.1),cpp,Accepted,430,17136,2007,
s698103045,p02936,u888092736,1590937006,Python,Python (3.4.3),py,Accepted,1070,76056,752,
s873098305,p02936,u888092736,1590936815,Python,Python (3.4.3),py,Accepted,1787,296768,747,
s524080422,p02936,u888092736,1590936543,Python,Python (3.4.3),py,Accepted,1220,99288,966,
s239233553,p02936,u888092736,1590936428,Python,Python (3.4.3),py,Accepted,1527,99396,802,
s126075039,p02936,u888092736,1590936145,Python,Python (3.4.3),py,Wrong Answer,1292,99292,767,
s103426541,p02936,u888092736,1590936062,Python,Python (3.4.3),py,Wrong Answer,1375,88672,748,
s440764939,p02936,u888092736,1590935458,Python,Python (3.4.3),py,Wrong Answer,1307,88608,560,
s226721592,p02936,u190580703,1590935133,C++,C++14 (GCC 5.4.1),cpp,Accepted,597,46208,2092,
s678645801,p02936,u251934638,1590934878,C++,C++14 (GCC 5.4.1),cpp,Accepted,385,24320,1829,
s561908953,p02936,u314260680,1590934619,C++,C++14 (GCC 5.4.1),cpp,Accepted,382,25088,1508,
s722940736,p02936,u933962236,1590933948,C++,C++14 (GCC 5.4.1),cpp,Wrong Answer,2104,21376,893,
s856325500,p02936,u390727364,1590933652,Python,PyPy3 (2.4.0),py,Accepted,647,89876,800,
s431828880,p02936,u390727364,1590933431,Python,PyPy3 (2.4.0),py,Wrong Answer,581,77772,769,
s686365902,p02936,u356069145,1590932561,C++,C++14 (GCC 5.4.1),cpp,Runtime Error,2227,35572,1049,
s395731021,p02936,u390727364,1590931811,Python,PyPy3 (2.4.0),py,Wrong Answer,586,76108,647,
s230546075,p02936,u893239355,1590931285,C++,C++14 (GCC 5.4.1),cpp,Accepted,364,24320,876,
s317156447,p02936,u893239355,1590931055,C++,C++14 (GCC 5.4.1),cpp,Wrong Answer,349,24320,850,
s674724458,p02936,u893239355,1590930660,C++,C++14 (GCC 5.4.1),cpp,Wrong Answer,2104,13312,912,
s784494549,p02936,u320511454,1590930297,Python,Python (3.4.3),py,Accepted,1889,74852,486,
s496561337,p02936,u893239355,1590930147,C++,C++14 (GCC 5.4.1),cpp,Wrong Answer,317,16256,827,
s238185814,p02936,u893239355,1590929921,C++,C++14 (GCC 5.4.1),cpp,Wrong Answer,273,14848,755,
s812275679,p02936,u940831163,1590929710,Python,Python (3.4.3),py,Accepted,1261,65460,827,
s776460498,p02936,u893239355,1590929531,C++,C++14 (GCC 5.4.1),cpp,Wrong Answer,280,14848,723,
s709399030,p02936,u888092736,1590929470,Python,Python (3.4.3),py,Accepted,1934,349236,418,
s520203826,p02936,u893239355,1590929089,C++,C++14 (GCC 5.4.1),cpp,Wrong Answer,339,14848,735,
s406039503,p02936,u726615467,1590929082,Python,PyPy3 (2.4.0),py,Accepted,1984,135160,967,
s227245911,p02936,u940831163,1590928862,Python,Python (3.4.3),py,Time Limit Exceeded,2110,65484,663,
s235797255,p02936,u596311864,1590928766,C++,C++14 (GCC 5.4.1),cpp,Accepted,331,26624,965,
s469212039,p02936,u334644046,1590928762,C++,C++14 (GCC 5.4.1),cpp,Accepted,297,24704,1993,
s489124609,p02936,u726615467,1590928542,Python,PyPy3 (2.4.0),py,Time Limit Exceeded,2112,158956,694,
s503487854,p02936,u893239355,1590928468,C++,C++14 (GCC 5.4.1),cpp,Wrong Answer,2105,23680,816,
s505070654,p02936,u334644046,1590928391,C++,C++14 (GCC 5.4.1),cpp,Wrong Answer,280,21632,1929,
s545562974,p02936,u893239355,1590928267,C++,C++14 (GCC 5.4.1),cpp,Wrong Answer,2105,23680,961,
s620367328,p02936,u704625420,1590927994,C++,C++14 (GCC 5.4.1),cpp,Accepted,150,21120,2180,
s004052954,p02936,u726615467,1590927874,Python,PyPy3 (2.4.0),py,Time Limit Exceeded,2041,159084,681,
s214221089,p02936,u893239355,1590927734,C++,C++14 (GCC 5.4.1),cpp,Wrong Answer,2105,23680,912,
s340380769,p02936,u620084012,1590927705,Python,Python (3.4.3),py,Accepted,1736,268432,576,
s259790545,p02936,u334644046,1590927619,C++,C++14 (GCC 5.4.1),cpp,Wrong Answer,2104,13440,1902,
s953575744,p02936,u334644046,1590927574,C++,C++14 (GCC 5.4.1),cpp,Runtime Error,226,6516,1902,
s515530426,p02936,u726615467,1590927317,Python,PyPy3 (2.4.0),py,Time Limit Exceeded,2113,168428,1063,
s073621536,p02936,u273352618,1590927294,C++,C++14 (GCC 5.4.1),cpp,Accepted,130,23552,1419,
s452388924,p02936,u644907318,1590927176,Python,PyPy3 (2.4.0),py,Accepted,1883,119648,507,
s337376874,p02936,u726615467,1590927168,Python,Python (3.4.3),py,Time Limit Exceeded,2113,169216,1063,
s645048646,p02936,u241159583,1590927145,Python,Python (3.4.3),py,Wrong Answer,2112,136260,459,
s346307261,p02936,u145483532,1590927045,C++,C++14 (GCC 5.4.1),cpp,Accepted,144,28928,6298,
s353164881,p02936,u620084012,1590926861,Python,Python (3.4.3),py,Wrong Answer,1385,262048,502,
s021319932,p02936,u614128939,1590926792,C++,C++14 (GCC 5.4.1),cpp,Accepted,308,33024,1863,
s972922023,p02936,u620084012,1590926757,Python,Python (3.4.3),py,Runtime Error,1538,258384,501,
s534643445,p02936,u145483532,1590926647,C++,C++14 (GCC 5.4.1),cpp,Wrong Answer,115,24320,6224,
s663027530,p02936,u321761416,1590926598,C#,C# (Mono 4.6.2.0),cs,Accepted,608,52676,2711,
s320404117,p02936,u145483532,1590926569,C++,C++14 (GCC 5.4.1),cpp,Wrong Answer,420,25600,6235,
s999184488,p02936,u315542000,1590926560,C++,C++14 (GCC 5.4.1),cpp,Accepted,293,15604,914,
s997766212,p02936,u609061751,1590926504,Python,Python (3.4.3),py,Accepted,1120,54292,589,
s682215742,p02936,u079022693,1590926501,Python,Python (3.4.3),py,Accepted,1088,73712,769,
s304796951,p02936,u940831163,1590926428,Python,Python (3.4.3),py,Wrong Answer,2107,54432,547,
s056351525,p02936,u034865202,1590926084,C++,C++14 (GCC 5.4.1),cpp,Accepted,138,30592,6397,
s307255254,p02936,u929582923,1590925979,C++,C++14 (GCC 5.4.1),cpp,Accepted,419,17136,2015,
s544715758,p02936,u186838327,1590925755,Python,PyPy3 (2.4.0),py,Accepted,629,89164,525,
s534305618,p02936,u071019032,1590925633,C++,C++14 (GCC 5.4.1),cpp,Accepted,154,21104,1220,
s240433938,p02936,u047796752,1590925514,Python,PyPy3 (2.4.0),py,Accepted,822,93716,618,
s237373437,p02936,u718758485,1590925509,C++,C++14 (GCC 5.4.1),cpp,Accepted,310,24320,676,
s498777076,p02936,u843522325,1590925405,C++,C++14 (GCC 5.4.1),cpp,Accepted,324,20736,1017,
s486718609,p02936,u415325136,1590925339,C++,C++14 (GCC 5.4.1),cpp,Accepted,142,27392,963,
s418386710,p02936,u430419385,1590916637,C#,C# (Mono 4.6.2.0),cs,Accepted,1050,101180,4095,
s802591951,p02936,u430419385,1590916555,C#,C# (Mono 4.6.2.0),cs,Accepted,727,75328,4086,
s755314966,p02936,u430419385,1590915536,C#,C# (Mono 4.6.2.0),cs,Accepted,743,76476,4168,
s935188827,p02936,u430419385,1590915285,C#,C# (Mono 4.6.2.0),cs,Wrong Answer,705,77944,4101,
s669536050,p02936,u430419385,1590914060,C#,C# (Mono 4.6.2.0),cs,Wrong Answer,1128,31008,4029,
s156784739,p02936,u153302617,1590911449,Java,Java8 (OpenJDK 1.8.0),java,Wrong Answer,934,85424,3602,
s507744402,p02936,u153302617,1590911372,Java,Java8 (OpenJDK 1.8.0),java,Wrong Answer,960,87304,3601,
s004519997,p02936,u577511087,1590909406,C++,C++14 (GCC 5.4.1),cpp,Accepted,383,23424,993,
s445823564,p02936,u577511087,1590909344,C++,C++14 (GCC 5.4.1),cpp,Wrong Answer,366,23424,995,
s618929988,p02936,u373908456,1590903587,C++,C++14 (GCC 5.4.1),cpp,Time Limit Exceeded,2249,1579500,9894,
s444413024,p02936,u373908456,1590903544,C++,C++14 (GCC 5.4.1),cpp,Accepted,146,36736,9895,
s373209837,p02936,u623759422,1590900992,C++,C++14 (GCC 5.4.1),cpp,Accepted,302,17140,959,
s812505981,p02936,u623759422,1590900375,C++,C++14 (GCC 5.4.1),cpp,Wrong Answer,286,14848,776,
s537066850,p02936,u623759422,1590899374,C++,C++14 (GCC 5.4.1),cpp,Wrong Answer,247,4736,523,
s847083837,p02936,u860789370,1590895284,Kotlin,Kotlin (1.0.0),kt,Accepted,1240,155960,1607,
s759860146,p02936,u320511454,1590894515,Python,Python (3.4.3),py,Wrong Answer,2107,60552,408,
s141572280,p02936,u860789370,1590894138,Kotlin,Kotlin (1.0.0),kt,Wrong Answer,1192,151904,1429,
s987908605,p02936,u476488060,1590893473,C++,C++14 (GCC 5.4.1),cpp,Time Limit Exceeded,2224,1539952,848,
s082399811,p02936,u476488060,1590893223,C++,C++14 (GCC 5.4.1),cpp,Time Limit Exceeded,2247,1574772,868,
s327454804,p02936,u476488060,1590892662,C++,C++14 (GCC 5.4.1),cpp,Time Limit Exceeded,2229,1689916,872,
s902703099,p02936,u476488060,1590892301,C++,C++14 (GCC 5.4.1),cpp,Wrong Answer,2238,1671228,872,
s430613547,p02936,u476488060,1590891709,C++,C++14 (GCC 5.4.1),cpp,Wrong Answer,5024,1885276,810,
s924269201,p02936,u198905553,1590887399,Python,Python (3.4.3),py,Accepted,1733,66848,406,
s080779565,p02936,u789714448,1590885963,Python,Python (3.4.3),py,Wrong Answer,1901,48008,1033,
s938059521,p02936,u789714448,1590885523,Python,Python (3.4.3),py,Wrong Answer,2114,118956,1100,
s645763411,p02936,u680851063,1590882106,Python,Python (3.4.3),py,Accepted,1669,56164,1175,
s602201346,p02936,u367701763,1590881968,Python,Python (3.4.3),py,Accepted,1646,232496,693,
s704728064,p02936,u680851063,1590881928,Python,Python (3.4.3),py,Accepted,1671,55828,1129,
s937527884,p02936,u680851063,1590881735,Python,Python (3.4.3),py,Accepted,1731,56060,1181,
s443593366,p02936,u789714448,1590881268,Python,Python (3.4.3),py,Wrong Answer,2119,249332,766,
s334521946,p02936,u367701763,1590879875,Python,Python (3.4.3),py,Accepted,1649,238844,628,
s232902233,p02936,u307516601,1590879441,Python,Python (3.4.3),py,Accepted,1550,266792,639,
s476704237,p02936,u307516601,1590879402,Python,Python (3.4.3),py,Accepted,1633,236920,660,
s368836955,p02936,u307516601,1590879352,Python,PyPy3 (2.4.0),py,Time Limit Exceeded,2154,802936,660,
s430152639,p02936,u307516601,1590879251,Python,PyPy3 (2.4.0),py,Time Limit Exceeded,2158,803192,616,
s152905661,p02936,u941028483,1590878908,C++,C++14 (GCC 5.4.1),cpp,Accepted,303,31360,1746,
s541777471,p02936,u307516601,1590878634,Python,PyPy3 (2.4.0),py,Time Limit Exceeded,2155,761592,768,
s065586942,p02936,u307516601,1590878494,Python,PyPy3 (2.4.0),py,Time Limit Exceeded,2125,351608,598,
s129751084,p02936,u307516601,1590878472,Python,Python (3.4.3),py,Time Limit Exceeded,2112,266800,598,
s859121779,p02936,u680851063,1590878008,Python,Python (3.4.3),py,Accepted,1727,55828,1051,
s007179542,p02936,u307516601,1590877877,Python,Python (3.4.3),py,Wrong Answer,2113,266800,592,
s037502662,p02936,u680851063,1590877724,Python,Python (3.4.3),py,Accepted,1680,55828,1035,
s030287373,p02936,u307516601,1590877714,Python,Python (3.4.3),py,Wrong Answer,2114,266800,570,
s364380009,p02936,u189397279,1590873783,Python,Python (3.4.3),py,Runtime Error,1524,47820,368,
s959632854,p02936,u189397279,1590873681,Python,Python (3.4.3),py,Runtime Error,1500,49480,368,
s173360472,p02936,u979552932,1590873311,Python,Python (3.4.3),py,Accepted,1044,53040,707,
s533818632,p02936,u979552932,1590873283,Python,PyPy3 (2.4.0),py,Accepted,864,91852,707,
s903396772,p02936,u979552932,1590872973,Python,PyPy3 (2.4.0),py,Accepted,1959,105164,654,
s100064719,p02936,u979552932,1590872845,Python,Python (3.4.3),py,Accepted,1734,53008,654,
s048286027,p02936,u610104058,1590869869,C#,C# (Mono 4.6.2.0),cs,Accepted,749,53924,2359,
s800652240,p02936,u979552932,1590869674,Ruby,Ruby (2.3.3),rb,Accepted,802,25468,417,
s142347252,p02936,u630355552,1590867488,C++,C++14 (GCC 5.4.1),cpp,Accepted,297,29824,936,
s320045605,p02936,u367701763,1590862437,Python,PyPy3 (2.4.0),py,Time Limit Exceeded,2161,884856,685,
s062512179,p02936,u189397279,1590860271,Python,Python (3.4.3),py,Runtime Error,2109,84896,596,
s494049296,p02936,u367701763,1590858660,Python,Python (3.4.3),py,Wrong Answer,2121,217752,408,
s596444831,p02936,u373908456,1590857073,C++,C++14 (GCC 5.4.1),cpp,Time Limit Exceeded,2231,1553640,1443,
s618021460,p02936,u373908456,1590856886,C++,C++14 (GCC 5.4.1),cpp,Time Limit Exceeded,2241,1666024,1401,
s501707165,p02936,u166727624,1590856854,Python,PyPy3 (2.4.0),py,Accepted,855,93168,1460,
s855601129,p02936,u373908456,1590856543,C++,C++14 (GCC 5.4.1),cpp,Time Limit Exceeded,2227,1662056,1403,
s107569889,p02936,u092387689,1590856468,Python,Python (3.4.3),py,Time Limit Exceeded,2116,233648,612,
s175294778,p02936,u092387689,1590856373,Python,Python (3.4.3),py,Runtime Error,1781,53040,572,
s927595827,p02936,u373908456,1590856372,C++,C++14 (GCC 5.4.1),cpp,Time Limit Exceeded,2229,1682664,1434,
s307555601,p02936,u092387689,1590856248,Python,Python (3.4.3),py,Runtime Error,1774,50764,522,
s767643013,p02936,u373908456,1590856101,C++,C++14 (GCC 5.4.1),cpp,Time Limit Exceeded,2232,1675368,1486,
s630325467,p02936,u092387689,1590855874,Python,Python (3.4.3),py,Runtime Error,1704,50776,502,
s525720049,p02936,u373908456,1590855820,C++,C++14 (GCC 5.4.1),cpp,Time Limit Exceeded,2229,1637096,1547,
s663383469,p02936,u373908456,1590855620,C++,C++14 (GCC 5.4.1),cpp,Time Limit Exceeded,2229,1661288,1638,
s483720461,p02936,u373908456,1590854961,C++,C++14 (GCC 5.4.1),cpp,Time Limit Exceeded,2242,1670508,1648,
s543656829,p02936,u373908456,1590854634,C++,C++14 (GCC 5.4.1),cpp,Time Limit Exceeded,2262,1706348,1575,
s669899366,p02936,u373908456,1590854430,C++,C++14 (GCC 5.4.1),cpp,Time Limit Exceeded,2236,1535340,9867,
s329922782,p02936,u373908456,1590854002,C++,C++14 (GCC 5.4.1),cpp,Time Limit Exceeded,2233,1718252,9893,
s524434075,p02936,u698760125,1590847947,C++,C++14 (GCC 5.4.1),cpp,Accepted,306,24320,620,
s083468507,p02936,u572193732,1590842189,Python,PyPy3 (2.4.0),py,Accepted,1909,118936,542,
s659576104,p02936,u572193732,1590842134,Python,Python (3.4.3),py,Accepted,1755,62812,542,
s251208882,p02936,u738898077,1590841724,Python,PyPy3 (2.4.0),py,Accepted,1937,122992,439,
s034904453,p02936,u738898077,1590841716,Python,Python (3.4.3),py,Accepted,1897,58004,439,
s161059536,p02936,u738898077,1590840326,Python,Python (3.4.3),py,Wrong Answer,1823,51808,369,
s329636276,p02936,u738898077,1590840164,Python,Python (3.4.3),py,Wrong Answer,1876,59120,410,
s626317222,p02936,u820224016,1590820606,C++,C++14 (GCC 5.4.1),cpp,Accepted,690,158592,777,
s818890295,p02936,u927520692,1590818660,C++,C++14 (GCC 5.4.1),cpp,Accepted,138,24448,1058,
s048542799,p02936,u239528020,1590818503,Python,Python (3.4.3),py,Time Limit Exceeded,2120,235560,572,
s866892830,p02936,u239528020,1590818468,Python,Python (3.4.3),py,Runtime Error,1824,67148,532,
s233132635,p02936,u239528020,1590818302,Python,Python (3.4.3),py,Runtime Error,1895,67136,1013,
s783644382,p02936,u239528020,1590818151,Python,Python (3.4.3),py,Runtime Error,1976,67136,981,
s033777660,p02936,u927520692,1590818079,C++,C++14 (GCC 5.4.1),cpp,Wrong Answer,119,21376,993,
s549480214,p02936,u239528020,1590818016,Python,Python (3.4.3),py,Runtime Error,2017,73072,993,
s514823073,p02936,u927520692,1590817973,C++,C++14 (GCC 5.4.1),cpp,Wrong Answer,114,20608,994,
s726529919,p02936,u239528020,1590817319,Python,Python (3.4.3),py,Time Limit Exceeded,2109,78296,1337,
s031273361,p02936,u239528020,1590814990,Python,Python (3.4.3),py,Wrong Answer,2107,55796,528,
s603210912,p02936,u239528020,1590814662,Python,Python (3.4.3),py,Wrong Answer,2109,53424,491,
s974830145,p02936,u527311983,1590808857,C++,C++14 (GCC 5.4.1),cpp,Accepted,609,28928,989,
s733206478,p02936,u527311983,1590808738,C++,C++14 (GCC 5.4.1),cpp,Time Limit Exceeded,2105,30464,1117,
s792114970,p02936,u527311983,1590808385,C++,C++14 (GCC 5.4.1),cpp,Time Limit Exceeded,2105,28800,949,
s792703363,p02936,u815026012,1590804514,C++,C++14 (GCC 5.4.1),cpp,Accepted,340,38400,1129,
s932001127,p02936,u679071799,1590800253,C++,C++14 (Clang 3.8.0),cpp,Accepted,754,22784,1044,
s928426183,p02936,u047572420,1590791661,C++,C++14 (GCC 5.4.1),cpp,Runtime Error,2103,3712,759,
s762528105,p02936,u135454978,1590788169,Python,Python (3.4.3),py,Accepted,1667,275240,602,
s479004907,p02936,u389078199,1590787559,C++,C++14 (GCC 5.4.1),cpp,Wrong Answer,2104,20992,751,
s411137789,p02936,u389078199,1590787507,C++,C++14 (GCC 5.4.1),cpp,Wrong Answer,2104,18176,752,
s705498102,p02936,u135454978,1590787196,Python,Python (3.4.3),py,Accepted,1717,245688,652,
s332806922,p02936,u461513098,1590786658,Python,Python (3.4.3),py,Accepted,1648,274428,601,
s195113186,p02936,u461513098,1590786603,Python,Python (3.4.3),py,Wrong Answer,1452,268020,573,
s745419526,p02936,u192154323,1590785860,Python,Python (3.4.3),py,Time Limit Exceeded,2120,235008,718,
s974528807,p02936,u192154323,1590785471,Python,Python (3.4.3),py,Accepted,1882,68936,799,
s396470267,p02936,u461513098,1590784879,Python,Python (3.4.3),py,Accepted,1639,236924,593,
s250075115,p02936,u461513098,1590784135,Python,Python (3.4.3),py,Runtime Error,1650,222864,523,
s555733400,p02936,u748241164,1590781114,Python,Python (3.4.3),py,Accepted,1833,157120,931,
s517026505,p02936,u748241164,1590780969,Python,PyPy3 (2.4.0),py,Time Limit Exceeded,2115,199228,987,
s285558345,p02936,u748241164,1590780830,Python,Python (3.4.3),py,Time Limit Exceeded,2115,181284,987,
s402835306,p02936,u748241164,1590780735,Python,Python (3.4.3),py,Wrong Answer,1996,175012,958,
s910645503,p02936,u311671153,1590780187,C++,C++14 (GCC 5.4.1),cpp,Accepted,452,52480,5063,
s979147398,p02936,u114407770,1590777858,C++,C++14 (GCC 5.4.1),cpp,Accepted,308,34432,668,
s226052221,p02936,u114407770,1590775599,C++,C++14 (GCC 5.4.1),cpp,Wrong Answer,281,14848,477,
s284730425,p02936,u114407770,1590772930,C++,C++14 (GCC 5.4.1),cpp,Wrong Answer,2105,24320,531,
s419071701,p02936,u114407770,1590767345,C++,C++14 (GCC 5.4.1),cpp,Wrong Answer,2104,21376,482,
s446294090,p02936,u461513098,1590762828,Python,Python (3.4.3),py,Runtime Error,1649,227048,552,
s445794747,p02936,u968166680,1590758104,Python,PyPy3 (2.4.0),py,Accepted,636,143248,728,
s450396577,p02936,u968166680,1590758069,Python,Python (3.4.3),py,Accepted,751,101408,771,
s725935154,p02936,u968166680,1590757733,Python,Python (3.4.3),py,Accepted,735,95808,728,
s899005370,p02936,u968166680,1590757152,Python,Python (3.4.3),py,Accepted,907,63504,763,
s907907836,p02936,u968166680,1590756736,Python,Python (3.4.3),py,Accepted,1530,274424,617,
s223082475,p02936,u968166680,1590756615,Python,Python (3.4.3),py,Accepted,1542,274224,634,
s138277762,p02936,u493130708,1590736589,Python,PyPy3 (2.4.0),py,Accepted,843,120980,3551,
s280763616,p02936,u493130708,1590736389,Python,PyPy3 (2.4.0),py,Wrong Answer,2131,428912,3492,
s829683564,p02936,u506403362,1590733634,Fortran,Fortran (gfortran v4.8.4),f,Accepted,402,32896,2121,
s705074168,p02936,u778814286,1590723780,C++,C++14 (GCC 5.4.1),cpp,Accepted,184,27520,4338,
s291372463,p02936,u778814286,1590722805,C++,C++14 (GCC 5.4.1),cpp,Wrong Answer,130,16512,4016,
s690381634,p02936,u093861603,1590722570,Python,Python (3.4.3),py,Accepted,1802,238696,552,
s258302306,p02936,u093861603,1590722062,Python,Python (3.4.3),py,Wrong Answer,1719,44748,323,
s631315302,p02936,u093861603,1590722012,Python,PyPy3 (2.4.0),py,Wrong Answer,1780,86860,315,
s836678418,p02936,u778814286,1590721438,C++,C++14 (GCC 5.4.1),cpp,Wrong Answer,120,16512,3836,
s051393389,p02936,u197955752,1590719543,Python,Python (3.4.3),py,Accepted,1610,233848,611,
s582255761,p02936,u197955752,1590719471,Python,Python (3.4.3),py,Accepted,1649,230932,539,
s362323029,p02936,u197955752,1590719436,Python,Python (3.4.3),py,Time Limit Exceeded,2112,230932,541,
s491214409,p02936,u197955752,1590719225,Python,Python (3.4.3),py,Time Limit Exceeded,2118,225456,527,
s186981106,p02936,u197955752,1590718769,Python,Python (3.4.3),py,Accepted,1760,56180,549,
s546403673,p02936,u197955752,1590718471,Python,Python (3.4.3),py,Accepted,1820,67172,574,
s020385872,p02936,u197955752,1590717998,Python,Python (3.4.3),py,Wrong Answer,2113,225456,574,
s501745497,p02936,u197955752,1590717740,Python,PyPy3 (2.4.0),py,Time Limit Exceeded,2124,341496,584,
s660218839,p02936,u197955752,1590717649,Python,Python (3.4.3),py,Time Limit Exceeded,2115,233848,584,
s751133948,p02936,u948911484,1590717421,Python,Python (3.4.3),py,Time Limit Exceeded,2112,232496,454,
s668515231,p02936,u948911484,1590717174,Python,PyPy3 (2.4.0),py,Time Limit Exceeded,2128,402040,454,
s068322702,p02936,u462329577,1590716175,Python,Python (3.4.3),py,Accepted,1942,66640,692,
s670452083,p02936,u628907033,1590716004,Kotlin,Kotlin (1.0.0),kt,Time Limit Exceeded,2119,156492,2722,
s236800713,p02936,u462329577,1590715962,Python,Python (3.4.3),py,Wrong Answer,1793,67916,691,
s161547518,p02936,u946969297,1590713090,Nim,Nim (0.13.0),nim,Accepted,345,32324,1046,
s765847793,p02936,u263078486,1590707858,C++,C++14 (GCC 5.4.1),cpp,Accepted,296,18672,966,
s128819695,p02936,u263078486,1590707619,C++,C++14 (GCC 5.4.1),cpp,Wrong Answer,2136,542816,885,
s007338698,p02936,u249433240,1590707274,Java,Java8 (OpenJDK 1.8.0),java,Accepted,688,103040,3381,
s332475184,p02936,u249433240,1590707219,Java,Java8 (OpenJDK 1.8.0),java,Accepted,1180,130716,3487,
s493790415,p02936,u249433240,1590707187,Java,Java8 (OpenJDK 1.8.0),java,Compile Error,,,3514,
s359147747,p02936,u249433240,1590707126,Java,Java8 (OpenJDK 1.8.0),java,Accepted,1116,130264,3483,
s413251291,p02936,u249433240,1590707051,Java,Java8 (OpenJDK 1.8.0),java,Accepted,1433,129504,3473,
s315942354,p02936,u249433240,1590706797,Java,Java8 (OpenJDK 1.8.0),java,Accepted,1603,138940,3477,
s941243393,p02936,u628907033,1590705278,Kotlin,Kotlin (1.0.0),kt,Time Limit Exceeded,2111,164468,1124,
s850707819,p02936,u628907033,1590704428,Kotlin,Kotlin (1.0.0),kt,Wrong Answer,2109,161328,969,
s535433959,p02936,u628907033,1590704100,Kotlin,Kotlin (1.0.0),kt,Wrong Answer,2103,161004,953,
s326681535,p02936,u469315559,1590694190,C++,C++14 (GCC 5.4.1),cpp,Runtime Error,2108,73616,589,
s897197339,p02936,u475675023,1590692780,Python,Python (3.4.3),py,Accepted,1718,55828,391,
s989082509,p02936,u475675023,1590691594,Python,Python (3.4.3),py,Wrong Answer,1957,75860,350,
s350619890,p02936,u475675023,1590690534,Python,Python (3.4.3),py,Wrong Answer,1868,82024,266,
s985758925,p02936,u279033107,1590675171,C++,C++14 (GCC 5.4.1),cpp,Accepted,659,23424,1572,
s973513758,p02936,u711381986,1590672201,C++,C++14 (GCC 5.4.1),cpp,Accepted,682,24320,724,
s649814352,p02936,u251934638,1590669531,C++,C++14 (GCC 5.4.1),cpp,Wrong Answer,2104,23040,1814,
s029057548,p02936,u476027087,1590668084,C++,C++14 (GCC 5.4.1),cpp,Accepted,290,17140,1024,
s962165407,p02936,u281303342,1590667791,Python,Python (3.4.3),py,Accepted,1183,110472,1008,
s127347721,p02936,u437229403,1590662604,C++,C++14 (GCC 5.4.1),cpp,Accepted,326,24320,1197,
s867694895,p02936,u790908308,1590662308,C++,C++14 (GCC 5.4.1),cpp,Accepted,152,24320,903,
s668403822,p02936,u437229403,1590662267,C++,C++14 (GCC 5.4.1),cpp,Runtime Error,342,27392,1301,
s419286213,p02936,u437229403,1590662115,C++,C++14 (GCC 5.4.1),cpp,Runtime Error,309,27392,1284,
s671519690,p02936,u567661286,1590661978,C++,C++14 (GCC 5.4.1),cpp,Accepted,137,24320,1267,
s457973689,p02936,u567661286,1590661932,C++,C++14 (GCC 5.4.1),cpp,Wrong Answer,142,24064,1266,
s781405341,p02936,u166201488,1590654175,Python,Python (3.4.3),py,Runtime Error,2114,165056,1101,
s842109611,p02936,u140524280,1590653438,Python,Python (3.4.3),py,Time Limit Exceeded,2116,194100,1163,
s707735157,p02936,u684423349,1590653279,C++,C++14 (GCC 5.4.1),cpp,Accepted,129,29056,1695,
s703626553,p02936,u140524280,1590652648,Python,Python (3.4.3),py,Time Limit Exceeded,2116,194160,1235,
s511527857,p02936,u166201488,1590651312,Python,Python (3.4.3),py,Time Limit Exceeded,2112,130488,1266,
s799741368,p02936,u166201488,1590650280,Python,Python (3.4.3),py,Wrong Answer,2112,132144,1118,
s426197593,p02936,u140524280,1590648649,C++,C++14 (GCC 5.4.1),cpp,Accepted,153,24320,965,
s141337479,p02936,u140524280,1590646706,C++,C++14 (GCC 5.4.1),cpp,Wrong Answer,125,21120,886,
s930243605,p02936,u140524280,1590646583,C++,C++14 (GCC 5.4.1),cpp,Wrong Answer,125,21120,872,
s200254440,p02936,u952081880,1590646005,C++,C++14 (GCC 5.4.1),cpp,Accepted,372,24320,1093,
s364875446,p02936,u952081880,1590645972,C++,C++14 (GCC 5.4.1),cpp,Wrong Answer,348,24320,1070,
s198412556,p02936,u952081880,1590645899,C++,C++14 (GCC 5.4.1),cpp,Wrong Answer,355,24320,1043,
s187757894,p02936,u952081880,1590645806,C++,C++14 (GCC 5.4.1),cpp,Wrong Answer,352,23552,1044,
s598921898,p02936,u696865277,1590645535,C++,C++14 (GCC 5.4.1),cpp,Accepted,139,24320,1025,
s978945418,p02936,u696865277,1590645339,C++,C++14 (GCC 5.4.1),cpp,Runtime Error,184,13696,1035,
s738771815,p02936,u140524280,1590643074,C++,C++14 (GCC 5.4.1),cpp,Wrong Answer,2105,22144,794,
s396643475,p02936,u260815754,1590638014,C++,C++14 (GCC 5.4.1),cpp,Accepted,148,23680,1268,
s186348326,p02936,u321761416,1590635010,C#,C# (Mono 4.6.2.0),cs,Accepted,601,53968,2469,
s614048696,p02936,u321761416,1590634822,C#,C# (Mono 4.6.2.0),cs,Compile Error,,,2455,
s208473411,p02936,u711381986,1590633018,C++,C++14 (GCC 5.4.1),cpp,Wrong Answer,641,21120,676,
s654121215,p02936,u920103253,1590632878,Python,Python (3.4.3),py,Time Limit Exceeded,2107,134660,1160,
s956347906,p02936,u920103253,1590632800,Python,PyPy3 (2.4.0),py,Accepted,1898,133268,1160,
s238868486,p02936,u711381986,1590632770,C++,C++14 (GCC 5.4.1),cpp,Wrong Answer,630,14848,615,
s996064174,p02936,u321761416,1590632550,C#,C# (Mono 4.6.2.0),cs,Wrong Answer,2113,98700,2815,
s168696052,p02936,u920103253,1590632455,Python,PyPy3 (2.4.0),py,Wrong Answer,1835,130196,1069,
s455972142,p02936,u711381986,1590632294,C++,C++14 (GCC 5.4.1),cpp,Wrong Answer,2145,1389760,898,
s619258240,p02936,u920103253,1590632242,Python,PyPy3 (2.4.0),py,Wrong Answer,1924,130196,1027,
s722663154,p02936,u321761416,1590632189,C#,C# (Mono 4.6.2.0),cs,Time Limit Exceeded,2112,100340,2811,
s178655568,p02936,u920103253,1590631837,Python,PyPy3 (2.4.0),py,Wrong Answer,2112,156180,1088,
s936056556,p02936,u920103253,1590631805,Python,Python (3.4.3),py,Wrong Answer,2111,127604,1088,
s406145797,p02936,u711381986,1590631448,C++,C++14 (GCC 5.4.1),cpp,Wrong Answer,2104,22144,684,
s078538593,p02936,u050087249,1590631247,C++,C++14 (GCC 5.4.1),cpp,Accepted,388,24320,1085,
s536189532,p02936,u321761416,1590630721,C#,C# (Mono 4.6.2.0),cs,Time Limit Exceeded,2113,101896,2639,
s621322647,p02936,u321761416,1590630692,C#,C# (Mono 4.6.2.0),cs,Compile Error,,,2639,
s964842018,p02936,u321761416,1590630535,C#,C# (Mono 4.6.2.0),cs,Compile Error,,,2708,
s235342398,p02936,u652294457,1590622551,C++,C++14 (GCC 5.4.1),cpp,Accepted,339,28160,884,
s515958544,p02936,u715722875,1590616319,C++,C++14 (GCC 5.4.1),cpp,Accepted,608,26624,745,
s039405606,p02936,u461513098,1590616231,Python,Python (3.4.3),py,Wrong Answer,2129,233408,549,
s773544608,p02936,u461513098,1590615680,Python,Python (3.4.3),py,Wrong Answer,2118,227044,613,
s003805027,p02936,u461513098,1590615316,Python,Python (3.4.3),py,Wrong Answer,2117,227088,642,
s721827111,p02936,u461513098,1590614146,Python,Python (3.4.3),py,Runtime Error,2116,219348,579,
s844614274,p02936,u651235280,1590613505,C++,C++14 (GCC 5.4.1),cpp,Accepted,382,23552,859,
s623660346,p02936,u651235280,1590612531,C++,C++14 (GCC 5.4.1),cpp,Wrong Answer,247,3968,683,
s733637387,p02936,u715722875,1590611783,C++,C++14 (GCC 5.4.1),cpp,Wrong Answer,2104,23424,636,
s095766736,p02936,u715722875,1590611203,C++,C++14 (GCC 5.4.1),cpp,Runtime Error,3297,1908,673,
s538240755,p02936,u651235280,1590611021,C++,C++14 (GCC 5.4.1),cpp,Wrong Answer,299,17280,941,
s931421790,p02936,u652294457,1590610716,C++,C++14 (GCC 5.4.1),cpp,Wrong Answer,2104,24192,706,
s216711994,p02936,u652294457,1590610330,C++,C++14 (GCC 5.4.1),cpp,Wrong Answer,2104,22144,705,
s868804434,p02936,u652294457,1590610169,C++,C++14 (GCC 5.4.1),cpp,Wrong Answer,2105,21376,706,
s292212635,p02936,u855710796,1590608767,Python,Python (3.4.3),py,Accepted,1825,66816,602,
s730494674,p02936,u855710796,1590608701,Python,PyPy3 (2.4.0),py,Accepted,1917,111308,602,
s855743924,p02936,u855710796,1590608250,Python,Python (3.4.3),py,Accepted,1738,65772,564,
s372445819,p02936,u855710796,1590607818,Python,PyPy3 (2.4.0),py,Time Limit Exceeded,2128,402956,558,
s455285840,p02936,u855710796,1590607746,Python,Python (3.4.3),py,Time Limit Exceeded,2119,244868,558,
s867140605,p02936,u855710796,1590607494,Python,Python (3.4.3),py,Runtime Error,1968,61144,516,
s464065224,p02936,u601446537,1590605309,C++,C++14 (GCC 5.4.1),cpp,Wrong Answer,2104,18432,821,
s488301685,p02936,u855710796,1590604537,Python,Python (3.4.3),py,Runtime Error,2121,273848,573,
s855380386,p02936,u855710796,1590604084,Python,PyPy3 (2.4.0),py,Runtime Error,2120,395848,554,
s211250806,p02936,u855710796,1590603518,Python,Python (3.4.3),py,Runtime Error,2117,270644,554,
s360200409,p02936,u767527520,1590599892,Rust,Rust (1.15.1),rs,Accepted,185,26876,2619,
s801474236,p02936,u489959379,1590587817,Python,Python (3.4.3),py,Accepted,1594,268464,661,
s872821268,p02936,u582684800,1590587454,C++,C++14 (GCC 5.4.1),cpp,Accepted,328,25856,1043,
s596587032,p02936,u582684800,1590586778,C++,C++14 (GCC 5.4.1),cpp,Time Limit Exceeded,2104,25728,1006,
s709066040,p02936,u582684800,1590586338,C++,C++14 (GCC 5.4.1),cpp,Time Limit Exceeded,2105,26496,1139,
s385279979,p02936,u251934638,1590583635,C++,C++14 (GCC 5.4.1),cpp,Wrong Answer,2104,21376,1712,
s095206841,p02936,u251934638,1590583309,C++,C++14 (GCC 5.4.1),cpp,Runtime Error,271,6136,1712,
s588631080,p02936,u338824669,1590561418,Python,Python (3.4.3),py,Accepted,1477,271376,500,
s183338846,p02936,u338824669,1590561120,Python,Python (3.4.3),py,Time Limit Exceeded,2119,230792,505,
s773858836,p02936,u338824669,1590560686,Python,Python (3.4.3),py,Time Limit Exceeded,2106,101852,530,
s465654822,p02936,u338824669,1590559989,Python,Python (3.4.3),py,Time Limit Exceeded,2117,230964,499,
s316954394,p02936,u045224675,1590551694,C++,C++14 (GCC 5.4.1),cpp,Accepted,587,26624,1407,
s721520546,p02936,u002539468,1590551045,Python,Python (3.4.3),py,Accepted,1588,381436,970,
s898489208,p02936,u002539468,1590549836,Python,Python (3.4.3),py,Time Limit Exceeded,2125,376300,1393,
s679575425,p02936,u002539468,1590549067,Python,Python (3.4.3),py,Time Limit Exceeded,2123,341120,1328,
s917959397,p02936,u002539468,1590548980,Python,PyPy3 (2.4.0),py,Time Limit Exceeded,2145,713784,1328,
s943246173,p02936,u002539468,1590548962,Python,PyPy3 (2.4.0),py,Time Limit Exceeded,2142,630680,1396,
s872047433,p02936,u489959379,1590548380,Python,PyPy3 (2.4.0),py,Time Limit Exceeded,2127,388216,648,
s406034700,p02936,u489959379,1590548340,Python,Python (3.4.3),py,Time Limit Exceeded,2114,268776,687,
s970629039,p02936,u489959379,1590548182,Python,Python (3.4.3),py,Wrong Answer,2120,327120,705,
s626696565,p02936,u313568050,1590548098,C++,C++14 (GCC 5.4.1),cpp,Accepted,129,24320,1581,
s605181112,p02936,u002539468,1590546729,Python,PyPy3 (2.4.0),py,Time Limit Exceeded,2137,557304,1021,
s312748094,p02936,u002539468,1590546598,Python,Python (3.4.3),py,Time Limit Exceeded,2116,297456,1021,
s041243419,p02936,u919867411,1590545659,C++,C++14 (GCC 5.4.1),cpp,Accepted,302,16372,1418,
s261821893,p02936,u692550512,1590545653,C++,C++14 (GCC 5.4.1),cpp,Accepted,324,24320,599,
s816159848,p02936,u669173971,1590543180,Python,Python (3.4.3),py,Accepted,1800,56088,461,
s591109939,p02936,u692453235,1590542541,Python,Python (3.4.3),py,Accepted,1692,238536,987,
s356958817,p02936,u669173971,1590541461,Python,Python (3.4.3),py,Wrong Answer,1448,40216,503,
s873756055,p02936,u189806337,1590541079,Python,Python (3.4.3),py,Wrong Answer,1595,232080,458,
s385727206,p02936,u189806337,1590541000,Python,Python (3.4.3),py,Accepted,1731,238536,474,
s487188616,p02936,u189806337,1590540897,Python,Python (3.4.3),py,Runtime Error,1371,61132,444,
s096896678,p02936,u189806337,1590540790,Python,Python (3.4.3),py,Runtime Error,1330,51356,493,
s641591255,p02936,u669173971,1590540363,Python,Python (3.4.3),py,Wrong Answer,1333,17752,321,
s322676653,p02936,u669173971,1590540341,Python,Python (3.4.3),py,Wrong Answer,1260,18928,320,
s561439903,p02936,u692453235,1590539815,Python,PyPy3 (2.4.0),py,Wrong Answer,2145,683256,337,
s878533255,p02936,u127499732,1590538546,Python,Python (3.4.3),py,Accepted,1242,145296,785,
s661088360,p02936,u692453235,1590538541,Python,Python (3.4.3),py,Wrong Answer,2117,217752,337,
s464581213,p02936,u127499732,1590538362,Python,Python (3.4.3),py,Wrong Answer,1153,124044,757,
s208180879,p02936,u127499732,1590538115,Python,Python (3.4.3),py,Accepted,970,95620,780,
s059143283,p02936,u692453235,1590537723,Python,Python (3.4.3),py,Runtime Error,2106,53064,352,
s582840160,p02936,u127499732,1590537449,Python,Python (3.4.3),py,Accepted,1380,294848,711,
s663616852,p02936,u127499732,1590537320,Python,Python (3.4.3),py,Accepted,1261,263616,719,
s550671334,p02936,u127499732,1590537252,Python,Python (3.4.3),py,Runtime Error,1538,263284,719,
s868081695,p02936,u127499732,1590537218,Python,Python (3.4.3),py,Runtime Error,690,94828,718,
s150660340,p02936,u127499732,1590536951,Python,Python (3.4.3),py,Runtime Error,751,94828,685,
s381783272,p02936,u127499732,1590536879,Python,Python (3.4.3),py,Runtime Error,483,94828,676,
s482671700,p02936,u188745744,1590536689,Python,Python (3.4.3),py,Wrong Answer,1719,112892,219,
s209046685,p02936,u127499732,1590535847,Python,Python (3.4.3),py,Runtime Error,797,94828,661,
s262307287,p02936,u127499732,1590535387,Python,Python (3.4.3),py,Runtime Error,1460,70860,676,
s997768424,p02936,u127499732,1590535275,Python,Python (3.4.3),py,Runtime Error,1542,70844,670,
s193900179,p02936,u976940619,1590524824,C++,C++14 (GCC 5.4.1),cpp,Accepted,319,22656,2294,
s750171535,p02936,u976940619,1590524399,C++,C++14 (GCC 5.4.1),cpp,Wrong Answer,275,22656,2264,
s066808636,p02936,u976940619,1590524253,C++,C++14 (GCC 5.4.1),cpp,Wrong Answer,297,23396,2288,
s729378147,p02936,u976940619,1590523556,C++,C++14 (GCC 5.4.1),cpp,Wrong Answer,2104,22144,2286,
s381455587,p02936,u672160971,1590518354,C++,C++14 (GCC 5.4.1),cpp,Accepted,579,17908,1297,
s496404759,p02936,u439542873,1590506680,Python,Python (3.4.3),py,Accepted,1927,116116,596,
s689869836,p02936,u058781705,1590505419,Python,PyPy3 (2.4.0),py,Accepted,1870,107872,585,
s416962526,p02936,u531770859,1590481812,Kotlin,Kotlin (1.0.0),kt,Accepted,1216,150100,831,
s216604156,p02936,u531770859,1590481767,Kotlin,Kotlin (1.0.0),kt,Runtime Error,1075,148452,829,
s744078799,p02936,u531770859,1590481710,Kotlin,Kotlin (1.0.0),kt,Wrong Answer,1234,153276,845,
s472160432,p02936,u141642872,1590481491,C++,C++14 (GCC 5.4.1),cpp,Accepted,365,24320,748,
s306964568,p02936,u531770859,1590480121,Kotlin,Kotlin (1.0.0),kt,Accepted,1200,152236,869,
s433419209,p02936,u531770859,1590480021,Kotlin,Kotlin (1.0.0),kt,Accepted,1177,148600,921,
s240654584,p02936,u531770859,1590479679,Kotlin,Kotlin (1.0.0),kt,Time Limit Exceeded,2115,183516,891,
s467402943,p02936,u531770859,1590479404,Kotlin,Kotlin (1.0.0),kt,Time Limit Exceeded,2111,182988,830,
s973802508,p02936,u531770859,1590479370,Kotlin,Kotlin (1.0.0),kt,Compile Error,,,801,
s028807191,p02936,u531770859,1590479294,Kotlin,Kotlin (1.0.0),kt,Wrong Answer,2119,183672,821,
s763685406,p02936,u692550512,1590479267,C++,C++14 (GCC 5.4.1),cpp,Wrong Answer,2104,22144,641,
s954764718,p02936,u692550512,1590478817,C++,C++14 (GCC 5.4.1),cpp,Wrong Answer,2105,24192,628,
s847641946,p02936,u531770859,1590478704,Kotlin,Kotlin (1.0.0),kt,Time Limit Exceeded,2115,184668,835,
s688775095,p02936,u692550512,1590478558,C++,C++14 (GCC 5.4.1),cpp,Wrong Answer,2105,65664,633,
s597802230,p02936,u692550512,1590478456,C++,C++14 (GCC 5.4.1),cpp,Wrong Answer,2104,65664,631,
s339412618,p02936,u531770859,1590477895,Kotlin,Kotlin (1.0.0),kt,Runtime Error,2111,86920,1185,
s443486291,p02936,u692550512,1590477520,C++,C++14 (GCC 5.4.1),cpp,Runtime Error,1097,54400,603,
s769419675,p02936,u692550512,1590477407,C++,C++14 (GCC 5.4.1),cpp,Compile Error,,,605,
s483861221,p02936,u692550512,1590477320,C++,C++14 (GCC 5.4.1),cpp,Runtime Error,268,11776,602,
s768229686,p02936,u692550512,1590477006,C++,C++14 (GCC 5.4.1),cpp,Runtime Error,189,2932,601,
s833912515,p02936,u531770859,1590476308,Kotlin,Kotlin (1.0.0),kt,Time Limit Exceeded,2111,160672,766,
s138381300,p02936,u531770859,1590475985,Kotlin,Kotlin (1.0.0),kt,Time Limit Exceeded,2119,201600,740,
s489359180,p02936,u992471673,1590475220,C++,C++14 (GCC 5.4.1),cpp,Accepted,314,17140,944,
s414939025,p02936,u692550512,1590475075,C++,C++14 (GCC 5.4.1),cpp,Runtime Error,187,2932,603,
s628963836,p02936,u992471673,1590475058,C++,C++14 (GCC 5.4.1),cpp,Wrong Answer,291,17140,953,
s910854169,p02936,u992471673,1590474933,C++,C++14 (GCC 5.4.1),cpp,Wrong Answer,313,17140,954,
s652987560,p02936,u692550512,1590474897,C++,C++14 (GCC 5.4.1),cpp,Runtime Error,208,1912,611,
s380803847,p02936,u531770859,1590474869,Kotlin,Kotlin (1.0.0),kt,Time Limit Exceeded,2111,126752,816,
s713485969,p02936,u531770859,1590474020,Kotlin,Kotlin (1.0.0),kt,Runtime Error,482,290032,778,
s791845351,p02936,u531770859,1590473949,Kotlin,Kotlin (1.0.0),kt,Runtime Error,515,289780,750,
s331838232,p02936,u531770859,1590473384,Kotlin,Kotlin (1.0.0),kt,Runtime Error,491,288884,750,
s809871655,p02936,u531770859,1590473221,Kotlin,Kotlin (1.0.0),kt,Runtime Error,499,289900,798,
s300444053,p02936,u531770859,1590473019,Kotlin,Kotlin (1.0.0),kt,Runtime Error,1648,177452,804,
s621283363,p02936,u531770859,1590472927,Kotlin,Kotlin (1.0.0),kt,Runtime Error,1263,153996,769,
s941742271,p02936,u531770859,1590472780,Kotlin,Kotlin (1.0.0),kt,Time Limit Exceeded,2119,199004,740,
s531819765,p02936,u531770859,1590472645,Kotlin,Kotlin (1.0.0),kt,Runtime Error,1055,148980,737,
s706233590,p02936,u531770859,1590471994,Kotlin,Kotlin (1.0.0),kt,Time Limit Exceeded,2111,130564,2964,
s104070487,p02936,u863717702,1590471975,C++,C++14 (GCC 5.4.1),cpp,Accepted,293,19440,1430,
s774380644,p02936,u531770859,1590471760,Kotlin,Kotlin (1.0.0),kt,Runtime Error,206,33952,3015,
s499183770,p02936,u531770859,1590471334,Kotlin,Kotlin (1.0.0),kt,Time Limit Exceeded,2119,186076,780,
s495621976,p02936,u863717702,1590471268,C++,C++14 (GCC 5.4.1),cpp,Wrong Answer,278,14848,1316,
s059606925,p02936,u531770859,1590470906,Kotlin,Kotlin (1.0.0),kt,Time Limit Exceeded,2111,199484,735,
s120549670,p02936,u075502030,1590469867,C++,C++14 (GCC 5.4.1),cpp,Runtime Error,238,12020,700,
s019870642,p02936,u139478771,1590469829,Kotlin,Kotlin (1.0.0),kt,Accepted,1737,139056,4612,
s309077506,p02936,u075502030,1590469703,C++,C++ (GCC 5.4.1),cpp,Compile Error,,,697,
s526884656,p02936,u531770859,1590469697,Kotlin,Kotlin (1.0.0),kt,Time Limit Exceeded,2111,161540,724,
s134304843,p02936,u075502030,1590469672,C++,C++ (GCC 5.4.1),cpp,Compile Error,,,697,
s643095117,p02936,u139478771,1590469541,Kotlin,Kotlin (1.0.0),kt,Accepted,1845,165328,4554,
s185919595,p02936,u075502030,1590469540,C++,C++14 (GCC 5.4.1),cpp,Runtime Error,252,12020,697,
s421070350,p02936,u075502030,1590469438,C++,C++14 (GCC 5.4.1),cpp,Runtime Error,242,12020,703,
s154991691,p02936,u243147853,1590469380,C++,C++14 (GCC 5.4.1),cpp,Accepted,300,24320,999,
s044375015,p02936,u075502030,1590469370,C++,C++14 (GCC 5.4.1),cpp,Runtime Error,251,13184,775,
s561591320,p02936,u531770859,1590469279,Kotlin,Kotlin (1.0.0),kt,Time Limit Exceeded,2111,159988,699,
s002798808,p02936,u139478771,1590469193,Kotlin,Kotlin (1.0.0),kt,Accepted,1840,147820,4544,
s235749400,p02936,u139478771,1590468552,Kotlin,Kotlin (1.0.0),kt,Time Limit Exceeded,2111,139028,4464,
s700879730,p02936,u139478771,1590468032,Kotlin,Kotlin (1.0.0),kt,Time Limit Exceeded,2111,170016,4624,
s598388092,p02936,u246343119,1590467685,C++,C++14 (GCC 5.4.1),cpp,Accepted,674,23424,721,
s659384815,p02936,u246343119,1590467218,C++,C++14 (GCC 5.4.1),cpp,Wrong Answer,429,27392,896,
s558794959,p02936,u246343119,1590466654,C++,C++14 (GCC 5.4.1),cpp,Wrong Answer,277,14080,780,
s323232267,p02936,u246343119,1590466265,C++,C++14 (GCC 5.4.1),cpp,Wrong Answer,2104,13952,810,
s970512359,p02936,u171059364,1590465009,C++,C++14 (GCC 5.4.1),cpp,Accepted,371,23424,1144,
s255954444,p02936,u940102677,1590464313,C++,C++14 (GCC 5.4.1),cpp,Wrong Answer,328,5504,640,
s120672929,p02936,u171059364,1590462192,C++,C++14 (GCC 5.4.1),cpp,Wrong Answer,2104,24064,2132,
s674021881,p02936,u802434195,1590460216,C++,C++14 (GCC 5.4.1),cpp,Accepted,363,24320,932,
s868993853,p02936,u863717702,1590460085,C++,C++14 (GCC 5.4.1),cpp,Wrong Answer,2104,14848,1325,
s752692086,p02936,u983853152,1590458119,Python,PyPy3 (2.4.0),py,Time Limit Exceeded,2153,817012,671,
s961710976,p02936,u983853152,1590458070,Python,Python (3.4.3),py,Accepted,1502,238304,671,
s136080029,p02936,u983853152,1590457704,Python,PyPy3 (2.4.0),py,Time Limit Exceeded,2155,817012,679,
s792603482,p02936,u983853152,1590457416,Python,PyPy3 (2.4.0),py,Time Limit Exceeded,2160,808820,699,
s435675491,p02936,u983853152,1590457153,Python,PyPy3 (2.4.0),py,Time Limit Exceeded,2151,775924,701,
s495981296,p02936,u983853152,1590456804,Python,PyPy3 (2.4.0),py,Time Limit Exceeded,2160,813428,678,
s444606400,p02936,u983853152,1590456306,Python,PyPy3 (2.4.0),py,Wrong Answer,2157,840436,656,
s156728027,p02936,u166378830,1590455872,C++,C++14 (GCC 5.4.1),cpp,Accepted,308,25600,726,
s720769073,p02936,u983853152,1590455608,Python,PyPy3 (2.4.0),py,Wrong Answer,2162,938996,702,
s801084954,p02936,u983853152,1590455260,Python,PyPy3 (2.4.0),py,Wrong Answer,2162,918644,704,
s736754484,p02936,u983853152,1590454342,Python,Python (3.4.3),py,Wrong Answer,2117,216168,582,
s261617255,p02936,u928591554,1590452126,C++,C++14 (Clang 3.8.0),cpp,Runtime Error,431,6136,648,
s415751418,p02936,u928591554,1590452062,C++,C++14 (Clang 3.8.0),cpp,Runtime Error,448,6136,621,
s260394846,p02936,u550294762,1590449035,Python,PyPy3 (2.4.0),py,Runtime Error,2110,146420,884,
s836698131,p02936,u550294762,1590448931,Python,Python (3.4.3),py,Runtime Error,2069,128480,884,
s636695190,p02936,u329407311,1590446901,Python,Python (3.4.3),py,Time Limit Exceeded,2107,74796,811,
s755888900,p02936,u329407311,1590446842,Python,PyPy3 (2.4.0),py,Accepted,1987,121056,811,
s966778475,p02936,u299377613,1590443255,C++,C++14 (GCC 5.4.1),cpp,Accepted,368,23424,1439,
s592262360,p02936,u299377613,1590443199,C++,C++14 (GCC 5.4.1),cpp,Wrong Answer,363,24052,1568,
s828749933,p02936,u299377613,1590441922,C++,C++14 (GCC 5.4.1),cpp,Wrong Answer,115,14080,1511,
s523923176,p02936,u299377613,1590441345,C++,C++14 (GCC 5.4.1),cpp,Wrong Answer,2104,18176,1733,
s878960024,p02936,u766484742,1590438231,C++,C++14 (Clang 3.8.0),cpp,Accepted,914,26880,1516,
s620029493,p02936,u766484742,1590437849,C++,C++14 (Clang 3.8.0),cpp,Wrong Answer,768,25088,999,
s816646154,p02936,u766484742,1590436967,C++,C++14 (Clang 3.8.0),cpp,Wrong Answer,736,23552,630,
s812181802,p02936,u766484742,1590436273,C++,C++14 (Clang 3.8.0),cpp,Wrong Answer,700,11136,631,
s128496602,p02936,u766484742,1590436204,C++,C++14 (Clang 3.8.0),cpp,Wrong Answer,716,11648,627,
s587777295,p02936,u766484742,1590435894,C++,C++14 (Clang 3.8.0),cpp,Wrong Answer,2105,21376,684,
s481789333,p02936,u766484742,1590435835,C++,C++14 (Clang 3.8.0),cpp,Wrong Answer,640,2808,692,
s284265957,p02936,u766484742,1590435754,C++,C++14 (Clang 3.8.0),cpp,Runtime Error,765,2816,688,
s691428771,p02936,u766484742,1590435684,C++,C++14 (Clang 3.8.0),cpp,Runtime Error,757,6264,686,
s138356358,p02936,u766484742,1590435515,C++,C++14 (Clang 3.8.0),cpp,Runtime Error,442,6136,684,
s692228652,p02936,u391250239,1590435305,C++,C++14 (GCC 5.4.1),cpp,Accepted,611,45312,1061,
s882651691,p02936,u766484742,1590435158,C++,C++14 (Clang 3.8.0),cpp,Runtime Error,435,6136,624,
s270944416,p02936,u766484742,1590434968,C++,C++14 (Clang 3.8.0),cpp,Runtime Error,267,5376,671,
s596241826,p02936,u766484742,1590434711,C++,C++14 (Clang 3.8.0),cpp,Wrong Answer,2105,25856,764,
s243926908,p02936,u616998927,1590427277,C++,C++14 (GCC 5.4.1),cpp,Accepted,446,31984,852,
s238992877,p02936,u488424305,1590423611,Nim,Nim (0.13.0),nim,Accepted,562,41984,500,
s346767155,p02936,u343441882,1590421698,C++,C++14 (GCC 5.4.1),cpp,Accepted,304,29824,1152,
s508016323,p02936,u343441882,1590421576,C++,C++14 (GCC 5.4.1),cpp,Wrong Answer,314,29824,1130,
s486795407,p02936,u343441882,1590421413,C++,C++14 (GCC 5.4.1),cpp,Wrong Answer,305,23552,968,
s804031679,p02936,u343441882,1590420777,C++,C++14 (GCC 5.4.1),cpp,Runtime Error,498,275072,1103,
s865337170,p02936,u343441882,1590420404,C++,C++14 (GCC 5.4.1),cpp,Wrong Answer,289,27392,1039,
s053494838,p02936,u796269639,1590413220,C++,C++14 (GCC 5.4.1),cpp,Accepted,355,24320,1030,
s781763250,p02936,u796269639,1590412650,C++,C++14 (GCC 5.4.1),cpp,Accepted,395,24320,911,
s840221805,p02936,u796269639,1590412559,C++,C++14 (GCC 5.4.1),cpp,Accepted,386,24320,921,
s167223015,p02936,u796269639,1590412269,C++,C++14 (GCC 5.4.1),cpp,Wrong Answer,384,24320,920,
s040198194,p02936,u796269639,1590411448,C++,C++14 (GCC 5.4.1),cpp,Accepted,364,24320,945,
s374127021,p02936,u796269639,1590411309,C++,C++14 (GCC 5.4.1),cpp,Accepted,299,25856,969,
s365027625,p02936,u249156825,1590402970,C++,C++14 (GCC 5.4.1),cpp,Wrong Answer,351,21120,874,
s172916349,p02936,u249156825,1590401400,C++,C++14 (GCC 5.4.1),cpp,Wrong Answer,347,14848,810,
s991765942,p02936,u249156825,1590401138,C++,C++14 (GCC 5.4.1),cpp,Wrong Answer,2104,18944,810,
s697181187,p02936,u249156825,1590400901,C++,C++14 (GCC 5.4.1),cpp,Wrong Answer,2104,18176,804,
s267000455,p02936,u784022244,1590385517,Python,Python (3.4.3),py,Accepted,1656,65668,502,
s237391431,p02936,u784022244,1590384097,Python,Python (3.4.3),py,Accepted,1693,65640,497,
s155059947,p02936,u784022244,1590384082,Python,Python (3.4.3),py,Wrong Answer,1640,65668,496,
s357557162,p02936,u784022244,1590382922,Python,Python (3.4.3),py,Time Limit Exceeded,2107,65288,448,
s754751641,p02936,u784022244,1590382796,Python,Python (3.4.3),py,Time Limit Exceeded,2107,65312,458,
s861008479,p02936,u784022244,1590381976,Python,Python (3.4.3),py,Time Limit Exceeded,2107,66848,473,
s358088311,p02936,u784022244,1590381705,Python,PyPy3 (2.4.0),py,Time Limit Exceeded,2110,104556,463,
s161687336,p02936,u784022244,1590381278,Python,PyPy3 (2.4.0),py,Time Limit Exceeded,2111,105036,483,
s298795893,p02936,u784022244,1590381164,Python,Python (3.4.3),py,Time Limit Exceeded,2108,64620,483,
s458076433,p02936,u488424305,1590379468,Nim,Nim (0.13.0),nim,Wrong Answer,566,9208,402,
s116629740,p02936,u488424305,1590378955,Nim,Nim (0.13.0),nim,Wrong Answer,2104,11708,517,
s805601645,p02936,u488424305,1590378510,Nim,Nim (0.13.0),nim,Wrong Answer,2104,10816,504,
s277702624,p02936,u177756077,1590376528,Python,Python (3.4.3),py,Runtime Error,2112,133748,794,
s822701799,p02936,u248670337,1590374620,Python,Python (3.4.3),py,Accepted,1697,66848,406,
s723982617,p02936,u248670337,1590373496,Python,Python (3.4.3),py,Wrong Answer,2107,82676,374,
s788392133,p02936,u475866458,1590373151,C++,C++14 (GCC 5.4.1),cpp,Accepted,173,25856,1221,
s360569955,p02936,u248670337,1590372927,Python,Python (3.4.3),py,Wrong Answer,1758,76400,304,
s695894328,p02936,u423327360,1590372319,C++,C++14 (GCC 5.4.1),cpp,Accepted,363,23552,628,
s660773708,p02936,u475866458,1590372239,C++,C++14 (GCC 5.4.1),cpp,Time Limit Exceeded,2104,16372,1047,
s597209668,p02936,u475866458,1590371945,C++,C++14 (GCC 5.4.1),cpp,Time Limit Exceeded,2104,16372,1027,
s860220224,p02936,u423327360,1590371793,C++,C++14 (GCC 5.4.1),cpp,Time Limit Exceeded,2232,1626472,670,
s471838112,p02936,u255302563,1590369895,C++,C++14 (GCC 5.4.1),cpp,Wrong Answer,2104,20992,851,
s787201094,p02936,u654427816,1590368072,C++,C++14 (GCC 5.4.1),cpp,Accepted,332,28928,1041,
s944827079,p02936,u622045059,1590357251,C++,C++14 (GCC 5.4.1),cpp,Accepted,321,24320,1081,
s345901490,p02936,u129134470,1590353271,C++,C++14 (GCC 5.4.1),cpp,Accepted,346,38400,1312,
s701974964,p02936,u622045059,1590350876,C++,C++14 (GCC 5.4.1),cpp,Wrong Answer,278,21120,972,
s429435043,p02936,u622045059,1590350007,C++,C++14 (GCC 5.4.1),cpp,Wrong Answer,2104,18944,957,
s087308230,p02936,u229596090,1590342345,C++,C++14 (GCC 5.4.1),cpp,Accepted,318,17136,1876,
s957713759,p02936,u229596090,1590341481,C++,C++14 (GCC 5.4.1),cpp,Wrong Answer,289,15860,1853,
s068692420,p02936,u229596090,1590339721,C++,C++14 (GCC 5.4.1),cpp,Wrong Answer,287,15860,1766,
s020687176,p02936,u229596090,1590339651,C++,C++14 (GCC 5.4.1),cpp,Wrong Answer,289,15860,1767,
s980640032,p02936,u229596090,1590339581,C++,C++14 (GCC 5.4.1),cpp,Wrong Answer,282,15860,1739,
s655409387,p02936,u364862909,1590338842,Python,Python (3.4.3),py,Accepted,1664,74568,583,
s375552287,p02936,u229596090,1590337019,C++,C++14 (GCC 5.4.1),cpp,Wrong Answer,2104,14080,1320,
s249198046,p02936,u654427816,1590326176,C++,C++14 (GCC 5.4.1),cpp,Wrong Answer,2105,25216,973,
s113032799,p02936,u654427816,1590325238,C++,C++14 (GCC 5.4.1),cpp,Wrong Answer,2104,13184,977,
s664678583,p02936,u058958514,1590296144,C++,C++14 (GCC 5.4.1),cpp,Accepted,653,23424,792,
s682405562,p02936,u058958514,1590294757,C++,C++14 (GCC 5.4.1),cpp,Wrong Answer,701,139776,1170,
s997364901,p02936,u054559808,1590294020,Python,PyPy3 (2.4.0),py,Runtime Error,2110,125900,507,
s694162161,p02936,u058958514,1590293057,C++,C++14 (GCC 5.4.1),cpp,Wrong Answer,697,139008,1173,
s642730622,p02936,u058958514,1590292716,C++,C++14 (GCC 5.4.1),cpp,Wrong Answer,673,138240,1196,
s194843929,p02936,u058958514,1590291817,C++,C++14 (GCC 5.4.1),cpp,Wrong Answer,584,19440,1076,
s138252247,p02936,u058958514,1590291595,C++,C++14 (GCC 5.4.1),cpp,Wrong Answer,626,17908,1083,
s455263266,p02936,u058958514,1590291487,C++,C++14 (GCC 5.4.1),cpp,Wrong Answer,597,16372,1087,
s331899477,p02936,u058958514,1590291433,C++,C++14 (GCC 5.4.1),cpp,Wrong Answer,1038,4992,815,
s325711694,p02936,u364862909,1590281134,Python,Python (3.4.3),py,Time Limit Exceeded,2118,237804,515,
s114649829,p02936,u364862909,1590280903,Python,PyPy3 (2.4.0),py,Time Limit Exceeded,2127,389112,526,
s642078096,p02936,u364862909,1590280279,Python,PyPy3 (2.4.0),py,Wrong Answer,2133,457728,504,
s482280411,p02936,u364862909,1590280019,Python,PyPy3 (2.4.0),py,Runtime Error,1888,130380,452,
s761452682,p02936,u841531687,1590276829,Python,PyPy3 (2.4.0),py,Time Limit Exceeded,2151,776952,690,
s392683809,p02936,u841531687,1590276706,Python,PyPy3 (2.4.0),py,Time Limit Exceeded,2150,779968,728,
s659039450,p02936,u841531687,1590276584,Python,Python (3.4.3),py,Accepted,1740,273360,692,
s942418405,p02936,u841531687,1590276476,Python,Python (3.4.3),py,Time Limit Exceeded,2126,248616,665,
s038044010,p02936,u841531687,1590276403,Python,Python (3.4.3),py,Runtime Error,1839,100956,589,
s418755885,p02936,u851205244,1590275563,C++,C++14 (GCC 5.4.1),cpp,Accepted,648,24960,1776,
s315610697,p02936,u367965715,1590272995,Python,Python (3.4.3),py,Time Limit Exceeded,2120,253556,563,
s121631161,p02936,u367965715,1590271931,Python,Python (3.4.3),py,Accepted,1811,255940,561,
s897514011,p02936,u367965715,1590271874,Python,Python (3.4.3),py,Runtime Error,1944,255208,563,
s479896686,p02936,u367965715,1590271541,Python,Python (3.4.3),py,Runtime Error,2064,244304,554,
s527795885,p02936,u367965715,1590271320,Python,Python (3.4.3),py,Runtime Error,2112,244308,537,
s179826223,p02936,u367965715,1590271088,Python,Python (3.4.3),py,Time Limit Exceeded,2118,244292,520,
s862247229,p02936,u367965715,1590270915,Python,Python (3.4.3),py,Time Limit Exceeded,2118,244300,501,
s173042885,p02936,u367965715,1590270433,Python,Python (3.4.3),py,Time Limit Exceeded,2118,244304,510,
s131195543,p02936,u367965715,1590270316,Python,Python (3.4.3),py,Time Limit Exceeded,2120,268248,498,
s479430626,p02936,u851205244,1590270101,C++,C++14 (GCC 5.4.1),cpp,Wrong Answer,2104,16256,1882,
s404314359,p02936,u367965715,1590269415,Python,Python (3.4.3),py,Time Limit Exceeded,2119,265440,507,
s457216050,p02936,u367965715,1590269217,Python,PyPy3 (2.4.0),py,Runtime Error,1996,147084,463,
s701963893,p02936,u367965715,1590269138,Python,Python (3.4.3),py,Runtime Error,1951,106464,463,
s926414149,p02936,u367965715,1590267226,Python,Python (3.4.3),py,Wrong Answer,1838,115092,607,
s469328737,p02936,u367965715,1590266168,Python,Python (3.4.3),py,Wrong Answer,1616,62504,579,
s074550858,p02936,u576432509,1590261376,Python,Python (3.4.3),py,Accepted,1157,93448,1592,
s562366625,p02936,u576432509,1590261308,Python,Python (3.4.3),py,Wrong Answer,22,3316,1592,
s402847748,p02936,u576432509,1590259997,Python,Python (3.4.3),py,Runtime Error,21,3316,1581,
s255357914,p02936,u576432509,1590259797,Python,Python (3.4.3),py,Accepted,1812,93452,1555,
s060002772,p02936,u586639900,1590252387,Python,Python (3.4.3),py,Accepted,1659,297512,829,
s112066465,p02936,u586639900,1590252337,Python,Python (3.4.3),py,Runtime Error,1077,109256,829,
s671607770,p02936,u586639900,1590251706,Python,Python (3.4.3),py,Accepted,1668,285864,744,
s183214817,p02936,u586639900,1590251625,Python,Python (3.4.3),py,Runtime Error,1658,283692,761,
s547676701,p02936,u586639900,1590251535,Python,Python (3.4.3),py,Time Limit Exceeded,2122,285880,731,
s607628326,p02936,u586639900,1590251486,Python,Python (3.4.3),py,Runtime Error,2121,283720,726,
s400144194,p02936,u586639900,1590251200,Python,Python (3.4.3),py,Time Limit Exceeded,2122,285860,709,
s656111866,p02936,u586639900,1590251074,Python,Python (3.4.3),py,Time Limit Exceeded,2122,285860,711,
s219408494,p02936,u586639900,1590250963,Python,Python (3.4.3),py,Time Limit Exceeded,2121,285824,712,
s909483224,p02936,u586639900,1590250848,Python,Python (3.4.3),py,Time Limit Exceeded,2124,262132,691,
s485501227,p02936,u586639900,1590250647,Python,Python (3.4.3),py,Time Limit Exceeded,2112,232184,671,
s191160907,p02936,u586639900,1590250472,Python,PyPy3 (2.4.0),py,Time Limit Exceeded,2127,389368,740,
s298871495,p02936,u586639900,1590250438,Python,Python (3.4.3),py,Time Limit Exceeded,2118,237808,740,
s594389851,p02936,u586639900,1590250235,Python,Python (3.4.3),py,Time Limit Exceeded,2118,237728,768,
s874278798,p02936,u586639900,1590249989,Python,Python (3.4.3),py,Wrong Answer,2018,231380,777,
s604037402,p02936,u576432509,1590249695,Python,Python (3.4.3),py,Accepted,1940,259628,2346,
s336407147,p02936,u576432509,1590249581,Python,Python (3.4.3),py,Accepted,1871,326152,2746,
s523308633,p02936,u717037783,1590249519,C++,C++14 (GCC 5.4.1),cpp,Accepted,634,42112,1322,
s289146754,p02936,u576432509,1590249230,Python,Python (3.4.3),py,Time Limit Exceeded,2126,323996,2718,
s515360939,p02936,u717037783,1590249202,C++,C++14 (GCC 5.4.1),cpp,Wrong Answer,608,41984,1357,
s173046719,p02936,u586639900,1590248602,Python,Python (3.4.3),py,Accepted,1677,285828,579,
s963327935,p02936,u576432509,1590247974,Python,Python (3.4.3),py,Time Limit Exceeded,2119,259628,2319,
s852700938,p02936,u717037783,1590247757,C++,C++14 (GCC 5.4.1),cpp,Wrong Answer,2105,36992,1434,
s100772682,p02936,u586639900,1590245990,Python,Python (3.4.3),py,Runtime Error,1978,243852,708,
s538545232,p02936,u586639900,1590245907,Python,Python (3.4.3),py,Runtime Error,1482,52328,667,
s154598803,p02936,u285891772,1590223060,Python,Python (3.4.3),py,Accepted,1783,145564,1240,
s738980979,p02936,u285891772,1590222958,Python,Python (3.4.3),py,Accepted,1817,162652,1235,
s656743957,p02936,u285891772,1590222665,Python,Python (3.4.3),py,Accepted,1933,192744,1288,
s411105882,p02936,u285891772,1590222652,Python,PyPy3 (2.4.0),py,Accepted,1223,148888,1288,
s207402049,p02936,u285891772,1590222148,Python,Python (3.4.3),py,Accepted,1606,192796,1379,
s725108187,p02936,u285891772,1590222004,Python,PyPy3 (2.4.0),py,Accepted,1218,149272,1304,
s879098524,p02936,u285891772,1590221969,Python,Python (3.4.3),py,Time Limit Exceeded,2107,192756,1304,
s870787464,p02936,u285891772,1590211772,Python,Python (3.4.3),py,Accepted,1764,145556,1248,
s423040578,p02936,u297398560,1590207725,C++,C++14 (GCC 5.4.1),cpp,Accepted,332,23552,788,
s565948445,p02936,u077051605,1590203178,C++,C++14 (GCC 5.4.1),cpp,Accepted,289,19440,839,
s784005838,p02936,u953463534,1590202649,C++,C++14 (GCC 5.4.1),cpp,Accepted,135,20608,867,
s684234625,p02936,u367965715,1590202648,Python,Python (3.4.3),py,Wrong Answer,1690,65012,503,
s327105756,p02936,u235376569,1590201734,Python,Python (3.4.3),py,Accepted,1938,55824,480,
s896126402,p02936,u943800443,1590201130,C,C (GCC 5.4.1),c,Accepted,104,16384,976,
s557565989,p02936,u717037783,1590200313,C++,C++14 (GCC 5.4.1),cpp,Wrong Answer,2105,25984,1225,
s201664496,p02936,u367965715,1590199755,Python,Python (3.4.3),py,Wrong Answer,1561,48176,460,
s071916027,p02936,u367965715,1590198467,Python,Python (3.4.3),py,Wrong Answer,1500,42880,332,
s858948116,p02936,u968649733,1590186485,Python,Python (3.4.3),py,Accepted,1871,75888,662,
s243986016,p02936,u619653948,1590179718,C++,C++14 (GCC 5.4.1),cpp,Accepted,309,16372,759,
s054746326,p02936,u968649733,1590171720,Python,Python (3.4.3),py,Wrong Answer,2113,123348,597,
s570219186,p02936,u016987091,1590171558,C++,C++14 (GCC 5.4.1),cpp,Accepted,296,25856,929,
s743405629,p02936,u016987091,1590171485,C++,C++14 (GCC 5.4.1),cpp,Compile Error,,,944,
s611296196,p02936,u016987091,1590171195,C++,C++14 (GCC 5.4.1),cpp,Accepted,301,22784,939,
s776026569,p02936,u016987091,1590170276,C++,C++14 (GCC 5.4.1),cpp,Time Limit Exceeded,2215,1535848,927,
s657649111,p02936,u016987091,1590168102,C++,C++14 (GCC 5.4.1),cpp,Time Limit Exceeded,2222,1705136,1587,
s671002872,p02936,u016987091,1590168085,C++,C++14 (Clang 3.8.0),cpp,Compile Error,,,1587,
s454690923,p02936,u069521477,1590143912,C++,C++14 (GCC 5.4.1),cpp,Accepted,136,25984,1144,
s003229478,p02936,u606878291,1590129675,Python,Python (3.4.3),py,Accepted,1987,112452,616,
s343379047,p02936,u523146937,1590129550,Rust,Rust (1.15.1),rs,Accepted,101,39160,1546,
s981514646,p02936,u606878291,1590129339,Python,Python (3.4.3),py,Time Limit Exceeded,2108,102076,736,
s307311868,p02936,u523146937,1590128983,Rust,Rust (1.15.1),rs,Wrong Answer,102,37112,1340,
s240532907,p02936,u606878291,1590128967,Python,Python (3.4.3),py,Time Limit Exceeded,2109,130136,814,
s819054165,p02936,u606878291,1590127875,Python,Python (3.4.3),py,Time Limit Exceeded,2109,123792,770,
s018801550,p02936,u606878291,1590127557,Python,Python (3.4.3),py,Wrong Answer,2108,118864,553,
s992774366,p02936,u606878291,1590127487,Python,Python (3.4.3),py,Wrong Answer,2108,118740,569,
s863401681,p02936,u762540523,1590122242,Python,Python (3.4.3),py,Accepted,1104,67436,707,
s914140623,p02936,u762540523,1590122066,Python,Python (3.4.3),py,Wrong Answer,905,53888,625,
s751005071,p02936,u576432509,1590120731,Python,PyPy3 (2.4.0),py,Time Limit Exceeded,2120,264852,1139,
s410324881,p02936,u576432509,1590120340,Python,Python (3.4.3),py,Time Limit Exceeded,2119,255284,1138,
s033587109,p02936,u576432509,1590120086,Python,Python (3.4.3),py,Time Limit Exceeded,2127,336200,1049,
s354439404,p02936,u576432509,1590119489,Python,Python (3.4.3),py,Time Limit Exceeded,2124,353112,1034,
s460114044,p02936,u576432509,1590119364,Python,Python (3.4.3),py,Runtime Error,2113,179764,1031,
s540924971,p02936,u576432509,1590118779,Python,PyPy3 (2.4.0),py,Time Limit Exceeded,2116,221932,983,
s203288151,p02936,u576432509,1590118578,Python,Python (3.4.3),py,Time Limit Exceeded,2121,335940,983,
s773866821,p02936,u576432509,1590118234,Python,Python (3.4.3),py,Runtime Error,2120,245196,982,
s923482137,p02936,u576432509,1590117965,Python,PyPy3 (2.4.0),py,Time Limit Exceeded,2116,215764,981,
s621671655,p02936,u135880256,1590117919,C++,C++14 (GCC 5.4.1),cpp,Accepted,135,26624,717,
s363804551,p02936,u576432509,1590117874,Python,Python (3.4.3),py,Runtime Error,2113,163624,980,
s998046664,p02936,u576432509,1590116458,Python,Python (3.4.3),py,Runtime Error,2115,195196,2470,
s331688658,p02936,u576432509,1590116341,Python,Python (3.4.3),py,Runtime Error,2115,195068,2470,
s447821054,p02936,u576432509,1590116292,Python,Python (3.4.3),py,Wrong Answer,22,3344,2469,
s883547657,p02936,u576432509,1590116057,Python,PyPy3 (2.4.0),py,Time Limit Exceeded,2120,204628,2470,
s403160733,p02936,u576432509,1590115479,Python,PyPy3 (2.4.0),py,Wrong Answer,2119,249172,2172,
s602816921,p02936,u576432509,1590115358,Python,PyPy3 (2.4.0),py,Wrong Answer,177,38384,2173,
s165660477,p02936,u576432509,1590115136,Python,PyPy3 (2.4.0),py,Wrong Answer,2123,303188,2171,
s580241894,p02936,u453306058,1590114822,Python,Python (3.4.3),py,Accepted,1836,55728,507,
s781746206,p02936,u375695365,1590114740,Python,PyPy3 (2.4.0),py,Accepted,2000,126188,776,
s307131097,p02936,u375695365,1590114596,Python,Python (3.4.3),py,Time Limit Exceeded,2111,136784,933,
s263625326,p02936,u453306058,1590114589,Python,Python (3.4.3),py,Wrong Answer,2106,41908,452,
s465520730,p02936,u375695365,1590114523,Python,PyPy3 (2.4.0),py,Time Limit Exceeded,2095,125676,834,
s661436566,p02936,u666476759,1590113743,Python,Python (3.4.3),py,Wrong Answer,1639,73328,1264,
s910542081,p02936,u020962106,1590113642,Python,Python (3.4.3),py,Accepted,1719,55856,501,
s307185516,p02936,u020962106,1590113512,Python,Python (3.4.3),py,Wrong Answer,1608,49456,474,
s936580381,p02936,u020962106,1590113187,Python,Python (3.4.3),py,Wrong Answer,1563,47920,411,
s383269339,p02936,u020962106,1590111199,Python,Python (3.4.3),py,Time Limit Exceeded,2120,268464,591,
s948494405,p02936,u020962106,1590111103,Python,Python (3.4.3),py,Runtime Error,1775,52284,562,
s899740898,p02936,u020962106,1590110874,Python,Python (3.4.3),py,Time Limit Exceeded,2120,268464,485,
s712934009,p02936,u020962106,1590110794,Python,Python (3.4.3),py,Runtime Error,1758,52284,445,
s578023032,p02936,u370298581,1590105519,C++,C++ (GCC 5.4.1),cpp,Accepted,305,21232,805,
s068134706,p02936,u370298581,1590104889,C++,C++ (GCC 5.4.1),cpp,Wrong Answer,299,17280,700,
s689224493,p02936,u370298581,1590104757,C++,C++ (GCC 5.4.1),cpp,Wrong Answer,2104,18048,698,
s719556263,p02936,u374678351,1590103415,C++,C++14 (GCC 5.4.1),cpp,Wrong Answer,2104,20992,1181,
s042994437,p02936,u384124931,1590100020,Python,Python (3.4.3),py,Accepted,817,85876,642,
s111473646,p02936,u337845373,1590098768,C++,C++14 (GCC 5.4.1),cpp,Accepted,605,19440,12450,
s374783369,p02936,u337845373,1590097991,C++,C++14 (GCC 5.4.1),cpp,Wrong Answer,562,16512,12353,
s462015734,p02936,u649421008,1590094950,C++,C++14 (GCC 5.4.1),cpp,Accepted,307,24320,969,
s436044544,p02936,u867848444,1590094315,Python,Python (3.4.3),py,Accepted,1883,89176,698,
s001334363,p02936,u337845373,1590094248,C++,C++14 (GCC 5.4.1),cpp,Wrong Answer,2104,14720,12334,
s987289923,p02936,u780962115,1590094089,Python,Python (3.4.3),py,Accepted,1838,56088,703,
s970284177,p02936,u845356047,1590094026,C++,C++14 (GCC 5.4.1),cpp,Accepted,127,22784,876,
s146560017,p02936,u481963728,1590093841,C++,C++14 (GCC 5.4.1),cpp,Accepted,150,30592,1363,
s940891738,p02936,u440566786,1590093722,C++,C++14 (GCC 5.4.1),cpp,Accepted,140,19696,1762,
s310475025,p02936,u417096287,1590091622,Python,PyPy3 (2.4.0),py,Accepted,1805,105236,516,
s502547777,p02936,u275488634,1590090897,C++,C++14 (GCC 5.4.1),cpp,Accepted,305,15604,1248,
s096528713,p02936,u666476759,1590090881,Python,Python (3.4.3),py,Time Limit Exceeded,2108,72640,1178,
s065849009,p02936,u666476759,1590090626,Python,PyPy3 (2.4.0),py,Wrong Answer,2109,102516,1126,
s770596980,p02936,u417096287,1590089645,Python,PyPy3 (2.4.0),py,Wrong Answer,1810,105364,547,
s984550069,p02936,u417096287,1590088995,Python,PyPy3 (2.4.0),py,Wrong Answer,2110,105364,551,
s237991512,p02936,u679245300,1590088508,Python,Python (3.4.3),py,Wrong Answer,1597,62908,673,
s903111307,p02936,u679245300,1590088425,Python,Python (3.4.3),py,Accepted,1790,73496,820,
s180679719,p02936,u233586402,1590082336,C++,C++14 (GCC 5.4.1),cpp,Accepted,318,23424,689,
s137813625,p02936,u207048881,1590074829,C++,C++14 (GCC 5.4.1),cpp,Accepted,434,23552,1107,
s562084649,p02936,u666476759,1590072814,Python,Python (3.4.3),py,Time Limit Exceeded,2106,72992,1126,
s032654054,p02936,u384333008,1590072114,C++,C++14 (GCC 5.4.1),cpp,Wrong Answer,2105,22912,1034,
s784983585,p02936,u135880256,1590057342,C++,C++14 (GCC 5.4.1),cpp,Wrong Answer,114,23552,640,
s435063330,p02936,u271743799,1590049348,C++,C++14 (GCC 5.4.1),cpp,Accepted,590,15604,851,
s181151347,p02936,u271743799,1590048298,C++,C++14 (GCC 5.4.1),cpp,Wrong Answer,573,14080,737,
s816693072,p02936,u077051605,1590042303,C++,C++14 (GCC 5.4.1),cpp,Accepted,583,17908,884,
s622132444,p02936,u576432509,1590039335,Python,PyPy3 (2.4.0),py,Wrong Answer,2124,331784,1097,
s647162396,p02936,u576432509,1590038827,Python,Python (3.4.3),py,Runtime Error,2114,173308,1098,
s177810820,p02936,u576432509,1590038656,Python,Python (3.4.3),py,Runtime Error,2115,173312,1096,
s294963609,p02936,u711676593,1590037888,C++,C++14 (GCC 5.4.1),cpp,Accepted,304,19440,895,
s295105882,p02936,u711676593,1590037609,C++,C++14 (GCC 5.4.1),cpp,Wrong Answer,292,19440,866,
s348735371,p02936,u711676593,1590037546,C++,C++14 (GCC 5.4.1),cpp,Wrong Answer,316,19440,866,
s429871794,p02936,u391589398,1590031478,Python,Python (3.4.3),py,Accepted,1852,73648,592,
s106514719,p02936,u391589398,1590031020,Python,Python (3.4.3),py,Runtime Error,1669,62752,477,
s812685756,p02936,u331464808,1590030766,C++,C++14 (GCC 5.4.1),cpp,Runtime Error,98,2560,934,
s259714662,p02936,u331464808,1590030460,C++,C++14 (GCC 5.4.1),cpp,Runtime Error,367,7288,876,
s924720659,p02936,u823862638,1590030315,C++,C++14 (GCC 5.4.1),cpp,Accepted,385,24320,1291,
s058847114,p02936,u823862638,1590030186,C++,C++14 (GCC 5.4.1),cpp,Runtime Error,105,3328,1291,
s937493249,p02936,u894418077,1590029972,C++,C++14 (GCC 5.4.1),cpp,Accepted,546,39936,876,
s774344070,p02936,u020962106,1590029888,Python,Python (3.4.3),py,Wrong Answer,1624,47920,363,
s280416009,p02936,u020962106,1590028396,Python,Python (3.4.3),py,Wrong Answer,1467,24348,271,
s165697093,p02936,u476124554,1590027792,Python,Python (3.4.3),py,Time Limit Exceeded,2118,238460,748,
s664326048,p02936,u169212791,1590027762,Python,Python (3.4.3),py,Accepted,1709,236928,800,
s961785625,p02936,u169212791,1590027703,Python,PyPy3 (2.4.0),py,Time Limit Exceeded,2146,694392,800,
s509138528,p02936,u169212791,1590027552,Python,PyPy3 (2.4.0),py,Time Limit Exceeded,2121,294776,775,
s134065885,p02936,u020962106,1590027295,Python,Python (3.4.3),py,Wrong Answer,2106,42392,330,
s018556892,p02936,u476124554,1590027264,Python,Python (3.4.3),py,Time Limit Exceeded,2118,236924,699,
s663226686,p02936,u476124554,1590026901,Python,Python (3.4.3),py,Runtime Error,1902,157544,668,
s925838994,p02936,u476124554,1590026724,Python,PyPy3 (2.4.0),py,Time Limit Exceeded,2126,385800,669,
s299986271,p02936,u169212791,1590026717,Python,PyPy3 (2.4.0),py,Time Limit Exceeded,2122,294136,669,
s178095374,p02936,u316432228,1590026551,Python,Python (3.4.3),py,Accepted,1688,232224,624,
s952866388,p02936,u316432228,1590026480,Python,Python (3.4.3),py,Runtime Error,18,3064,620,
s838783639,p02936,u476124554,1590026361,Python,Python (3.4.3),py,Time Limit Exceeded,2124,252480,669,
s643198897,p02936,u316432228,1590026283,Python,Python (3.4.3),py,Time Limit Exceeded,2112,230924,568,
s565119622,p02936,u316432228,1590026156,Python,PyPy3 (2.4.0),py,Time Limit Exceeded,2122,299000,578,
s169713794,p02936,u316432228,1590026118,Python,PyPy3 (2.4.0),py,Runtime Error,2111,129996,529,
s429626344,p02936,u316432228,1590026072,Python,Python (3.4.3),py,Time Limit Exceeded,2112,232236,578,
s739718049,p02936,u316432228,1590026017,Python,Python (3.4.3),py,Runtime Error,18,2940,575,
s759111291,p02936,u316432228,1590025802,Python,PyPy3 (2.4.0),py,Runtime Error,1997,129868,529,
s095819726,p02936,u316432228,1590025576,Python,Python (3.4.3),py,Runtime Error,1612,61740,529,
s360710121,p02936,u185948224,1590022839,Python,Python (3.4.3),py,Accepted,1233,82560,533,
s620806011,p02936,u185948224,1590022774,Python,Python (3.4.3),py,Runtime Error,1825,82596,1051,
s553317662,p02936,u280552586,1590022716,Python,PyPy3 (2.4.0),py,Accepted,1822,106752,600,
s145726484,p02936,u185948224,1590022708,Python,Python (3.4.3),py,Accepted,1329,94812,574,
s683593003,p02936,u280552586,1590022628,Python,Python (3.4.3),py,Accepted,1882,61044,600,
s257880142,p02936,u185948224,1590022491,Python,Python (3.4.3),py,Time Limit Exceeded,2039,94848,535,
s321768330,p02936,u369067792,1590022431,C++,C++14 (GCC 5.4.1),cpp,Accepted,291,17908,1136,
s175908522,p02936,u185948224,1590022213,Python,Python (3.4.3),py,Accepted,1948,118000,489,
s186602001,p02936,u185948224,1590021890,Python,Python (3.4.3),py,Accepted,1970,82556,491,
s805220133,p02936,u369067792,1590021614,C++,C++14 (GCC 5.4.1),cpp,Wrong Answer,287,16512,1007,
s192309202,p02936,u319329587,1590021350,C++,C++14 (GCC 5.4.1),cpp,Accepted,179,32128,2316,
s332737120,p02936,u319329587,1590020693,C++,C++14 (GCC 5.4.1),cpp,Wrong Answer,143,30592,2295,
s884516359,p02936,u859566721,1590020436,C++,C++14 (GCC 5.4.1),cpp,Accepted,696,48512,725,
s915380300,p02936,u319329587,1590016871,C++,C++14 (GCC 5.4.1),cpp,Time Limit Exceeded,2105,35044,2381,
s120878672,p02936,u369067792,1590015774,C++,C++14 (GCC 5.4.1),cpp,Wrong Answer,274,14848,996,
s978866831,p02936,u295178043,1590015495,Python,PyPy3 (2.4.0),py,Accepted,1367,97736,588,
s891849724,p02936,u369067792,1590014817,C++,C++14 (GCC 5.4.1),cpp,Wrong Answer,2104,13952,888,
s394163185,p02936,u020311314,1590013653,C#,C# (Mono 4.6.2.0),cs,Accepted,1694,68272,1823,
s076262869,p02936,u674959776,1590011269,Python,Python (3.4.3),py,Accepted,1669,268464,745,
s216948627,p02936,u674959776,1590010938,Python,Python (3.4.3),py,Time Limit Exceeded,2121,266928,459,
s615700482,p02936,u674959776,1590010884,Python,PyPy3 (2.4.0),py,Time Limit Exceeded,2125,340984,459,
s142740864,p02936,u674959776,1590010689,Python,PyPy3 (2.4.0),py,Runtime Error,2051,131532,399,
s730151333,p02936,u538361257,1590009390,Python,Python (3.4.3),py,Wrong Answer,1812,76708,768,
s699603713,p02936,u538361257,1590002638,Python,Python (3.4.3),py,Runtime Error,1889,82780,614,
s684805594,p02936,u346812984,1590000923,Python,Python (3.4.3),py,Accepted,1729,268436,745,
s540207806,p02936,u295178043,1589999125,Python,PyPy3 (2.4.0),py,Time Limit Exceeded,2110,108232,746,
s460560143,p02936,u295178043,1589998956,Python,PyPy3 (2.4.0),py,Wrong Answer,2110,104264,763,
s626986279,p02936,u295178043,1589998930,Python,PyPy3 (2.4.0),py,Wrong Answer,2110,104904,774,
s263105672,p02936,u905329882,1589997103,Python,Python (3.4.3),py,Accepted,1730,230920,495,
s884698602,p02936,u295178043,1589996918,Python,PyPy3 (2.4.0),py,Wrong Answer,2110,121076,525,
s488494110,p02936,u905329882,1589996749,Python,Python (3.4.3),py,Time Limit Exceeded,2112,230920,445,
s897331554,p02936,u295178043,1589996115,Python,PyPy3 (2.4.0),py,Time Limit Exceeded,2110,121044,646,
s473335245,p02936,u905329882,1589995903,Python,Python (3.4.3),py,Time Limit Exceeded,2117,230920,467,
s052559549,p02936,u905329882,1589995766,Python,Python (3.4.3),py,Wrong Answer,2117,227016,466,
s886435875,p02936,u905329882,1589994891,Python,PyPy3 (2.4.0),py,Time Limit Exceeded,2121,277368,449,
s006796003,p02936,u905329882,1589994711,Python,PyPy3 (2.4.0),py,Runtime Error,1984,130764,407,
s877354655,p02936,u124187388,1589994586,C++,C++14 (GCC 5.4.1),cpp,Accepted,591,28788,1440,
s763322675,p02936,u929569377,1589993941,C++,C++14 (GCC 5.4.1),cpp,Accepted,675,24320,642,
s605749713,p02936,u929569377,1589993738,C++,C++14 (GCC 5.4.1),cpp,Accepted,368,24320,669,
s530008963,p02936,u525560003,1589992104,C++,C++14 (GCC 5.4.1),cpp,Accepted,320,16376,1093,
s095966708,p02936,u525560003,1589989918,C++,C++14 (GCC 5.4.1),cpp,Wrong Answer,2162,968152,730,
s283696501,p02936,u506417357,1589989728,C++,C++14 (GCC 5.4.1),cpp,Accepted,367,23552,1505,
s686440229,p02936,u525560003,1589989435,C++,C++14 (GCC 5.4.1),cpp,Wrong Answer,2141,605980,740,
s969571056,p02936,u999477518,1589988934,C++,C++14 (GCC 5.4.1),cpp,Accepted,651,26624,523,
s893358320,p02936,u999477518,1589988243,C++,C++14 (GCC 5.4.1),cpp,Wrong Answer,643,23552,461,
s005021899,p02936,u506417357,1589987416,C++,C++14 (GCC 5.4.1),cpp,Wrong Answer,2104,13952,1633,
s231594860,p02936,u191394596,1589979128,Python,PyPy3 (2.4.0),py,Accepted,1909,141168,952,
s668804427,p02936,u191394596,1589978681,Python,PyPy3 (2.4.0),py,Wrong Answer,1892,141168,954,
s278014714,p02936,u191394596,1589978510,Python,PyPy3 (2.4.0),py,Wrong Answer,1873,124492,816,
s607380340,p02936,u191394596,1589977879,Python,PyPy3 (2.4.0),py,Wrong Answer,1763,124108,714,
s149735848,p02936,u932275750,1589970792,C++,C++14 (GCC 5.4.1),cpp,Accepted,123,21376,3330,
s599684836,p02936,u932275750,1589970685,C++,C++14 (GCC 5.4.1),cpp,Runtime Error,100,2560,3326,
s452080894,p02936,u384333008,1589967346,C++,C++14 (GCC 5.4.1),cpp,Runtime Error,3822,2060932,1027,
s233216156,p02936,u101018317,1589950346,C++,C++14 (GCC 5.4.1),cpp,Accepted,461,28024,818,
s095578987,p02936,u101018317,1589949847,C++,C++14 (GCC 5.4.1),cpp,Wrong Answer,426,28024,770,
s598535412,p02936,u101018317,1589949235,C++,C++14 (GCC 5.4.1),cpp,Wrong Answer,489,14708,730,
s718780195,p02936,u101018317,1589948940,C++,C++14 (GCC 5.4.1),cpp,Wrong Answer,2155,874800,670,
s867513778,p02936,u101018317,1589948861,C++,C++14 (GCC 5.4.1),cpp,Compile Error,,,669,
s166463616,p02936,u077051605,1589947592,C++,C++14 (GCC 5.4.1),cpp,Accepted,301,18672,869,
s944001669,p02936,u203197031,1589947569,C++,C++14 (GCC 5.4.1),cpp,Accepted,125,24832,1579,
s610440038,p02936,u203197031,1589947476,C++,C++14 (GCC 5.4.1),cpp,Wrong Answer,2103,256,1668,
s577693820,p02936,u203197031,1589947388,C++,C++14 (GCC 5.4.1),cpp,Wrong Answer,2103,256,1668,
s410836917,p02936,u203197031,1589947370,C++,C++14 (GCC 5.4.1),cpp,Wrong Answer,2107,384,1668,
s787906119,p02936,u310855433,1589945600,C++,C++14 (GCC 5.4.1),cpp,Accepted,317,25844,1265,
s431068279,p02936,u428132025,1589945445,Python,Python (3.4.3),py,Accepted,1332,64724,637,
s278964814,p02936,u428132025,1589945386,Python,PyPy3 (2.4.0),py,Accepted,906,106444,637,
s762105757,p02936,u428132025,1589944654,Python,PyPy3 (2.4.0),py,Wrong Answer,810,89420,532,
s012789594,p02936,u428132025,1589943370,Python,PyPy3 (2.4.0),py,Wrong Answer,2111,134264,574,
s647138435,p02936,u384333008,1589943361,C++,C++14 (GCC 5.4.1),cpp,Wrong Answer,2104,22912,1016,
s543032017,p02936,u623402808,1589943298,Ruby,Ruby (2.3.3),rb,Accepted,771,27388,499,
s032803735,p02936,u077051605,1589943159,C++,C++14 (GCC 5.4.1),cpp,Time Limit Exceeded,2104,18304,1173,
s934218801,p02936,u077051605,1589943084,C++,C++14 (GCC 5.4.1),cpp,Runtime Error,105,2560,1167,
s907850017,p02936,u077051605,1589942953,C++,C++14 (GCC 5.4.1),cpp,Runtime Error,98,2560,1162,
s236757288,p02936,u116038906,1589936440,Python,Python (3.4.3),py,Accepted,1388,131808,719,
s966688412,p02936,u399155892,1589929715,Python,Python (3.4.3),py,Accepted,1762,117084,825,
s004716821,p02936,u399155892,1589928420,Python,PyPy3 (2.4.0),py,Time Limit Exceeded,2110,153848,1022,
s985054676,p02936,u399155892,1589928225,Python,Python (3.4.3),py,Time Limit Exceeded,2106,132136,1022,
s454878629,p02936,u399155892,1589926937,Python,Python (3.4.3),py,Time Limit Exceeded,2111,123284,979,
s551603573,p02936,u216752093,1589925397,Python,Python (3.4.3),py,Time Limit Exceeded,2228,2043952,642,
s503324930,p02936,u903005414,1589919233,Python,Python (3.4.3),py,Accepted,1887,244780,618,
s731067351,p02936,u587801819,1589919089,C++,C++14 (GCC 5.4.1),cpp,Accepted,291,17908,1402,
s328776470,p02936,u999477518,1589919064,C++,C++14 (GCC 5.4.1),cpp,Wrong Answer,648,20352,457,
s097062772,p02936,u559765551,1589916253,C++,C++14 (GCC 5.4.1),cpp,Accepted,388,24320,737,
s947616921,p02936,u744271961,1589914412,C++,C++14 (GCC 5.4.1),cpp,Accepted,149,21376,823,
s799151548,p02936,u080245145,1589913068,C++,C++14 (GCC 5.4.1),cpp,Accepted,137,24320,651,
s098027258,p02936,u135203576,1589905756,C++,C++14 (GCC 5.4.1),cpp,Accepted,678,23552,723,
s617554470,p02936,u135203576,1589905666,C++,C++14 (GCC 5.4.1),cpp,Runtime Error,97,768,722,
s071741634,p02936,u135203576,1589905574,C++,C++14 (GCC 5.4.1),cpp,Runtime Error,102,768,721,
s542370893,p02936,u135203576,1589905510,C++,C++14 (GCC 5.4.1),cpp,Runtime Error,98,768,712,
s597216956,p02936,u135203576,1589905461,C++,C++14 (GCC 5.4.1),cpp,Accepted,675,23552,597,
s323151139,p02936,u135203576,1589905234,C++,C++14 (GCC 5.4.1),cpp,Runtime Error,100,768,706,
s329478325,p02936,u135203576,1589905004,C++,C++14 (GCC 5.4.1),cpp,Runtime Error,100,768,696,
s228338405,p02936,u999477518,1589902158,C++,C++14 (GCC 5.4.1),cpp,Wrong Answer,580,16512,535,
s868199364,p02936,u244203620,1589899903,C++,C++14 (GCC 5.4.1),cpp,Accepted,314,16372,1106,
s240577449,p02936,u346040900,1589894956,C++,C++14 (GCC 5.4.1),cpp,Accepted,310,25856,1236,
s284327195,p02936,u346040900,1589894292,C++,C++14 (GCC 5.4.1),cpp,Wrong Answer,307,22656,1161,
s703617056,p02936,u346040900,1589893888,C++,C++14 (GCC 5.4.1),cpp,Wrong Answer,2104,23680,1128,
s991874405,p02936,u903005414,1589887386,Python,Python (3.4.3),py,Time Limit Exceeded,2117,236556,592,
s713748223,p02936,u903005414,1589886733,Python,PyPy3 (2.4.0),py,Time Limit Exceeded,2116,219512,588,
s669680672,p02936,u903005414,1589886661,Python,Python (3.4.3),py,Time Limit Exceeded,2117,236520,588,
s152756165,p02936,u903005414,1589886387,Python,Python (3.4.3),py,Runtime Error,1915,60244,547,
s126988666,p02936,u386122581,1589885919,Rust,Rust (1.15.1),rs,Accepted,181,77392,319951,
s524035572,p02936,u386122581,1589883832,Rust,Rust (1.15.1),rs,Wrong Answer,2111,54904,325432,
s672621557,p02936,u903216158,1589872897,C++,C++14 (GCC 5.4.1),cpp,Accepted,126,23552,594,
s063657451,p02936,u185034753,1589865570,Python,Python (3.4.3),py,Runtime Error,1862,73720,1161,
s527716607,p02936,u185034753,1589865343,Python,Python (3.4.3),py,Accepted,1875,61872,933,
s440519910,p02936,u185034753,1589865213,Python,Python (3.4.3),py,Runtime Error,1954,60724,872,
s849403441,p02936,u192042624,1589862239,Python,Python (3.4.3),py,Accepted,1846,243916,738,
s716831245,p02936,u192042624,1589859671,Python,Python (3.4.3),py,Runtime Error,1250,139436,713,
s626372729,p02936,u393658518,1589859358,C++,C++14 (GCC 5.4.1),cpp,Accepted,676,25088,854,
s366609752,p02936,u192042624,1589859253,Python,Python (3.4.3),py,Runtime Error,2117,177880,747,
s474390433,p02936,u192042624,1589858907,Python,Python (3.4.3),py,Runtime Error,2115,177820,748,
s396827145,p02936,u192042624,1589858142,Python,Python (3.4.3),py,Runtime Error,2115,177828,724,
s688628817,p02936,u776439373,1589857948,C++,C++14 (GCC 5.4.1),cpp,Accepted,303,23540,669,
s141958287,p02936,u776439373,1589857689,C++,C++14 (GCC 5.4.1),cpp,Accepted,303,29812,653,
s617671290,p02936,u091870478,1589856978,C++,C++14 (GCC 5.4.1),cpp,Accepted,189,20972,2532,
s553658128,p02936,u091870478,1589856158,C++,C++14 (GCC 5.4.1),cpp,Wrong Answer,123,7796,2165,
s920104028,p02936,u216752093,1589856156,Python,Python (3.4.3),py,Wrong Answer,2228,2035824,607,
s057641917,p02936,u116038906,1589854194,Python,Python (3.4.3),py,Accepted,1442,112468,806,
s899762868,p02936,u116038906,1589853858,Python,Python (3.4.3),py,Wrong Answer,2037,112352,767,
s713501432,p02936,u989306199,1589853409,C++,C++14 (GCC 5.4.1),cpp,Accepted,149,20608,1032,
s536173485,p02936,u214304095,1589852449,C++,C++14 (GCC 5.4.1),cpp,Accepted,402,20608,885,
s854647476,p02936,u045289115,1589848160,C++,C++14 (GCC 5.4.1),cpp,Accepted,538,35692,1344,
s783957445,p02936,u045289115,1589847471,C++,C++14 (GCC 5.4.1),cpp,Wrong Answer,484,29552,1301,
s813827348,p02936,u045289115,1589847409,C++,C++14 (GCC 5.4.1),cpp,Compile Error,,,1301,
s319162139,p02936,u328811800,1589846798,C++,C++14 (GCC 5.4.1),cpp,Runtime Error,614,290176,981,
s740132505,p02936,u328811800,1589846723,C++,C++14 (GCC 5.4.1),cpp,Compile Error,,,1069,
s045423502,p02936,u328811800,1589846606,C++,C++14 (GCC 5.4.1),cpp,Runtime Error,614,290176,1038,
s816610168,p02936,u250828304,1589844420,C++,C++ (GCC 5.4.1),cpp,Accepted,381,28160,788,
s873470452,p02936,u328811800,1589844241,C++,C++14 (GCC 5.4.1),cpp,Runtime Error,622,287872,1015,
s346258064,p02936,u328811800,1589844174,C++,C++14 (GCC 5.4.1),cpp,Runtime Error,624,283904,952,
s372821113,p02936,u250828304,1589843445,Python,Python (3.4.3),py,Time Limit Exceeded,2120,263248,538,
s525013711,p02936,u978535698,1589843257,C++,C++14 (GCC 5.4.1),cpp,Accepted,294,24320,625,
s119057751,p02936,u978535698,1589843218,C++,C++14 (GCC 5.4.1),cpp,Compile Error,,,622,
s358052283,p02936,u978535698,1589843164,C++,C++14 (GCC 5.4.1),cpp,Compile Error,,,622,
s565326375,p02936,u978535698,1589843129,C++,C++14 (GCC 5.4.1),cpp,Compile Error,,,620,
s996030704,p02936,u250828304,1589843028,Python,PyPy3 (2.4.0),py,Time Limit Exceeded,2114,203264,592,
s101824143,p02936,u250828304,1589842936,Python,PyPy3 (2.4.0),py,Time Limit Exceeded,2116,235728,615,
s886280544,p02936,u250828304,1589842901,Python,Python (3.4.3),py,Time Limit Exceeded,2119,266632,615,
s632936668,p02936,u250828304,1589842519,Python,Python (3.4.3),py,Wrong Answer,2119,271752,590,
s380202616,p02936,u250828304,1589842475,Python,Python (3.4.3),py,Runtime Error,1958,174364,589,
s700572065,p02936,u250828304,1589841391,C++,C++14 (GCC 5.4.1),cpp,Accepted,293,31488,934,
s918479223,p02936,u999477518,1589839856,C++,C++14 (GCC 5.4.1),cpp,Wrong Answer,251,6912,527,
s268326625,p02936,u999477518,1589839727,C++,C++14 (GCC 5.4.1),cpp,Wrong Answer,256,6144,523,
s097557602,p02936,u999477518,1589838097,C++,C++14 (GCC 5.4.1),cpp,Wrong Answer,2233,1720796,811,
s178234994,p02936,u692336506,1589837633,C++,C++14 (GCC 5.4.1),cpp,Accepted,305,24320,1665,
s154756924,p02936,u342264595,1589833416,C++,C++14 (GCC 5.4.1),cpp,Wrong Answer,316,27392,726,
s730626084,p02936,u342264595,1589832587,C++,C++14 (GCC 5.4.1),cpp,Wrong Answer,2104,21376,613,
s236063417,p02936,u342264595,1589832552,C++,C++14 (Clang 3.8.0),cpp,Compile Error,,,613,
s759256523,p02936,u426462442,1589826694,C++,C++14 (GCC 5.4.1),cpp,Accepted,365,19584,740,
s453224534,p02936,u504800764,1589820540,C++,C++14 (GCC 5.4.1),cpp,Accepted,607,15604,1170,
s597924176,p02936,u703528810,1589807946,Python,Python (3.4.3),py,Accepted,1889,62508,579,
s629884293,p02936,u703528810,1589807339,Python,Python (3.4.3),py,Runtime Error,2107,70900,779,
s119907037,p02936,u703528810,1589807288,Python,PyPy3 (2.4.0),py,Time Limit Exceeded,2144,560888,779,
s561473611,p02936,u703528810,1589807191,Python,Python (3.4.3),py,Runtime Error,2106,53384,738,
s131375176,p02936,u002023395,1589789181,Rust,Rust (1.15.1),rs,Accepted,109,30840,1183,
s716098751,p02936,u002023395,1589788964,Rust,Rust (1.15.1),rs,Wrong Answer,105,26744,1161,
s975942442,p02936,u002023395,1589788637,Rust,Rust (1.15.1),rs,Wrong Answer,96,26744,879,
s289355387,p02936,u060936992,1589769513,C++,C++14 (GCC 5.4.1),cpp,Accepted,305,16372,966,
s987251510,p02936,u116038906,1589762484,Python,Python (3.4.3),py,Wrong Answer,2107,87324,709,
s988278378,p02936,u674052742,1589760354,Python,PyPy3 (2.4.0),py,Time Limit Exceeded,2120,281036,797,
s232210907,p02936,u038021590,1589760332,Python,Python (3.4.3),py,Accepted,1750,62708,664,
s404926179,p02936,u674052742,1589760293,Python,PyPy3 (2.4.0),py,Time Limit Exceeded,2121,292040,792,
s412878599,p02936,u674052742,1589760263,Python,Python (3.4.3),py,Time Limit Exceeded,2118,243436,792,
s004643349,p02936,u674052742,1589759795,Python,Python (3.4.3),py,Runtime Error,1994,78596,756,
s977587239,p02936,u116038906,1589759696,Python,Python (3.4.3),py,Time Limit Exceeded,2109,87208,725,
s014329793,p02936,u157433024,1589758309,C++,C++14 (GCC 5.4.1),cpp,Wrong Answer,2173,1173324,2440,
s924333606,p02936,u157433024,1589758005,C++,C++14 (GCC 5.4.1),cpp,Wrong Answer,307,16512,2366,
s907883215,p02936,u077104253,1589756683,C++,C++14 (GCC 5.4.1),cpp,Accepted,433,140800,1349,
s658313554,p02936,u077104253,1589756311,C++,C++14 (GCC 5.4.1),cpp,Wrong Answer,394,140800,1190,
s140164139,p02936,u077104253,1589755877,C++,C++14 (GCC 5.4.1),cpp,Wrong Answer,397,140800,1038,
s818647448,p02936,u077104253,1589755742,C++,C++14 (GCC 5.4.1),cpp,Wrong Answer,397,140672,1016,
s180837121,p02936,u077104253,1589755533,C++,C++14 (GCC 5.4.1),cpp,Wrong Answer,401,139904,1017,
s134682376,p02936,u620617652,1589755152,C++,C++14 (GCC 5.4.1),cpp,Accepted,125,24320,1272,
s868906119,p02936,u642912410,1589755111,C++,C++14 (GCC 5.4.1),cpp,Accepted,145,15732,1010,
s388389706,p02936,u193866675,1589754897,C++,C++14 (GCC 5.4.1),cpp,Accepted,148,23424,1033,
s056321803,p02936,u620617652,1589754757,C++,C++14 (GCC 5.4.1),cpp,Wrong Answer,2289,47216,1566,
s716141894,p02936,u193866675,1589754700,C++,C++14 (GCC 5.4.1),cpp,Accepted,363,23552,1000,
s250998637,p02936,u620617652,1589754555,C++,C++14 (GCC 5.4.1),cpp,Wrong Answer,2282,47216,1526,
s101274897,p02936,u468440139,1589751479,C++,C++14 (GCC 5.4.1),cpp,Accepted,125,23680,1198,
s335319787,p02936,u998782229,1589751247,C++,C++14 (GCC 5.4.1),cpp,Accepted,134,25088,772,
s159996988,p02936,u006880673,1589749977,Python,Python (3.4.3),py,Accepted,1507,193492,876,
s145498008,p02936,u776056110,1589749896,C++,C++14 (GCC 5.4.1),cpp,Accepted,303,27392,2865,
s424381906,p02936,u006880673,1589749784,Python,Python (3.4.3),py,Time Limit Exceeded,2099,192972,836,
s838318361,p02936,u262597910,1589749565,Python,PyPy3 (2.4.0),py,Accepted,834,99328,693,
s895813337,p02936,u262597910,1589749329,Python,Python (3.4.3),py,Accepted,1033,73604,693,
s072257957,p02936,u262597910,1589749132,Python,Python (3.4.3),py,Accepted,1421,73732,565,
s082079289,p02936,u934442292,1589749008,Python,Python (3.4.3),py,Accepted,918,65636,785,
s024968481,p02936,u934442292,1589748966,Python,Python (3.4.3),py,Accepted,944,65636,785,
s727046810,p02936,u262597910,1589748782,Python,Python (3.4.3),py,Accepted,1989,74756,521,
s072147344,p02936,u262597910,1589748484,Python,Python (3.4.3),py,Wrong Answer,1699,64276,460,
s377469348,p02936,u621935300,1589747698,Python,PyPy2 (5.6.0),py,Accepted,608,79644,875,
s971677385,p02936,u621935300,1589746622,Python,PyPy2 (5.6.0),py,Time Limit Exceeded,2183,1240988,1006,
s033543946,p02936,u621935300,1589746582,Python,PyPy2 (5.6.0),py,Runtime Error,625,114204,977,
s004294833,p02936,u999477518,1589746548,C++,C++14 (GCC 5.4.1),cpp,Wrong Answer,2227,1667600,805,
s003303459,p02936,u605168157,1589746376,C++,C++14 (Clang 3.8.0),cpp,Compile Error,,,941,
s163482561,p02936,u999477518,1589746364,C++,C++14 (GCC 5.4.1),cpp,Wrong Answer,2221,1653520,805,
s232364481,p02936,u934442292,1589746203,Python,Python (3.4.3),py,Accepted,878,65636,749,
s208324890,p02936,u934442292,1589746137,Python,Python (3.4.3),py,Accepted,938,65636,749,
s018400784,p02936,u934442292,1589745860,Python,Python (3.4.3),py,Accepted,803,65636,745,
s099881819,p02936,u934442292,1589745691,Python,Python (3.4.3),py,Accepted,890,65664,776,
s060907523,p02936,u934442292,1589745649,Python,Python (3.4.3),py,Accepted,856,65664,772,
s258468261,p02936,u605168157,1589744604,C++,C++14 (Clang 3.8.0),cpp,Runtime Error,256,2304,936,
s563023550,p02936,u934442292,1589744589,Python,Python (3.4.3),py,Accepted,1027,62224,783,
s830033656,p02936,u605168157,1589744463,C++,C++14 (Clang 3.8.0),cpp,Runtime Error,97,2304,936,
s697864385,p02936,u934442292,1589744406,Python,Python (3.4.3),py,Accepted,880,62224,753,
s511208194,p02936,u934442292,1589744369,Python,Python (3.4.3),py,Accepted,929,62196,753,
s470054830,p02936,u605168157,1589744353,C++,C++14 (Clang 3.8.0),cpp,Runtime Error,101,2432,930,
s843813078,p02936,u934442292,1589744269,Python,Python (3.4.3),py,Accepted,1003,62224,753,
s715981225,p02936,u842917248,1589744261,C++,C++14 (GCC 5.4.1),cpp,Accepted,128,19568,5138,
s866633349,p02936,u605168157,1589744252,C++,C++14 (Clang 3.8.0),cpp,Runtime Error,98,256,920,
s692684616,p02936,u934442292,1589744136,Python,Python (3.4.3),py,Accepted,889,61780,757,
s773423991,p02936,u605168157,1589744094,C++,C++14 (Clang 3.8.0),cpp,Accepted,734,22784,920,
s894936317,p02936,u605168157,1589743998,C++,C++14 (Clang 3.8.0),cpp,Wrong Answer,721,22784,893,
s749873267,p02936,u842917248,1589743846,C++,C++14 (GCC 5.4.1),cpp,Time Limit Exceeded,2104,21104,5289,
s193569731,p02936,u842917248,1589743135,C++,C++14 (GCC 5.4.1),cpp,Time Limit Exceeded,2104,21104,5283,
s111075456,p02936,u605168157,1589742638,C++,C++14 (Clang 3.8.0),cpp,Runtime Error,897,274944,942,
s238980947,p02936,u605168157,1589742168,C++,C++14 (Clang 3.8.0),cpp,Runtime Error,907,274816,926,
s171710247,p02936,u605168157,1589741601,C++,C++14 (Clang 3.8.0),cpp,Compile Error,,,887,
s612279094,p02936,u605168157,1589741149,C++,C++ (Clang 3.8.0),cpp,Compile Error,,,864,
s589242831,p02936,u605168157,1589741038,C++,C++ (Clang 3.8.0),cpp,Compile Error,,,909,
s553944220,p02936,u605168157,1589740989,C++,C++14 (GCC 5.4.1),cpp,Compile Error,,,909,
s163191262,p02936,u605168157,1589740892,C++,C++14 (Clang 3.8.0),cpp,Compile Error,,,909,
s616189442,p02936,u322162884,1589736082,C++,C++14 (GCC 5.4.1),cpp,Accepted,287,18676,1410,
s484576332,p02936,u652656291,1589734696,Python,Python (3.4.3),py,Accepted,1747,260528,775,
s220471724,p02936,u583119986,1589734364,C++,C++14 (GCC 5.4.1),cpp,Accepted,365,23424,718,
s048679616,p02936,u842917248,1589733092,C++,C++14 (GCC 5.4.1),cpp,Time Limit Exceeded,2105,26868,5324,
s299212993,p02936,u842917248,1589732823,C++,C++14 (GCC 5.4.1),cpp,Wrong Answer,2210,1813416,5399,
s449854090,p02936,u992910889,1589727853,Python,PyPy3 (2.4.0),py,Accepted,900,107152,1615,
s200035323,p02936,u992910889,1589725913,Python,PyPy3 (2.4.0),py,Wrong Answer,2156,849528,843,
s776694735,p02936,u992910889,1589725427,Python,Python (3.4.3),py,Runtime Error,1291,156732,879,
s144286685,p02936,u992910889,1589725384,Python,Python (3.4.3),py,Runtime Error,1315,156776,876,
s865522129,p02936,u992910889,1589725294,Python,PyPy3 (2.4.0),py,Time Limit Exceeded,2151,776184,876,
s948880906,p02936,u586639900,1589723497,Python,Python (3.4.3),py,Runtime Error,2108,69260,866,
s313245396,p02936,u586639900,1589723133,Python,Python (3.4.3),py,Runtime Error,2108,68740,759,
s739728260,p02936,u586639900,1589722944,Python,Python (3.4.3),py,Runtime Error,2108,81392,764,
s420316714,p02936,u917518913,1589722813,C++,C++14 (GCC 5.4.1),cpp,Accepted,356,23424,844,
s890454269,p02936,u917518913,1589722703,C++,C++ (GCC 5.4.1),cpp,Compile Error,,,844,
s784547647,p02936,u745514010,1589692292,Python,Python (3.4.3),py,Accepted,1867,227844,628,
s744702022,p02936,u745514010,1589692096,Python,Python (3.4.3),py,Time Limit Exceeded,2117,227764,560,
s879704307,p02936,u745514010,1589692041,Python,Python (3.4.3),py,Runtime Error,17,3064,1120,
s995267066,p02936,u745514010,1589691683,Python,Python (3.4.3),py,Time Limit Exceeded,2118,228504,611,
s460327082,p02936,u745514010,1589691590,Python,Python (3.4.3),py,Time Limit Exceeded,2117,227416,541,
s442645095,p02936,u745514010,1589689626,Python,Python (3.4.3),py,Time Limit Exceeded,2118,230748,693,
s227774704,p02936,u745514010,1589689269,Python,Python (3.4.3),py,Wrong Answer,2118,230540,628,
s190024824,p02936,u745514010,1589689045,Python,Python (3.4.3),py,Wrong Answer,2118,228996,524,
s568923740,p02936,u745514010,1589688952,Python,PyPy3 (2.4.0),py,Wrong Answer,2123,336160,524,
s605642766,p02936,u745514010,1589688412,Python,Python (3.4.3),py,Wrong Answer,2118,242180,605,
s000118117,p02936,u745514010,1589688371,Python,Python (3.4.3),py,Wrong Answer,2121,240900,585,
s013065846,p02936,u332657092,1589686570,Python,PyPy3 (2.4.0),py,Wrong Answer,1864,118976,668,
s417722885,p02936,u332657092,1589686306,Python,PyPy3 (2.4.0),py,Wrong Answer,1832,102092,579,
s698993726,p02936,u332657092,1589685505,Python,PyPy3 (2.4.0),py,Wrong Answer,1916,118484,571,
s923542327,p02936,u332657092,1589683766,Python,PyPy3 (2.4.0),py,Runtime Error,2114,181720,515,
s338689196,p02936,u332657092,1589683550,Python,PyPy3 (2.4.0),py,Wrong Answer,2115,198524,526,
s912057888,p02936,u332657092,1589682757,Python,PyPy3 (2.4.0),py,Runtime Error,2108,132520,485,
s536910993,p02936,u332657092,1589682665,Python,PyPy3 (2.4.0),py,Runtime Error,1985,133112,474,
s836477550,p02936,u135572611,1589681749,C++,C++14 (GCC 5.4.1),cpp,Accepted,180,25860,3576,
s113003687,p02936,u308463793,1589680210,C++,C++14 (GCC 5.4.1),cpp,Accepted,326,24320,1467,
s743153566,p02936,u308463793,1589680188,C++,C++14 (GCC 5.4.1),cpp,Wrong Answer,1019,32512,1464,
s348637702,p02936,u474484450,1589678726,Python,Python (3.4.3),py,Accepted,1572,309612,682,
s385816967,p02936,u474484450,1589678685,Python,Python (3.4.3),py,Runtime Error,1162,145456,641,
s093002446,p02936,u289578952,1589677277,C++,C++14 (GCC 5.4.1),cpp,Accepted,526,37108,1110,
s735024435,p02936,u289578952,1589677141,C++,C++14 (GCC 5.4.1),cpp,Wrong Answer,499,38260,1060,
s311277949,p02936,u289578952,1589677067,C++,C++14 (GCC 5.4.1),cpp,Wrong Answer,512,38260,1062,
s111879747,p02936,u289578952,1589676887,C++,C++14 (GCC 5.4.1),cpp,Wrong Answer,309,25856,959,
s920070616,p02936,u289578952,1589676299,C++,C++14 (GCC 5.4.1),cpp,Wrong Answer,2234,1765464,900,
s957303361,p02936,u289578952,1589676165,C++,C++14 (GCC 5.4.1),cpp,Wrong Answer,2236,1472588,929,
s073018455,p02936,u289578952,1589675927,C++,C++14 (GCC 5.4.1),cpp,Wrong Answer,260,11904,818,
s074832311,p02936,u289578952,1589675336,C++,C++14 (GCC 5.4.1),cpp,Wrong Answer,2234,1388804,816,
s989247273,p02936,u105124953,1589674983,Python,Python (3.4.3),py,Accepted,2000,132060,671,
s669529713,p02936,u474484450,1589673656,Python,Python (3.4.3),py,Accepted,1592,309740,633,
s933100388,p02936,u474484450,1589673627,Python,Python (3.4.3),py,Runtime Error,514,90364,634,
s696241956,p02936,u474484450,1589673563,Python,Python (3.4.3),py,Runtime Error,1684,309532,635,
s993649968,p02936,u912087911,1589673108,C++,C++14 (GCC 5.4.1),cpp,Wrong Answer,113,8704,10453,
s525343224,p02936,u912087911,1589672920,C++,C++14 (GCC 5.4.1),cpp,Wrong Answer,122,8704,10342,
s919445883,p02936,u912087911,1589672741,C++,C++14 (GCC 5.4.1),cpp,Wrong Answer,139,8704,10346,
s880067326,p02936,u474484450,1589671231,Python,Python (3.4.3),py,Wrong Answer,1043,139412,483,
s278509912,p02936,u474484450,1589671167,Python,Python (3.4.3),py,Wrong Answer,987,139416,482,
s276004633,p02936,u912087911,1589667959,C++,C++14 (GCC 5.4.1),cpp,Wrong Answer,84,3968,9805,
s534509940,p02936,u474484450,1589667378,Python,Python (3.4.3),py,Runtime Error,2110,133144,507,
s499468395,p02936,u755989869,1589667309,Python,PyPy3 (2.4.0),py,Runtime Error,2108,101780,488,
s188943881,p02936,u474484450,1589666921,Python,Python (3.4.3),py,Runtime Error,2111,132116,454,
s432425442,p02936,u755989869,1589666071,Python,Python (3.4.3),py,Runtime Error,2106,51244,488,
s477964646,p02936,u755989869,1589665478,Python,Python (3.4.3),py,Wrong Answer,2246,2075892,522,
s582638466,p02936,u944643608,1589665176,Python,Python (3.4.3),py,Accepted,1506,236912,717,
s464527868,p02936,u944643608,1589665118,Python,Python (3.4.3),py,Runtime Error,68,17328,720,
s120809703,p02936,u944643608,1589665038,Python,Python (3.4.3),py,Accepted,1542,236904,729,
s844346110,p02936,u944643608,1589664979,Python,Python (3.4.3),py,Accepted,1634,236948,748,
s128565900,p02936,u944643608,1589664929,Python,PyPy3 (2.4.0),py,Time Limit Exceeded,2154,805404,748,
s130204202,p02936,u072610327,1589659241,Python,Python (3.4.3),py,Wrong Answer,2114,111896,821,
s800137071,p02936,u962609087,1589658964,C++,C++14 (GCC 5.4.1),cpp,Accepted,557,39936,1054,
s856433080,p02936,u962609087,1589658865,C++,C++14 (GCC 5.4.1),cpp,Accepted,713,39936,1116,
s618519028,p02936,u962609087,1589658703,C++,C++14 (GCC 5.4.1),cpp,Wrong Answer,697,70912,1447,
s824307519,p02936,u489823438,1589655171,C++,C++14 (GCC 5.4.1),cpp,Accepted,651,24320,861,
s520227809,p02936,u959888075,1589654620,C#,C# (Mono 4.6.2.0),cs,Accepted,369,83840,18955,
s008839179,p02936,u811528179,1589642851,C++,C++14 (GCC 5.4.1),cpp,Accepted,124,24320,2252,
s733529047,p02936,u419877586,1589642520,Python,PyPy3 (2.4.0),py,Time Limit Exceeded,2115,179356,732,
s659217165,p02936,u419877586,1589642497,Python,Python (3.4.3),py,Accepted,1965,157240,773,
s070282199,p02936,u314642288,1589641596,C++,C++14 (GCC 5.4.1),cpp,Accepted,1108,23552,800,
s421447186,p02936,u279033107,1589641559,C++,C++14 (GCC 5.4.1),cpp,Accepted,658,44672,1214,
s882714290,p02936,u419877586,1589641544,Python,Python (3.4.3),py,Wrong Answer,1935,125452,417,
s309592633,p02936,u419877586,1589641496,Python,PyPy3 (2.4.0),py,Wrong Answer,2108,129772,417,
s385838976,p02936,u419877586,1589640994,Python,PyPy3 (2.4.0),py,Time Limit Exceeded,2124,337144,550,
s286954304,p02936,u944643608,1589640849,Python,PyPy3 (2.4.0),py,Time Limit Exceeded,2123,315640,687,
s410416212,p02936,u419877586,1589640806,Python,PyPy3 (2.4.0),py,Time Limit Exceeded,2120,271608,484,
s712545572,p02936,u419877586,1589640762,Python,Python (3.4.3),py,Time Limit Exceeded,2120,267056,484,
s713019852,p02936,u419877586,1589640717,Python,Python (3.4.3),py,Runtime Error,1692,52296,442,
s279876629,p02936,u944643608,1589640220,Python,PyPy3 (2.4.0),py,Time Limit Exceeded,2126,339320,501,
s867104954,p02936,u944643608,1589640187,Python,Python (3.4.3),py,Time Limit Exceeded,2120,234532,501,
s600895201,p02936,u944643608,1589639896,Python,Python (3.4.3),py,Runtime Error,2134,492464,695,
s419444549,p02936,u125545880,1589639102,Python,Python (3.4.3),py,Accepted,1620,236900,748,
s598819314,p02936,u314642288,1589638925,C++,C++14 (GCC 5.4.1),cpp,Wrong Answer,1107,5504,951,
s049779275,p02936,u125545880,1589638509,Python,Python (3.4.3),py,Runtime Error,996,59640,723,
s113410048,p02936,u996672406,1589627481,Kotlin,Kotlin (1.0.0),kt,Wrong Answer,452,304736,6791,
s541781153,p02936,u996672406,1589627381,Kotlin,Kotlin (1.0.0),kt,Runtime Error,437,302464,6780,
s031465938,p02936,u996672406,1589627316,Kotlin,Kotlin (1.0.0),kt,Runtime Error,458,301176,6789,
s626453369,p02936,u996672406,1589627274,Kotlin,Kotlin (1.0.0),kt,Runtime Error,462,302448,6808,
s411558174,p02936,u996672406,1589627199,Kotlin,Kotlin (1.0.0),kt,Runtime Error,456,301976,6722,
s920173177,p02936,u996672406,1589627086,Kotlin,Kotlin (1.0.0),kt,Runtime Error,435,300904,6733,
s550185890,p02936,u996672406,1589627037,Kotlin,Kotlin (1.0.0),kt,Runtime Error,445,300916,6737,
s761181118,p02936,u996672406,1589626844,Kotlin,Kotlin (1.0.0),kt,Runtime Error,438,303092,6714,
s748112769,p02936,u996672406,1589625532,Kotlin,Kotlin (1.0.0),kt,Runtime Error,432,301272,6781,
s814366391,p02936,u996672406,1589624524,Kotlin,Kotlin (1.0.0),kt,Runtime Error,440,301180,6902,
s671052617,p02936,u996672406,1589622375,Kotlin,Kotlin (1.0.0),kt,Runtime Error,437,302564,6866,
s843968543,p02936,u914047482,1589618214,C++,C++14 (GCC 5.4.1),cpp,Accepted,336,46208,1452,
s582340592,p02936,u944643608,1589613982,Python,Python (3.4.3),py,Runtime Error,2132,467632,501,
s109873183,p02936,u871352270,1589613967,Python,PyPy3 (2.4.0),py,Time Limit Exceeded,2110,109840,494,
s372836953,p02936,u944643608,1589613832,Python,Python (3.4.3),py,Runtime Error,2134,480560,487,
s333595447,p02936,u539692012,1589613479,C++,C++14 (GCC 5.4.1),cpp,Accepted,362,24320,596,
s005204856,p02936,u871352270,1589613093,Python,PyPy3 (2.4.0),py,Accepted,1914,119256,495,
s068615150,p02936,u539692012,1589612962,Python,Python (3.4.3),py,Time Limit Exceeded,2118,268436,478,
s827010281,p02936,u539692012,1589612916,Python,PyPy3 (2.4.0),py,Time Limit Exceeded,2121,285304,478,
s395651826,p02936,u539692012,1589612781,Python,PyPy3 (2.4.0),py,Runtime Error,2020,129356,438,
s247388519,p02936,u631558039,1589608440,C++,C++14 (GCC 5.4.1),cpp,Wrong Answer,1,256,1660,
s851294706,p02936,u564589929,1589602283,Python,Python (3.4.3),py,Accepted,1705,284104,1022,
s192427765,p02936,u564589929,1589601848,Python,Python (3.4.3),py,Accepted,948,67284,1128,
s916913238,p02936,u564589929,1589601742,Python,Python (3.4.3),py,Accepted,1712,67208,1130,
s963454888,p02936,u564589929,1589601677,Python,Python (3.4.3),py,Accepted,1631,67308,1140,
s211566890,p02936,u564589929,1589601493,Python,PyPy3 (2.4.0),py,Time Limit Exceeded,2126,366200,1024,
s275751789,p02936,u564589929,1589600957,Python,Python (3.4.3),py,Accepted,1742,67180,1101,
s524267413,p02936,u564589929,1589600909,Python,PyPy3 (2.4.0),py,Accepted,1812,124280,1101,
s383871715,p02936,u564589929,1589600054,Python,Python (3.4.3),py,Time Limit Exceeded,2121,277348,1024,
s480959154,p02936,u234365185,1589599729,C++,C++14 (GCC 5.4.1),cpp,Accepted,360,26624,692,
s804630381,p02936,u234365185,1589598673,C++,C++14 (Clang 3.8.0),cpp,Runtime Error,563,268976,640,
s308540944,p02936,u082801599,1589597327,C++,C++14 (GCC 5.4.1),cpp,Accepted,381,24320,651,
s562561888,p02936,u631558039,1589592820,C++,C++14 (GCC 5.4.1),cpp,Accepted,716,269056,1920,
s459197533,p02936,u631558039,1589591913,C++,C++14 (GCC 5.4.1),cpp,Wrong Answer,689,269056,1924,
s385476136,p02936,u631558039,1589591854,C++,C++14 (GCC 5.4.1),cpp,Compile Error,,,2241,
s458814567,p02936,u179593519,1589591750,C++,C++14 (GCC 5.4.1),cpp,Accepted,346,24320,711,
s635804442,p02936,u987591601,1589591585,C++,C++14 (GCC 5.4.1),cpp,Accepted,141,24320,2252,
s707702209,p02936,u364916333,1589589481,C++,C++14 (GCC 5.4.1),cpp,Wrong Answer,2279,1999732,1729,
s299452259,p02936,u364916333,1589589435,C++,C++14 (GCC 5.4.1),cpp,Accepted,132,27392,896,
s129401988,p02936,u364916333,1589589067,C++,C++14 (GCC 5.4.1),cpp,Accepted,145,27392,896,
s492623641,p02936,u364916333,1589588253,C++,C++14 (GCC 5.4.1),cpp,Wrong Answer,283,21120,1729,
s353881132,p02936,u364916333,1589588169,C++,C++14 (GCC 5.4.1),cpp,Time Limit Exceeded,2104,21376,1732,
s961475816,p02936,u364916333,1589587848,C++,C++14 (GCC 5.4.1),cpp,Wrong Answer,291,21120,1725,
s340279897,p02936,u364916333,1589585929,C++,C++14 (GCC 5.4.1),cpp,Wrong Answer,2285,47088,1318,
s672024208,p02936,u364916333,1589585409,C++,C++14 (GCC 5.4.1),cpp,Wrong Answer,2290,51952,1276,
s552551364,p02936,u038724782,1589578966,Python,Python (3.4.3),py,Wrong Answer,2117,239220,1116,
s149608038,p02936,u038724782,1589578826,Python,PyPy3 (2.4.0),py,Wrong Answer,2110,111704,1116,
s956076638,p02936,u765815947,1589577806,C++,C++14 (GCC 5.4.1),cpp,Runtime Error,425,275700,652,
s701255076,p02936,u038724782,1589576445,Python,PyPy3 (2.4.0),py,Wrong Answer,2110,111728,692,
s558112885,p02936,u038724782,1589576109,Python,Python (3.4.3),py,Wrong Answer,2113,163128,692,
s150904195,p02936,u181783949,1589565644,C++,C++14 (GCC 5.4.1),cpp,Accepted,330,17140,962,
s286297522,p02936,u557207741,1589565460,C++,C++14 (GCC 5.4.1),cpp,Accepted,127,24320,1061,
s930016779,p02936,u000022466,1589555308,C++,C++14 (GCC 5.4.1),cpp,Accepted,168,27392,951,
s151840964,p02936,u130834452,1589533102,C++,C++14 (GCC 5.4.1),cpp,Accepted,650,23424,802,
s332903265,p02936,u033602950,1589532453,Python,Python (3.4.3),py,Wrong Answer,1559,271848,607,
s143407521,p02936,u033602950,1589531801,Python,Python (3.4.3),py,Wrong Answer,2120,270000,472,
s599516159,p02936,u033602950,1589531619,Python,PyPy3 (2.4.0),py,Wrong Answer,2125,346008,453,
s833750625,p02936,u033602950,1589531515,Python,Python (3.4.3),py,Wrong Answer,2120,270768,453,
s934797679,p02936,u033602950,1589530938,Python,Python (3.4.3),py,Runtime Error,1665,56104,429,
s459643364,p02936,u033602950,1589530848,Python,PyPy3 (2.4.0),py,Runtime Error,1932,130764,429,
s180053961,p02936,u130834452,1589530776,C++,C++14 (GCC 5.4.1),cpp,Wrong Answer,298,26624,1725,
s400217667,p02936,u130834452,1589530695,C++,C++14 (GCC 5.4.1),cpp,Compile Error,,,1722,
s282301769,p02936,u130834452,1589530279,C++,C++14 (GCC 5.4.1),cpp,Wrong Answer,276,15616,1371,
s761886635,p02936,u130834452,1589530112,C++,C++14 (GCC 5.4.1),cpp,Runtime Error,331,15616,1319,
s182930729,p02936,u253584031,1589529863,C++,C++14 (GCC 5.4.1),cpp,Accepted,146,26624,710,
s807144129,p02936,u130834452,1589529770,C++,C++14 (GCC 5.4.1),cpp,Runtime Error,340,14848,1320,
s306769476,p02936,u033602950,1589529390,Python,PyPy3 (2.4.0),py,Runtime Error,2093,130764,469,
s397371988,p02936,u130834452,1589529317,C++,C++14 (GCC 5.4.1),cpp,Time Limit Exceeded,2158,943416,1044,
s915872195,p02936,u130834452,1589529260,C++,C++14 (GCC 5.4.1),cpp,Runtime Error,2159,926048,1044,
s220545317,p02936,u033602950,1589529048,Python,PyPy3 (2.4.0),py,Runtime Error,1921,129356,405,
s613436263,p02936,u130834452,1589528867,C++,C++14 (GCC 5.4.1),cpp,Wrong Answer,292,14080,942,
s905548211,p02936,u130834452,1589528566,C++,C++14 (GCC 5.4.1),cpp,Wrong Answer,272,14080,780,
s300543645,p02936,u253584031,1589527783,C++,C++14 (GCC 5.4.1),cpp,Time Limit Exceeded,2103,4736,830,
s895180468,p02936,u033602950,1589515124,Python,PyPy3 (2.4.0),py,Runtime Error,1949,128972,411,
s217178578,p02936,u033602950,1589515073,Python,PyPy3 (2.4.0),py,Runtime Error,178,38256,407,
s692619494,p02936,u033602950,1589514864,Python,PyPy3 (2.4.0),py,Runtime Error,1899,129100,402,
s048827915,p02936,u033602950,1589514804,Python,PyPy3 (2.4.0),py,Runtime Error,1904,128972,386,
s892359046,p02936,u322110493,1589513021,C++,C++14 (GCC 5.4.1),cpp,Accepted,382,23424,1295,
s987027913,p02936,u322110493,1589512952,C++,C++14 (GCC 5.4.1),cpp,Accepted,130,23552,1429,
s046465962,p02936,u322110493,1589512886,C++,C++14 (GCC 5.4.1),cpp,Accepted,125,23552,2245,
s554663097,p02936,u322110493,1589512789,C++,C++14 (GCC 5.4.1),cpp,Accepted,385,23424,753,
s609907378,p02936,u322110493,1589512690,C++,C++14 (GCC 5.4.1),cpp,Accepted,394,23424,818,
s552566194,p02936,u322110493,1589512529,C++,C++14 (GCC 5.4.1),cpp,Accepted,133,23552,2147,
s093308833,p02936,u322110493,1589512442,C++,C++14 (GCC 5.4.1),cpp,Accepted,362,23424,1537,
s757313098,p02936,u322110493,1589512309,C++,C++14 (GCC 5.4.1),cpp,Accepted,384,23552,1620,
s691792861,p02936,u322110493,1589512258,C++,C++14 (GCC 5.4.1),cpp,Compile Error,,,1603,
s340008861,p02936,u322110493,1589512206,C++,C++14 (GCC 5.4.1),cpp,Runtime Error,554,274176,1631,
s065064948,p02936,u322110493,1589512025,C++,C++14 (GCC 5.4.1),cpp,Accepted,379,26624,1633,
s302212771,p02936,u322110493,1589511958,C++,C++14 (GCC 5.4.1),cpp,Accepted,683,26624,1616,
s093629339,p02936,u322110493,1589511807,C++,C++14 (GCC 5.4.1),cpp,Accepted,652,23424,1593,
s983254188,p02936,u322110493,1589511713,C++,C++14 (GCC 5.4.1),cpp,Accepted,599,24320,1609,
s649900738,p02936,u612223903,1589511476,Python,PyPy3 (2.4.0),py,Time Limit Exceeded,2122,328504,527,
s564969816,p02936,u612223903,1589511358,Python,Python (3.4.3),py,Time Limit Exceeded,2118,236944,527,
s008895893,p02936,u322110493,1589511317,C++,C++14 (GCC 5.4.1),cpp,Accepted,618,27392,1601,
s739703371,p02936,u281876921,1589511292,C++,C++14 (GCC 5.4.1),cpp,Accepted,317,22528,2130,
s938819388,p02936,u612223903,1589511260,Python,Python (3.4.3),py,Runtime Error,1732,59544,486,
s723919399,p02936,u281876921,1589511243,C++,C++14 (GCC 5.4.1),cpp,Compile Error,,,2129,
s080789890,p02936,u322110493,1589510744,C++,C++14 (GCC 5.4.1),cpp,Wrong Answer,148,23552,2146,
s785947175,p02936,u281876921,1589510545,C++,C++14 (GCC 5.4.1),cpp,Wrong Answer,2243,1684996,2090,
s604608513,p02936,u322110493,1589509652,C++,C++14 (GCC 5.4.1),cpp,Accepted,576,26624,1716,
s307177143,p02936,u322110493,1589509586,C++,C++14 (GCC 5.4.1),cpp,Runtime Error,330,16768,1717,
s984289269,p02936,u775681539,1589504454,Python,Python (3.4.3),py,Accepted,1133,53000,976,
s748449063,p02936,u714564133,1589501702,C++,C++14 (GCC 5.4.1),cpp,Accepted,138,21888,975,
s921488519,p02936,u638282348,1589500352,Python,PyPy3 (2.4.0),py,Accepted,1982,109860,724,
s422070787,p02936,u638282348,1589500265,Python,Python (3.4.3),py,Accepted,1802,67412,724,
s812241063,p02936,u638282348,1589499670,Python,PyPy3 (2.4.0),py,Wrong Answer,2145,688632,875,
s758805502,p02936,u638282348,1589499385,Python,Python (3.4.3),py,Runtime Error,2083,70848,834,
s175495315,p02936,u433685759,1589497030,C++,C++14 (GCC 5.4.1),cpp,Accepted,123,17140,987,
s035711427,p02936,u433685759,1589496527,C++,C++14 (GCC 5.4.1),cpp,Wrong Answer,119,14976,855,
s180691281,p02936,u638456847,1589496370,Python,Python (3.4.3),py,Accepted,796,94828,684,
s959969326,p02936,u433685759,1589496168,C++,C++14 (GCC 5.4.1),cpp,Wrong Answer,137,27392,831,
s424338479,p02936,u433685759,1589495262,C++,C++14 (GCC 5.4.1),cpp,Wrong Answer,2108,22144,807,
s921981744,p02936,u638456847,1589494409,Python,Python (3.4.3),py,Wrong Answer,2108,120592,2192,
s762986439,p02936,u711676593,1589493960,C++,C++14 (GCC 5.4.1),cpp,Wrong Answer,283,21120,924,
s750896407,p02936,u711676593,1589493752,C++,C++14 (GCC 5.4.1),cpp,Runtime Error,268,3060,711,
s992545781,p02936,u521973174,1589492660,C++,C++14 (GCC 5.4.1),cpp,Accepted,330,25856,783,
s213809178,p02936,u638456847,1589490460,Python,Python (3.4.3),py,Wrong Answer,646,94828,661,
s591257206,p02936,u638456847,1589489902,Python,Python (3.4.3),py,Wrong Answer,2108,114316,2158,
s784480794,p02936,u965095643,1589488007,C++,C++14 (GCC 5.4.1),cpp,Wrong Answer,2114,178304,611,
s011763894,p02936,u965095643,1589487395,C++,C++14 (GCC 5.4.1),cpp,Compile Error,,,611,
s337988240,p02936,u965095643,1589484668,C++,C++14 (GCC 5.4.1),cpp,Wrong Answer,2114,178304,613,
s824298288,p02936,u995004106,1589467765,Python,PyPy3 (7.3.0),py,Accepted,890,140476,906,
s533680496,p02936,u995004106,1589467722,Python,PyPy3 (7.3.0),py,Accepted,547,133152,942,
s796790356,p02936,u667919388,1589464551,Rust,Rust (1.42.0),rs,Accepted,278,59732,1358,
s648042587,p02936,u132687480,1589459521,Python,Python (3.8.2),py,Wrong Answer,959,63872,502,
s368777866,p02936,u132687480,1589458237,Python,Python (3.8.2),py,Wrong Answer,2272,1395244,739,
s144023573,p02936,u604329931,1589438626,C++,C++ (GCC 9.2.1),cpp,Accepted,563,24452,2005,
s370433457,p02936,u139478771,1589436214,Kotlin,Kotlin (1.3.71),kt,Accepted,1863,125592,1110,
s006315928,p02936,u139478771,1589435979,Kotlin,Kotlin (1.3.71),kt,Time Limit Exceeded,2051,124736,1101,
s559502771,p02936,u139478771,1589434711,Kotlin,Kotlin (1.3.71),kt,Accepted,1651,201692,4358,
s803748317,p02936,u139478771,1589434656,Kotlin,Kotlin (1.3.71),kt,Accepted,1928,139276,1104,
s339641737,p02936,u139478771,1589434531,Kotlin,Kotlin (1.3.71),kt,Accepted,1651,202512,4356,
s879309310,p02936,u139478771,1589434121,Kotlin,Kotlin (1.3.71),kt,Wrong Answer,1172,168020,4356,
s792160715,p02936,u139478771,1589434089,Kotlin,Kotlin (1.3.71),kt,Runtime Error,86,35160,4372,
s144568720,p02936,u139478771,1589433910,Kotlin,Kotlin (1.3.71),kt,Wrong Answer,1199,217936,4311,
s180546397,p02936,u139478771,1589433844,Kotlin,Kotlin (1.3.71),kt,Wrong Answer,2209,117728,1101,
s086440017,p02936,u139478771,1589432543,Kotlin,Kotlin (1.3.71),kt,Accepted,1675,154416,4372,
s602831613,p02936,u382890689,1589432465,C++,C++ (GCC 9.2.1),cpp,Wrong Answer,2206,16596,890,
s924026774,p02936,u548303713,1589432017,C++,C++ (GCC 9.2.1),cpp,Wrong Answer,157,25624,1346,
s671453806,p02936,u139478771,1589430531,Kotlin,Kotlin (1.3.71),kt,Runtime Error,1198,150592,4268,
s554631771,p02936,u139478771,1589430015,Kotlin,Kotlin (1.3.71),kt,Runtime Error,1996,149172,4341,
s863102630,p02936,u139478771,1589429632,Kotlin,Kotlin (1.3.71),kt,Runtime Error,1858,156492,1051,
s438521501,p02936,u139478771,1589429567,Kotlin,Kotlin (1.3.71),kt,Compile Error,,,790,
s767205544,p02936,u116038906,1589429538,Python,Python (3.8.2),py,Accepted,1519,350484,685,
s265769540,p02936,u139478771,1589428939,Kotlin,Kotlin (1.3.71),kt,Runtime Error,1700,101712,1010,
s384082879,p02936,u116038906,1589428762,Python,Python (3.8.2),py,Wrong Answer,1545,347260,682,
s704884391,p02936,u139478771,1589428739,Kotlin,Kotlin (1.3.71),kt,Runtime Error,1964,103656,1028,
s398707725,p02936,u116038906,1589428320,Python,Python (3.8.2),py,Wrong Answer,1999,347216,655,
s726803526,p02936,u116038906,1589427647,Python,Python (3.8.2),py,Runtime Error,1815,123392,613,
s296810246,p02936,u116038906,1589427458,Python,PyPy3 (7.3.0),py,Runtime Error,1286,208164,613,
s684392091,p02936,u116038906,1589427403,Python,Python (3.8.2),py,Runtime Error,1917,147492,613,
s352069623,p02936,u548303713,1589423113,C++,C++ (GCC 9.2.1),cpp,Accepted,177,26656,1303,
s462272646,p02936,u548303713,1589420939,C++,C++14 (GCC 5.4.1),cpp,Wrong Answer,148,24960,1297,
s010118981,p02936,u548303713,1589420315,C++,C++14 (GCC 5.4.1),cpp,Wrong Answer,127,24960,1237,
s702216996,p02936,u342563578,1589419323,Python,PyPy3 (2.4.0),py,Accepted,1886,106780,577,
s704255488,p02936,u951141057,1589417204,C++,C++14 (GCC 5.4.1),cpp,Accepted,130,29696,797,
s700924509,p02936,u711676593,1589415562,C++,C++14 (GCC 5.4.1),cpp,Wrong Answer,278,20352,650,
s429266669,p02936,u342563578,1589411096,Python,PyPy3 (2.4.0),py,Accepted,1923,106912,581,
s699591966,p02936,u342563578,1589411025,Python,PyPy3 (2.4.0),py,Wrong Answer,2111,170712,594,
s182273268,p02936,u342563578,1589410969,Python,PyPy3 (2.4.0),py,Wrong Answer,2111,183444,591,
s765233898,p02936,u342563578,1589410826,Python,Python (3.4.3),py,Wrong Answer,2108,100252,568,
s063824634,p02936,u342563578,1589408471,Python,Python (3.4.3),py,Wrong Answer,1615,53164,497,
s749845731,p02936,u830087664,1589407415,C++,C++14 (GCC 5.4.1),cpp,Accepted,361,28928,2274,
s399238588,p02936,u342563578,1589407241,Python,Python (3.4.3),py,Wrong Answer,1947,54644,506,
s444386835,p02936,u342563578,1589405965,Python,Python (3.4.3),py,Wrong Answer,1862,63788,470,
s335018852,p02936,u342563578,1589405654,Python,Python (3.4.3),py,Wrong Answer,1952,62516,449,
s799201883,p02936,u845620905,1589403695,C++,C++14 (GCC 5.4.1),cpp,Accepted,389,24320,909,
s460017980,p02936,u845620905,1589403443,C++,C++14 (GCC 5.4.1),cpp,Wrong Answer,366,21120,817,
s748981274,p02936,u033602950,1589403406,Python,PyPy3 (2.4.0),py,Wrong Answer,3765,66176,549,
s627164693,p02936,u845620905,1589401636,Python,Python (3.4.3),py,Runtime Error,1874,56468,536,
s596067707,p02936,u845620905,1589401557,Python,Python (3.4.3),py,Runtime Error,1679,55024,569,
s689084259,p02936,u353919145,1589397988,C++,C++14 (GCC 5.4.1),cpp,Accepted,362,21376,652,
s998392613,p02936,u830087664,1589397500,C++,C++14 (GCC 5.4.1),cpp,Runtime Error,2105,278272,1559,
s202106850,p02936,u042113240,1589397221,Python,Python (3.4.3),py,Runtime Error,2107,66180,829,
s488591261,p02936,u042113240,1589397180,Python,Python (3.4.3),py,Runtime Error,2107,66280,849,
s465527755,p02936,u830087664,1589396641,C++,C++14 (GCC 5.4.1),cpp,Runtime Error,2104,278272,1551,
s640090924,p02936,u042113240,1589395247,Python,Python (3.4.3),py,Time Limit Exceeded,2107,66512,636,
s288932419,p02936,u042113240,1589392710,Python,Python (3.4.3),py,Wrong Answer,2106,64700,648,
s191804213,p02936,u018679195,1589391798,C++,C++14 (GCC 5.4.1),cpp,Accepted,133,23552,637,
s805636507,p02936,u785883180,1589391421,Python,Python (3.4.3),py,Accepted,1845,260488,699,
s682713630,p02936,u785883180,1589391385,Python,Python (3.4.3),py,Runtime Error,17,2940,698,
s691328916,p02936,u785883180,1589391285,Python,Python (3.4.3),py,Accepted,1865,260528,701,
s621697301,p02936,u182326544,1589390980,C++,C++14 (GCC 5.4.1),cpp,Accepted,193,31476,2700,
s991696702,p02936,u182326544,1589389514,C++,C++14 (GCC 5.4.1),cpp,Accepted,209,47092,1832,
s425545734,p02936,u089230684,1589389480,C++,C++14 (GCC 5.4.1),cpp,Accepted,148,29696,797,
s661794215,p02936,u863370423,1589389301,C++,C++14 (GCC 5.4.1),cpp,Wrong Answer,154,27392,706,
s519485783,p02936,u353919145,1589389194,C++,C++14 (GCC 5.4.1),cpp,Accepted,161,21120,625,
s809431470,p02936,u018679195,1589388987,C++,C++14 (GCC 5.4.1),cpp,Accepted,331,21376,529,
s378226256,p02936,u863370423,1589388942,C++,C++14 (GCC 5.4.1),cpp,Accepted,149,24448,791,
s456998849,p02936,u018679195,1589388914,C++,C++14 (Clang 3.8.0),cpp,Compile Error,,,625,
s328536132,p02936,u353919145,1589388831,C++,C++14 (GCC 5.4.1),cpp,Runtime Error,103,2560,625,
s926294743,p02936,u816631826,1589388662,C++,C++14 (GCC 5.4.1),cpp,Accepted,403,69120,600,
s759368650,p02936,u244416763,1589388620,Python,Python (3.4.3),py,Wrong Answer,1338,36900,358,
s344820293,p02936,u018679195,1589388492,C++,C++14 (GCC 5.4.1),cpp,Wrong Answer,393,69120,599,
s087378634,p02936,u182326544,1589388333,C++,C++14 (GCC 5.4.1),cpp,Accepted,328,53776,2011,
s975278224,p02936,u244416763,1589387570,Python,Python (3.4.3),py,Wrong Answer,2106,58952,461,
s030676411,p02936,u182326544,1589387369,C++,C++14 (GCC 5.4.1),cpp,Wrong Answer,222,42312,1790,
s670668936,p02936,u244416763,1589387267,Python,PyPy3 (2.4.0),py,Wrong Answer,2109,111948,514,
s406002700,p02936,u244416763,1589387003,Python,Python (3.4.3),py,Wrong Answer,2107,73020,632,
s419757525,p02936,u244416763,1589386902,Python,Python (3.4.3),py,Wrong Answer,2107,63296,598,
s971215425,p02936,u244416763,1589383990,Python,PyPy3 (2.4.0),py,Wrong Answer,2108,98532,676,
s188653830,p02936,u244416763,1589383884,Python,Python (3.4.3),py,Wrong Answer,2107,65700,684,
s820358459,p02936,u244416763,1589383718,Python,Python (3.4.3),py,Wrong Answer,2107,57224,655,
s151275217,p02936,u823862638,1589379372,C++,C++14 (GCC 5.4.1),cpp,Accepted,370,25856,1291,
s758824624,p02936,u760505850,1589356802,C++,C++14 (GCC 5.4.1),cpp,Accepted,162,29696,898,
s153920077,p02936,u760505850,1589356517,C++,C++14 (GCC 5.4.1),cpp,Wrong Answer,2103,896,335,
s717955588,p02936,u760505850,1589356418,C++,C++14 (GCC 5.4.1),cpp,Wrong Answer,2103,768,335,
s863103290,p02936,u595084562,1589354211,C++,C++14 (GCC 5.4.1),cpp,Accepted,382,21248,940,
s875973692,p02936,u595084562,1589354094,C++,C++14 (GCC 5.4.1),cpp,Wrong Answer,375,21120,932,
s112862793,p02936,u370608397,1589344107,C#,C# (Mono 4.6.2.0),cs,Accepted,686,78432,7875,
s703487188,p02936,u493520238,1589342701,Python,Python (3.4.3),py,Accepted,1617,230960,532,
s643713670,p02936,u493520238,1589342648,Python,PyPy3 (2.4.0),py,Time Limit Exceeded,2151,762492,532,
s352306430,p02936,u922487073,1589342542,Python,Python (3.4.3),py,Accepted,1977,64768,581,
s261859869,p02936,u493520238,1589342449,Python,PyPy3 (2.4.0),py,Time Limit Exceeded,2124,336248,505,
s260547264,p02936,u493520238,1589342435,Python,Python (3.4.3),py,Time Limit Exceeded,2112,230960,505,
s241160147,p02936,u493520238,1589342311,Python,Python (3.4.3),py,Wrong Answer,2111,228440,504,
s437488295,p02936,u493520238,1589342246,Python,Python (3.4.3),py,Runtime Error,1615,51756,462,
s874245508,p02936,u922487073,1589340893,Python,Python (3.4.3),py,Wrong Answer,1867,60664,452,
s959589068,p02936,u922487073,1589340176,Python,Python (3.4.3),py,Wrong Answer,1831,60736,457,
s542237363,p02936,u537892680,1589335184,Python,Python (3.4.3),py,Accepted,1827,55856,570,
s840356668,p02936,u537892680,1589335122,Python,Python (3.4.3),py,Accepted,1858,55824,586,
s355544454,p02936,u537892680,1589335002,Python,Python (3.4.3),py,Time Limit Exceeded,2107,50976,597,
s279779101,p02936,u537892680,1589334595,Python,PyPy3 (2.4.0),py,Time Limit Exceeded,2110,109456,593,
s328615540,p02936,u537892680,1589334016,Python,PyPy3 (2.4.0),py,Time Limit Exceeded,2111,117232,735,
s861393469,p02936,u537892680,1589332922,Python,PyPy3 (2.4.0),py,Wrong Answer,2111,122480,605,
s114395541,p02936,u124087379,1589332817,C++,C++14 (GCC 5.4.1),cpp,Accepted,347,24320,761,
s167174451,p02936,u537892680,1589332455,Python,PyPy3 (2.4.0),py,Wrong Answer,1988,115316,519,
s006696232,p02936,u537892680,1589332342,Python,Python (3.4.3),py,Wrong Answer,2097,79528,519,
s953328410,p02936,u537892680,1589332081,Python,Python (3.4.3),py,Wrong Answer,2001,77748,518,
s846596615,p02936,u537892680,1589330124,Python,Python (3.4.3),py,Wrong Answer,2112,72976,587,
s450369546,p02936,u934469795,1589327722,C++,C++14 (GCC 5.4.1),cpp,Accepted,286,15480,693,
s634444221,p02936,u311014146,1589326481,C++,C++14 (GCC 5.4.1),cpp,Accepted,147,30720,2363,
s179415016,p02936,u311014146,1589326217,C++,C++14 (GCC 5.4.1),cpp,Wrong Answer,129,30464,2246,
s599929817,p02936,u311014146,1589325646,C++,C++14 (GCC 5.4.1),cpp,Wrong Answer,2105,27648,2211,
s787627995,p02936,u423189225,1589314560,C++,C++14 (GCC 5.4.1),cpp,Accepted,129,24320,987,
s725376057,p02936,u432356156,1589313256,Python,Python (3.4.3),py,Time Limit Exceeded,2111,119524,967,
s654052074,p02936,u432356156,1589312747,Python,Python (3.4.3),py,Time Limit Exceeded,2113,118884,943,
s813441591,p02936,u432356156,1589312715,Python,Python (3.4.3),py,Runtime Error,17,2940,944,
s721745713,p02936,u089230684,1589312342,C++,C++14 (GCC 5.4.1),cpp,Accepted,384,21760,674,
s705883763,p02936,u432356156,1589312228,Python,Python (3.4.3),py,Accepted,1978,60804,542,
s071970529,p02936,u432356156,1589312114,Python,Python (3.4.3),py,Runtime Error,67,18992,522,
s819271809,p02936,u353919145,1589311736,C++,C++14 (GCC 5.4.1),cpp,Compile Error,,,669,
s569481432,p02936,u192154323,1589311074,Python,Python (3.4.3),py,Accepted,1899,65032,658,
s614190598,p02936,u432356156,1589310936,Python,Python (3.4.3),py,Time Limit Exceeded,2110,118628,931,
s708669816,p02936,u698919163,1589307804,Python,PyPy3 (2.4.0),py,Accepted,1943,126668,562,
s966720605,p02936,u432356156,1589307563,Python,Python (3.4.3),py,Wrong Answer,1909,51132,322,
s004081376,p02936,u432356156,1589306909,Python,Python (3.4.3),py,Runtime Error,2107,69352,754,
s671006564,p02936,u309703079,1589303757,C#,C# (Mono 4.6.2.0),cs,Wrong Answer,1522,36636,3952,
s884053520,p02936,u309703079,1589302772,C#,C# (Mono 4.6.2.0),cs,Wrong Answer,1526,37912,5712,
s437730736,p02936,u816631826,1589301595,C++,C++14 (GCC 5.4.1),cpp,Accepted,358,23424,535,
s114862913,p02936,u863370423,1589301276,C++,C++14 (GCC 5.4.1),cpp,Accepted,139,29696,898,
s213445373,p02936,u863370423,1589301166,C++,C++14 (GCC 5.4.1),cpp,Accepted,362,24064,635,
s131339527,p02936,u353919145,1589301161,C++,C++14 (GCC 5.4.1),cpp,Wrong Answer,463,30976,925,
s787081852,p02936,u816631826,1589301108,C++,C++14 (GCC 5.4.1),cpp,Accepted,135,20608,606,
s947811269,p02936,u018679195,1589300994,C++,C++14 (GCC 5.4.1),cpp,Accepted,146,22656,805,
s401184133,p02936,u863370423,1589300932,C++,C++14 (GCC 5.4.1),cpp,Accepted,366,21120,770,
s067272085,p02936,u089230684,1589300697,C++,C++14 (GCC 5.4.1),cpp,Accepted,148,24320,610,
s911494748,p02936,u863370423,1589300665,C++,C++14 (Clang 3.8.0),cpp,Compile Error,,,610,
s587822766,p02936,u018679195,1589300566,C++,C++14 (GCC 5.4.1),cpp,Accepted,146,36724,889,
s385841410,p02936,u089230684,1589300560,C++,C++14 (GCC 5.4.1),cpp,Accepted,374,26624,652,
s757734101,p02936,u089230684,1589300422,Awk,Awk (mawk 1.3.3),awk,Runtime Error,2,256,611,
s360220067,p02936,u816631826,1589300420,C++,C++14 (GCC 5.4.1),cpp,Runtime Error,429,22912,636,
s298394619,p02936,u079022693,1589299837,Python,Python (3.4.3),py,Accepted,1034,73732,709,
s887808383,p02936,u281670674,1589297824,C++,C++14 (GCC 5.4.1),cpp,Accepted,154,18032,929,
s193067197,p02936,u281670674,1589297376,C++,C++14 (GCC 5.4.1),cpp,Wrong Answer,123,14848,791,
s550644671,p02936,u281670674,1589296498,C++,C++14 (GCC 5.4.1),cpp,Wrong Answer,143,27392,798,
s416340756,p02936,u894471318,1589293948,C++,C++14 (GCC 5.4.1),cpp,Accepted,494,44544,1176,
s750471553,p02936,u894471318,1589293070,C++,C++14 (GCC 5.4.1),cpp,Wrong Answer,308,35200,1011,
s254398579,p02936,u894471318,1589293022,C++,C++14 (GCC 5.4.1),cpp,Wrong Answer,289,34432,999,
s753413644,p02936,u193866675,1589269380,C++,C++14 (GCC 5.4.1),cpp,Accepted,359,23552,896,
s326092811,p02936,u193866675,1589267666,C++,C++14 (GCC 5.4.1),cpp,Wrong Answer,2104,18176,805,
s518521008,p02936,u193866675,1589267650,C++,C++14 (Clang 3.8.0),cpp,Compile Error,,,805,
s974434145,p02936,u936558609,1589259476,C++,C++14 (GCC 5.4.1),cpp,Accepted,665,23424,602,
s960471566,p02936,u590057656,1589257337,C++,C++14 (GCC 5.4.1),cpp,Accepted,441,24320,864,
s493894521,p02936,u590057656,1589256999,C++,C++14 (GCC 5.4.1),cpp,Runtime Error,157,13568,845,
s770181474,p02936,u590057656,1589256843,C++,C++14 (GCC 5.4.1),cpp,Runtime Error,321,13568,845,
s065430990,p02936,u953311536,1589256239,Python,PyPy3 (2.4.0),py,Time Limit Exceeded,2112,152152,859,
s738220144,p02936,u366963613,1589255511,Python,Python (3.4.3),py,Accepted,1938,67928,778,
s188927626,p02936,u477694598,1589254849,C++,C++14 (GCC 5.4.1),cpp,Accepted,324,24320,990,
s887734121,p02936,u477694598,1589254444,C++,C++14 (GCC 5.4.1),cpp,Wrong Answer,286,24320,1007,
s267453766,p02936,u366963613,1589252288,Python,Python (3.4.3),py,Wrong Answer,1676,60000,561,
s304729337,p02936,u477694598,1589246790,C++,C++14 (GCC 5.4.1),cpp,Wrong Answer,286,14848,800,
s841434605,p02936,u477694598,1589246208,C++,C++14 (GCC 5.4.1),cpp,Runtime Error,273,6904,800,
s881163433,p02936,u404794295,1589246001,C++,C++14 (GCC 5.4.1),cpp,Accepted,402,80512,602,
s700197541,p02936,u477694598,1589245977,C++,C++14 (GCC 5.4.1),cpp,Runtime Error,333,7288,786,
s024134676,p02936,u404794295,1589245805,C++,C++14 (GCC 5.4.1),cpp,Accepted,186,80512,727,
s544461193,p02936,u404794295,1589245487,C++,C++14 (GCC 5.4.1),cpp,Time Limit Exceeded,2246,1490076,723,
s165144725,p02936,u404794295,1589243768,C++,C++14 (GCC 5.4.1),cpp,Accepted,304,28120,841,
s897747512,p02936,u404794295,1589243360,C++,C++14 (GCC 5.4.1),cpp,Time Limit Exceeded,2221,1578864,722,
s040374962,p02936,u297574184,1589243131,Python,Python (3.4.3),py,Accepted,1552,271372,670,
s205827723,p02936,u297574184,1589242905,Python,Python (3.4.3),py,Accepted,1083,92312,715,
s547271008,p02936,u404794295,1589242885,C++,C++14 (GCC 5.4.1),cpp,Wrong Answer,2230,1717608,583,
s071274376,p02936,u404794295,1589242312,C++,C++14 (GCC 5.4.1),cpp,Wrong Answer,2236,1681088,669,
s533721834,p02936,u404794295,1589241657,C++,C++14 (GCC 5.4.1),cpp,Wrong Answer,2255,1725572,565,
s102932152,p02936,u663710122,1589241087,Python,Python (3.4.3),py,Accepted,1667,55800,530,
s918551419,p02936,u663710122,1589240641,Python,PyPy3 (2.4.0),py,Time Limit Exceeded,2122,315768,543,
s715843207,p02936,u663710122,1589239336,Python,Python (3.4.3),py,Time Limit Exceeded,2112,232432,543,
s238858030,p02936,u663710122,1589239288,Python,Python (3.4.3),py,Runtime Error,1731,53852,499,
s509480727,p02936,u891178744,1589239223,C++,C++14 (GCC 5.4.1),cpp,Accepted,352,25856,760,
s778646461,p02936,u189487046,1589238891,Python,Python (3.4.3),py,Accepted,1832,268420,875,
s734666888,p02936,u189487046,1589238743,Python,Python (3.4.3),py,Time Limit Exceeded,2121,268464,823,
s167084540,p02936,u973991908,1589238453,C++,C++14 (GCC 5.4.1),cpp,Accepted,151,80512,726,
s669732914,p02936,u297574184,1589237728,Python,PyPy3 (2.4.0),py,Accepted,944,144092,715,
s606856598,p02936,u826438738,1589236457,C++,C++14 (GCC 5.4.1),cpp,Accepted,303,25856,2684,
s814941001,p02936,u826438738,1589236378,C++,C++14 (GCC 5.4.1),cpp,Compile Error,,,2618,
s699301044,p02936,u567906952,1589236211,C++,C++14 (GCC 5.4.1),cpp,Accepted,624,45440,1381,
s955970084,p02936,u600244905,1589230843,C++,C++14 (GCC 5.4.1),cpp,Accepted,155,26880,2342,
s650648529,p02936,u812498271,1589230724,C++,C++14 (GCC 5.4.1),cpp,Accepted,572,26624,731,
s348630493,p02936,u691180220,1589229329,C++,C++14 (GCC 5.4.1),cpp,Accepted,386,23552,869,
s817015981,p02936,u691180220,1589226922,C++,C++14 (GCC 5.4.1),cpp,Time Limit Exceeded,2105,28416,1161,
s486063924,p02936,u211259428,1589218674,C++,C++14 (GCC 5.4.1),cpp,Accepted,532,28288,2297,
s038201667,p02936,u211259428,1589218245,C++,C++14 (GCC 5.4.1),cpp,Wrong Answer,485,28288,2260,
s927685595,p02936,u211259428,1589217909,C++,C++14 (GCC 5.4.1),cpp,Wrong Answer,473,25856,2111,
s715395928,p02936,u211259428,1589217247,C++,C++14 (GCC 5.4.1),cpp,Wrong Answer,502,25088,1883,
s172081328,p02936,u557565572,1589215066,C++,C++14 (GCC 5.4.1),cpp,Accepted,429,24320,1128,
s185057472,p02936,u557565572,1589214683,C++,C++14 (GCC 5.4.1),cpp,Wrong Answer,422,21120,1043,
s541981164,p02936,u557565572,1589213189,C++,C++14 (GCC 5.4.1),cpp,Wrong Answer,2104,13184,1145,
s896784956,p02936,u557565572,1589212902,C++,C++14 (GCC 5.4.1),cpp,Wrong Answer,2104,13184,1139,
s042894379,p02936,u484229314,1589207969,Python,PyPy3 (2.4.0),py,Accepted,867,109004,779,
s859250144,p02936,u698919163,1589207798,Python,Python (3.4.3),py,Accepted,1632,65636,560,
s425081775,p02936,u484229314,1589207744,Python,PyPy3 (2.4.0),py,Time Limit Exceeded,2153,801788,538,
s335935607,p02936,u698919163,1589207659,Python,Python (3.4.3),py,Wrong Answer,1630,65420,559,
s709853613,p02936,u484229314,1589207529,Python,PyPy3 (2.4.0),py,Time Limit Exceeded,2119,220920,511,
s783975532,p02936,u858670323,1589204267,C++,C++14 (GCC 5.4.1),cpp,Accepted,159,23552,2142,
s288738177,p02936,u579699847,1589174802,Python,Python (3.4.3),py,Accepted,1800,260528,775,
s045137716,p02936,u579699847,1589174544,Python,Python (3.4.3),py,Runtime Error,904,103856,769,
s962117339,p02936,u579699847,1589174224,Python,Python (3.4.3),py,Accepted,1767,260488,766,
s977349254,p02936,u616998927,1589173241,C++,C++14 (GCC 5.4.1),cpp,Wrong Answer,276,25856,637,
s587163126,p02936,u054514819,1589158021,Python,PyPy3 (2.4.0),py,Accepted,1920,105236,551,
s165725948,p02936,u054514819,1589157790,Python,PyPy3 (2.4.0),py,Wrong Answer,1717,90644,539,
s307403360,p02936,u054514819,1589157329,Python,PyPy3 (2.4.0),py,Wrong Answer,1717,88980,443,
s558698867,p02936,u054514819,1589156849,Python,Python (3.4.3),py,Runtime Error,2110,100752,502,
s330819227,p02936,u418810472,1589156027,C++,C++14 (GCC 5.4.1),cpp,Accepted,661,23424,801,
s621533660,p02936,u054514819,1589155486,Python,Python (3.4.3),py,Runtime Error,2109,94612,497,
s756633489,p02936,u877494916,1589154156,C++,C++14 (GCC 5.4.1),cpp,Accepted,310,24448,1143,
s421863672,p02936,u054514819,1589153774,Python,Python (3.4.3),py,Runtime Error,2106,39220,434,
s327928494,p02936,u894471318,1589152739,C++,C++14 (GCC 5.4.1),cpp,Wrong Answer,2104,17280,793,
s715769282,p02936,u919970507,1589152185,C++,C++14 (GCC 5.4.1),cpp,Accepted,360,28928,1846,
s517428129,p02936,u369712616,1589151973,C++,C++14 (GCC 5.4.1),cpp,Accepted,297,22784,439,
s611801410,p02936,u369712616,1589151450,C++,C++14 (GCC 5.4.1),cpp,Accepted,152,22784,698,
s786563574,p02936,u919970507,1589151427,C++,C++14 (GCC 5.4.1),cpp,Wrong Answer,296,14136,1778,
s584253938,p02936,u369712616,1589150967,C++,C++14 (GCC 5.4.1),cpp,Accepted,144,22784,844,
s774412646,p02936,u369712616,1589150892,C++,C++14 (GCC 5.4.1),cpp,Accepted,141,22784,875,
s730072991,p02936,u369712616,1589150789,C++,C++14 (GCC 5.4.1),cpp,Compile Error,,,831,
s252170449,p02936,u369712616,1589150708,C++,C++14 (GCC 5.4.1),cpp,Accepted,167,22784,895,
s609370038,p02936,u369712616,1589150638,C++,C++14 (GCC 5.4.1),cpp,Compile Error,,,895,
s923789447,p02936,u369712616,1589150540,C++,C++14 (GCC 5.4.1),cpp,Accepted,155,22784,1053,
s467751836,p02936,u099619676,1589149470,C++,C++14 (GCC 5.4.1),cpp,Accepted,323,15732,1670,
s755141739,p02936,u099619676,1589148588,C++,C++14 (GCC 5.4.1),cpp,Wrong Answer,292,14080,1316,
s797671107,p02936,u099619676,1589145771,C++,C++14 (GCC 5.4.1),cpp,Wrong Answer,2103,3584,906,
s524086372,p02936,u369712616,1589145716,C++,C++14 (GCC 5.4.1),cpp,Wrong Answer,127,22656,903,
s727642440,p02936,u093973314,1589145535,C++,C++14 (GCC 5.4.1),cpp,Accepted,159,30592,1066,
s544925601,p02936,u093973314,1589145260,C++,C++14 (GCC 5.4.1),cpp,Wrong Answer,125,30592,1033,
s449921363,p02936,u099619676,1589145242,C++,C++14 (GCC 5.4.1),cpp,Wrong Answer,263,4736,736,
s735999708,p02936,u030726788,1589145014,Python,Python (3.4.3),py,Accepted,1887,62508,525,
s040199403,p02936,u093973314,1589144987,C++,C++14 (GCC 5.4.1),cpp,Wrong Answer,273,55552,1069,
s497880904,p02936,u947485517,1589144832,C++,C++14 (GCC 5.4.1),cpp,Wrong Answer,253,6272,494,
s786485999,p02936,u030726788,1589144805,Python,Python (3.4.3),py,Time Limit Exceeded,2107,55608,514,
s096871093,p02936,u093973314,1589144724,C++,C++14 (GCC 5.4.1),cpp,Wrong Answer,524,55552,1052,
s126908054,p02936,u093973314,1589144604,C++,C++14 (GCC 5.4.1),cpp,Wrong Answer,551,52632,958,
s421163179,p02936,u030726788,1589144594,Python,Python (3.4.3),py,Wrong Answer,2108,71888,650,
s065952296,p02936,u030726788,1589144038,Python,Python (3.4.3),py,Wrong Answer,2109,89624,758,
s646353030,p02936,u636565374,1589143911,C++,C++14 (GCC 5.4.1),cpp,Accepted,307,27392,3116,
s771004181,p02936,u636565374,1589143743,C++,C++14 (GCC 5.4.1),cpp,Runtime Error,495,275072,3095,
s146536979,p02936,u017415492,1589143362,Python,Python (3.4.3),py,Accepted,1722,56088,646,
s872298147,p02936,u017415492,1589143304,Python,Python (3.4.3),py,Accepted,1741,54552,632,
s310569189,p02936,u636565374,1589143232,C++,C++14 (GCC 5.4.1),cpp,Runtime Error,518,275072,3108,
s876610363,p02936,u017415492,1589142783,Python,Python (3.4.3),py,Wrong Answer,1768,54604,615,
s066350050,p02936,u017415492,1589142386,Python,Python (3.4.3),py,Wrong Answer,1823,54544,595,
s376743007,p02936,u017415492,1589142346,Python,Python (3.4.3),py,Wrong Answer,1723,53640,594,
s383937752,p02936,u017415492,1589142273,Python,Python (3.4.3),py,Wrong Answer,1611,54808,589,
s743547710,p02936,u000993607,1589140331,C++,C++14 (GCC 5.4.1),cpp,Wrong Answer,266,7936,767,
s322283631,p02936,u636565374,1589140049,C++,C++14 (GCC 5.4.1),cpp,Runtime Error,499,275072,3102,
s794526649,p02936,u000993607,1589139370,C++,C++14 (GCC 5.4.1),cpp,Wrong Answer,250,6144,616,
s829981022,p02936,u636565374,1589139338,C++,C++14 (GCC 5.4.1),cpp,Wrong Answer,298,27392,3037,
s881695577,p02936,u636565374,1589138716,C++,C++14 (GCC 5.4.1),cpp,Wrong Answer,2104,21376,2965,
s868044176,p02936,u666049605,1589137836,C++,C++14 (GCC 5.4.1),cpp,Accepted,309,25856,915,
s771263305,p02936,u666049605,1589137801,C++,C++14 (GCC 5.4.1),cpp,Runtime Error,256,12020,895,
s326510865,p02936,u666049605,1589137718,C++,C++14 (GCC 5.4.1),cpp,Accepted,437,39936,901,
s541691026,p02936,u666049605,1589137569,C++,C++14 (GCC 5.4.1),cpp,Accepted,524,39936,886,
s833249928,p02936,u411353821,1589137330,Python,Python (3.4.3),py,Accepted,1635,56088,799,
s789440549,p02936,u666049605,1589137091,C++,C++14 (GCC 5.4.1),cpp,Wrong Answer,402,39936,773,
s363527475,p02936,u666049605,1589137024,C++,C++14 (GCC 5.4.1),cpp,Wrong Answer,401,36736,765,
s046169903,p02936,u666049605,1589136358,C++,C++14 (GCC 5.4.1),cpp,Wrong Answer,2104,22272,803,
s867504144,p02936,u411353821,1589136322,Python,Python (3.4.3),py,Wrong Answer,1352,42840,480,
s894044097,p02936,u666049605,1589136047,C++,C++14 (GCC 5.4.1),cpp,Runtime Error,3622,1780,963,
s949847666,p02936,u666049605,1589135861,C++,C++14 (GCC 5.4.1),cpp,Runtime Error,3171,1908,959,
s954582637,p02936,u941434715,1589135577,Go,Go (1.6),go,Accepted,757,73216,950,
s781285774,p02936,u941434715,1589134973,Go,Go (1.6),go,Time Limit Exceeded,2600,1050240,898,
s289375651,p02936,u941434715,1589134662,Go,Go (1.6),go,Time Limit Exceeded,3685,640,955,
s008020591,p02936,u607075479,1589134296,Python,Python (3.4.3),py,Accepted,1764,74368,807,
s321177427,p02936,u919970507,1589131916,C++,C++14 (GCC 5.4.1),cpp,Wrong Answer,2105,13368,1769,
s362461104,p02936,u895408600,1589131589,Python,PyPy3 (2.4.0),py,Accepted,1998,158544,571,
s619380315,p02936,u521323621,1589130465,Python,Python (3.4.3),py,Wrong Answer,1518,64928,385,
s692912704,p02936,u521323621,1589128143,Python,Python (3.4.3),py,Wrong Answer,2105,49248,410,
s704794803,p02936,u521323621,1589124559,Python,Python (3.4.3),py,Wrong Answer,1335,41552,318,
s589618321,p02936,u506858457,1589124144,Python,Python (3.4.3),py,Accepted,1831,268572,1072,
s904174193,p02936,u521323621,1589123691,Python,Python (3.4.3),py,Wrong Answer,1316,36324,275,
s846045355,p02936,u506858457,1589123651,Python,Python (3.4.3),py,Accepted,1781,268464,939,
s121319632,p02936,u895408600,1589094264,Python,Python (3.4.3),py,Accepted,1243,124236,640,
s304217336,p02936,u895408600,1589094220,Python,Python (3.4.3),py,Runtime Error,716,89972,640,
s561755709,p02936,u895408600,1589094136,Python,Python (3.4.3),py,Accepted,1989,139740,519,
s722386324,p02936,u895408600,1589094022,Python,Python (3.4.3),py,Accepted,1992,140804,571,
s982855546,p02936,u895408600,1589093921,Python,Python (3.4.3),py,Time Limit Exceeded,2016,132316,537,
s853105216,p02936,u895408600,1589093878,Python,Python (3.4.3),py,Runtime Error,17,3064,538,
s033826821,p02936,u895408600,1589093735,Python,Python (3.4.3),py,Time Limit Exceeded,2025,134856,537,
s495423184,p02936,u895408600,1589093637,Python,Python (3.4.3),py,Time Limit Exceeded,2111,153408,586,
s607403874,p02936,u801049006,1589092784,Python,Python (3.4.3),py,Accepted,1884,56084,484,
s071116961,p02936,u239087789,1589092334,C++,C++14 (GCC 5.4.1),cpp,Wrong Answer,247,5504,641,
s736754447,p02936,u426764965,1589085275,Python,Python (3.4.3),py,Accepted,726,78192,966,
s969854704,p02936,u426764965,1589084841,Python,Python (3.4.3),py,Accepted,1041,98780,937,
s842657598,p02936,u369712616,1589084754,C++,C++14 (GCC 5.4.1),cpp,Wrong Answer,116,22784,1012,
s557364978,p02936,u426764965,1589084087,Python,Python (3.4.3),py,Accepted,1043,105436,906,
s530885955,p02936,u513211419,1589080568,C++,C++14 (GCC 5.4.1),cpp,Accepted,293,44544,16449,
s234394914,p02936,u017415492,1589080123,Python,Python (3.4.3),py,Accepted,1678,56172,646,
s379894149,p02936,u197956883,1589079586,Python,PyPy3 (2.4.0),py,Time Limit Exceeded,2154,771960,1565,
s824248878,p02936,u197956883,1589079519,Python,PyPy3 (2.4.0),py,Time Limit Exceeded,2155,842104,1565,
s078266597,p02936,u197956883,1589079443,Python,Python (3.4.3),py,Accepted,1526,231728,1565,
s318342968,p02936,u197956883,1589079207,Python,Python (3.4.3),py,Time Limit Exceeded,2111,230920,673,
s469379465,p02936,u197956883,1589079139,Python,Python (3.4.3),py,Runtime Error,17,3064,661,
s555567000,p02936,u017415492,1589078123,Python,Python (3.4.3),py,Wrong Answer,1570,49776,500,
s231844926,p02936,u197956883,1589077875,Python,Python (3.4.3),py,Time Limit Exceeded,2118,231736,1538,
s254887078,p02936,u197956883,1589077671,Python,PyPy3 (2.4.0),py,Time Limit Exceeded,2121,284536,1537,
s708914859,p02936,u003475507,1589077631,Python,Python (3.4.3),py,Accepted,1821,268416,495,
s518299138,p02936,u284045566,1589077383,C++,C++14 (GCC 5.4.1),cpp,Accepted,722,28148,2168,
s050044867,p02936,u811321379,1589076401,C++,C++14 (GCC 5.4.1),cpp,Accepted,323,21120,1059,
s547660097,p02936,u003475507,1589076392,Python,Python (3.4.3),py,Accepted,1653,268468,481,
s994362864,p02936,u811321379,1589076296,C++,C++14 (GCC 5.4.1),cpp,Runtime Error,509,277248,1067,
s246163296,p02936,u003475507,1589076212,Python,Python (3.4.3),py,Time Limit Exceeded,2114,268464,425,
s634134805,p02936,u003475507,1589076110,Python,Python (3.4.3),py,Accepted,1705,269096,655,
s970081182,p02936,u003475507,1589075558,Python,Python (3.4.3),py,Time Limit Exceeded,2123,268432,466,
s593754156,p02936,u376366206,1589074861,PHP,PHP7 (7.0.15),php,Accepted,371,154104,544,
s349484075,p02936,u376366206,1589074793,PHP,PHP7 (7.0.15),php,Wrong Answer,381,154104,545,
s881330446,p02936,u003475507,1589074470,Python,PyPy3 (2.4.0),py,Time Limit Exceeded,2123,339208,465,
s655664477,p02936,u003475507,1589074412,Python,Python (3.4.3),py,Time Limit Exceeded,2120,263128,465,
s702421685,p02936,u003475507,1589074198,Python,Python (3.4.3),py,Runtime Error,1938,156012,463,
s024462593,p02936,u003475507,1589074161,Python,Python (3.4.3),py,Runtime Error,1848,49312,422,
s064836690,p02936,u811321379,1589074046,C++,C++14 (GCC 5.4.1),cpp,Wrong Answer,286,21120,978,
s259482396,p02936,u506858457,1589073543,Python,Python (3.4.3),py,Runtime Error,17,3064,1371,
s862560004,p02936,u811321379,1589073202,C++,C++14 (GCC 5.4.1),cpp,Wrong Answer,2104,20608,1020,
s180488698,p02936,u506858457,1589072355,Python,Python (3.4.3),py,Time Limit Exceeded,2120,268432,915,
s714234195,p02936,u506858457,1589072273,Python,Python (3.4.3),py,Accepted,1981,268464,938,
s467637452,p02936,u300665398,1589071828,C++,C++14 (GCC 5.4.1),cpp,Accepted,385,23424,1073,
s384745792,p02936,u811321379,1589071123,C++,C++14 (GCC 5.4.1),cpp,Wrong Answer,2104,21120,944,
s794395560,p02936,u552746936,1589068807,Python,Python (3.4.3),py,Time Limit Exceeded,2120,274228,570,
s319684039,p02936,u790461875,1589068691,C++,C++14 (GCC 5.4.1),cpp,Accepted,357,25728,7231,
s899795907,p02936,u552746936,1589068608,Python,Python (3.4.3),py,Wrong Answer,2114,268560,572,
s418711873,p02936,u775681539,1589068186,Python,Python (3.4.3),py,Accepted,1655,135444,916,
s963508673,p02936,u506858457,1589059752,Python,Python (3.4.3),py,Accepted,1204,118628,521,
s662402619,p02936,u931189377,1589056788,C#,C# (Mono 4.6.2.0),cs,Accepted,791,75100,1710,
s848517862,p02936,u931189377,1589056773,C#,C# (Mono 4.6.2.0),cs,Compile Error,,,1732,
s643378766,p02936,u998262711,1589056040,Python,Python (3.4.3),py,Accepted,1611,230932,560,
s983894607,p02936,u998262711,1589055992,Python,PyPy3 (2.4.0),py,Time Limit Exceeded,2157,871544,560,
s240018748,p02936,u998262711,1589055817,Python,PyPy3 (2.4.0),py,Time Limit Exceeded,2151,777080,538,
s287077904,p02936,u998262711,1589055746,Python,PyPy3 (2.4.0),py,Time Limit Exceeded,2120,270840,515,
s618404104,p02936,u998262711,1589055457,Python,Python (3.4.3),py,Time Limit Exceeded,2118,237424,567,
s708454015,p02936,u998262711,1589055400,Python,PyPy3 (2.4.0),py,Time Limit Exceeded,2122,312440,567,
s630637771,p02936,u351480677,1589054838,Python,PyPy3 (2.4.0),py,Time Limit Exceeded,2152,773780,612,
s780770682,p02936,u351480677,1589054186,Python,PyPy3 (2.4.0),py,Time Limit Exceeded,2123,316792,543,
s695459873,p02936,u811321379,1589054127,C++,C++14 (GCC 5.4.1),cpp,Runtime Error,349,262528,917,
s028705318,p02936,u803167461,1589054114,C++,C++14 (GCC 5.4.1),cpp,Accepted,319,26240,986,
s697293747,p02936,u819593641,1589054083,Python,Python (3.4.3),py,Runtime Error,2108,102616,734,
s997865519,p02936,u351480677,1589054025,Python,Python (3.4.3),py,Time Limit Exceeded,2115,268464,543,
s795209720,p02936,u091051505,1589049898,Python,Python (3.4.3),py,Accepted,1870,62872,582,
s680891861,p02936,u091051505,1589049216,Python,Python (3.4.3),py,Wrong Answer,2109,107956,847,
s771274281,p02936,u091051505,1589048620,Python,Python (3.4.3),py,Runtime Error,2104,73648,745,
s908654735,p02936,u091051505,1589048267,Python,Python (3.4.3),py,Wrong Answer,1607,44984,623,
s847139772,p02936,u940743763,1589048227,Python,PyPy3 (2.4.0),py,Wrong Answer,2109,87512,517,
s539324525,p02936,u091051505,1589047776,Python,Python (3.4.3),py,Wrong Answer,1575,46880,679,
s488379529,p02936,u062727117,1589044059,C++,C++14 (GCC 5.4.1),cpp,Accepted,317,24320,879,
s080168063,p02936,u480847874,1589043692,Python,PyPy3 (2.4.0),py,Accepted,1301,103624,997,
s370167141,p02936,u062727117,1589042996,C++,C++14 (GCC 5.4.1),cpp,Wrong Answer,361,24320,749,
s198016920,p02936,u480847874,1589042615,Python,PyPy3 (2.4.0),py,Time Limit Exceeded,2109,105748,1070,
s572825197,p02936,u480847874,1589042568,Python,Python (3.4.3),py,Time Limit Exceeded,2107,50412,1070,
s334732631,p02936,u062727117,1589042466,C++,C++14 (GCC 5.4.1),cpp,Wrong Answer,648,24320,708,
s121687575,p02936,u742960659,1589042356,C#,C# (Mono 4.6.2.0),cs,Accepted,811,91632,1807,
s644915222,p02936,u742960659,1589040864,C#,C# (Mono 4.6.2.0),cs,Wrong Answer,2109,55924,1239,
s784198054,p02936,u742960659,1589040655,C#,C# (Mono 4.6.2.0),cs,Time Limit Exceeded,2115,72028,1810,
s867482284,p02936,u168017191,1589039144,C++,C++14 (GCC 5.4.1),cpp,Accepted,417,148480,1897,
s672930369,p02936,u168017191,1589038865,C++,C++14 (GCC 5.4.1),cpp,Accepted,420,140032,2029,
s281251582,p02936,u168017191,1589038636,C++,C++14 (GCC 5.4.1),cpp,Wrong Answer,404,140032,2031,
s717500323,p02936,u480847874,1589038533,Python,Python (3.4.3),py,Time Limit Exceeded,2107,59948,795,
s132094530,p02936,u480847874,1589038220,Python,Python (3.4.3),py,Time Limit Exceeded,2107,58148,778,
s054753526,p02936,u168017191,1589038020,C++,C++14 (GCC 5.4.1),cpp,Wrong Answer,406,140032,2030,
s979548373,p02936,u480847874,1589038012,Python,Python (3.4.3),py,Time Limit Exceeded,2107,58032,796,
s742081748,p02936,u480847874,1589037662,Python,PyPy3 (2.4.0),py,Time Limit Exceeded,2135,517112,796,
s330888209,p02936,u480847874,1589036663,Python,PyPy3 (2.4.0),py,Time Limit Exceeded,2122,302712,751,
s126297533,p02936,u480847874,1589036586,Python,Python (3.4.3),py,Runtime Error,2106,50660,710,
s038938524,p02936,u756784272,1589035205,C++,C++14 (GCC 5.4.1),cpp,Wrong Answer,2104,13184,1227,
s198816182,p02936,u256459711,1589031363,C++,C++14 (GCC 5.4.1),cpp,Wrong Answer,2105,24448,929,
s898477599,p02936,u266874640,1589028268,Python,Python (3.4.3),py,Wrong Answer,1738,121324,450,
s269460366,p02936,u266874640,1589028182,C++,C++14 (GCC 5.4.1),cpp,Wrong Answer,251,4736,728,
s228449498,p02936,u266874640,1589026579,C++,C++14 (GCC 5.4.1),cpp,Wrong Answer,2104,21376,737,
s751696351,p02936,u354281482,1589025605,C++,C++14 (GCC 5.4.1),cpp,Accepted,608,24320,945,
s029671889,p02936,u354281482,1589024986,C++,C++14 (GCC 5.4.1),cpp,Time Limit Exceeded,2105,27264,936,
s840925257,p02936,u619144316,1589021704,Python,Python (3.4.3),py,Accepted,1829,57616,532,
s211489321,p02936,u619144316,1589021454,Python,Python (3.4.3),py,Wrong Answer,1715,54164,500,
s348377939,p02936,u619144316,1589020446,Python,Python (3.4.3),py,Wrong Answer,1697,54132,546,
s335910331,p02936,u619144316,1589018350,Python,Python (3.4.3),py,Wrong Answer,1687,53904,505,
s781313685,p02936,u628332144,1589011381,C++,C++14 (GCC 5.4.1),cpp,Accepted,380,23424,1075,
s190556634,p02936,u706786134,1589009435,Python,Python (3.4.3),py,Accepted,843,96500,656,
s192170568,p02936,u706786134,1589009356,Python,Python (3.4.3),py,Accepted,1704,75012,526,
s004740857,p02936,u706786134,1589009331,Python,Python (3.4.3),py,Wrong Answer,2107,115184,524,
s542930356,p02936,u706786134,1589008166,Python,Python (3.4.3),py,Wrong Answer,1516,59028,430,
s239914722,p02936,u706786134,1589008128,Python,PyPy3 (2.4.0),py,Wrong Answer,1744,124492,430,
s521648220,p02936,u706786134,1589007019,Python,PyPy3 (2.4.0),py,Wrong Answer,2109,90316,500,
s926095853,p02936,u908318580,1588997165,C++,C++14 (GCC 5.4.1),cpp,Accepted,153,21504,2449,
s110753566,p02936,u908318580,1588996934,C++,C++14 (GCC 5.4.1),cpp,Accepted,144,17268,2530,
s468347279,p02936,u243196226,1588996396,C++,C++14 (GCC 5.4.1),cpp,Accepted,138,27136,1223,
s418324672,p02936,u243196226,1588995982,C++,C++14 (GCC 5.4.1),cpp,Wrong Answer,123,25600,1111,
s645840060,p02936,u243196226,1588995571,C++,C++14 (GCC 5.4.1),cpp,Wrong Answer,143,24064,1164,
s762195753,p02936,u243196226,1588994976,C++,C++14 (GCC 5.4.1),cpp,Wrong Answer,2104,23504,1082,
s974201163,p02936,u807394250,1588994334,C++,C++14 (GCC 5.4.1),cpp,Accepted,355,35200,1329,
s470978330,p02936,u758223800,1588994230,C++,C++14 (GCC 5.4.1),cpp,Accepted,374,35968,1459,
s701027050,p02936,u758223800,1588994181,C++,C++14 (GCC 5.4.1),cpp,Wrong Answer,377,35968,1490,
s297720987,p02936,u748577909,1588993252,C++,C++14 (GCC 5.4.1),cpp,Accepted,427,23552,1140,
s967312843,p02936,u807394250,1588992895,C++,C++14 (GCC 5.4.1),cpp,Wrong Answer,342,34432,1223,
s698675333,p02936,u002847662,1588990801,C++,C++14 (GCC 5.4.1),cpp,Accepted,317,25856,677,
s471810740,p02936,u002847662,1588989946,C++,C++14 (GCC 5.4.1),cpp,Wrong Answer,330,22656,603,
s808348936,p02936,u758223800,1588989757,C++,C++14 (GCC 5.4.1),cpp,Wrong Answer,2104,24192,978,
s566369287,p02936,u758223800,1588989269,C++,C++14 (GCC 5.4.1),cpp,Wrong Answer,2112,22144,939,
s544572451,p02936,u002847662,1588989214,C++,C++14 (GCC 5.4.1),cpp,Wrong Answer,2104,22656,648,
s811776649,p02936,u002847662,1588988812,C++,C++14 (GCC 5.4.1),cpp,Wrong Answer,2104,18944,554,
s997725703,p02936,u202634017,1588988646,Python,Python (3.4.3),py,Accepted,1645,230960,536,
s546638531,p02936,u991846372,1588988594,C++,C++14 (GCC 5.4.1),cpp,Accepted,392,31872,708,
s655465022,p02936,u202634017,1588988550,Python,Python (3.4.3),py,Time Limit Exceeded,2122,230928,509,
s637803710,p02936,u202634017,1588988371,Python,Python (3.4.3),py,Time Limit Exceeded,2123,230928,495,
s362881314,p02936,u202634017,1588988150,Python,Python (3.4.3),py,Time Limit Exceeded,2112,231276,525,
s257159093,p02936,u991846372,1588988094,C++,C++14 (GCC 5.4.1),cpp,Wrong Answer,370,31488,708,
s423811888,p02936,u991846372,1588987891,C++,C++14 (GCC 5.4.1),cpp,Wrong Answer,368,29952,711,
s595941491,p02936,u854831509,1588987572,C++,C++14 (GCC 5.4.1),cpp,Accepted,367,24320,1202,
s588950193,p02936,u202634017,1588987517,Python,Python (3.4.3),py,Time Limit Exceeded,2112,121004,986,
s187938110,p02936,u202634017,1588987369,Python,Python (3.4.3),py,Time Limit Exceeded,2111,120912,1019,
s085670004,p02936,u202634017,1588987043,Python,Python (3.4.3),py,Time Limit Exceeded,2111,116468,965,
s449788428,p02936,u202634017,1588986682,Python,PyPy3 (2.4.0),py,Time Limit Exceeded,2113,125516,969,
s173493480,p02936,u202634017,1588986603,Python,Python (3.4.3),py,Time Limit Exceeded,2114,116984,969,
s454276586,p02936,u385309449,1588985480,Python,Python (3.4.3),py,Runtime Error,1819,113000,529,
s831533567,p02936,u993435350,1588984369,Python,Python (3.4.3),py,Accepted,1733,230960,483,
s425550341,p02936,u993435350,1588984133,Python,Python (3.4.3),py,Time Limit Exceeded,2146,614688,477,
s690188377,p02936,u993435350,1588984080,Python,Python (3.4.3),py,Time Limit Exceeded,2143,614688,505,
s672610536,p02936,u993435350,1588983973,Python,Python (3.4.3),py,Wrong Answer,1514,224520,485,
s979558399,p02936,u993435350,1588983561,Python,Python (3.4.3),py,Wrong Answer,1554,224588,490,
s583113680,p02936,u993435350,1588983524,Python,Python (3.4.3),py,Wrong Answer,1636,226392,503,
s423759660,p02936,u807394250,1588981117,C++,C++14 (GCC 5.4.1),cpp,Wrong Answer,2105,22144,1068,
s241375503,p02936,u807394250,1588980699,C++,C++14 (GCC 5.4.1),cpp,Wrong Answer,2105,24192,1088,
s880452173,p02936,u385309449,1588980234,Python,Python (3.4.3),py,Wrong Answer,1799,100704,427,
s187738849,p02936,u385309449,1588980121,Python,Python (3.4.3),py,Wrong Answer,1790,90932,402,
s365739641,p02936,u810356688,1588979339,Python,Python (3.4.3),py,Accepted,893,98428,756,
s550375921,p02936,u810356688,1588979291,Python,Python (3.4.3),py,Runtime Error,17,2940,755,
s106794774,p02936,u369712616,1588978446,C++,C++14 (GCC 5.4.1),cpp,Runtime Error,2382,38644,1205,
s283605856,p02936,u376366206,1588977884,PHP,PHP7 (7.0.15),php,Accepted,383,154104,561,
s386105453,p02936,u693716675,1588973640,Python,Python (3.4.3),py,Time Limit Exceeded,2118,231280,695,
s860874670,p02936,u693716675,1588973468,Python,Python (3.4.3),py,Runtime Error,1789,52656,641,
s717452027,p02936,u376366206,1588958026,PHP,PHP7 (7.0.15),php,Accepted,352,154104,564,
s917581334,p02936,u479638406,1588955774,Python,Python (3.4.3),py,Accepted,1164,56168,675,
s228448982,p02936,u809967037,1588955024,C++,C++14 (GCC 5.4.1),cpp,Accepted,440,27392,6839,
s353692438,p02936,u376366206,1588949509,PHP,PHP7 (7.0.15),php,Wrong Answer,2104,199232,905,
s623284739,p02936,u810356688,1588946912,Python,PyPy3 (2.4.0),py,Accepted,846,94356,701,
s796814553,p02936,u810356688,1588946712,Python,Python (3.4.3),py,Accepted,1034,56076,701,
s176927304,p02936,u810356688,1588945159,Python,Python (3.4.3),py,Wrong Answer,838,24952,561,
s177519192,p02936,u810356688,1588944332,Python,Python (3.4.3),py,Wrong Answer,787,25852,398,
s019546564,p02936,u466275789,1588927132,C++,C++14 (GCC 5.4.1),cpp,Accepted,309,24320,1136,
s603445919,p02936,u466275789,1588924810,C++,C++14 (GCC 5.4.1),cpp,Wrong Answer,299,21120,1047,
s256199171,p02936,u466275789,1588924755,C++,C++14 (GCC 5.4.1),cpp,Wrong Answer,270,14848,1052,
s440802258,p02936,u466275789,1588924351,C++,C++14 (GCC 5.4.1),cpp,Wrong Answer,2104,21120,1085,
s889414943,p02936,u767543103,1588918120,C++,C++14 (GCC 5.4.1),cpp,Accepted,327,33152,37038,
s641437397,p02936,u552122040,1588914003,C++,C++14 (GCC 5.4.1),cpp,Accepted,312,25856,988,
s046931638,p02936,u250061066,1588912998,Python,Python (3.4.3),py,Wrong Answer,2110,40828,435,
s295841438,p02936,u587669944,1588911043,C++,C++14 (GCC 5.4.1),cpp,Accepted,386,23424,721,
s886686994,p02936,u890331732,1588907388,C++,C++14 (GCC 5.4.1),cpp,Accepted,377,23424,575,
s506533468,p02936,u890331732,1588907065,C++,C++14 (GCC 5.4.1),cpp,Wrong Answer,366,23424,554,
s524648335,p02936,u479638406,1588906810,Python,Python (3.4.3),py,Accepted,1131,56160,522,
s550392641,p02936,u489302942,1588906637,C++,C++14 (GCC 5.4.1),cpp,Accepted,321,17908,996,
s844709676,p02936,u157887852,1588906314,Ruby,Ruby (2.3.3),rb,Accepted,998,39008,1026,
s961621314,p02936,u489302942,1588905722,C++,C++14 (GCC 5.4.1),cpp,Wrong Answer,286,16512,847,
s187143338,p02936,u489302942,1588905602,C++,C++14 (GCC 5.4.1),cpp,Wrong Answer,300,14848,841,
s400313825,p02936,u005906204,1588905594,C++,C++14 (GCC 5.4.1),cpp,Wrong Answer,2104,15104,1510,
s712875228,p02936,u489302942,1588905530,C++,C++14 (GCC 5.4.1),cpp,Wrong Answer,278,14848,820,
s935374183,p02936,u005906204,1588905492,C++,C++14 (GCC 5.4.1),cpp,Wrong Answer,2104,14336,1511,
s635143342,p02936,u005906204,1588905354,C++,C++14 (GCC 5.4.1),cpp,Wrong Answer,2104,14336,1453,
s554119141,p02936,u157887852,1588905303,Ruby,Ruby (2.3.3),rb,Runtime Error,1096,335068,1004,
s884873788,p02936,u005906204,1588904961,C++,C++14 (GCC 5.4.1),cpp,Accepted,139,22656,747,
s770134338,p02936,u489302942,1588904862,C++,C++14 (GCC 5.4.1),cpp,Wrong Answer,2104,12288,795,
s657775493,p02936,u005906204,1588904569,C++,C++14 (GCC 5.4.1),cpp,Wrong Answer,114,14336,1492,
s935953736,p02936,u005906204,1588904441,C++,C++14 (GCC 5.4.1),cpp,Runtime Error,957,12160,1477,
s811097405,p02936,u157887852,1588904176,Ruby,Ruby (2.3.3),rb,Wrong Answer,757,28796,734,
s742105888,p02936,u005906204,1588903828,C++,C++14 (GCC 5.4.1),cpp,Wrong Answer,108,14336,1466,
s249537005,p02936,u978308810,1588903760,C++,C++14 (GCC 5.4.1),cpp,Wrong Answer,307,24320,1279,
s183046324,p02936,u005906204,1588903726,C++,C++14 (GCC 5.4.1),cpp,Wrong Answer,2104,14336,1453,
s397746763,p02936,u978308810,1588903691,C++,C++14 (GCC 5.4.1),cpp,Accepted,327,24320,1302,
s720302900,p02936,u978308810,1588903491,C++,C++14 (GCC 5.4.1),cpp,Accepted,345,24320,1131,
s002298672,p02936,u978308810,1588902741,C++,C++14 (GCC 5.4.1),cpp,Wrong Answer,311,25856,1326,
s039671469,p02936,u978308810,1588902042,C++,C++14 (GCC 5.4.1),cpp,Wrong Answer,2105,24960,1266,
s320269968,p02936,u157887852,1588901805,Ruby,Ruby (2.3.3),rb,Runtime Error,1016,39648,781,
s552478673,p02936,u157887852,1588901665,Ruby,Ruby (2.3.3),rb,Runtime Error,956,39648,819,
s223346511,p02936,u844646164,1588901179,Python,Python (3.4.3),py,Accepted,1790,230960,461,
s817740048,p02936,u157887852,1588901159,Ruby,Ruby (2.3.3),rb,Runtime Error,780,31284,697,
s537807214,p02936,u844646164,1588901130,Python,Python (3.4.3),py,Time Limit Exceeded,2107,49816,496,
s957671736,p02936,u844646164,1588900999,Python,Python (3.4.3),py,Time Limit Exceeded,2106,49820,517,
s268882625,p02936,u844646164,1588900877,Python,Python (3.4.3),py,Time Limit Exceeded,2119,228784,445,
s567641568,p02936,u844646164,1588900815,Python,PyPy3 (2.4.0),py,Time Limit Exceeded,2124,341240,445,
s196207460,p02936,u844646164,1588900795,Python,PyPy3 (2.4.0),py,Runtime Error,2014,134476,401,
s320250973,p02936,u157887852,1588900587,Ruby,Ruby (2.3.3),rb,Runtime Error,753,31228,677,
s417655873,p02936,u157887852,1588900256,Ruby,Ruby (2.3.3),rb,Runtime Error,784,28924,672,
s798533936,p02936,u157887852,1588899897,Ruby,Ruby (2.3.3),rb,Runtime Error,1168,50044,629,
s793098392,p02936,u157887852,1588899882,Ruby,Ruby (2.3.3),rb,Runtime Error,1580,53628,639,
s028616892,p02936,u781076291,1588898331,C++,C++14 (GCC 5.4.1),cpp,Accepted,144,24320,722,
s651065211,p02936,u429559781,1588898004,C++,C++14 (Clang 3.8.0),cpp,Wrong Answer,2103,7296,929,
s203836240,p02936,u644110877,1588896935,C++,C++14 (GCC 5.4.1),cpp,Accepted,671,33664,874,
s775667086,p02936,u644110877,1588896710,C++,C++14 (GCC 5.4.1),cpp,Accepted,669,27392,831,
s272557216,p02936,u644110877,1588896644,C++,C++14 (GCC 5.4.1),cpp,Accepted,645,27392,828,
s176943456,p02936,u055231161,1588893066,C++,C++14 (GCC 5.4.1),cpp,Accepted,364,23424,767,
s688438950,p02936,u777602533,1588890589,C++,C++14 (GCC 5.4.1),cpp,Accepted,317,16372,1206,
s240631038,p02936,u409872261,1588885458,C++,C++14 (GCC 5.4.1),cpp,Accepted,297,26240,6225,
s209041659,p02936,u777602533,1588885376,C++,C++14 (GCC 5.4.1),cpp,Time Limit Exceeded,2213,1498344,1115,
s770442789,p02936,u078349616,1588881859,Python,Python (3.4.3),py,Wrong Answer,2121,266268,473,
s110998119,p02936,u959519702,1588881201,C++,C++14 (GCC 5.4.1),cpp,Accepted,317,29696,2850,
s544454280,p02936,u706786134,1588880160,Python,Python (3.4.3),py,Runtime Error,2110,49160,451,
s241381329,p02936,u158290747,1588879510,C++,C++14 (GCC 5.4.1),cpp,Accepted,363,24320,651,
s156522495,p02936,u141786930,1588875055,Python,Python (3.4.3),py,Accepted,1871,73168,600,
s777098325,p02936,u141786930,1588875034,Python,PyPy3 (2.4.0),py,Accepted,1863,130168,600,
s465948165,p02936,u141786930,1588874633,Python,PyPy3 (2.4.0),py,Time Limit Exceeded,2125,298616,567,
s749718245,p02936,u706786134,1588874632,Python,Python (3.4.3),py,Runtime Error,155,12500,495,
s877316427,p02936,u141786930,1588874519,Python,Python (3.4.3),py,Time Limit Exceeded,2118,237716,566,
s387604956,p02936,u706786134,1588874304,Python,Python (3.4.3),py,Runtime Error,151,12512,482,
s577767156,p02936,u706786134,1588873907,Python,PyPy3 (2.4.0),py,Wrong Answer,2140,598956,440,
s638782251,p02936,u141786930,1588873340,Python,Python (3.4.3),py,Time Limit Exceeded,2117,217648,660,
s903936280,p02936,u093973314,1588872899,C++,C++14 (GCC 5.4.1),cpp,Wrong Answer,2104,25344,997,
s538310346,p02936,u240544830,1588872276,C++,C++14 (GCC 5.4.1),cpp,Accepted,379,23424,650,
s315722064,p02936,u141786930,1588872142,Python,Python (3.4.3),py,Wrong Answer,2117,217652,406,
s026885380,p02936,u387371565,1588867204,C++,C++14 (GCC 5.4.1),cpp,Accepted,327,19444,908,
s425703881,p02936,u102126195,1588861014,Python,PyPy3 (2.4.0),py,Wrong Answer,2111,120392,736,
s279747265,p02936,u102126195,1588860749,Python,PyPy3 (2.4.0),py,Wrong Answer,2070,124836,799,
s025335127,p02936,u102126195,1588860697,Python,PyPy3 (2.4.0),py,Wrong Answer,2114,128148,763,
s124289543,p02936,u102126195,1588860466,Python,Python (3.4.3),py,Wrong Answer,2133,126756,761,
s068003917,p02936,u102126195,1588860274,Python,Python (3.4.3),py,Wrong Answer,2117,309976,1013,
s907157586,p02936,u102126195,1588860156,Python,Python (3.4.3),py,Time Limit Exceeded,2117,318012,1044,
s592697889,p02936,u102126195,1588860117,Python,PyPy3 (2.4.0),py,Time Limit Exceeded,2146,636912,1044,
s563379190,p02936,u102126195,1588859665,Python,PyPy3 (2.4.0),py,Time Limit Exceeded,2136,561716,1000,
s943671240,p02936,u102126195,1588859559,Python,PyPy3 (2.4.0),py,Runtime Error,2138,578680,994,
s458274534,p02936,u102126195,1588858843,Python,PyPy3 (2.4.0),py,Runtime Error,2112,179060,969,
s776557264,p02936,u102126195,1588858512,Python,PyPy3 (2.4.0),py,Wrong Answer,1190,80076,1004,
s442390126,p02936,u102126195,1588858424,Python,PyPy3 (2.4.0),py,Runtime Error,2115,179160,976,
s235986269,p02936,u102126195,1588858247,Python,PyPy3 (2.4.0),py,Runtime Error,2112,179188,954,
s687653117,p02936,u102126195,1588858077,Python,PyPy3 (2.4.0),py,Runtime Error,2112,179188,801,
s871909000,p02936,u102126195,1588857912,Python,PyPy3 (2.4.0),py,Runtime Error,2112,179060,830,
s443211760,p02936,u934442292,1588836317,Python,Python (3.4.3),py,Accepted,887,54516,887,
s757784119,p02936,u952081880,1588834610,C++,C++14 (GCC 5.4.1),cpp,Wrong Answer,279,14848,1212,
s920092464,p02936,u952081880,1588834414,C++,C++14 (GCC 5.4.1),cpp,Wrong Answer,575,15744,1223,
s480080739,p02936,u952081880,1588834392,C++,C++14 (GCC 5.4.1),cpp,Compile Error,,,1223,
s948235486,p02936,u952081880,1588834319,C++,C++14 (GCC 5.4.1),cpp,Wrong Answer,596,15616,1169,
s247289659,p02936,u952081880,1588834239,C++,C++14 (GCC 5.4.1),cpp,Wrong Answer,273,15616,1183,
s283929419,p02936,u952081880,1588833890,C++,C++14 (GCC 5.4.1),cpp,Wrong Answer,287,15616,1162,
s677662350,p02936,u952081880,1588833734,C++,C++14 (GCC 5.4.1),cpp,Wrong Answer,313,17140,1191,
s254935316,p02936,u934442292,1588833698,Python,Python (3.4.3),py,Accepted,1406,232212,731,
s576140522,p02936,u934442292,1588833655,Python,Python (3.4.3),py,Accepted,1531,232212,731,
s442173659,p02936,u934442292,1588833600,Python,Python (3.4.3),py,Accepted,1440,232212,845,
s990369830,p02936,u934442292,1588833543,Python,Python (3.4.3),py,Accepted,1441,232212,845,
s110263190,p02936,u952081880,1588833542,C++,C++14 (GCC 5.4.1),cpp,Wrong Answer,295,15744,1197,
s992443009,p02936,u934442292,1588833452,Python,Python (3.4.3),py,Accepted,1589,232212,731,
s865603056,p02936,u934442292,1588833407,Python,Python (3.4.3),py,Accepted,1467,232212,845,
s364546949,p02936,u934442292,1588833334,Python,Python (3.4.3),py,Accepted,1453,230932,841,
s746763914,p02936,u934442292,1588833176,Python,Python (3.4.3),py,Accepted,1456,230960,804,
s925729262,p02936,u934442292,1588832455,Python,Python (3.4.3),py,Time Limit Exceeded,2119,239784,967,
s728933314,p02936,u706786134,1588831253,Python,PyPy3 (2.4.0),py,Wrong Answer,2140,598940,407,
s012245315,p02936,u970449052,1588830524,Python,Python (3.4.3),py,Accepted,1879,56172,453,
s291193937,p02936,u800169017,1588830477,PHP,PHP7 (7.0.15),php,Accepted,1084,174704,737,
s488516595,p02936,u970449052,1588829963,Python,PyPy3 (2.4.0),py,Wrong Answer,2113,153348,514,
s817506396,p02936,u970449052,1588829744,Python,PyPy3 (2.4.0),py,Time Limit Exceeded,2113,153492,478,
s170849232,p02936,u970449052,1588829723,Python,Python (3.4.3),py,Time Limit Exceeded,2106,44820,478,
s023410642,p02936,u800169017,1588829058,PHP,PHP7 (7.0.15),php,Time Limit Exceeded,2104,197488,1060,
s028116650,p02936,u387371565,1588829037,C++,C++14 (GCC 5.4.1),cpp,Wrong Answer,257,7936,622,
s312219392,p02936,u387774811,1588828897,Python,Python (3.4.3),py,Accepted,1146,56152,522,
s137852357,p02936,u387774811,1588828856,Python,PyPy3 (2.4.0),py,Accepted,889,93972,522,
s884851917,p02936,u387371565,1588828514,C++,C++14 (GCC 5.4.1),cpp,Wrong Answer,2104,6912,617,
s213705233,p02936,u072717685,1588824915,Python,Python (3.4.3),py,Accepted,1920,276716,1030,
s501436505,p02936,u289547799,1588823917,Python,Python (3.4.3),py,Accepted,1678,219152,684,
s348847436,p02936,u289547799,1588823856,Python,PyPy3 (2.4.0),py,Time Limit Exceeded,2150,766456,684,
s280790350,p02936,u072717685,1588823610,Python,Python (3.4.3),py,Time Limit Exceeded,2119,275048,1002,
s733347040,p02936,u072717685,1588823474,Python,PyPy3 (2.4.0),py,Time Limit Exceeded,2115,225932,1002,
s858277078,p02936,u072717685,1588823196,Python,PyPy3 (2.4.0),py,Time Limit Exceeded,2113,178828,833,
s081822131,p02936,u289547799,1588823081,Python,PyPy3 (2.4.0),py,Time Limit Exceeded,2122,304760,644,
s466916262,p02936,u289547799,1588822965,Python,Python (3.4.3),py,Time Limit Exceeded,2118,219152,644,
s771253594,p02936,u289547799,1588822701,Python,Python (3.4.3),py,Runtime Error,1692,61164,604,
s330920021,p02936,u072717685,1588822623,Python,PyPy3 (2.4.0),py,Time Limit Exceeded,2122,313996,957,
s292134902,p02936,u289547799,1588822491,Python,Python (3.4.3),py,Runtime Error,1779,62340,603,
s247842409,p02936,u072717685,1588822368,Python,Python (3.4.3),py,Time Limit Exceeded,2118,257888,957,
s173831962,p02936,u952081880,1588822282,C++,C++14 (GCC 5.4.1),cpp,Wrong Answer,2104,12800,1338,
s770050989,p02936,u072717685,1588821587,Python,Python (3.4.3),py,Wrong Answer,2118,238556,801,
s530631570,p02936,u072717685,1588821100,Python,Python (3.4.3),py,Runtime Error,17,3064,721,
s387615530,p02936,u548791035,1588820971,C++,C++14 (GCC 5.4.1),cpp,Accepted,133,21232,1715,
s436530701,p02936,u072717685,1588820845,Python,Python (3.4.3),py,Runtime Error,18,3064,793,
s391431413,p02936,u548791035,1588819187,C++,C++14 (GCC 5.4.1),cpp,Wrong Answer,134,21232,1701,
s301630734,p02936,u712993629,1588819161,C++,C++14 (GCC 5.4.1),cpp,Accepted,347,44772,5444,
s355250960,p02936,u712993629,1588819132,C++,C++14 (GCC 5.4.1),cpp,Compile Error,,,5432,
s544528332,p02936,u712993629,1588819042,C++,C++14 (GCC 5.4.1),cpp,Wrong Answer,316,44772,5420,
s338086445,p02936,u072717685,1588817453,Python,Python (3.4.3),py,Wrong Answer,2107,59448,776,
s648832807,p02936,u777602533,1588815471,C++,C++14 (GCC 5.4.1),cpp,Time Limit Exceeded,2239,1488532,1115,
s099380626,p02936,u285022453,1588814841,Python,Python (3.4.3),py,Wrong Answer,1526,229668,590,
s994989426,p02936,u285022453,1588814616,Python,Python (3.4.3),py,Accepted,1629,232340,576,
s230402788,p02936,u285022453,1588814568,Python,Python (3.4.3),py,Time Limit Exceeded,2112,232212,549,
s222562407,p02936,u379716238,1588814234,Python,PyPy3 (2.4.0),py,Accepted,1987,181072,1403,
s539980766,p02936,u379716238,1588814197,Python,Python (3.4.3),py,Time Limit Exceeded,2116,196324,1403,
s958928079,p02936,u379716238,1588814126,Python,Python (3.4.3),py,Accepted,1878,207768,1537,
s898540861,p02936,u378702452,1588813562,C++,C++14 (GCC 5.4.1),cpp,Accepted,580,16500,1372,
s255014398,p02936,u811321379,1588811697,C++,C++14 (GCC 5.4.1),cpp,Compile Error,,,940,
s627725767,p02936,u811321379,1588811599,C++,C++14 (GCC 5.4.1),cpp,Compile Error,,,927,
s206743082,p02936,u135248164,1588811589,C++,C++14 (GCC 5.4.1),cpp,Accepted,301,80236,4010,
s362961993,p02936,u811321379,1588811520,C++,C++14 (GCC 5.4.1),cpp,Compile Error,,,917,
s974630468,p02936,u548791035,1588811489,C++,C++14 (GCC 5.4.1),cpp,Runtime Error,2538,1780,1864,
s971709844,p02936,u777602533,1588810817,C++,C++14 (GCC 5.4.1),cpp,Wrong Answer,2227,1688864,1225,
s048373960,p02936,u811321379,1588810565,C++,C++14 (GCC 5.4.1),cpp,Compile Error,,,923,
s642868049,p02936,u811321379,1588810395,C++,C++14 (GCC 5.4.1),cpp,Compile Error,,,918,
s393279382,p02936,u811321379,1588810359,C++,C++14 (GCC 5.4.1),cpp,Compile Error,,,920,
s606700805,p02936,u777602533,1588810137,C++,C++14 (GCC 5.4.1),cpp,Wrong Answer,2216,1637892,1128,
s653463219,p02936,u145231176,1588807373,Python,Python (3.4.3),py,Runtime Error,2113,159980,493,
s983593962,p02936,u687044304,1588807135,Python,Python (3.4.3),py,Accepted,1613,268404,732,
s383718981,p02936,u687044304,1588807095,Python,Python (3.4.3),py,Accepted,1582,268424,1018,
s113080235,p02936,u687044304,1588806672,Python,Python (3.4.3),py,Runtime Error,1964,271200,769,
s683215560,p02936,u285022453,1588806638,Python,Python (3.4.3),py,Wrong Answer,2119,247532,698,
s983696080,p02936,u687044304,1588806549,Python,Python (3.4.3),py,Time Limit Exceeded,2124,271216,730,
s632147706,p02936,u422506696,1588806350,C++,C++14 (GCC 5.4.1),cpp,Accepted,298,30464,742,
s809205932,p02936,u422506696,1588806208,C++,C++14 (GCC 5.4.1),cpp,Wrong Answer,300,30464,711,
s903176545,p02936,u537835158,1588806010,C++,C++14 (GCC 5.4.1),cpp,Wrong Answer,2105,33024,1104,
s428868935,p02936,u537835158,1588805947,C++,C++14 (GCC 5.4.1),cpp,Wrong Answer,2104,37376,1102,
s983806468,p02936,u537835158,1588805809,C++,C++14 (GCC 5.4.1),cpp,Wrong Answer,2109,32256,1102,
s632934300,p02936,u016302627,1588804368,Python,Python (3.4.3),py,Accepted,1514,62132,666,
s131774277,p02936,u016302627,1588803647,Python,Python (3.4.3),py,Wrong Answer,2107,55592,461,
s902839813,p02936,u016302627,1588803250,Python,Python (3.4.3),py,Wrong Answer,2107,53552,393,
s868794901,p02936,u687044304,1588801136,Python,Python (3.4.3),py,Runtime Error,2119,269284,573,
s236091916,p02936,u687044304,1588801070,Python,Python (3.4.3),py,Runtime Error,2106,60192,522,
s935490128,p02936,u841531687,1588799206,Python,PyPy3 (2.4.0),py,Accepted,1256,219860,767,
s543589781,p02936,u670898337,1588795964,C++,C++14 (GCC 5.4.1),cpp,Accepted,666,24320,1078,
s912420315,p02936,u132371041,1588794238,C++,C++14 (GCC 5.4.1),cpp,Accepted,421,25216,3212,
s400302143,p02936,u693378622,1588793826,Ruby,Ruby (2.3.3),rb,Wrong Answer,695,27388,599,
s155368879,p02936,u693378622,1588793645,Ruby,Ruby (2.3.3),rb,Accepted,749,27388,570,
s586151275,p02936,u693378622,1588793424,Ruby,Ruby (2.3.3),rb,Accepted,748,27388,600,
s911836327,p02936,u484139840,1588791964,Python,Python (3.4.3),py,Runtime Error,1812,52340,494,
s799698356,p02936,u484139840,1588791721,Python,Python (3.4.3),py,Runtime Error,1538,45168,392,
s123219498,p02936,u485319545,1588789653,Python,PyPy3 (2.4.0),py,Wrong Answer,1776,79200,765,
s564782325,p02936,u485319545,1588789450,Python,PyPy3 (2.4.0),py,Runtime Error,1809,87840,725,
s381230840,p02936,u485319545,1588789305,Python,Python (3.4.3),py,Runtime Error,2110,48724,757,
s328311187,p02936,u914992391,1588788975,C++,C++14 (GCC 5.4.1),cpp,Accepted,325,30564,1375,
s810831173,p02936,u485319545,1588788408,Python,Python (3.4.3),py,Wrong Answer,2110,43248,521,
s530129440,p02936,u485319545,1588788272,Python,Python (3.4.3),py,Wrong Answer,2110,43244,475,
s602797319,p02936,u485319545,1588786772,Python,Python (3.4.3),py,Wrong Answer,2109,21516,370,
s541320516,p02936,u083254278,1588785375,C++,C++14 (GCC 5.4.1),cpp,Accepted,598,31232,951,
s277513710,p02936,u484139840,1588785261,Python,Python (3.4.3),py,Wrong Answer,2106,61940,556,
s200097292,p02936,u083254278,1588785175,C++,C++14 (GCC 5.4.1),cpp,Wrong Answer,579,30592,1029,
s412551016,p02936,u083254278,1588785128,C++,C++14 (GCC 5.4.1),cpp,Wrong Answer,891,31232,1020,
s649932914,p02936,u024782094,1588784508,Python,PyPy3 (2.4.0),py,Wrong Answer,1002,93476,324,
s619743644,p02936,u024782094,1588784339,Python,Python (3.4.3),py,Wrong Answer,1166,66648,324,
s837203028,p02936,u722928342,1588780601,C++,C++14 (GCC 5.4.1),cpp,Wrong Answer,97,7808,825,
s018166626,p02936,u722928342,1588780285,C++,C++14 (GCC 5.4.1),cpp,Wrong Answer,94,7040,824,
s195509669,p02936,u422506696,1588778172,C++,C++14 (GCC 5.4.1),cpp,Wrong Answer,2105,26880,808,
s762522670,p02936,u422506696,1588778101,C++,C++14 (GCC 5.4.1),cpp,Wrong Answer,534,29056,808,
s575362362,p02936,u412659798,1588777495,C++,C++14 (GCC 5.4.1),cpp,Accepted,644,23424,917,
s398716019,p02936,u412659798,1588777204,C++,C++14 (GCC 5.4.1),cpp,Runtime Error,578,274932,866,
s654372846,p02936,u412659798,1588777144,C++,C++14 (GCC 5.4.1),cpp,Runtime Error,554,274932,1108,
s053325708,p02936,u422506696,1588777047,C++,C++14 (GCC 5.4.1),cpp,Wrong Answer,2105,25216,716,
s066910193,p02936,u157195505,1588775744,C++,C++14 (GCC 5.4.1),cpp,Accepted,604,19440,1074,
s453524704,p02936,u189867560,1588772681,C++,C++14 (GCC 5.4.1),cpp,Accepted,556,193024,936,
s733593599,p02936,u498620941,1588765042,C++,C++14 (GCC 5.4.1),cpp,Accepted,299,23552,807,
s020851579,p02936,u579699847,1588764653,Python,Python (3.4.3),py,Accepted,1705,244184,774,
s735387682,p02936,u498620941,1588764530,C++,C++14 (GCC 5.4.1),cpp,Runtime Error,504,275176,830,
s278616308,p02936,u498620941,1588764459,C++,C++14 (GCC 5.4.1),cpp,Runtime Error,516,274932,830,
s172059166,p02936,u579699847,1588764264,Python,Python (3.4.3),py,Wrong Answer,1284,117816,782,
s824874562,p02936,u498620941,1588762577,C++,C++14 (GCC 5.4.1),cpp,Runtime Error,1946,3188,1346,
s492840055,p02936,u804999113,1588751156,C++,C++14 (GCC 5.4.1),cpp,Accepted,292,16244,747,
s884628918,p02936,u804999113,1588751041,C++,C++14 (GCC 5.4.1),cpp,Wrong Answer,326,15604,744,
s736448550,p02936,u804999113,1588750950,C++,C++14 (GCC 5.4.1),cpp,Runtime Error,2104,15604,741,
s293292416,p02936,u804999113,1588750909,C++,C++14 (GCC 5.4.1),cpp,Compile Error,,,742,
s942178738,p02936,u804999113,1588750815,C++,C++14 (GCC 5.4.1),cpp,Compile Error,,,736,
s439800479,p02936,u587669944,1588746688,C++,C++14 (GCC 5.4.1),cpp,Accepted,360,23424,739,
s725233775,p02936,u970449052,1588746615,Python,Python (3.4.3),py,Wrong Answer,1625,44868,211,
s148863362,p02936,u970449052,1588746550,Python,Python (3.4.3),py,Wrong Answer,1359,42440,203,
s712908254,p02936,u587669944,1588746513,C++,C++14 (GCC 5.4.1),cpp,Accepted,368,23552,721,
s505380423,p02936,u587669944,1588745253,C++,C++14 (GCC 5.4.1),cpp,Wrong Answer,347,20352,793,
s864213185,p02936,u914992391,1588740309,C++,C++14 (GCC 5.4.1),cpp,Wrong Answer,406,46308,1368,
s280063938,p02936,u587669944,1588740098,C++,C++14 (GCC 5.4.1),cpp,Accepted,365,23424,794,
s781959192,p02936,u620219777,1588738413,Ruby,Ruby (2.3.3),rb,Accepted,778,28924,444,
s239019129,p02936,u697696097,1588738245,Python,Python (3.4.3),py,Accepted,1594,234664,951,
s302235932,p02936,u697696097,1588738069,Python,Python (3.4.3),py,Accepted,1498,234836,899,
s574394675,p02936,u697696097,1588737717,Python,Python (3.4.3),py,Accepted,1581,234696,1147,
s916518514,p02936,u697696097,1588737607,Python,PyPy3 (2.4.0),py,Time Limit Exceeded,2150,751640,1146,
s657817468,p02936,u697696097,1588737420,Python,Python (3.4.3),py,Accepted,1562,234688,1148,
s895031460,p02936,u697696097,1588737295,Python,Python (3.4.3),py,Runtime Error,1084,95132,1203,
s834628262,p02936,u620219777,1588736400,Ruby,Ruby (2.3.3),rb,Runtime Error,819,32124,476,
s648728791,p02936,u620219777,1588736224,Ruby,Ruby (2.3.3),rb,Runtime Error,702,29948,455,
s339838434,p02936,u620219777,1588735470,Ruby,Ruby (2.3.3),rb,Runtime Error,2112,94524,434,
s018506142,p02936,u945901686,1588735167,C++,C++14 (GCC 5.4.1),cpp,Accepted,477,43776,881,
s896144703,p02936,u945901686,1588734465,C++,C++14 (GCC 5.4.1),cpp,Time Limit Exceeded,2105,28800,795,
s542310192,p02936,u139112865,1588734345,Python,Python (3.4.3),py,Accepted,1637,230920,509,
s381372223,p02936,u139112865,1588734263,Python,Python (3.4.3),py,Time Limit Exceeded,2112,230920,482,
s378796737,p02936,u139112865,1588734070,Python,Python (3.4.3),py,Runtime Error,1657,52268,420,
s914205849,p02936,u488758942,1588732854,C++,C++14 (GCC 5.4.1),cpp,Accepted,366,185984,2053,
s280609154,p02936,u487252913,1588730861,Java,Java8 (OpenJDK 1.8.0),java,Accepted,1924,185548,1883,
s161784419,p02936,u487252913,1588730429,Java,Java8 (OpenJDK 1.8.0),java,Wrong Answer,1881,181752,1713,
s642443263,p02936,u020238108,1588729345,C++,C++14 (GCC 5.4.1),cpp,Accepted,149,27392,728,
s657677689,p02936,u020238108,1588727921,C++,C++14 (GCC 5.4.1),cpp,Wrong Answer,117,24320,660,
s499784143,p02936,u223663729,1588721128,Python,Python (3.4.3),py,Accepted,1685,268436,489,
s317203329,p02936,u223663729,1588720823,Python,Python (3.4.3),py,Time Limit Exceeded,2126,272404,637,
s100689312,p02936,u223663729,1588720780,Python,Python (3.4.3),py,Runtime Error,2107,58624,606,
s079877923,p02936,u707124227,1588716358,Python,Python (3.4.3),py,Time Limit Exceeded,2066,389684,647,
s324410849,p02936,u707124227,1588716277,Python,Python (3.4.3),py,Time Limit Exceeded,2060,378320,655,
s689520479,p02936,u707124227,1588716170,Python,Python (3.4.3),py,Accepted,1755,352976,639,
s286837083,p02936,u707124227,1588716034,Python,Python (3.4.3),py,Time Limit Exceeded,2047,378316,659,
s676869788,p02936,u189867560,1588715679,C++,C++14 (GCC 5.4.1),cpp,Wrong Answer,523,196096,797,
s327568406,p02936,u189867560,1588715598,C++,C++14 (GCC 5.4.1),cpp,Wrong Answer,521,195328,798,
s705586704,p02936,u707124227,1588715278,Python,Python (3.4.3),py,Time Limit Exceeded,2121,378336,629,
s822911660,p02936,u707124227,1588714990,Python,Python (3.4.3),py,Runtime Error,1444,139192,586,
s667283784,p02936,u314260680,1588714407,C++,C++14 (GCC 5.4.1),cpp,Accepted,664,26624,1806,
s256388364,p02936,u707124227,1588713619,Python,Python (3.4.3),py,Time Limit Exceeded,2135,452776,826,
s075536200,p02936,u707124227,1588712387,Python,Python (3.4.3),py,Time Limit Exceeded,2117,206656,779,
s367445399,p02936,u287632390,1588711007,C++,C++14 (GCC 5.4.1),cpp,Accepted,590,16372,893,
s194059811,p02936,u955202970,1588710400,C++,C++14 (GCC 5.4.1),cpp,Accepted,655,24320,598,
s138498108,p02936,u955202970,1588709618,C++,C++14 (GCC 5.4.1),cpp,Wrong Answer,571,14848,483,
s317350713,p02936,u287632390,1588708992,C++,C++14 (GCC 5.4.1),cpp,Wrong Answer,568,14080,570,
s611043725,p02936,u572204849,1588708372,Java,Java8 (OpenJDK 1.8.0),java,Time Limit Exceeded,2110,276640,2037,
s521356993,p02936,u151005508,1588708354,Python,Python (3.4.3),py,Accepted,1690,276160,648,
s258238336,p02936,u637983859,1588707854,C++,C++14 (GCC 5.4.1),cpp,Runtime Error,4521,1780,3731,
s834460219,p02936,u637983859,1588707596,C++,C++14 (GCC 5.4.1),cpp,Runtime Error,2663,1780,3663,
s185174808,p02936,u735499035,1588707007,C++,C++14 (GCC 5.4.1),cpp,Accepted,317,24320,733,
s043065613,p02936,u353919145,1588706788,C++,C++14 (GCC 5.4.1),cpp,Accepted,135,26624,678,
s078565990,p02936,u735499035,1588706228,C++,C++14 (GCC 5.4.1),cpp,Wrong Answer,282,21120,620,
s923139986,p02936,u469783285,1588703718,C++,C++14 (GCC 5.4.1),cpp,Wrong Answer,1,256,820,
s797657093,p02936,u469783285,1588703678,C++,C++14 (GCC 5.4.1),cpp,Wrong Answer,1,256,822,
s064620536,p02936,u469783285,1588703640,C++,C++14 (GCC 5.4.1),cpp,Wrong Answer,1,256,822,
s791853704,p02936,u469783285,1588701864,C++,C++14 (GCC 5.4.1),cpp,Wrong Answer,88,3968,1131,
s142663750,p02936,u367602070,1588700231,C++,C++14 (GCC 5.4.1),cpp,Accepted,145,23552,4265,
s435043346,p02936,u469783285,1588699511,C++,C++14 (GCC 5.4.1),cpp,Wrong Answer,2104,22144,1256,
s554188957,p02936,u145179061,1588697021,C++,C++14 (GCC 5.4.1),cpp,Accepted,124,25600,1147,
s915268852,p02936,u145179061,1588696876,C++,C++14 (GCC 5.4.1),cpp,Wrong Answer,117,25600,1094,
s376732934,p02936,u145179061,1588696601,C++,C++14 (GCC 5.4.1),cpp,Wrong Answer,112,25600,1077,
s958848414,p02936,u145179061,1588696490,C++,C++14 (GCC 5.4.1),cpp,Wrong Answer,118,25600,1076,
s130587698,p02936,u145179061,1588696369,C++,C++14 (GCC 5.4.1),cpp,Runtime Error,283,12404,1596,
s327060373,p02936,u872887731,1588694082,Python,PyPy3 (2.4.0),py,Accepted,1827,108436,535,
s654247124,p02936,u872887731,1588693826,Python,Python (3.4.3),py,Wrong Answer,1695,54264,487,
s644177193,p02936,u427344224,1588692514,C++,C++14 (GCC 5.4.1),cpp,Accepted,281,46208,1401,
s531024789,p02936,u892487306,1588690660,Python,Python (3.4.3),py,Accepted,1926,93624,1119,
s421394038,p02936,u892487306,1588690103,Python,Python (3.4.3),py,Time Limit Exceeded,2115,89112,1442,
s695781085,p02936,u892487306,1588690029,Python,Python (3.4.3),py,Runtime Error,18,3064,1404,
s404185080,p02936,u579699847,1588674571,Python,Python (3.4.3),py,Accepted,1733,244144,768,
s324498055,p02936,u119477929,1588673108,C++,C++14 (GCC 5.4.1),cpp,Accepted,306,18748,1627,
s167160266,p02936,u927525869,1588673101,C++,C++14 (GCC 5.4.1),cpp,Accepted,137,23552,677,
s231884850,p02936,u119477929,1588673085,C++,C++14 (GCC 5.4.1),cpp,Wrong Answer,659,23484,1625,
s442780457,p02936,u927525869,1588672511,C++,C++14 (GCC 5.4.1),cpp,Wrong Answer,129,27136,621,
s364400961,p02936,u119477929,1588672369,C++,C++14 (GCC 5.4.1),cpp,Runtime Error,4270,1908,1662,
s128688868,p02936,u927525869,1588671961,C++,C++14 (GCC 5.4.1),cpp,Wrong Answer,152,26368,688,
s355777141,p02936,u579699847,1588670803,Python,Python (3.4.3),py,Accepted,1753,241964,762,
s556521661,p02936,u119477929,1588669958,C++,C++14 (GCC 5.4.1),cpp,Runtime Error,4152,1908,1656,
s519249591,p02936,u406132951,1588669567,C++,C++14 (GCC 5.4.1),cpp,Wrong Answer,403,34432,1273,
s484530065,p02936,u119477929,1588668302,C++,C++14 (GCC 5.4.1),cpp,Wrong Answer,296,14848,1206,
s290822629,p02936,u579699847,1588665177,Python,Python (3.4.3),py,Accepted,1614,241824,753,
s265825312,p02936,u579699847,1588664995,Python,Python (3.4.3),py,Accepted,1920,299224,816,
s453682260,p02936,u579699847,1588664760,Python,Python (3.4.3),py,Accepted,1681,260492,762,
s758983566,p02936,u579699847,1588664511,Python,Python (3.4.3),py,Accepted,1380,157216,724,
s194379853,p02936,u579699847,1588664346,Python,Python (3.4.3),py,Time Limit Exceeded,2113,157228,707,
s696482653,p02936,u406132951,1588664257,C++,C++14 (GCC 5.4.1),cpp,Wrong Answer,411,34432,1246,
s596972053,p02936,u579699847,1588664216,Python,Python (3.4.3),py,Time Limit Exceeded,2112,175768,711,
s444719709,p02936,u579699847,1588663268,Python,Python (3.4.3),py,Time Limit Exceeded,2112,130164,663,
s152511957,p02936,u579699847,1588661972,Python,Python (3.4.3),py,Wrong Answer,2119,255356,695,
s156828007,p02936,u579699847,1588661631,Python,Python (3.4.3),py,Time Limit Exceeded,2118,241916,741,
s924976485,p02936,u873616440,1588661424,Python,Python (3.4.3),py,Runtime Error,150,12480,334,
s588979755,p02936,u873616440,1588661236,Python,Python (3.4.3),py,Runtime Error,153,12448,333,
s303929666,p02936,u873616440,1588661175,Python,Python (3.4.3),py,Runtime Error,279,20472,310,
s068315689,p02936,u579699847,1588659142,Python,Python (3.4.3),py,Wrong Answer,1849,117984,727,
s629407609,p02936,u579699847,1588658996,Python,Python (3.4.3),py,Time Limit Exceeded,2120,260456,746,
s124582141,p02936,u579699847,1588657884,Python,Python (3.4.3),py,Time Limit Exceeded,2119,299464,803,
s972392621,p02936,u997648604,1588657778,Python,PyPy3 (2.4.0),py,Wrong Answer,1804,94336,757,
s901930123,p02936,u997648604,1588657159,Python,Python (3.4.3),py,Wrong Answer,2120,264436,639,
s260999387,p02936,u760748346,1588657082,C++,C++14 (GCC 5.4.1),cpp,Accepted,309,32128,1051,
s947828150,p02936,u760748346,1588656907,C++,C++14 (GCC 5.4.1),cpp,Time Limit Exceeded,2227,1525492,1050,
s381325898,p02936,u997648604,1588656375,Python,Python (3.4.3),py,Wrong Answer,2120,278376,766,
s005945137,p02936,u997648604,1588656146,Python,PyPy3 (2.4.0),py,Wrong Answer,2111,149700,766,
s478973728,p02936,u779216084,1588654976,C++,C++14 (GCC 5.4.1),cpp,Accepted,759,49280,1069,
s637912679,p02936,u579699847,1588653088,Python,Python (3.4.3),py,Wrong Answer,2122,321300,835,
s618840925,p02936,u579699847,1588652977,Python,Python (3.4.3),py,Wrong Answer,2121,321852,836,
s732565145,p02936,u406132951,1588649097,C++,C++14 (GCC 5.4.1),cpp,Wrong Answer,2104,20224,653,
s208569407,p02936,u406132951,1588648736,C++,C++14 (GCC 5.4.1),cpp,Wrong Answer,2105,26496,720,
s488554338,p02936,u945949346,1588646258,Rust,Rust (1.15.1),rs,Accepted,123,41208,2066,
s568519313,p02936,u945949346,1588645915,Rust,Rust (1.15.1),rs,Runtime Error,293,289016,1975,
s349494105,p02936,u945949346,1588645381,Rust,Rust (1.15.1),rs,Wrong Answer,120,38136,1914,
s281203887,p02936,u615662061,1588642602,C++,C++14 (GCC 5.4.1),cpp,Accepted,314,24320,1066,
s780822467,p02936,u387774811,1588640229,Python,Python (3.4.3),py,Accepted,1113,55728,481,
s674001177,p02936,u387774811,1588639776,Python,Python (3.4.3),py,Accepted,1058,66840,516,
s022691694,p02936,u387774811,1588639675,Python,Python (3.4.3),py,Accepted,1738,66848,478,
s580592304,p02936,u615662061,1588632060,C++,C++14 (GCC 5.4.1),cpp,Time Limit Exceeded,2108,24192,1030,
s851236997,p02936,u779216084,1588626577,C++,C++14 (GCC 5.4.1),cpp,Wrong Answer,2106,50816,881,
s682545704,p02936,u779216084,1588626197,C++,C++14 (GCC 5.4.1),cpp,Wrong Answer,2107,50816,914,
s091816031,p02936,u734345532,1588616606,C++,C++14 (GCC 5.4.1),cpp,Accepted,350,34432,1120,
s393134029,p02936,u734345532,1588615769,C++,C++14 (GCC 5.4.1),cpp,Time Limit Exceeded,2105,31488,1004,
s967365982,p02936,u578775554,1588614083,Java,Java8 (OpenJDK 1.8.0),java,Accepted,1915,167076,3194,
s132964823,p02936,u578775554,1588613965,Java,Java8 (OpenJDK 1.8.0),java,Accepted,1883,163632,3167,
s237143572,p02936,u578775554,1588612980,Java,Java8 (OpenJDK 1.8.0),java,Time Limit Exceeded,2110,253216,3159,
s101627864,p02936,u691018832,1588612639,Python,Python (3.4.3),py,Accepted,1154,56024,765,
s512169659,p02936,u691018832,1588612460,Python,Python (3.4.3),py,Wrong Answer,952,48216,734,
s820142743,p02936,u691018832,1588612339,Python,Python (3.4.3),py,Wrong Answer,907,49624,742,
s590795390,p02936,u578775554,1588609700,Java,Java8 (OpenJDK 1.8.0),java,Accepted,1720,146168,2810,
s381731299,p02936,u578775554,1588609244,Java,Java8 (OpenJDK 1.8.0),java,Time Limit Exceeded,2112,216224,1052,
s595277747,p02936,u578775554,1588609028,Java,Java8 (OpenJDK 1.8.0),java,Time Limit Exceeded,2109,232228,1166,
s802964307,p02936,u578775554,1588608694,Java,Java8 (OpenJDK 1.8.0),java,Time Limit Exceeded,2109,231892,1564,
s205574850,p02936,u578775554,1588608426,Java,Java8 (OpenJDK 1.8.0),java,Time Limit Exceeded,2109,251788,1481,
s493720861,p02936,u578775554,1588608292,Java,Java8 (OpenJDK 1.8.0),java,Time Limit Exceeded,2109,251496,1543,
s847431220,p02936,u086438369,1588603571,Python,Python (3.4.3),py,Accepted,1188,166708,701,
s284996007,p02936,u119148115,1588579296,Python,PyPy3 (2.4.0),py,Accepted,1985,152468,691,
s714549621,p02936,u119148115,1588578959,Python,PyPy3 (2.4.0),py,Time Limit Exceeded,2039,155968,659,
s847053137,p02936,u119148115,1588578527,Python,PyPy3 (2.4.0),py,Time Limit Exceeded,2015,154260,681,
s512314467,p02936,u119148115,1588578384,Python,Python (3.4.3),py,Time Limit Exceeded,2113,169256,681,
s924133254,p02936,u119148115,1588578344,Python,Python (3.4.3),py,Runtime Error,17,3064,285,
s504482309,p02936,u045679746,1588570781,C++,C++14 (Clang 3.8.0),cpp,Accepted,766,24064,1269,
s131406062,p02936,u676754184,1588558865,C#,C# (Mono 4.6.2.0),cs,Accepted,759,64332,1788,
s654798957,p02936,u676754184,1588558053,C#,C# (Mono 4.6.2.0),cs,Wrong Answer,692,64204,1633,
s748663800,p02936,u761994361,1588552958,C++,C++14 (GCC 5.4.1),cpp,Accepted,319,24320,690,
s661446067,p02936,u761994361,1588552423,C++,C++14 (GCC 5.4.1),cpp,Wrong Answer,292,21120,628,
s878397104,p02936,u073139376,1588552417,C++,C++14 (GCC 5.4.1),cpp,Accepted,326,29696,740,
s912460637,p02936,u073139376,1588551172,C++,C++14 (GCC 5.4.1),cpp,Wrong Answer,2105,23680,821,
s172600721,p02936,u761994361,1588550979,C++,C++14 (GCC 5.4.1),cpp,Wrong Answer,2104,20992,583,
s115686349,p02936,u135572611,1588549942,C++,C++14 (GCC 5.4.1),cpp,Accepted,451,23552,3595,
s180929186,p02936,u613257416,1588546098,C++,C++14 (GCC 5.4.1),cpp,Accepted,376,21120,1122,
s690304691,p02936,u132452589,1588545965,C++,C++14 (GCC 5.4.1),cpp,Accepted,624,20208,1065,
s625657295,p02936,u597622207,1588545612,Python,Python (3.4.3),py,Accepted,1842,301424,627,
s643827429,p02936,u597622207,1588545440,Python,Python (3.4.3),py,Time Limit Exceeded,2122,301344,600,
s804167570,p02936,u597622207,1588545420,Python,Python (3.4.3),py,Wrong Answer,2121,301372,602,
s660039256,p02936,u597622207,1588544689,Python,Python (3.4.3),py,Wrong Answer,2126,313112,611,
s502089364,p02936,u597622207,1588542120,Python,Python (3.4.3),py,Wrong Answer,2122,293388,469,
s658374714,p02936,u597622207,1588542015,Python,Python (3.4.3),py,Runtime Error,2113,135368,426,
s161186682,p02936,u273352618,1588541550,C++,C++14 (GCC 5.4.1),cpp,Accepted,156,23552,1389,
s556565679,p02936,u166340293,1588539463,Python,Python (3.4.3),py,Wrong Answer,2110,112996,478,
s975586472,p02936,u042113240,1588539386,Python,Python (3.4.3),py,Runtime Error,1687,59608,478,
s245544287,p02936,u455067221,1588539370,C++,C++14 (GCC 5.4.1),cpp,Accepted,644,23552,783,
s245800925,p02936,u455067221,1588539227,C++,C++14 (GCC 5.4.1),cpp,Wrong Answer,669,23296,782,
s189218762,p02936,u042113240,1588538677,Python,Python (3.4.3),py,Runtime Error,1710,59608,452,
s080469417,p02936,u042113240,1588538530,Python,Python (3.4.3),py,Runtime Error,1675,59612,463,
s388968560,p02936,u166340293,1588538513,Python,Python (3.4.3),py,Wrong Answer,2112,117624,489,
s095067379,p02936,u166340293,1588538317,Python,Python (3.4.3),py,Wrong Answer,1689,112420,412,
s832930777,p02936,u166340293,1588537887,Python,Python (3.4.3),py,Wrong Answer,2110,112304,427,
s032962437,p02936,u042113240,1588537881,Python,Python (3.4.3),py,Runtime Error,1487,49436,537,
s678710312,p02936,u166340293,1588537720,Python,Python (3.4.3),py,Wrong Answer,2110,111324,456,
s308073142,p02936,u631558039,1588537700,C++,C++14 (GCC 5.4.1),cpp,Accepted,729,255488,1850,
s648415111,p02936,u042113240,1588537129,Python,Python (3.4.3),py,Runtime Error,1718,52312,467,
s119051872,p02936,u166340293,1588537072,Python,Python (3.4.3),py,Wrong Answer,2111,111332,446,
s330335515,p02936,u631558039,1588536918,C++,C++14 (GCC 5.4.1),cpp,Runtime Error,353,243956,1837,
s910974995,p02936,u042113240,1588536872,Python,Python (3.4.3),py,Runtime Error,1562,48804,451,
s236745307,p02936,u631558039,1588536861,C++,C++14 (GCC 5.4.1),cpp,Compile Error,,,1838,
s392033332,p02936,u166340293,1588536777,Python,Python (3.4.3),py,Wrong Answer,2114,113324,492,
s745308551,p02936,u631558039,1588536766,C++,C++14 (GCC 5.4.1),cpp,Compile Error,,,1827,
s989879793,p02936,u631558039,1588536718,C++,C++14 (GCC 5.4.1),cpp,Compile Error,,,2066,
s757423360,p02936,u093861603,1588536717,Python,Python (3.4.3),py,Runtime Error,2107,58000,989,
s471344983,p02936,u281610856,1588527241,Python,Python (3.4.3),py,Accepted,1594,236928,598,
s921676277,p02936,u281610856,1588527204,Python,Python (3.4.3),py,Runtime Error,1073,59652,620,
s307772224,p02936,u102070373,1588526938,C++,C++14 (GCC 5.4.1),cpp,Wrong Answer,300,24320,535,
s924677797,p02936,u102070373,1588526612,C++,C++14 (GCC 5.4.1),cpp,Wrong Answer,2226,1605212,566,
s217423812,p02936,u042113240,1588523715,Python,Python (3.4.3),py,Runtime Error,2108,80728,464,
s436600916,p02936,u042113240,1588523354,Python,Python (3.4.3),py,Runtime Error,2108,69188,388,
s805267796,p02936,u042113240,1588522501,Python,Python (3.4.3),py,Runtime Error,1459,67760,404,
s283794076,p02936,u042113240,1588522335,Python,Python (3.4.3),py,Runtime Error,1444,67760,417,
s126697353,p02936,u426966697,1588521828,C++,C++14 (GCC 5.4.1),cpp,Accepted,307,15604,1070,
s764675923,p02936,u073895786,1588520923,C++,C++14 (GCC 5.4.1),cpp,Wrong Answer,251,7040,576,
s402332206,p02936,u426966697,1588520699,C++,C++14 (GCC 5.4.1),cpp,Wrong Answer,295,14080,778,
s754416393,p02936,u073895786,1588520405,C++,C++14 (GCC 5.4.1),cpp,Wrong Answer,253,5248,510,
s287473189,p02936,u507850687,1588519416,C++,C++14 (GCC 5.4.1),cpp,Accepted,594,18804,824,
s316392695,p02936,u507850687,1588519349,C++,C++14 (GCC 5.4.1),cpp,Accepted,602,18804,822,
s655509061,p02936,u576917603,1588518649,Python,PyPy3 (2.4.0),py,Wrong Answer,2108,77972,570,
s721649766,p02936,u576917603,1588518507,Python,PyPy3 (2.4.0),py,Wrong Answer,766,78612,474,
s228321048,p02936,u576917603,1588518252,Python,PyPy3 (2.4.0),py,Wrong Answer,819,80148,547,
s077515108,p02936,u000770457,1588516131,C++,C++14 (GCC 5.4.1),cpp,Wrong Answer,2103,5504,463,
s596695729,p02936,u021490137,1588512261,C++,C++14 (GCC 5.4.1),cpp,Accepted,605,23552,655,
s489147446,p02936,u021490137,1588511788,C++,C++14 (GCC 5.4.1),cpp,Wrong Answer,2236,1706896,665,
s970913073,p02936,u021490137,1588508228,C++,C++14 (GCC 5.4.1),cpp,Wrong Answer,2905,1726348,693,
s696519494,p02936,u021490137,1588507823,C++,C++14 (GCC 5.4.1),cpp,Wrong Answer,2105,23680,702,
s717972565,p02936,u012298376,1588484720,C++,C++14 (GCC 5.4.1),cpp,Accepted,143,16372,1106,
s090190406,p02936,u602301110,1588483200,C++,C++14 (GCC 5.4.1),cpp,Accepted,378,49012,1023,
s568577394,p02936,u968166680,1588481102,Python,Python (3.4.3),py,Accepted,1606,274404,822,
s290901803,p02936,u294700660,1588480836,C++,C++14 (GCC 5.4.1),cpp,Accepted,295,20976,2908,
s976202120,p02936,u888092736,1588480345,Python,Python (3.4.3),py,Wrong Answer,2119,260696,426,
s954977356,p02936,u083254278,1588467098,C++,C++14 (GCC 5.4.1),cpp,Accepted,621,16500,1389,
s632150173,p02936,u418810472,1588466403,C++,C++14 (GCC 5.4.1),cpp,Accepted,679,23424,798,
s343383638,p02936,u083254278,1588463770,C++,C++14 (GCC 5.4.1),cpp,Accepted,597,16500,920,
s320759411,p02936,u367908963,1588457889,Go,Go (1.6),go,Accepted,703,50048,792,
s916449474,p02936,u367908963,1588457560,Go,Go (1.6),go,Accepted,721,67584,808,
s725628650,p02936,u367908963,1588457162,Go,Go (1.6),go,Time Limit Exceeded,2108,21120,557,
s636566684,p02936,u060564167,1588456002,Python,Python (3.4.3),py,Wrong Answer,2123,272488,478,
s585364950,p02936,u377907412,1588455945,C++,C++14 (GCC 5.4.1),cpp,Accepted,301,17140,961,
s663235710,p02936,u060564167,1588455752,Python,Python (3.4.3),py,Wrong Answer,2121,272488,465,
s942426496,p02936,u196497077,1588455232,C++,C++14 (GCC 5.4.1),cpp,Accepted,587,50560,4308,
s245907339,p02936,u183284051,1588454982,Python,PyPy3 (2.4.0),py,Wrong Answer,2107,69452,694,
s891886414,p02936,u083254278,1588454821,C++,C++14 (GCC 5.4.1),cpp,Wrong Answer,2108,13312,681,
s268830680,p02936,u201387466,1588454769,Python,PyPy3 (2.4.0),py,Time Limit Exceeded,2151,774904,1035,
s774157224,p02936,u201387466,1588454741,Python,Python (3.4.3),py,Accepted,1593,230960,1035,
s470839090,p02936,u183284051,1588454542,Python,PyPy3 (2.4.0),py,Wrong Answer,836,62284,740,
s506183191,p02936,u201387466,1588454460,Python,Python (3.4.3),py,Accepted,1547,232212,1053,
s304969723,p02936,u201387466,1588454263,Python,PyPy3 (2.4.0),py,Time Limit Exceeded,2156,800504,1053,
s328086278,p02936,u616017354,1588453570,C++,C++14 (GCC 5.4.1),cpp,Wrong Answer,619,11648,917,
s231095645,p02936,u616017354,1588452914,C++,C++14 (GCC 5.4.1),cpp,Wrong Answer,2104,12672,894,
s006557230,p02936,u616017354,1588452772,C++,C++14 (GCC 5.4.1),cpp,Wrong Answer,2108,12672,890,
s606179149,p02936,u367908963,1588452553,Go,Go (1.6),go,Wrong Answer,2108,15744,768,
s763701882,p02936,u367908963,1588451510,Go,Go (1.6),go,Wrong Answer,2108,16004,700,
s008977012,p02936,u060564167,1588451406,Python,Python (3.4.3),py,Wrong Answer,2120,272488,425,
s258955430,p02936,u054475353,1588451158,C++,C++14 (GCC 5.4.1),cpp,Accepted,161,16500,752,
s453169290,p02936,u060564167,1588450092,Python,Python (3.4.3),py,Runtime Error,2109,100020,382,
s703832535,p02936,u083254278,1588449158,C++,C++14 (GCC 5.4.1),cpp,Wrong Answer,2104,13312,979,
s502913564,p02936,u546338822,1588447514,Python,Python (3.4.3),py,Wrong Answer,1507,75876,500,
s150411729,p02936,u546338822,1588447455,Python,Python (3.4.3),py,Wrong Answer,1647,80476,513,
s479478968,p02936,u855677173,1588446730,C++,C++14 (GCC 5.4.1),cpp,Accepted,147,24320,652,
s942611099,p02936,u620351704,1588445779,Go,Go (1.6),go,Accepted,720,50176,1060,
s320375843,p02936,u294700660,1588445246,C++,C++14 (GCC 5.4.1),cpp,Runtime Error,472,309248,2553,
s183312627,p02936,u294700660,1588445195,C++,C++14 (GCC 5.4.1),cpp,Runtime Error,447,267008,2550,
s395260624,p02936,u342075214,1588443599,C++,C++14 (GCC 5.4.1),cpp,Accepted,316,24320,793,
s511483264,p02936,u620351704,1588442780,Go,Go (1.6),go,Time Limit Exceeded,2108,25472,812,
s706600370,p02936,u113960459,1588440456,C++,C++14 (GCC 5.4.1),cpp,Wrong Answer,558,21120,580,
s441694910,p02936,u113960459,1588440411,C++,C++14 (GCC 5.4.1),cpp,Wrong Answer,578,21120,579,
s355868709,p02936,u620351704,1588440383,Go,Go (1.6),go,Wrong Answer,2108,19072,668,
s038675049,p02936,u113960459,1588440227,C++,C++14 (GCC 5.4.1),cpp,Wrong Answer,609,21120,570,
s686926587,p02936,u620351704,1588439948,Go,Go (1.6),go,Wrong Answer,2108,19200,620,
s325764052,p02936,u552746936,1588434987,Python,Python (3.4.3),py,Wrong Answer,1614,114152,337,
s842200572,p02936,u464052933,1588433955,C++,C++14 (GCC 5.4.1),cpp,Accepted,381,23424,703,
s460905007,p02936,u707053380,1588433662,C++,C++14 (GCC 5.4.1),cpp,Accepted,315,16372,1253,
s532568296,p02936,u556589653,1588432588,Python,Python (3.4.3),py,Runtime Error,2092,157492,491,
s729092396,p02936,u222822036,1588432457,Java,Java8 (OpenJDK 1.8.0),java,Accepted,1160,145208,3003,
s979047057,p02936,u556589653,1588432452,Python,Python (3.4.3),py,Runtime Error,1628,53848,459,
s922711686,p02936,u222822036,1588432343,Java,Java8 (OpenJDK 1.8.0),java,Accepted,1387,222260,2657,
s119240427,p02936,u556589653,1588432142,Python,Python (3.4.3),py,Wrong Answer,1295,17956,255,
s917230972,p02936,u222822036,1588430726,JavaScript,JavaScript (node.js v5.12),js,Wrong Answer,2112,134060,2765,
s981387045,p02936,u132360211,1588422553,Ruby,Ruby (2.3.3),rb,Accepted,1037,38648,446,
s848018899,p02936,u132360211,1588417951,Ruby,Ruby (2.3.3),rb,Wrong Answer,994,37116,322,
s282764844,p02936,u820925909,1588400331,C++,C++14 (GCC 5.4.1),cpp,Accepted,339,24320,1120,
s478860474,p02936,u820925909,1588400243,C++,C++14 (GCC 5.4.1),cpp,Wrong Answer,290,24320,1097,
s082962119,p02936,u787139585,1588399597,C++,C++14 (GCC 5.4.1),cpp,Accepted,294,27392,924,
s832076933,p02936,u776056110,1588399456,C++,C++14 (GCC 5.4.1),cpp,Accepted,314,16372,2738,
s917320333,p02936,u820925909,1588399442,C++,C++14 (GCC 5.4.1),cpp,Wrong Answer,311,24320,1130,
s858831328,p02936,u820925909,1588398928,C++,C++14 (GCC 5.4.1),cpp,Wrong Answer,310,24320,1096,
s311430523,p02936,u846634344,1588398182,C++,C++14 (GCC 5.4.1),cpp,Accepted,127,25856,947,
s594305570,p02936,u846634344,1588397785,C++,C++14 (GCC 5.4.1),cpp,Wrong Answer,2178,1267064,1045,
s435494663,p02936,u820925909,1588397424,C++,C++14 (GCC 5.4.1),cpp,Wrong Answer,2105,35072,1194,
s092979530,p02936,u846634344,1588397306,C++,C++14 (GCC 5.4.1),cpp,Runtime Error,362,276736,907,
s998513295,p02936,u846634344,1588397140,C++,C++14 (GCC 5.4.1),cpp,Runtime Error,370,276736,921,
s171554457,p02936,u787139585,1588396483,C++,C++14 (GCC 5.4.1),cpp,Time Limit Exceeded,2104,16888,1002,
s358884102,p02936,u846634344,1588396383,C++,C++14 (GCC 5.4.1),cpp,Wrong Answer,410,22784,851,
s188244654,p02936,u787139585,1588396038,C++,C++14 (GCC 5.4.1),cpp,Time Limit Exceeded,2104,18048,998,
s780151027,p02936,u502731482,1588395544,Python,Python (3.4.3),py,Accepted,1852,230932,506,
s420621098,p02936,u502731482,1588395171,Python,Python (3.4.3),py,Time Limit Exceeded,2112,230960,479,
s954312730,p02936,u502731482,1588395150,Python,Python (3.4.3),py,Runtime Error,1781,52312,487,
s872321302,p02936,u502731482,1588395107,Python,Python (3.4.3),py,Runtime Error,1675,52312,437,
s712477220,p02936,u132360211,1588393776,Ruby,Ruby (2.3.3),rb,Wrong Answer,963,37116,327,
s688490083,p02936,u053035261,1588393625,C++,C++14 (GCC 5.4.1),cpp,Accepted,381,27392,1356,
s786392710,p02936,u132360211,1588392102,Ruby,Ruby (2.3.3),rb,Wrong Answer,908,37884,322,
s533191591,p02936,u502731482,1588391769,Python,Python (3.4.3),py,Wrong Answer,1541,28452,373,
s266302746,p02936,u502731482,1588391326,Python,Python (3.4.3),py,Wrong Answer,2106,22772,472,
s211219394,p02936,u132360211,1588390915,Ruby,Ruby (2.3.3),rb,Wrong Answer,917,35068,311,
s247655382,p02936,u053035261,1588390328,C++,C++14 (GCC 5.4.1),cpp,Wrong Answer,491,44544,1316,
s665313592,p02936,u338931519,1588390195,C++,C++14 (GCC 5.4.1),cpp,Accepted,388,24320,570,
s389252730,p02936,u222822036,1588388960,JavaScript,JavaScript (node.js v5.12),js,Wrong Answer,2112,134036,2687,
s171778210,p02936,u582847048,1588388131,C++,C++14 (GCC 5.4.1),cpp,Accepted,401,32128,1009,
s460633280,p02936,u053035261,1588388080,C++,C++14 (GCC 5.4.1),cpp,Wrong Answer,2109,43648,1561,
s112386275,p02936,u582847048,1588387898,C++,C++14 (GCC 5.4.1),cpp,Runtime Error,562,276608,986,
s932432826,p02936,u582847048,1588387530,C++,C++14 (GCC 5.4.1),cpp,Wrong Answer,355,25856,932,
s099942914,p02936,u028061225,1588387261,C++,C++14 (GCC 5.4.1),cpp,Accepted,386,68736,724,
s223717213,p02936,u138062788,1588387261,C++,C++14 (GCC 5.4.1),cpp,Accepted,144,25856,1608,
s480892885,p02936,u582847048,1588386999,C++,C++14 (GCC 5.4.1),cpp,Wrong Answer,2104,23424,865,
s338252821,p02936,u582847048,1588386847,C++,C++14 (GCC 5.4.1),cpp,Runtime Error,349,12544,868,
s677839600,p02936,u868089307,1588385426,C++,C++14 (GCC 5.4.1),cpp,Accepted,321,16372,1206,
s677454882,p02936,u868089307,1588385037,C++,C++14 (GCC 5.4.1),cpp,Wrong Answer,2147,760364,1102,
s022597158,p02936,u814781830,1588384581,Python,PyPy3 (2.4.0),py,Time Limit Exceeded,2124,328312,509,
s301952286,p02936,u814781830,1588384548,Python,PyPy3 (2.4.0),py,Runtime Error,1984,130892,469,
s298104069,p02936,u740054550,1588383120,C++,C++14 (GCC 5.4.1),cpp,Accepted,384,24320,4231,
s508020877,p02936,u740054550,1588383062,C++,C++14 (GCC 5.4.1),cpp,Runtime Error,97,896,4228,
s079988666,p02936,u740054550,1588383031,C++,C++14 (GCC 5.4.1),cpp,Runtime Error,100,512,4228,
s752831591,p02936,u028061225,1588382825,C++,C++14 (GCC 5.4.1),cpp,Wrong Answer,2104,17280,1257,
s778294782,p02936,u028061225,1588381686,C++,C++14 (GCC 5.4.1),cpp,Wrong Answer,2104,17280,1240,
s728641779,p02936,u353402627,1588381388,C++,C++14 (GCC 5.4.1),cpp,Accepted,181,22640,1619,
s228373188,p02936,u412164358,1588375981,C++,C++14 (GCC 5.4.1),cpp,Accepted,144,30592,28620,
s090877690,p02936,u602252807,1588375555,Python,PyPy3 (2.4.0),py,Runtime Error,172,38384,1423,
s930684790,p02936,u602252807,1588375477,Python,PyPy3 (2.4.0),py,Wrong Answer,1950,90316,387,
s218014673,p02936,u602252807,1588375457,C++,C++14 (GCC 5.4.1),cpp,Wrong Answer,302,25088,1450,
s666962203,p02936,u602252807,1588375237,C++,C++14 (GCC 5.4.1),cpp,Wrong Answer,305,28160,1133,
s760315735,p02936,u433852402,1588375225,C++,C++14 (GCC 5.4.1),cpp,Accepted,613,16084,857,
s286469377,p02936,u089142196,1588373431,Python,Python (3.4.3),py,Accepted,1882,256232,547,
s399027460,p02936,u089142196,1588371871,Python,Python (3.4.3),py,Wrong Answer,1029,79300,495,
s713113001,p02936,u089142196,1588371596,Python,Python (3.4.3),py,Runtime Error,1305,83736,518,
s901156790,p02936,u615178274,1588370666,C++,C++14 (GCC 5.4.1),cpp,Accepted,440,177408,680,
s313515071,p02936,u056912761,1588370623,C++,C++14 (GCC 5.4.1),cpp,Accepted,374,23424,490,
s660947676,p02936,u056912761,1588369622,C++,C++14 (GCC 5.4.1),cpp,Accepted,376,23424,723,
s361464911,p02936,u089142196,1588369051,Python,PyPy3 (2.4.0),py,Runtime Error,2067,137016,481,
s653326982,p02936,u615178274,1588368629,C++,C++14 (GCC 5.4.1),cpp,Wrong Answer,2242,1295096,696,
s520188455,p02936,u615178274,1588368478,C++,C++14 (GCC 5.4.1),cpp,Wrong Answer,2281,1295096,686,
s798054800,p02936,u809967037,1588367425,C++,C++14 (GCC 5.4.1),cpp,Accepted,413,27392,5779,
s710416281,p02936,u089142196,1588367219,Python,Python (3.4.3),py,Runtime Error,1959,83736,498,
s530084019,p02936,u615178274,1588366207,C++,C++14 (GCC 5.4.1),cpp,Wrong Answer,2210,1262456,686,
s892180672,p02936,u089142196,1588358763,Python,Python (3.4.3),py,Wrong Answer,1566,47920,322,
s909426454,p02936,u089142196,1588358638,Python,Python (3.4.3),py,Wrong Answer,1485,63320,506,
s657762257,p02936,u054652697,1588352470,C++,C++14 (GCC 5.4.1),cpp,Accepted,143,24448,1675,
s749671776,p02936,u054652697,1588352076,C++,C++14 (GCC 5.4.1),cpp,Wrong Answer,155,24320,1484,
s740625141,p02936,u054652697,1588351582,C++,C++14 (GCC 5.4.1),cpp,Wrong Answer,2104,22144,1327,
s125863926,p02936,u952022797,1588348205,Python,PyPy3 (2.4.0),py,Accepted,1032,149560,4730,
s136273131,p02936,u047668580,1588343218,Python,Python (3.4.3),py,Accepted,1088,65320,827,
s956433627,p02936,u047668580,1588343176,Python,PyPy3 (2.4.0),py,Accepted,775,95888,827,
s443571597,p02936,u047668580,1588343030,Python,PyPy3 (2.4.0),py,Wrong Answer,801,95632,853,
s629324414,p02936,u047668580,1588342560,Python,PyPy3 (2.4.0),py,Time Limit Exceeded,2155,855416,916,
s430964055,p02936,u047668580,1588342250,Python,PyPy3 (2.4.0),py,Time Limit Exceeded,2159,922320,757,
s511303918,p02936,u047668580,1588341944,Python,PyPy3 (2.4.0),py,Time Limit Exceeded,2156,859892,872,
s982148753,p02936,u047668580,1588341860,Python,Python (3.4.3),py,Runtime Error,1776,240748,881,
s705506277,p02936,u047668580,1588341527,Python,Python (3.4.3),py,Time Limit Exceeded,2128,312796,1032,
s982039018,p02936,u047668580,1588341480,Python,Python (3.4.3),py,Runtime Error,1558,61660,1034,
s463608756,p02936,u047668580,1588340975,Python,PyPy3 (2.4.0),py,Runtime Error,164,38768,1014,
s821739135,p02936,u047668580,1588340800,Python,Python (3.4.3),py,Wrong Answer,2114,224860,987,
s135392613,p02936,u047668580,1588340658,Python,Python (3.4.3),py,Runtime Error,1778,60132,953,
s901942335,p02936,u047668580,1588339870,Python,Python (3.4.3),py,Wrong Answer,2111,60396,957,
s570214754,p02936,u870575557,1588338413,Nim,Nim (0.13.0),nim,Accepted,341,110408,1334,
s694351302,p02936,u350072791,1588322600,C++,C++14 (GCC 5.4.1),cpp,Accepted,311,22912,779,
s813361999,p02936,u595984176,1588321370,C++,C++14 (GCC 5.4.1),cpp,Accepted,298,24448,918,
s188047027,p02936,u801049006,1588320319,Python,PyPy3 (2.4.0),py,Accepted,1799,105236,471,
s268607789,p02936,u801049006,1588320272,Python,Python (3.4.3),py,Accepted,1704,56088,471,
s381007527,p02936,u801049006,1588319789,Python,Python (3.4.3),py,Time Limit Exceeded,2121,268464,452,
s172731563,p02936,u801049006,1588319656,Python,Python (3.4.3),py,Runtime Error,1715,52312,397,
s479026815,p02936,u801049006,1588319551,Python,Python (3.4.3),py,Runtime Error,1747,52312,401,
s871554996,p02936,u801049006,1588319056,Python,Python (3.4.3),py,Wrong Answer,2106,41212,444,
s144409925,p02936,u801049006,1588318778,Python,Python (3.4.3),py,Wrong Answer,2106,40880,377,
s777621067,p02936,u678167152,1588306860,Python,PyPy3 (2.4.0),py,Accepted,1829,105364,537,
s228120407,p02936,u678167152,1588306806,Python,Python (3.4.3),py,Accepted,1726,56168,537,
s038852425,p02936,u099619676,1588306753,C++,C++14 (GCC 5.4.1),cpp,Wrong Answer,2103,4096,1419,
s069230632,p02936,u099619676,1588306349,C++,C++14 (GCC 5.4.1),cpp,Wrong Answer,2103,3072,1442,
s846750538,p02936,u678167152,1588306306,Python,Python (3.4.3),py,Time Limit Exceeded,2118,232496,555,
s554398201,p02936,u678167152,1588305026,Python,PyPy3 (2.4.0),py,Wrong Answer,2121,303976,428,
s217890209,p02936,u099619676,1588304967,C++,C++14 (GCC 5.4.1),cpp,Wrong Answer,2103,4096,1416,
s359913586,p02936,u678167152,1588304907,Python,Python (3.4.3),py,Wrong Answer,2109,224560,428,
s099368841,p02936,u106778233,1588304074,Python,Python (3.4.3),py,Accepted,1718,56056,506,
s525433012,p02936,u998008108,1588302011,C++,C++14 (GCC 5.4.1),cpp,Accepted,137,44672,1595,
s656489192,p02936,u614875193,1588301118,Python,Python (3.4.3),py,Wrong Answer,1486,25828,333,
s262273204,p02936,u004646257,1588298574,PHP,PHP7 (7.0.15),php,Accepted,491,199160,1025,
s593508111,p02936,u004646257,1588298127,PHP,PHP7 (7.0.15),php,Time Limit Exceeded,2104,184904,946,
s117318313,p02936,u004646257,1588297997,PHP,PHP7 (7.0.15),php,Wrong Answer,2104,184904,957,
s127350225,p02936,u600244905,1588297942,C++,C++14 (GCC 5.4.1),cpp,Accepted,150,44672,2265,
s086461433,p02936,u004646257,1588297307,PHP,PHP7 (7.0.15),php,Wrong Answer,2104,111092,806,
s855355774,p02936,u004646257,1588297067,PHP,PHP7 (7.0.15),php,Time Limit Exceeded,2104,275320,1216,
s864715051,p02936,u004646257,1588296879,PHP,PHP7 (7.0.15),php,Runtime Error,984,459620,1228,
s710864029,p02936,u004646257,1588296785,PHP,PHP7 (7.0.15),php,Runtime Error,9,4604,1224,
s237635940,p02936,u004646257,1588296702,PHP,PHP7 (7.0.15),php,Runtime Error,9,4604,1430,
s750043841,p02936,u525008368,1588296013,C++,C++14 (GCC 5.4.1),cpp,Accepted,591,23424,804,
s500506096,p02936,u000212387,1588287143,C++,C++14 (GCC 5.4.1),cpp,Accepted,333,26868,1567,
s893547717,p02936,u000212387,1588286288,C++,C++14 (GCC 5.4.1),cpp,Wrong Answer,2104,21504,1553,
s322457952,p02936,u952022797,1588286005,Python,PyPy3 (2.4.0),py,Wrong Answer,1540,139592,6053,
s070748846,p02936,u294700660,1588283952,C++,C++14 (GCC 5.4.1),cpp,Wrong Answer,256,5504,2340,
s431398904,p02936,u294700660,1588283769,C++,C++14 (GCC 5.4.1),cpp,Wrong Answer,272,5504,2327,
s384160196,p02936,u131946248,1588283742,C++,C++14 (GCC 5.4.1),cpp,Accepted,460,38272,2075,
s142250608,p02936,u741815956,1588283206,C++,C++14 (GCC 5.4.1),cpp,Accepted,310,16372,960,
s754608772,p02936,u131946248,1588283085,C++,C++14 (GCC 5.4.1),cpp,Time Limit Exceeded,2244,2092288,2060,
s983317427,p02936,u131946248,1588282764,C++,C++14 (GCC 5.4.1),cpp,Time Limit Exceeded,2241,2068608,2071,
s661967496,p02936,u952022797,1588282275,Python,PyPy3 (2.4.0),py,Wrong Answer,890,96528,4284,
s698575979,p02936,u741815956,1588282152,C++,C++14 (GCC 5.4.1),cpp,Wrong Answer,317,16372,904,
s806202466,p02936,u741815956,1588280899,C++,C++14 (GCC 5.4.1),cpp,Wrong Answer,276,14848,766,
s755389046,p02936,u028061225,1588280882,C++,C++14 (GCC 5.4.1),cpp,Wrong Answer,278,6272,708,
s994256998,p02936,u741815956,1588280582,C++,C++14 (GCC 5.4.1),cpp,Wrong Answer,279,14848,853,
s993069582,p02936,u741815956,1588280382,C++,C++14 (GCC 5.4.1),cpp,Wrong Answer,281,14848,868,
s197496795,p02936,u162099603,1588279408,C++,C++14 (GCC 5.4.1),cpp,Accepted,328,25088,1565,
s034983689,p02936,u162099603,1588279317,C++,C++14 (GCC 5.4.1),cpp,Wrong Answer,364,30592,1562,
s305065949,p02936,u162099603,1588277667,C++,C++14 (GCC 5.4.1),cpp,Wrong Answer,357,24320,1423,
s456508025,p02936,u707124227,1588274637,Python,Python (3.4.3),py,Accepted,1708,340540,646,
s072867180,p02936,u707124227,1588274394,Python,Python (3.4.3),py,Time Limit Exceeded,2128,297704,493,
s213320590,p02936,u707124227,1588274171,Python,PyPy3 (2.4.0),py,Runtime Error,2077,157688,451,
s855281661,p02936,u707124227,1588273831,Python,Python (3.4.3),py,Runtime Error,1978,125736,529,
s847619197,p02936,u588794534,1588273452,Python,Python (3.4.3),py,Accepted,1668,233528,627,
s837349249,p02936,u588794534,1588273233,Python,Python (3.4.3),py,Runtime Error,1319,141828,621,
s724693720,p02936,u588794534,1588273007,Python,Python (3.4.3),py,Wrong Answer,2142,616356,654,
s476588370,p02936,u247366051,1588272844,C++,C++ (GCC 5.4.1),cpp,Accepted,366,20608,600,
s610201400,p02936,u588794534,1588272697,Python,PyPy3 (2.4.0),py,Runtime Error,1983,131660,553,
s553464588,p02936,u407213771,1588272545,C++,C++14 (GCC 5.4.1),cpp,Accepted,580,24832,1396,
s923620396,p02936,u707124227,1588268478,Python,Python (3.4.3),py,Wrong Answer,1841,151080,332,
s107717792,p02936,u707124227,1588268248,Python,Python (3.4.3),py,Wrong Answer,1719,147584,304,
s956490875,p02936,u434444160,1588267983,C#,C# (Mono 4.6.2.0),cs,Wrong Answer,1717,78132,1566,
s867083879,p02936,u707124227,1588267628,Python,Python (3.4.3),py,Wrong Answer,1752,125108,280,
s616369841,p02936,u434444160,1588267596,C#,C# (Mono 4.6.2.0),cs,Wrong Answer,2114,94384,1663,
s625619694,p02936,u434444160,1588266840,C#,C# (Mono 4.6.2.0),cs,Wrong Answer,2111,73532,1497,
s747606946,p02936,u707124227,1588264840,Python,Python (3.4.3),py,Wrong Answer,2113,66940,530,
s056136606,p02936,u707124227,1588260653,Python,Python (3.4.3),py,Wrong Answer,2110,115240,456,
s086955012,p02936,u476534289,1588258388,C++,C++14 (GCC 5.4.1),cpp,Accepted,643,23424,771,
s543910926,p02936,u476534289,1588257944,C++,C++14 (GCC 5.4.1),cpp,Wrong Answer,643,23552,653,
s751366568,p02936,u476534289,1588257904,C++,C++14 (GCC 5.4.1),cpp,Compile Error,,,700,
s801055289,p02936,u476534289,1588257055,C++,C++14 (GCC 5.4.1),cpp,Accepted,657,23424,700,
s240315156,p02936,u476534289,1588257026,C++,C++14 (GCC 5.4.1),cpp,Wrong Answer,653,23552,653,
s864910362,p02936,u294638337,1588256715,C++,C++14 (GCC 5.4.1),cpp,Accepted,88,24320,839,
s908084292,p02936,u912752743,1588255126,C++,C++14 (GCC 5.4.1),cpp,Accepted,663,24960,824,
s952077499,p02936,u595084562,1588251290,C++,C++14 (GCC 5.4.1),cpp,Accepted,291,16372,957,
s729183344,p02936,u074488832,1588236317,C++,C++14 (GCC 5.4.1),cpp,Accepted,677,23552,735,
s032104908,p02936,u203843959,1588224184,Python,Python (3.4.3),py,Time Limit Exceeded,2119,255664,609,
s145165197,p02936,u203843959,1588224120,Python,Python (3.4.3),py,Accepted,1665,257268,608,
s800851006,p02936,u203843959,1588223807,Python,Python (3.4.3),py,Accepted,1648,230908,487,
s298995634,p02936,u203843959,1588223749,Python,Python (3.4.3),py,Runtime Error,793,47896,489,
s859221461,p02936,u203843959,1588222609,Python,Python (3.4.3),py,Time Limit Exceeded,2118,232468,511,
s769356692,p02936,u203843959,1588221966,Python,Python (3.4.3),py,Time Limit Exceeded,2118,236944,498,
s156099623,p02936,u338824669,1588221663,Python,Python (3.4.3),py,Time Limit Exceeded,2118,230928,465,
s547284223,p02936,u203843959,1588220586,Python,Python (3.4.3),py,Time Limit Exceeded,2118,262352,689,
s282614259,p02936,u595952233,1588219552,Python,Python (3.4.3),py,Accepted,1662,269716,528,
s434138618,p02936,u203843959,1588219527,Python,Python (3.4.3),py,Wrong Answer,2119,255744,600,
s974763632,p02936,u595952233,1588219245,Python,PyPy3 (2.4.0),py,Time Limit Exceeded,2123,340540,516,
s306920463,p02936,u595952233,1588219145,Python,Python (3.4.3),py,Time Limit Exceeded,2114,271252,516,
s857188191,p02936,u595952233,1588217862,Python,Python (3.4.3),py,Wrong Answer,1416,42912,520,
s167685133,p02936,u595952233,1588217307,Python,Python (3.4.3),py,Wrong Answer,2105,32676,427,
s800662814,p02936,u595952233,1588217283,Python,Python (3.4.3),py,Runtime Error,17,2940,499,
s376880335,p02936,u595952233,1588216921,Python,Python (3.4.3),py,Runtime Error,2111,127256,422,
s176275438,p02936,u093792099,1588215815,C++,C++14 (GCC 5.4.1),cpp,Accepted,149,15572,1712,
s351515153,p02936,u869919607,1588214689,C++,C++14 (GCC 5.4.1),cpp,Accepted,530,54016,1019,
s387491874,p02936,u773580152,1588213385,C#,C# (Mono 4.6.2.0),cs,Accepted,660,72668,3165,
s993466831,p02936,u686036872,1588212389,Python,Python (3.4.3),py,Accepted,1736,56152,505,
s613720645,p02936,u025501820,1588211655,Python,Python (3.4.3),py,Accepted,1738,65280,541,
s267461389,p02936,u025501820,1588211413,Python,Python (3.4.3),py,Accepted,1837,56724,533,
s590300958,p02936,u025501820,1588211095,Python,Python (3.4.3),py,Time Limit Exceeded,2037,66160,705,
s614790709,p02936,u025501820,1588210462,Python,Python (3.4.3),py,Time Limit Exceeded,2048,65336,805,
s762642631,p02936,u025501820,1588210358,Python,Python (3.4.3),py,Time Limit Exceeded,2018,65276,801,
s513672252,p02936,u025501820,1588209868,Python,Python (3.4.3),py,Time Limit Exceeded,2040,65276,801,
s344170052,p02936,u686036872,1588209125,Python,Python (3.4.3),py,Runtime Error,21,6132,278,
s214024514,p02936,u773580152,1588208925,C#,C# (Mono 4.6.2.0),cs,Wrong Answer,652,42596,2893,
s132886914,p02936,u762158020,1588208163,C++,C++14 (GCC 5.4.1),cpp,Accepted,334,28928,914,
s111668082,p02936,u773580152,1588208069,C#,C# (Mono 4.6.2.0),cs,Wrong Answer,585,43628,2867,
s083545945,p02936,u025501820,1588208045,Python,Python (3.4.3),py,Time Limit Exceeded,2107,50648,934,
s257056446,p02936,u025501820,1588207710,Python,Python (3.4.3),py,Time Limit Exceeded,2107,52060,928,
s650323811,p02936,u773580152,1588207519,C#,C# (Mono 4.6.2.0),cs,Wrong Answer,2108,29160,3058,
s556369039,p02936,u917558625,1588203793,Python,Python (3.4.3),py,Accepted,1795,55860,412,
s860747276,p02936,u074488832,1588201690,C++,C++14 (GCC 5.4.1),cpp,Accepted,660,23424,735,
s130706788,p02936,u571867512,1588201210,Python,PyPy3 (2.4.0),py,Accepted,1968,153328,1089,
s917087897,p02936,u571867512,1588201108,Python,Python (3.4.3),py,Accepted,1896,141160,1089,
s358258216,p02936,u917558625,1588200592,Python,Python (3.4.3),py,Wrong Answer,2107,113588,289,
s230004352,p02936,u912752743,1588196246,C++,C++14 (GCC 5.4.1),cpp,Accepted,397,24320,855,
s669563663,p02936,u617228707,1588195989,C++,C++14 (GCC 5.4.1),cpp,Accepted,306,21360,970,
s294835986,p02936,u617228707,1588195580,C++,C++14 (GCC 5.4.1),cpp,Wrong Answer,288,19072,871,
s780219634,p02936,u617228707,1588195326,C++,C++14 (GCC 5.4.1),cpp,Runtime Error,2104,14848,869,
s971451442,p02936,u617228707,1588194668,C++,C++14 (GCC 5.4.1),cpp,Wrong Answer,2104,14848,798,
s951114561,p02936,u633967774,1588193757,C++,C++14 (GCC 5.4.1),cpp,Accepted,365,24320,735,
s185163357,p02936,u633967774,1588193590,C++,C++14 (GCC 5.4.1),cpp,Runtime Error,385,16640,718,
s949821169,p02936,u068713120,1588193424,C++,C++14 (GCC 5.4.1),cpp,Accepted,305,24320,869,
s221718069,p02936,u395287054,1588184300,C++,C++14 (GCC 5.4.1),cpp,Accepted,673,23424,866,
s215780144,p02936,u920543723,1588183999,C++,C++14 (GCC 5.4.1),cpp,Accepted,144,23424,723,
s884351042,p02936,u920543723,1588183868,C++,C++14 (GCC 5.4.1),cpp,Wrong Answer,149,23296,720,
s488677080,p02936,u731665172,1588183741,C++,C++14 (GCC 5.4.1),cpp,Accepted,701,24448,548,
s438189316,p02936,u731665172,1588183612,C++,C++14 (GCC 5.4.1),cpp,Runtime Error,2110,275968,546,
s018213979,p02936,u731665172,1588183566,C++,C++14 (GCC 5.4.1),cpp,Runtime Error,2110,275968,537,
s954935560,p02936,u731665172,1588182838,C++,C++14 (GCC 5.4.1),cpp,Wrong Answer,669,16256,546,
s914765549,p02936,u731665172,1588182771,C++,C++14 (GCC 5.4.1),cpp,Wrong Answer,671,16384,538,
s010830435,p02936,u731665172,1588182709,C++,C++14 (GCC 5.4.1),cpp,Wrong Answer,654,16256,537,
s401141779,p02936,u731665172,1588182557,C++,C++14 (GCC 5.4.1),cpp,Compile Error,,,536,
s101923854,p02936,u731665172,1588182534,C++,C++14 (GCC 5.4.1),cpp,Compile Error,,,536,
s100185338,p02936,u731665172,1588182238,C++,C++14 (GCC 5.4.1),cpp,Compile Error,,,534,
s543117783,p02936,u499966353,1588182210,C++,C++14 (GCC 5.4.1),cpp,Accepted,241,46208,1747,
s192085006,p02936,u731665172,1588182183,C++,C++14 (GCC 5.4.1),cpp,Compile Error,,,516,
s756171544,p02936,u731665172,1588182160,C++,C++14 (GCC 5.4.1),cpp,Compile Error,,,516,
s641492915,p02936,u731665172,1588182074,C++,C++14 (GCC 5.4.1),cpp,Compile Error,,,513,
s697414838,p02936,u731665172,1588182047,C++,C++14 (GCC 5.4.1),cpp,Compile Error,,,514,
s942167783,p02936,u395287054,1588181707,C++,C++14 (GCC 5.4.1),cpp,Runtime Error,211,1912,829,
s616401512,p02936,u731665172,1588181436,C++,C++14 (GCC 5.4.1),cpp,Compile Error,,,514,
s484259367,p02936,u395287054,1588181324,C++,C++14 (GCC 5.4.1),cpp,Runtime Error,208,2040,772,
s746560863,p02936,u499966353,1588181306,C++,C++14 (GCC 5.4.1),cpp,Time Limit Exceeded,2109,46080,1679,
s230046030,p02936,u499966353,1588180989,C++,C++14 (GCC 5.4.1),cpp,Time Limit Exceeded,2106,50688,1636,
s530736006,p02936,u145231176,1588171835,Python,PyPy3 (2.4.0),py,Accepted,1899,105620,892,
s585075382,p02936,u145231176,1588171804,Python,PyPy3 (2.4.0),py,Wrong Answer,2113,125428,903,
s405899133,p02936,u145231176,1588170229,Python,PyPy3 (2.4.0),py,Wrong Answer,1806,90772,836,
s695778203,p02936,u145231176,1588168852,Python,PyPy3 (2.4.0),py,Wrong Answer,2111,129484,552,
s904269216,p02936,u057109575,1588168547,Python,PyPy3 (2.4.0),py,Accepted,1997,122476,602,
s725222455,p02936,u145231176,1588168449,Python,PyPy3 (2.4.0),py,Wrong Answer,2112,131844,578,
s719060221,p02936,u057109575,1588168204,Python,PyPy3 (2.4.0),py,Wrong Answer,1999,120848,420,
s469647078,p02936,u145231176,1588167837,Python,PyPy3 (2.4.0),py,Wrong Answer,2127,378616,497,
s847607836,p02936,u282636125,1588157255,C++,C++14 (GCC 5.4.1),cpp,Accepted,304,18032,780,
s315438256,p02936,u410878763,1588156352,C++,C++14 (GCC 5.4.1),cpp,Accepted,327,30816,858,
s666129930,p02936,u410878763,1588155836,C++,C++14 (GCC 5.4.1),cpp,Runtime Error,501,275072,840,
s927650277,p02936,u410878763,1588155531,C++,C++14 (GCC 5.4.1),cpp,Runtime Error,502,275072,837,
s466915552,p02936,u552746936,1588149299,Python,Python (3.4.3),py,Wrong Answer,2113,104040,413,
s148225464,p02936,u552746936,1588149075,Python,Python (3.4.3),py,Wrong Answer,2110,102204,412,
s456569233,p02936,u050087249,1588142848,C++,C++14 (GCC 5.4.1),cpp,Accepted,393,27392,671,
s546758279,p02936,u185249212,1588141583,Python,PyPy3 (2.4.0),py,Accepted,1484,122824,2420,
s554614775,p02936,u185249212,1588140806,Python,PyPy3 (2.4.0),py,Wrong Answer,1602,137688,2296,
s855324017,p02936,u984621967,1588138124,C++,C++14 (GCC 5.4.1),cpp,Accepted,319,25856,687,
s857012374,p02936,u799477772,1588135127,C++,C++14 (GCC 5.4.1),cpp,Wrong Answer,2104,19956,1028,
s179565792,p02936,u259335077,1588131230,C++,C++14 (GCC 5.4.1),cpp,Accepted,126,16372,2727,
s384483358,p02936,u259335077,1588131013,C++,C++14 (GCC 5.4.1),cpp,Accepted,135,16372,2955,
s313762199,p02936,u587669944,1588124596,C++,C++14 (GCC 5.4.1),cpp,Accepted,369,23424,722,
s661799926,p02936,u587669944,1588124549,C++,C++14 (GCC 5.4.1),cpp,Accepted,662,23552,676,
s721510759,p02936,u587669944,1588124477,C++,C++14 (GCC 5.4.1),cpp,Accepted,408,23424,722,
s944719695,p02936,u587669944,1588123570,C++,C++14 (GCC 5.4.1),cpp,Accepted,688,23552,673,
s098903971,p02936,u852449189,1588121306,C++,C++14 (GCC 5.4.1),cpp,Accepted,131,23148,2678,
s792732463,p02936,u882037708,1588098848,C++,C++14 (GCC 5.4.1),cpp,Accepted,306,30592,1706,
s232541086,p02936,u784022244,1588096269,Python,PyPy3 (2.4.0),py,Time Limit Exceeded,2123,328184,515,
s393753406,p02936,u784022244,1588096229,Python,PyPy3 (2.4.0),py,Wrong Answer,2126,360184,491,
s719064664,p02936,u093931084,1588094219,C#,C# (Mono 4.6.2.0),cs,Accepted,1044,116564,4422,
s585683025,p02936,u093931084,1588091957,C#,C# (Mono 4.6.2.0),cs,Time Limit Exceeded,2115,101672,4753,
s301548626,p02936,u093931084,1588091669,C#,C# (Mono 4.6.2.0),cs,Time Limit Exceeded,2111,91748,5005,
s275555323,p02936,u327532412,1588077856,Python,Python (3.4.3),py,Accepted,1117,55856,559,
s347091328,p02936,u327532412,1588077455,Python,PyPy3 (2.4.0),py,Time Limit Exceeded,2154,682616,511,
s629775286,p02936,u327532412,1588077034,Python,PyPy3 (2.4.0),py,Time Limit Exceeded,2122,314232,457,
s685988128,p02936,u327532412,1588076976,Python,Python (3.4.3),py,Time Limit Exceeded,2120,268464,457,
s476542412,p02936,u327532412,1588075934,Python,Python (3.4.3),py,Runtime Error,1700,52292,418,
s903127062,p02936,u532086793,1588063851,C++,C++14 (GCC 5.4.1),cpp,Wrong Answer,272,4736,1141,
s680271046,p02936,u109191542,1588057066,C++,C++14 (GCC 5.4.1),cpp,Accepted,370,24320,579,
s163639919,p02936,u109191542,1588056852,C++,C++14 (GCC 5.4.1),cpp,Runtime Error,100,256,725,
s385529904,p02936,u109191542,1588056821,C++,C++14 (GCC 5.4.1),cpp,Accepted,363,27136,733,
s602495570,p02936,u571794900,1588055836,C++,C++14 (GCC 5.4.1),cpp,Accepted,147,25856,833,
s276266284,p02936,u896847891,1588054588,C++,C++14 (GCC 5.4.1),cpp,Accepted,354,20992,630,
s986244188,p02936,u541610817,1588052297,Python,Python (3.4.3),py,Accepted,1628,323596,755,
s898527133,p02936,u541610817,1588052261,Python,Python (3.4.3),py,Accepted,1755,230960,639,
s857756310,p02936,u541610817,1588052231,Python,Python (3.4.3),py,Time Limit Exceeded,2117,230928,640,
s731597671,p02936,u541610817,1588052134,Python,Python (3.4.3),py,Time Limit Exceeded,2118,323640,728,
s984063984,p02936,u541610817,1588051225,Python,PyPy3 (2.4.0),py,Time Limit Exceeded,2121,295620,757,
s606397139,p02936,u729911058,1588051191,Ruby,Ruby (2.3.3),rb,Accepted,1216,48540,841,
s525761023,p02936,u541610817,1588051188,Python,Python (3.4.3),py,Time Limit Exceeded,2129,335208,757,
s359067923,p02936,u541610817,1588051137,Python,Python (3.4.3),py,Runtime Error,21,3316,757,
s704777257,p02936,u541610817,1588051062,Python,Python (3.4.3),py,Runtime Error,1930,126056,713,
s060284719,p02936,u729911058,1588051028,Ruby,Ruby (2.3.3),rb,Runtime Error,876,33532,840,
s234760201,p02936,u894496005,1588048229,C++,C++14 (GCC 5.4.1),cpp,Wrong Answer,645,23552,656,
s980112732,p02936,u894496005,1588047943,C++,C++14 (GCC 5.4.1),cpp,Accepted,673,23552,653,
s806344668,p02936,u280552586,1588047802,Python,PyPy3 (2.4.0),py,Accepted,769,93440,545,
s367986506,p02936,u280552586,1588047764,Python,Python (3.4.3),py,Accepted,1121,55856,545,
s881267668,p02936,u109191542,1588047523,C++,C++14 (GCC 5.4.1),cpp,Runtime Error,99,256,748,
s496267246,p02936,u109191542,1588047330,C++,C++14 (GCC 5.4.1),cpp,Runtime Error,102,15872,763,
s839361864,p02936,u894496005,1588046992,C++,C++14 (GCC 5.4.1),cpp,Wrong Answer,2104,22144,652,
s970761410,p02936,u280552586,1588046668,Python,Python (3.4.3),py,Time Limit Exceeded,2117,230960,493,
s758687914,p02936,u280552586,1588046614,Python,Python (3.4.3),py,Accepted,1637,230960,520,
s769329378,p02936,u280552586,1588046415,Python,Python (3.4.3),py,Runtime Error,1218,52300,491,
s784275274,p02936,u894496005,1588046162,C++,C++14 (GCC 5.4.1),cpp,Wrong Answer,2104,21376,604,
s995350524,p02936,u894496005,1588045760,C++,C++14 (GCC 5.4.1),cpp,Wrong Answer,2256,1676932,599,
s469304445,p02936,u790710233,1588045472,Python,Python (3.4.3),py,Accepted,1753,237360,518,
s796656929,p02936,u790710233,1588045441,Python,PyPy3 (2.4.0),py,Time Limit Exceeded,2149,740472,518,
s037150805,p02936,u109191542,1588045384,C++,C++14 (GCC 5.4.1),cpp,Runtime Error,110,31488,675,
s891794171,p02936,u109191542,1588043949,C++,C++14 (GCC 5.4.1),cpp,Runtime Error,103,256,648,
s285170903,p02936,u109191542,1588039963,C++,C++14 (GCC 5.4.1),cpp,Compile Error,,,666,
s153958805,p02936,u274962354,1588039115,Java,Java8 (OpenJDK 1.8.0),java,Accepted,1135,115884,6801,
s250348560,p02936,u275488634,1588037749,C++,C++14 (GCC 5.4.1),cpp,Accepted,290,16372,1201,
s925811627,p02936,u275488634,1588037149,C++,C++14 (GCC 5.4.1),cpp,Wrong Answer,288,14976,1177,
s048081915,p02936,u275488634,1588037055,C++,C++14 (GCC 5.4.1),cpp,Wrong Answer,278,14080,1179,
s644242966,p02936,u115927976,1588035254,C++,C++14 (GCC 5.4.1),cpp,Accepted,310,15604,844,
s562383464,p02936,u109191542,1588035016,C++,C++14 (GCC 5.4.1),cpp,Compile Error,,,735,
s246223376,p02936,u109191542,1588034933,C++,C++14 (GCC 5.4.1),cpp,Compile Error,,,743,
s540467256,p02936,u115927976,1588034917,C++,C++14 (GCC 5.4.1),cpp,Wrong Answer,283,14080,817,
s991455134,p02936,u401452016,1588034848,Python,Python (3.4.3),py,Accepted,1660,328172,824,
s839870727,p02936,u109191542,1588034845,C++,C++14 (GCC 5.4.1),cpp,Compile Error,,,742,
s320459393,p02936,u401452016,1588034538,Python,Python (3.4.3),py,Runtime Error,1111,113416,789,
s210611171,p02936,u109191542,1588034452,C++,C++14 (GCC 5.4.1),cpp,Compile Error,,,735,
s717138371,p02936,u401452016,1588034425,Python,Python (3.4.3),py,Runtime Error,1107,113108,789,
s884184526,p02936,u109191542,1588034326,C++,C++14 (GCC 5.4.1),cpp,Runtime Error,289,69748,743,
s500344901,p02936,u109191542,1588034251,C++,C++14 (GCC 5.4.1),cpp,Runtime Error,113,508,735,
s661107695,p02936,u816742421,1588034106,C++,C++14 (GCC 5.4.1),cpp,Accepted,322,16372,667,
s590807713,p02936,u109191542,1588034082,C++,C++14 (GCC 5.4.1),cpp,Runtime Error,97,256,739,
s824710451,p02936,u454524105,1588032076,Python,Python (3.4.3),py,Wrong Answer,1804,66892,480,
s478316609,p02936,u686962993,1588028281,C++,C++14 (GCC 5.4.1),cpp,Accepted,141,32128,1002,
s105597496,p02936,u141786930,1588027377,Python,Python (3.4.3),py,Accepted,1825,67272,579,
s064495690,p02936,u686962993,1588027361,C++,C++14 (GCC 5.4.1),cpp,Runtime Error,2368,39540,1111,
s129473258,p02936,u686962993,1588027104,C++,C++14 (GCC 5.4.1),cpp,Time Limit Exceeded,2201,1355904,1104,
s724428122,p02936,u686962993,1588026743,C++,C++14 (GCC 5.4.1),cpp,Time Limit Exceeded,2244,2062336,1083,
s562449928,p02936,u321355907,1588026455,C++,C++14 (GCC 5.4.1),cpp,Accepted,314,15604,1314,
s105616599,p02936,u141786930,1588023297,Python,Python (3.4.3),py,Wrong Answer,2107,58128,513,
s031086784,p02936,u867848444,1588023246,Python,Python (3.4.3),py,Accepted,1531,134640,669,
s632403558,p02936,u867848444,1588023116,Python,PyPy3 (2.4.0),py,Accepted,1997,121500,633,
s075860389,p02936,u195132800,1588021361,C++,C++14 (GCC 5.4.1),cpp,Accepted,317,30464,1828,
s909357019,p02936,u195132800,1588021038,C++,C++14 (GCC 5.4.1),cpp,Wrong Answer,284,24320,1765,
s640782159,p02936,u748577909,1588020332,C++,C++14 (GCC 5.4.1),cpp,Accepted,149,23552,1183,
s570852020,p02936,u581816556,1588017380,C,C (GCC 5.4.1),c,Accepted,1513,812800,1478,
s163736624,p02936,u685978216,1588013713,Java,Java8 (OpenJDK 1.8.0),java,Accepted,1222,133156,4953,
s513582383,p02936,u024442309,1588010946,C++,C++14 (GCC 5.4.1),cpp,Accepted,667,23552,619,
s646961203,p02936,u024442309,1588007346,Python,Python (3.4.3),py,Runtime Error,1793,49112,428,
s946271384,p02936,u581816556,1588006495,C,C (GCC 5.4.1),c,Accepted,138,31232,1276,
s375600598,p02936,u037098269,1588004784,C++,C++14 (GCC 5.4.1),cpp,Accepted,378,24320,881,
s377840635,p02936,u581816556,1588004557,C,C (GCC 5.4.1),c,Time Limit Exceeded,2104,17140,2722,
s642996648,p02936,u581816556,1587998615,C,C (GCC 5.4.1),c,Time Limit Exceeded,2103,17964,2211,
s744309718,p02936,u581816556,1587997311,C,C (GCC 5.4.1),c,Time Limit Exceeded,2103,13228,1971,
s798913045,p02936,u037098269,1587990343,Python,PyPy3 (2.4.0),py,Time Limit Exceeded,2124,334456,721,
s078098920,p02936,u037098269,1587990073,Python,Python (3.4.3),py,Time Limit Exceeded,2121,233904,721,
s298356131,p02936,u037098269,1587989972,Python,Python (3.4.3),py,Runtime Error,1992,58056,678,
s930325864,p02936,u507850687,1587954905,C++,C++14 (GCC 5.4.1),cpp,Wrong Answer,559,7808,514,
s270963547,p02936,u503221936,1587948872,C++,C++14 (GCC 5.4.1),cpp,Accepted,350,23552,999,
s842128038,p02936,u503221936,1587948622,C++,C++14 (GCC 5.4.1),cpp,Wrong Answer,330,23424,972,
s469164790,p02936,u503221936,1587948107,C++,C++14 (GCC 5.4.1),cpp,Wrong Answer,333,22656,859,
s010279927,p02936,u503221936,1587947507,C++,C++14 (GCC 5.4.1),cpp,Wrong Answer,318,22656,826,
s708475510,p02936,u503221936,1587947192,C++,C++14 (GCC 5.4.1),cpp,Wrong Answer,320,24320,1079,
s702852515,p02936,u503221936,1587946538,C++,C++14 (GCC 5.4.1),cpp,Wrong Answer,2103,5376,897,
s569997285,p02936,u767664985,1587943530,Python,Python (3.4.3),py,Wrong Answer,1574,47832,362,
s467830714,p02936,u047452365,1587942245,C++,C++14 (GCC 5.4.1),cpp,Wrong Answer,2105,36480,1136,
s845167615,p02936,u581816556,1587941437,C,C (GCC 5.4.1),c,Time Limit Exceeded,2104,13056,1680,
s065409498,p02936,u581816556,1587940172,C,C (GCC 5.4.1),c,Time Limit Exceeded,2104,17772,1938,
s642886549,p02936,u837654535,1587939457,C++,C++14 (GCC 5.4.1),cpp,Accepted,381,23424,851,
s410864729,p02936,u882037708,1587937350,C++,C++14 (GCC 5.4.1),cpp,Wrong Answer,305,30592,1683,
s085582469,p02936,u882037708,1587937033,C++,C++14 (GCC 5.4.1),cpp,Wrong Answer,300,30336,1682,
s858305854,p02936,u882037708,1587936876,C++,C++14 (GCC 5.4.1),cpp,Wrong Answer,295,30336,1687,
s206665530,p02936,u837654535,1587935469,C++,C++14 (GCC 5.4.1),cpp,Wrong Answer,2105,24944,1388,
s064258088,p02936,u135248164,1587935033,C++,C++14 (GCC 5.4.1),cpp,Accepted,267,80236,3875,
s831793645,p02936,u135248164,1587934543,C++,C++14 (GCC 5.4.1),cpp,Wrong Answer,266,67200,3180,
s472106757,p02936,u135248164,1587934483,C++,C++14 (GCC 5.4.1),cpp,Wrong Answer,145,19584,1773,
s053133346,p02936,u124087379,1587932308,C++,C++14 (GCC 5.4.1),cpp,Accepted,365,24320,730,
s657821205,p02936,u166727624,1587931285,Python,PyPy3 (2.4.0),py,Runtime Error,2148,753572,1904,
s749146301,p02936,u124087379,1587927684,C++,C++14 (GCC 5.4.1),cpp,Runtime Error,552,275072,706,
s863039974,p02936,u594803920,1587926994,Python,PyPy3 (2.4.0),py,Accepted,717,110860,1047,
s022931966,p02936,u128572736,1587925987,C++,C++14 (GCC 5.4.1),cpp,Accepted,158,17140,1213,
s838607912,p02936,u943004959,1587924883,C++,C++14 (GCC 5.4.1),cpp,Runtime Error,378,275700,4469,
s372609936,p02936,u943004959,1587924456,C++,C++14 (GCC 5.4.1),cpp,Accepted,149,25856,4606,
s758761793,p02936,u943004959,1587923482,C++,C++14 (GCC 5.4.1),cpp,Wrong Answer,437,20852,4754,
s009436247,p02936,u594803920,1587920461,Python,PyPy3 (2.4.0),py,Time Limit Exceeded,2111,141212,1268,
s840548507,p02936,u717037783,1587919362,C++,C++14 (GCC 5.4.1),cpp,Accepted,642,27256,1893,
s903098954,p02936,u717037783,1587918984,C++,C++14 (GCC 5.4.1),cpp,Wrong Answer,600,26368,1866,
s420220870,p02936,u717037783,1587918752,C++,C++14 (GCC 5.4.1),cpp,Wrong Answer,628,25600,1845,
s251841840,p02936,u717037783,1587917851,C++,C++14 (GCC 5.4.1),cpp,Wrong Answer,2104,14708,1819,
s377190752,p02936,u884601206,1587916424,Python,Python (3.4.3),py,Accepted,1683,56160,434,
s250366883,p02936,u884601206,1587915245,Python,Python (3.4.3),py,Runtime Error,1717,59608,391,
s966326779,p02936,u338824669,1587911384,Python,Python (3.4.3),py,Wrong Answer,1593,47896,313,
s088911614,p02936,u453055089,1587910710,Python,Python (3.4.3),py,Accepted,1782,232476,577,
s499955051,p02936,u453055089,1587910339,Python,Python (3.4.3),py,Wrong Answer,2112,229976,565,
s131566005,p02936,u453055089,1587910198,Python,Python (3.4.3),py,Runtime Error,1723,53848,522,
s263342553,p02936,u453055089,1587910015,Python,PyPy3 (2.4.0),py,Runtime Error,2111,131404,552,
s989141027,p02936,u453055089,1587909908,Python,PyPy3 (2.4.0),py,Runtime Error,1919,131276,559,
s687543804,p02936,u338824669,1587909638,Python,Python (3.4.3),py,Wrong Answer,2117,217776,349,
s424371737,p02936,u338824669,1587909518,Python,Python (3.4.3),py,Runtime Error,17,2940,348,
s323025267,p02936,u338824669,1587909297,Python,Python (3.4.3),py,Runtime Error,2111,132512,392,
s111430501,p02936,u607744897,1587891398,C++,C++14 (GCC 5.4.1),cpp,Accepted,127,19444,888,
s936731376,p02936,u257571179,1587891344,C++,C++14 (GCC 5.4.1),cpp,Accepted,125,24448,711,
s271262636,p02936,u607744897,1587890177,C++,C++14 (GCC 5.4.1),cpp,Time Limit Exceeded,2104,24960,1119,
s266476191,p02936,u754114382,1587882320,C++,C++14 (GCC 5.4.1),cpp,Accepted,660,23552,569,
s059585833,p02936,u180257813,1587872288,C++,C++14 (GCC 5.4.1),cpp,Accepted,304,17140,886,
s714326195,p02936,u180257813,1587871266,C++,C++14 (GCC 5.4.1),cpp,Wrong Answer,273,15744,811,
s326796250,p02936,u882037708,1587863521,C++,C++14 (GCC 5.4.1),cpp,Runtime Error,2105,28416,1664,
s056781795,p02936,u297767059,1587862308,Kotlin,Kotlin (1.0.0),kt,Time Limit Exceeded,2111,165960,1097,
s772557204,p02936,u297767059,1587862191,Kotlin,Kotlin (1.0.0),kt,Time Limit Exceeded,2111,164616,1166,
s977227340,p02936,u297767059,1587862149,Kotlin,Kotlin (1.0.0),kt,Compile Error,,,1166,
s602394039,p02936,u418810472,1587860415,C++,C++14 (GCC 5.4.1),cpp,Accepted,676,23424,794,
s881754401,p02936,u157433024,1587860226,C++,C++14 (GCC 5.4.1),cpp,Wrong Answer,2139,548848,2431,
s637444480,p02936,u623819879,1587857723,Python,PyPy3 (2.4.0),py,Accepted,1090,125384,7103,
s677968139,p02936,u427344224,1587853596,C++,C++14 (GCC 5.4.1),cpp,Accepted,135,25856,1428,
s129813005,p02936,u137912513,1587852093,Python,Python (3.4.3),py,Accepted,1747,232444,742,
s277610295,p02936,u137912513,1587852055,Python,PyPy3 (2.4.0),py,Time Limit Exceeded,2153,788984,742,
s074457712,p02936,u137912513,1587851731,Python,PyPy3 (2.4.0),py,Time Limit Exceeded,2126,377720,680,
s502239958,p02936,u137912513,1587851708,Python,Python (3.4.3),py,Time Limit Exceeded,2118,232440,680,
s469401794,p02936,u137542041,1587850554,Python,Python (3.4.3),py,Accepted,1801,80952,674,
s554690232,p02936,u137542041,1587850194,Python,PyPy3 (2.4.0),py,Time Limit Exceeded,2110,144456,681,
s944953932,p02936,u137542041,1587850014,Python,Python (3.4.3),py,Time Limit Exceeded,2073,111612,681,
s824557986,p02936,u137542041,1587848720,Python,Python (3.4.3),py,Wrong Answer,1992,120292,818,
s283839952,p02936,u137542041,1587848571,Python,Python (3.4.3),py,Wrong Answer,2110,124088,849,
s657477087,p02936,u623819879,1587847522,Python,PyPy3 (2.4.0),py,Accepted,992,122768,7324,
s458890686,p02936,u623819879,1587847403,Python,PyPy3 (2.4.0),py,Accepted,1010,122440,7312,
s023314411,p02936,u546338822,1587845857,Python,Python (3.4.3),py,Wrong Answer,2106,75876,506,
s716144552,p02936,u546338822,1587845704,Python,Python (3.4.3),py,Wrong Answer,1519,75876,456,
s934173513,p02936,u546338822,1587845649,Python,Python (3.4.3),py,Wrong Answer,1525,80476,470,
s967874895,p02936,u623819879,1587845423,Python,PyPy3 (2.4.0),py,Accepted,861,122512,7168,
s067410703,p02936,u546338822,1587844980,Python,Python (3.4.3),py,Wrong Answer,2117,169692,656,
s980311166,p02936,u384768892,1587844761,C++,C++14 (GCC 5.4.1),cpp,Accepted,383,26624,856,
s781009261,p02936,u920212194,1587844057,Java,Java8 (OpenJDK 1.8.0),java,Accepted,1925,178244,1339,
s537302480,p02936,u920212194,1587843246,Java,Java8 (OpenJDK 1.8.0),java,Time Limit Exceeded,2109,155156,1098,
s123946120,p02936,u920212194,1587842927,Java,Java8 (OpenJDK 1.8.0),java,Time Limit Exceeded,2110,154508,1052,
s062434784,p02936,u137542041,1587841576,Python,Python (3.4.3),py,Runtime Error,2110,123708,637,
s463924149,p02936,u115454768,1587841419,C++,C++14 (GCC 5.4.1),cpp,Accepted,308,27392,1008,
s093327750,p02936,u546338822,1587841396,Python,Python (3.4.3),py,Wrong Answer,2106,61944,601,
s961443753,p02936,u137542041,1587840838,Python,Python (3.4.3),py,Runtime Error,1779,121564,566,
s933799856,p02936,u115454768,1587840772,C++,C++14 (GCC 5.4.1),cpp,Wrong Answer,303,27392,981,
s712856642,p02936,u115454768,1587840013,C++,C++14 (GCC 5.4.1),cpp,Wrong Answer,2105,24448,957,
s310691117,p02936,u972350827,1587831845,C#,C# (Mono 4.6.2.0),cs,Accepted,693,72964,3823,
s712806420,p02936,u972350827,1587831390,C#,C# (Mono 4.6.2.0),cs,Time Limit Exceeded,2112,79756,3766,
s689452518,p02936,u972350827,1587831187,C#,C# (Mono 4.6.2.0),cs,Time Limit Exceeded,2112,78648,3858,
s365803386,p02936,u972350827,1587830773,C#,C# (Mono 4.6.2.0),cs,Wrong Answer,671,73268,3988,
s919216384,p02936,u972350827,1587830281,C#,C# (Mono 4.6.2.0),cs,Wrong Answer,645,69256,3653,
s954382493,p02936,u972350827,1587828233,C#,C# (Mono 4.6.2.0),cs,Wrong Answer,719,76956,3826,
s227913148,p02936,u356754940,1587827774,C++,C++14 (GCC 5.4.1),cpp,Accepted,140,24320,1955,
s209289617,p02936,u787679173,1587811662,C++,C++14 (GCC 5.4.1),cpp,Accepted,542,29684,2502,
s965340464,p02936,u179970156,1587807166,C++,C++14 (GCC 5.4.1),cpp,Accepted,133,20736,1585,
s014671876,p02936,u114137758,1587799773,C++,C++14 (GCC 5.4.1),cpp,Accepted,133,24320,4692,
s354854555,p02936,u114137758,1587797439,C++,C++14 (GCC 5.4.1),cpp,Accepted,206,42168,5348,
s574284438,p02936,u114137758,1587795416,C++,C++14 (GCC 5.4.1),cpp,Wrong Answer,139,29368,4975,
s579832951,p02936,u885056792,1587792615,C++,C++14 (GCC 5.4.1),cpp,Accepted,154,24320,989,
s042985765,p02936,u250828304,1587792159,Python,PyPy3 (2.4.0),py,Runtime Error,1980,151808,1043,
s938330676,p02936,u250828304,1587792081,Python,PyPy3 (2.4.0),py,Runtime Error,2113,117248,1068,
s344850703,p02936,u250828304,1587789694,Python,PyPy3 (2.4.0),py,Time Limit Exceeded,2114,162164,652,
s513721773,p02936,u250828304,1587789668,Python,Python (3.4.3),py,Wrong Answer,2099,101736,652,
s730002958,p02936,u754114382,1587788781,C++,C++14 (GCC 5.4.1),cpp,Accepted,660,23552,584,
s297688829,p02936,u250828304,1587788018,Python,Python (3.4.3),py,Wrong Answer,2038,88264,538,
s173654708,p02936,u468440139,1587787713,C++,C++14 (GCC 5.4.1),cpp,Accepted,142,23680,1198,
s340161006,p02936,u250828304,1587787058,Python,Python (3.4.3),py,Wrong Answer,1703,86600,423,
s693612248,p02936,u530335051,1587784007,Python,Python (3.4.3),py,Runtime Error,2117,238308,938,
s176770632,p02936,u318042557,1587783943,C++,C++14 (GCC 5.4.1),cpp,Accepted,143,17908,1030,
s098766508,p02936,u318042557,1587782886,C++,C++14 (GCC 5.4.1),cpp,Wrong Answer,2149,783876,975,
s779894738,p02936,u145950990,1587777467,Python,PyPy3 (2.4.0),py,Accepted,1846,106752,446,
s237059075,p02936,u145950990,1587777417,Python,PyPy3 (2.4.0),py,Time Limit Exceeded,2125,369080,461,
s302300868,p02936,u553461888,1587777259,C++,C++14 (GCC 5.4.1),cpp,Accepted,294,19568,6138,
s737502332,p02936,u553461888,1587777117,C++,C++14 (GCC 5.4.1),cpp,Runtime Error,343,16512,1196,
s658632118,p02936,u145950990,1587776765,Python,Python (3.4.3),py,Time Limit Exceeded,2117,231856,460,
s790760888,p02936,u331081465,1587776426,C++,C++14 (GCC 5.4.1),cpp,Accepted,135,25856,954,
s876968002,p02936,u553461888,1587776180,C++,C++14 (GCC 5.4.1),cpp,Accepted,311,19568,6146,
s332481590,p02936,u530335051,1587775706,Python,Python (3.4.3),py,Runtime Error,2106,62000,726,
s717589353,p02936,u145950990,1587775119,Python,Python (3.4.3),py,Runtime Error,2107,40604,303,
s996664195,p02936,u553461888,1587772194,C++,C++14 (GCC 5.4.1),cpp,Wrong Answer,279,18048,6312,
s232355616,p02936,u553461888,1587771373,C++,C++14 (GCC 5.4.1),cpp,Wrong Answer,279,13300,6176,
s062802313,p02936,u553461888,1587768252,C++,C++14 (GCC 5.4.1),cpp,Wrong Answer,276,14848,6013,
s045171294,p02936,u404290207,1587768228,Python,Python (3.4.3),py,Accepted,1783,235856,1593,
s208101097,p02936,u404290207,1587768071,Python,Python (3.4.3),py,Wrong Answer,1596,229452,1560,
s569089279,p02936,u404290207,1587768025,Python,PyPy3 (2.4.0),py,Wrong Answer,2152,806748,1560,
s412477467,p02936,u404290207,1587767971,Python,PyPy3 (2.4.0),py,Runtime Error,280,77036,1520,
s362093006,p02936,u404290207,1587767138,Python,PyPy3 (2.4.0),py,Wrong Answer,2162,844568,1513,
s927637951,p02936,u294700660,1587764059,C++,C++14 (GCC 5.4.1),cpp,Time Limit Exceeded,2107,5376,2417,
s855949130,p02936,u294700660,1587763772,C++,C++14 (GCC 5.4.1),cpp,Time Limit Exceeded,2103,5376,2325,
s625937003,p02936,u379168673,1587762230,C++,C++14 (GCC 5.4.1),cpp,Accepted,459,41984,837,
s663286512,p02936,u379168673,1587761609,C++,C++14 (GCC 5.4.1),cpp,Time Limit Exceeded,2105,33792,887,
s456442747,p02936,u970523279,1587756742,Python,PyPy3 (2.4.0),py,Accepted,1401,100368,732,
s054443655,p02936,u051493691,1587754612,C++,C++14 (GCC 5.4.1),cpp,Accepted,198,34688,13180,
s505810437,p02936,u051493691,1587754562,C++,C++14 (GCC 5.4.1),cpp,Compile Error,,,13151,
s361303657,p02936,u902576227,1587747598,Java,Java8 (OpenJDK 1.8.0),java,Accepted,1321,199620,2011,
s100807402,p02936,u458268106,1587747078,Java,Java8 (OpenJDK 1.8.0),java,Accepted,697,96684,5309,
s011576668,p02936,u458268106,1587746902,Java,Java8 (OpenJDK 1.8.0),java,Time Limit Exceeded,2083,201576,991,
s793508814,p02936,u553461888,1587745381,C++,C++14 (GCC 5.4.1),cpp,Wrong Answer,296,14848,6013,
s088699413,p02936,u914707890,1587706230,C++,C++14 (GCC 5.4.1),cpp,Wrong Answer,552,7660,559,
s699893426,p02936,u754114382,1587705662,C++,C++14 (GCC 5.4.1),cpp,Accepted,385,23424,607,
s111452351,p02936,u914707890,1587703228,C++,C++14 (GCC 5.4.1),cpp,Runtime Error,1981,1908,618,
s607288156,p02936,u872982453,1587702808,C++,C++14 (GCC 5.4.1),cpp,Accepted,641,23552,657,
s987909070,p02936,u243699903,1587702798,Python,Python (3.4.3),py,Accepted,1992,64680,569,
s911861591,p02936,u114933382,1587702668,Python,Python (3.4.3),py,Runtime Error,151,12504,417,
s542697498,p02936,u243699903,1587702513,Python,Python (3.4.3),py,Wrong Answer,1852,62256,543,
s673629601,p02936,u243699903,1587702463,Python,Python (3.4.3),py,Wrong Answer,1773,62240,520,
s430050667,p02936,u243699903,1587702251,Python,Python (3.4.3),py,Wrong Answer,1802,62256,524,
s937968944,p02936,u083960235,1587702041,Python,Python (3.4.3),py,Accepted,1971,162908,1236,
s694278636,p02936,u243699903,1587702019,Python,Python (3.4.3),py,Wrong Answer,1728,60692,434,
s591352757,p02936,u166727624,1587700169,Python,Python (3.4.3),py,Runtime Error,1980,135016,1876,
s175499883,p02936,u790461875,1587698127,C++,C++14 (GCC 5.4.1),cpp,Accepted,315,25728,7202,
s746928365,p02936,u790461875,1587695585,C++,C++14 (GCC 5.4.1),cpp,Accepted,318,17904,7322,
s301543116,p02936,u166727624,1587694643,Python,Python (3.4.3),py,Runtime Error,1893,135016,1909,
s001021860,p02936,u111555888,1587688592,C++,C++14 (GCC 5.4.1),cpp,Accepted,314,17908,1051,
s939536500,p02936,u553461888,1587687955,C++,C++14 (GCC 5.4.1),cpp,Wrong Answer,2108,16584,6035,
s079074579,p02936,u208987516,1587687359,C++,C++14 (GCC 5.4.1),cpp,Wrong Answer,2105,27264,708,
s402505111,p02936,u116038906,1587683290,Python,PyPy3 (2.4.0),py,Wrong Answer,867,132236,857,
s649514266,p02936,u116038906,1587683197,Python,Python (3.4.3),py,Wrong Answer,1234,126372,860,
s564887943,p02936,u093041722,1587682121,Python,Python (3.4.3),py,Accepted,1993,59436,591,
s982900324,p02936,u093041722,1587681893,Python,Python (3.4.3),py,Time Limit Exceeded,2111,135884,619,
s949245568,p02936,u093041722,1587681648,Python,Python (3.4.3),py,Time Limit Exceeded,2102,60304,599,
s169817001,p02936,u093041722,1587681162,Python,Python (3.4.3),py,Wrong Answer,2105,60304,576,
s047570088,p02936,u116038906,1587680101,Python,Python (3.4.3),py,Wrong Answer,1950,126352,780,
s601577844,p02936,u563914702,1587679986,C++,C++14 (GCC 5.4.1),cpp,Accepted,433,177408,963,
s152050447,p02936,u563914702,1587679583,C++,C++14 (GCC 5.4.1),cpp,Wrong Answer,404,177408,936,
s508869713,p02936,u763976642,1587678551,C++,C++14 (GCC 5.4.1),cpp,Accepted,378,21888,981,
s533199901,p02936,u563914702,1587677982,C++,C++14 (GCC 5.4.1),cpp,Wrong Answer,2113,175232,926,
s012453837,p02936,u180133008,1587669746,C++,C++14 (GCC 5.4.1),cpp,Wrong Answer,400,8704,964,
s651996003,p02936,u180133008,1587669460,C++,C++14 (GCC 5.4.1),cpp,Runtime Error,557,8704,902,
s378650082,p02936,u180133008,1587669026,C++,C++14 (GCC 5.4.1),cpp,Runtime Error,569,10240,914,
s342921203,p02936,u116038906,1587668999,Python,PyPy3 (2.4.0),py,Time Limit Exceeded,2110,145292,1369,
s034007573,p02936,u116038906,1587668775,Python,PyPy3 (2.4.0),py,Runtime Error,185,38256,1345,
s892600894,p02936,u568353080,1587668746,C++,C++14 (GCC 5.4.1),cpp,Accepted,132,26624,1945,
s391376816,p02936,u116038906,1587668548,Python,Python (3.4.3),py,Time Limit Exceeded,2118,221204,1345,
s337143926,p02936,u568353080,1587668018,C++,C++14 (GCC 5.4.1),cpp,Wrong Answer,122,23552,1879,
s627166772,p02936,u568353080,1587652687,C++,C++14 (GCC 5.4.1),cpp,Wrong Answer,143,35200,2098,
s732727329,p02936,u568353080,1587652029,C++,C++14 (GCC 5.4.1),cpp,Wrong Answer,133,34432,2101,
s361724873,p02936,u438329926,1587640035,Haskell,Haskell (GHC 7.10.3),hs,Accepted,305,45052,1420,
s619347365,p02936,u438329926,1587639977,Haskell,Haskell (GHC 7.10.3),hs,Compile Error,,,1455,
s982709999,p02936,u049930986,1587638457,Kotlin,Kotlin (1.0.0),kt,Accepted,1215,149244,2081,
s767087300,p02936,u049930986,1587637421,Kotlin,Kotlin (1.0.0),kt,Time Limit Exceeded,2111,159952,1959,
s239554018,p02936,u568353080,1587627773,C++,C++14 (GCC 5.4.1),cpp,Wrong Answer,132,38400,2105,
s699716890,p02936,u924180046,1587625242,Rust,Rust (1.15.1),rs,Accepted,204,43260,3215,
s863605941,p02936,u924180046,1587624498,Rust,Rust (1.15.1),rs,Wrong Answer,209,36460,3053,
s037506361,p02936,u924180046,1587624324,Rust,Rust (1.15.1),rs,Compile Error,,,2937,
s303757208,p02936,u568353080,1587622657,C++,C++14 (GCC 5.4.1),cpp,Wrong Answer,138,38400,2109,
s815639993,p02936,u145855676,1587621926,C++,C++14 (GCC 5.4.1),cpp,Accepted,447,48640,781,
s902695943,p02936,u145855676,1587619121,C++,C++14 (GCC 5.4.1),cpp,Wrong Answer,312,26624,495,
s330828159,p02936,u145855676,1587618419,C++,C++14 (GCC 5.4.1),cpp,Wrong Answer,276,14848,440,
s313417668,p02936,u145855676,1587618230,C++,C++14 (GCC 5.4.1),cpp,Wrong Answer,290,14080,436,
s059061683,p02936,u116038906,1587617213,Python,Python (3.4.3),py,Runtime Error,290,20576,758,
s622102197,p02936,u145855676,1587615572,C++,C++14 (GCC 5.4.1),cpp,Wrong Answer,2104,21376,523,
s073575244,p02936,u518206537,1587613537,C++,C++14 (GCC 5.4.1),cpp,Accepted,607,24320,572,
s168366691,p02936,u518206537,1587612429,C++,C++14 (GCC 5.4.1),cpp,Wrong Answer,279,14848,754,
s567607190,p02936,u001327021,1587611919,C++,C++14 (GCC 5.4.1),cpp,Accepted,369,23552,1390,
s437363183,p02936,u001327021,1587611590,C++,C++14 (GCC 5.4.1),cpp,Wrong Answer,361,23552,1360,
s926244081,p02936,u317379170,1587611574,C++,C++14 (GCC 5.4.1),cpp,Accepted,379,24192,751,
s992005616,p02936,u317379170,1587611477,C++,C++14 (GCC 5.4.1),cpp,Runtime Error,461,23808,751,
s703523921,p02936,u001327021,1587611300,C++,C++14 (GCC 5.4.1),cpp,Wrong Answer,346,23424,1361,
s104292712,p02936,u001327021,1587611108,C++,C++14 (GCC 5.4.1),cpp,Wrong Answer,346,23552,1361,
s039127637,p02936,u151625340,1587607641,Python,Python (3.4.3),py,Accepted,1701,232984,653,
s479929442,p02936,u731886385,1587607409,C++,C++14 (GCC 5.4.1),cpp,Accepted,380,30336,863,
s314639268,p02936,u262401582,1587604612,C++,C++14 (GCC 5.4.1),cpp,Accepted,624,39976,899,
s733176351,p02936,u262401582,1587603099,C++,C++14 (GCC 5.4.1),cpp,Wrong Answer,2105,36224,850,
s766034088,p02936,u534481484,1587603077,Go,Go (1.6),go,Accepted,728,31360,2302,
s865066477,p02936,u064434060,1587602239,Python,PyPy3 (2.4.0),py,Wrong Answer,960,130984,525,
s337984913,p02936,u534481484,1587601805,Go,Go (1.6),go,Wrong Answer,1007,45076,2278,
s038769182,p02936,u534481484,1587601234,Go,Go (1.6),go,Wrong Answer,1061,45056,2292,
s084757542,p02936,u145600939,1587600219,Python,Python (3.4.3),py,Accepted,1682,247156,582,
s496930208,p02936,u534481484,1587599829,Go,Go (1.6),go,Wrong Answer,898,35968,2142,
s226409131,p02936,u534481484,1587599327,Go,Go (1.6),go,Wrong Answer,883,34816,2133,
s381064888,p02936,u534481484,1587599169,Go,Go (1.6),go,Wrong Answer,836,34048,2162,
s458276326,p02936,u534481484,1587598776,Go,Go (1.6),go,Wrong Answer,2109,91520,2160,
s881813366,p02936,u534481484,1587598174,Go,Go (1.6),go,Wrong Answer,2109,76032,1826,
s818659178,p02936,u064434060,1587592883,Python,PyPy3 (2.4.0),py,Time Limit Exceeded,2110,122952,518,
s886499693,p02936,u423327360,1587589410,C++,C++14 (GCC 5.4.1),cpp,Accepted,378,23552,546,
s009110911,p02936,u423327360,1587589275,C++,C++14 (GCC 5.4.1),cpp,Wrong Answer,386,23424,534,
s249290376,p02936,u423327360,1587589230,C++,C++14 (GCC 5.4.1),cpp,Wrong Answer,392,23552,548,
s499141056,p02936,u349724238,1587584621,Python,PyPy3 (2.4.0),py,Wrong Answer,1696,92836,280,
s512054846,p02936,u675509234,1587583717,C++,C++14 (GCC 5.4.1),cpp,Accepted,384,24320,555,
s913253324,p02936,u058317639,1587583563,C++,C++14 (GCC 5.4.1),cpp,Accepted,300,33408,11145,
s880048495,p02936,u116523315,1587582371,C++,C++14 (GCC 5.4.1),cpp,Accepted,510,43008,981,
s192063826,p02936,u116523315,1587582176,C++,C++14 (GCC 5.4.1),cpp,Wrong Answer,492,43008,952,
s956139465,p02936,u116523315,1587581920,C++,C++14 (GCC 5.4.1),cpp,Wrong Answer,2104,21376,979,
s215008322,p02936,u098923136,1587579274,C++,C++14 (GCC 5.4.1),cpp,Accepted,377,23552,671,
s482842991,p02936,u098923136,1587579165,C++,C++14 (GCC 5.4.1),cpp,Wrong Answer,361,23552,611,
s807918201,p02936,u328811800,1587578199,C++,C++14 (GCC 5.4.1),cpp,Accepted,614,24448,817,
s924879931,p02936,u098923136,1587578107,C++,C++14 (GCC 5.4.1),cpp,Wrong Answer,2104,21376,663,
s700696203,p02936,u328811800,1587577380,C++,C++14 (GCC 5.4.1),cpp,Accepted,586,24320,810,
s771847609,p02936,u852974293,1587566096,Ruby,Ruby (2.3.3),rb,Accepted,1287,48508,423,
s227505613,p02936,u852974293,1587565595,Ruby,Ruby (2.3.3),rb,Accepted,1157,50684,540,
s531259461,p02936,u852974293,1587565448,Ruby,Ruby (2.3.3),rb,Wrong Answer,1011,46716,520,
s151994357,p02936,u852974293,1587564512,Ruby,Ruby (2.3.3),rb,Wrong Answer,935,35656,430,
s761810164,p02936,u556120601,1587554481,C++,C++14 (GCC 5.4.1),cpp,Accepted,311,23424,694,
s559852401,p02936,u094532861,1587541931,Ruby,Ruby (2.3.3),rb,Runtime Error,2111,68988,1835,
s180075077,p02936,u094532861,1587540689,Ruby,Ruby (2.3.3),rb,Runtime Error,2111,69628,1777,
s340278449,p02936,u094532861,1587540455,Ruby,Ruby (2.3.3),rb,Runtime Error,2113,90364,1862,
s979821468,p02936,u930561195,1587538636,C++,C++14 (GCC 5.4.1),cpp,Accepted,312,19440,908,
s010971671,p02936,u930561195,1587538423,C++,C++14 (GCC 5.4.1),cpp,Compile Error,,,882,
s311874512,p02936,u754114382,1587538111,C++,C++14 (GCC 5.4.1),cpp,Accepted,649,23424,600,
s114029221,p02936,u930561195,1587536909,C++,C++14 (GCC 5.4.1),cpp,Wrong Answer,290,14848,650,
s955515879,p02936,u135572611,1587528553,C++,C++14 (GCC 5.4.1),cpp,Accepted,450,24576,3591,
s330035942,p02936,u135572611,1587528529,C++,C++14 (GCC 5.4.1),cpp,Compile Error,,,3591,
s582457860,p02936,u135572611,1587528465,C++,C++14 (GCC 5.4.1),cpp,Wrong Answer,68,6656,3463,
s194849561,p02936,u135572611,1587528445,C++,C++14 (GCC 5.4.1),cpp,Runtime Error,295,15104,3459,
s570775553,p02936,u135572611,1587528405,C++,C++14 (GCC 5.4.1),cpp,Runtime Error,190,15104,3457,
s370577959,p02936,u135572611,1587528295,C++,C++14 (GCC 5.4.1),cpp,Accepted,164,23552,1499,
s615818383,p02936,u135572611,1587528233,C++,C++14 (GCC 5.4.1),cpp,Accepted,170,23552,1502,
s536046685,p02936,u135572611,1587528181,C++,C++14 (GCC 5.4.1),cpp,Runtime Error,2110,275968,3587,
s363737086,p02936,u135572611,1587528111,C++,C++14 (GCC 5.4.1),cpp,Runtime Error,2117,275968,3585,
s005041078,p02936,u374051158,1587522680,C++,C++14 (GCC 5.4.1),cpp,Accepted,134,24320,983,
s588263094,p02936,u309370374,1587522363,Go,Go (1.6),go,Accepted,711,50048,844,
s768054843,p02936,u374051158,1587521723,C++,C++14 (GCC 5.4.1),cpp,Wrong Answer,120,24320,950,
s096877365,p02936,u309370374,1587521246,Go,Go (1.6),go,Accepted,711,75904,896,
s488855568,p02936,u297767059,1587519896,Kotlin,Kotlin (1.0.0),kt,Accepted,1494,151344,1145,
s737877685,p02936,u297767059,1587519358,Kotlin,Kotlin (1.0.0),kt,Time Limit Exceeded,2111,164312,1094,
s293771412,p02936,u297767059,1587519259,Kotlin,Kotlin (1.0.0),kt,Wrong Answer,1841,164964,1199,
s411780707,p02936,u374051158,1587519214,C++,C++14 (GCC 5.4.1),cpp,Wrong Answer,2104,21376,828,
s476821564,p02936,u297767059,1587519133,Kotlin,Kotlin (1.0.0),kt,Wrong Answer,1791,164920,1093,
s692400316,p02936,u297767059,1587518937,Kotlin,Kotlin (1.0.0),kt,Wrong Answer,1801,161612,1189,
s981833475,p02936,u297767059,1587518851,Kotlin,Kotlin (1.0.0),kt,Time Limit Exceeded,2111,164988,1207,
s012675041,p02936,u297767059,1587518218,Kotlin,Kotlin (1.0.0),kt,Wrong Answer,1820,165344,1089,
s855495479,p02936,u297767059,1587518194,Kotlin,Kotlin (1.0.0),kt,Wrong Answer,2118,168216,1112,
s234835273,p02936,u297767059,1587517086,Kotlin,Kotlin (1.0.0),kt,Time Limit Exceeded,2111,166048,1027,
s138100907,p02936,u297767059,1587517045,Kotlin,Kotlin (1.0.0),kt,Wrong Answer,2111,167000,1031,
s459948791,p02936,u297767059,1587516938,Kotlin,Kotlin (1.0.0),kt,Wrong Answer,1341,149616,1032,
s617514320,p02936,u030685402,1587508537,C++,C++14 (GCC 5.4.1),cpp,Accepted,154,35968,2628,
s808413464,p02936,u339199690,1587507179,Python,PyPy3 (2.4.0),py,Time Limit Exceeded,2044,135328,675,
s840755375,p02936,u339199690,1587507121,Python,Python (3.4.3),py,Accepted,1772,104524,675,
s845656375,p02936,u339199690,1587506720,Python,Python (3.4.3),py,Wrong Answer,1784,104524,710,
s716455093,p02936,u561231954,1587506622,C++,C++14 (GCC 5.4.1),cpp,Accepted,322,23424,842,
s002170194,p02936,u225581241,1587503734,C++,C++14 (GCC 5.4.1),cpp,Accepted,152,17904,1330,
s032977744,p02936,u983711104,1587503435,C++,C++14 (GCC 5.4.1),cpp,Accepted,297,27392,607,
s590551787,p02936,u844382784,1587502047,C++,C++14 (GCC 5.4.1),cpp,Accepted,326,32896,673,
s824610768,p02936,u298633786,1587501375,Python,PyPy3 (2.4.0),py,Accepted,1354,102344,860,
s689889355,p02936,u298633786,1587500772,Python,PyPy3 (2.4.0),py,Wrong Answer,1247,93000,732,
s021612026,p02936,u111473084,1587500003,C++,C++14 (GCC 5.4.1),cpp,Accepted,369,24320,917,
s850533193,p02936,u111473084,1587497760,C++,C++14 (GCC 5.4.1),cpp,Wrong Answer,360,22656,1025,
s143954337,p02936,u111473084,1587496089,C++,C++14 (GCC 5.4.1),cpp,Wrong Answer,331,5504,726,
s049937837,p02936,u000217193,1587490929,C++,C++14 (GCC 5.4.1),cpp,Accepted,684,24320,1077,
s866703886,p02936,u587366956,1587490920,C++,C++14 (GCC 5.4.1),cpp,Accepted,407,26624,1027,
s232233917,p02936,u587366956,1587490772,C++,C++14 (GCC 5.4.1),cpp,Time Limit Exceeded,2104,26624,1020,
s880135257,p02936,u309370374,1587472992,Go,Go (1.6),go,Wrong Answer,2109,64128,733,
s411026889,p02936,u732421371,1587470923,C++,C++14 (GCC 5.4.1),cpp,Accepted,295,17908,843,
s848679881,p02936,u732421371,1587469001,C++,C++14 (GCC 5.4.1),cpp,Wrong Answer,312,14848,540,
s259403192,p02936,u478462004,1587435945,C++,C++14 (GCC 5.4.1),cpp,Accepted,359,49280,947,
s417730016,p02936,u049930986,1587433178,Kotlin,Kotlin (1.0.0),kt,Accepted,1193,153464,1004,
s362833195,p02936,u915761992,1587432335,C#,C# (Mono 4.6.2.0),cs,Wrong Answer,923,55908,2374,
s188645834,p02936,u915761992,1587431545,C#,C# (Mono 4.6.2.0),cs,Wrong Answer,705,47552,2072,
s395699570,p02936,u049930986,1587430821,Kotlin,Kotlin (1.0.0),kt,Wrong Answer,794,113324,488,
s651840688,p02936,u049930986,1587430662,Kotlin,Kotlin (1.0.0),kt,Wrong Answer,836,117448,499,
s173376244,p02936,u049930986,1587430505,Kotlin,Kotlin (1.0.0),kt,Wrong Answer,810,115076,486,
s316205658,p02936,u915761992,1587429834,C#,C# (Mono 4.6.2.0),cs,Wrong Answer,685,45136,2110,
s544665189,p02936,u915761992,1587429550,C#,C# (Mono 4.6.2.0),cs,Wrong Answer,661,43740,2017,
s170427669,p02936,u049930986,1587429455,Kotlin,Kotlin (1.0.0),kt,Wrong Answer,2111,159120,940,
s580442843,p02936,u049930986,1587429226,Kotlin,Kotlin (1.0.0),kt,Wrong Answer,2111,163444,887,
s529154982,p02936,u817769480,1587429189,C++,C++14 (GCC 5.4.1),cpp,Accepted,303,15604,922,
s462522218,p02936,u049930986,1587429083,Kotlin,Kotlin (1.0.0),kt,Compile Error,,,906,
s891118369,p02936,u049930986,1587428667,Kotlin,Kotlin (1.0.0),kt,Wrong Answer,2115,166508,918,
s595318945,p02936,u201802797,1587428632,Python,Python (3.4.3),py,Accepted,1661,285840,550,
s057955594,p02936,u652037179,1587428574,C++,C++14 (GCC 5.4.1),cpp,Accepted,152,27392,1095,
s986968882,p02936,u652037179,1587427952,C++,C++14 (GCC 5.4.1),cpp,Wrong Answer,161,27392,1071,
s304096950,p02936,u652037179,1587426707,C++,C++14 (GCC 5.4.1),cpp,Wrong Answer,2105,25344,1050,
s228315692,p02936,u905203728,1587426571,Python,Python (3.4.3),py,Time Limit Exceeded,2118,238472,509,
s980366391,p02936,u905203728,1587426468,Python,Python (3.4.3),py,Accepted,1736,236936,447,
s556962725,p02936,u915761992,1587426377,C#,C# (Mono 4.6.2.0),cs,Runtime Error,640,38976,1471,
s067173036,p02936,u905203728,1587426373,Python,PyPy3 (2.4.0),py,Time Limit Exceeded,2153,803192,656,
s624040973,p02936,u915761992,1587426242,C#,C# (Mono 4.6.2.0),cs,Runtime Error,606,39120,1470,
s115331484,p02936,u915761992,1587426105,C#,C# (Mono 4.6.2.0),cs,Wrong Answer,2108,37072,1422,
s533329264,p02936,u915761992,1587425910,C#,C# (Mono 4.6.2.0),cs,Runtime Error,585,38468,1438,
s545614551,p02936,u915761992,1587425727,C#,C# (Mono 4.6.2.0),cs,Runtime Error,657,36540,1423,
s824102912,p02936,u349724238,1587417387,Python,PyPy3 (2.4.0),py,Wrong Answer,2109,64732,386,
s803301060,p02936,u603067482,1587414994,C++,C++14 (GCC 5.4.1),cpp,Accepted,135,17140,1363,
s920990368,p02936,u216752093,1587412672,Python,Python (3.4.3),py,Wrong Answer,2107,69436,630,
s177846263,p02936,u706001235,1587411714,C++,C++14 (GCC 5.4.1),cpp,Accepted,440,45256,1371,
s000025508,p02936,u018713014,1587407395,C++,C++14 (GCC 5.4.1),cpp,Accepted,727,40704,789,
s682116363,p02936,u896741788,1587403653,Python,PyPy3 (2.4.0),py,Runtime Error,564,112744,588,
s303397352,p02936,u896741788,1587403614,Python,PyPy3 (2.4.0),py,Runtime Error,607,112744,587,
s522281356,p02936,u896741788,1587403520,Python,PyPy3 (2.4.0),py,Time Limit Exceeded,2155,711892,598,
s178248459,p02936,u896741788,1587403339,Python,PyPy3 (2.4.0),py,Time Limit Exceeded,2149,752084,581,
s885518478,p02936,u896741788,1587402715,Python,PyPy3 (2.4.0),py,Time Limit Exceeded,2147,720760,560,
s693007452,p02936,u896741788,1587402503,Python,PyPy3 (2.4.0),py,Time Limit Exceeded,2156,836004,553,
s412834059,p02936,u896741788,1587401596,Python,PyPy3 (2.4.0),py,Time Limit Exceeded,2111,136328,543,
s322577604,p02936,u896741788,1587401449,Python,PyPy3 (2.4.0),py,Runtime Error,1958,106060,503,
s627088722,p02936,u556120601,1587397705,C++,C++14 (GCC 5.4.1),cpp,Accepted,312,31360,854,
s262917278,p02936,u905203728,1587397417,Python,PyPy3 (2.4.0),py,Time Limit Exceeded,2151,790204,655,
s877727929,p02936,u905203728,1587397255,Python,PyPy3 (2.4.0),py,Time Limit Exceeded,2155,803012,656,
s910595526,p02936,u905203728,1587397162,Python,PyPy3 (2.4.0),py,Time Limit Exceeded,2148,752696,446,
s501725370,p02936,u905203728,1587397055,Python,PyPy3 (2.4.0),py,Time Limit Exceeded,2142,636664,449,
s403293175,p02936,u905203728,1587396850,Python,PyPy3 (2.4.0),py,Wrong Answer,2152,821940,511,
s762356951,p02936,u905203728,1587396728,Python,PyPy3 (2.4.0),py,Time Limit Exceeded,2153,803192,526,
s150286754,p02936,u905203728,1587396636,Python,PyPy3 (2.4.0),py,Time Limit Exceeded,2150,765176,534,
s234833275,p02936,u905203728,1587396527,Python,PyPy3 (2.4.0),py,Time Limit Exceeded,2122,306340,509,
s214309431,p02936,u844646164,1587352121,Python,Python (3.4.3),py,Accepted,1953,299376,547,
s642840335,p02936,u844646164,1587352084,Python,Python (3.4.3),py,Accepted,1635,230888,465,
s464720454,p02936,u844646164,1587351971,Python,Python (3.4.3),py,Wrong Answer,1776,299384,520,
s476812614,p02936,u844646164,1587351721,Python,Python (3.4.3),py,Wrong Answer,1850,299376,544,
s678229095,p02936,u844646164,1587351403,Python,Python (3.4.3),py,Runtime Error,2098,135340,473,
s712468461,p02936,u339199690,1587342547,Python,Python (3.4.3),py,Wrong Answer,2107,64364,822,
s094254856,p02936,u339199690,1587342447,Python,PyPy3 (2.4.0),py,Wrong Answer,2112,143980,821,
s151394002,p02936,u891217808,1587340514,Python,Python (3.4.3),py,Accepted,1946,65332,550,
s324452369,p02936,u179169725,1587340358,Python,PyPy3 (2.4.0),py,Time Limit Exceeded,2155,758652,755,
s091862502,p02936,u179169725,1587340176,Python,Python (3.4.3),py,Accepted,1995,248496,755,
s814379265,p02936,u891217808,1587339787,Python,Python (3.4.3),py,Runtime Error,1349,61108,1028,
s688333745,p02936,u891217808,1587339753,Python,Python (3.4.3),py,Runtime Error,1771,70548,696,
s147961586,p02936,u000212387,1587338631,C++,C++14 (GCC 5.4.1),cpp,Wrong Answer,279,25728,1539,
s504190233,p02936,u891217808,1587338572,Python,Python (3.4.3),py,Runtime Error,1787,70808,667,
s175019211,p02936,u281610856,1587337804,Python,Python (3.4.3),py,Accepted,1192,73860,1038,
s404934552,p02936,u564204618,1587336811,C++,C++14 (GCC 5.4.1),cpp,Wrong Answer,348,25856,907,
s884490052,p02936,u812973725,1587336532,C++,C++14 (GCC 5.4.1),cpp,Accepted,168,17904,1963,
s960943925,p02936,u000212387,1587336397,C++,C++14 (GCC 5.4.1),cpp,Wrong Answer,2104,21504,1545,
s435113646,p02936,u564204618,1587336097,C++,C++14 (GCC 5.4.1),cpp,Wrong Answer,2262,2082104,960,
s734040747,p02936,u000212387,1587335859,C++,C++14 (GCC 5.4.1),cpp,Wrong Answer,2104,23296,1509,
s160608021,p02936,u000212387,1587335737,C++,C++14 (GCC 5.4.1),cpp,Wrong Answer,2104,21504,1485,
s577295291,p02936,u942538783,1587333726,C++,C++14 (GCC 5.4.1),cpp,Accepted,357,19440,2127,
s630153494,p02936,u564204618,1587333612,C++,C++14 (GCC 5.4.1),cpp,Wrong Answer,2288,2009448,909,
s758622019,p02936,u564204618,1587333434,C++,C++14 (GCC 5.4.1),cpp,Wrong Answer,2257,2066428,918,
s646496128,p02936,u038408819,1587333347,Python,Python (3.4.3),py,Time Limit Exceeded,2105,23952,519,
s887433165,p02936,u038408819,1587333200,Python,Python (3.4.3),py,Time Limit Exceeded,2105,22216,526,
s370886861,p02936,u038408819,1587333137,Python,Python (3.4.3),py,Accepted,1940,65328,526,
s170405318,p02936,u038408819,1587332930,Python,PyPy3 (2.4.0),py,Time Limit Exceeded,2111,137492,519,
s045278872,p02936,u249433240,1587332869,Java,Java8 (OpenJDK 1.8.0),java,Accepted,980,102796,3380,
s470827431,p02936,u306950978,1587332851,Python,Python (3.4.3),py,Accepted,1739,56088,502,
s968622974,p02936,u038408819,1587332782,Python,Python (3.4.3),py,Time Limit Exceeded,2109,24184,518,
s531380963,p02936,u625729943,1587332002,Python,PyPy3 (2.4.0),py,Accepted,972,125000,1057,
s726803865,p02936,u564204618,1587331925,C++,C++14 (GCC 5.4.1),cpp,Runtime Error,2246,2093300,859,
s795992768,p02936,u930705402,1587331706,Python,Python (3.4.3),py,Accepted,1639,230904,464,
s288478703,p02936,u306950978,1587331705,Python,Python (3.4.3),py,Time Limit Exceeded,2107,63728,557,
s041101106,p02936,u930705402,1587331626,Python,Python (3.4.3),py,Time Limit Exceeded,2118,230448,432,
s235203967,p02936,u930705402,1587331541,Python,PyPy3 (2.4.0),py,Runtime Error,2111,130764,392,
s669835485,p02936,u306950978,1587331541,Python,PyPy3 (2.4.0),py,Wrong Answer,2109,100948,533,
s278840582,p02936,u379959788,1587328868,C++,C++14 (GCC 5.4.1),cpp,Accepted,325,26624,1323,
s898902418,p02936,u802614675,1587328743,OCaml,OCaml (4.02.3),ml,Accepted,477,66556,2526,
s058838757,p02936,u802614675,1587328533,OCaml,OCaml (4.02.3),ml,Accepted,669,103800,2626,
s756607672,p02936,u697090185,1587325068,C++,C++14 (GCC 5.4.1),cpp,Accepted,604,27392,1141,
s035871741,p02936,u372144784,1587323811,Python,PyPy3 (2.4.0),py,Accepted,753,94464,1065,
s160526737,p02936,u691018832,1587321756,Python,Python (3.4.3),py,Accepted,1297,72080,767,
s437939339,p02936,u786944534,1587318534,C#,C# (Mono 4.6.2.0),cs,Accepted,610,70668,5038,
s026592489,p02936,u802614675,1587318242,OCaml,OCaml (4.02.3),ml,Time Limit Exceeded,2107,110080,2622,
s546178378,p02936,u802614675,1587317420,OCaml,OCaml (4.02.3),ml,Time Limit Exceeded,2106,88572,2566,
s585122276,p02936,u511379665,1587317107,Python,Python (3.4.3),py,Time Limit Exceeded,2107,53148,433,
s017434521,p02936,u802614675,1587316964,OCaml,OCaml (4.02.3),ml,Wrong Answer,2106,86904,2350,
s694805243,p02936,u280096880,1587315900,C++,C++14 (GCC 5.4.1),cpp,Accepted,152,15732,1570,
s557204218,p02936,u280096880,1587315839,C++,C++14 (GCC 5.4.1),cpp,Accepted,131,15732,1564,
s256372050,p02936,u844382784,1587314530,C++,C++14 (GCC 5.4.1),cpp,Wrong Answer,2104,21376,649,
s405388957,p02936,u826189900,1587311999,C++,C++14 (GCC 5.4.1),cpp,Accepted,348,40704,1111,
s546723001,p02936,u164352406,1587311694,C++,C++14 (GCC 5.4.1),cpp,Accepted,665,26624,720,
s016939525,p02936,u891217808,1587311649,Python,Python (3.4.3),py,Runtime Error,1996,110348,484,
s111077318,p02936,u891217808,1587311102,Python,Python (3.4.3),py,Wrong Answer,1969,112056,470,
s881886253,p02936,u029000441,1587310105,Python,Python (3.4.3),py,Accepted,1373,65652,1095,
s441579992,p02936,u891217808,1587309290,Python,Python (3.4.3),py,Runtime Error,2108,135036,601,
s253135123,p02936,u029000441,1587307854,Python,Python (3.4.3),py,Wrong Answer,1194,88784,1014,
s727212683,p02936,u704629282,1587305515,C++,C++14 (GCC 5.4.1),cpp,Accepted,329,13312,679,
s156451421,p02936,u029000441,1587304746,Python,Python (3.4.3),py,Wrong Answer,2108,73620,1005,
s792807513,p02936,u619144316,1587304197,Python,Python (3.4.3),py,Wrong Answer,2099,181652,617,
s930712153,p02936,u619144316,1587302419,Python,Python (3.4.3),py,Wrong Answer,2114,198300,744,
s409801729,p02936,u913232477,1587300177,Rust,Rust (1.15.1),rs,Accepted,138,31320,319333,
s370166130,p02936,u530107518,1587295263,C++,C++14 (GCC 5.4.1),cpp,Accepted,439,19696,2052,
s218927784,p02936,u722397179,1587286335,C++,C++14 (GCC 5.4.1),cpp,Accepted,373,24320,846,
s642418152,p02936,u027479217,1587278246,C++,C++14 (GCC 5.4.1),cpp,Accepted,128,21120,1023,
s132674060,p02936,u038408819,1587277493,Python,Python (3.4.3),py,Accepted,1892,65328,525,
s589649782,p02936,u038408819,1587277437,Python,Python (3.4.3),py,Wrong Answer,1609,48256,508,
s917661133,p02936,u818349438,1587277194,Python,PyPy3 (2.4.0),py,Accepted,1951,105876,561,
s449323769,p02936,u818349438,1587277133,Python,Python (3.4.3),py,Accepted,1851,56060,561,
s486216886,p02936,u038408819,1587274767,Python,Python (3.4.3),py,Runtime Error,17,3064,501,
s388101930,p02936,u038408819,1587274690,Python,Python (3.4.3),py,Accepted,1671,230960,639,
s055535514,p02936,u038408819,1587274471,Python,Python (3.4.3),py,Time Limit Exceeded,2108,75816,460,
s042404203,p02936,u038408819,1587274433,Python,Python (3.4.3),py,Wrong Answer,1670,48220,438,
s621643541,p02936,u038408819,1587274322,Python,Python (3.4.3),py,Wrong Answer,1576,48244,437,
s200927467,p02936,u852839243,1587269725,C++,C++14 (GCC 5.4.1),cpp,Accepted,149,25856,3303,
s570966737,p02936,u852839243,1587269630,C++,C++14 (GCC 5.4.1),cpp,Wrong Answer,487,27136,3300,
s311761880,p02936,u852839243,1587269531,C++,C++14 (GCC 5.4.1),cpp,Wrong Answer,451,26880,3299,
s294266170,p02936,u187013893,1587262659,C++,C++14 (GCC 5.4.1),cpp,Accepted,678,23552,878,
s927086286,p02936,u863955163,1587261938,Python,Python (3.4.3),py,Wrong Answer,1561,48208,425,
s264697464,p02936,u133936772,1587261758,Python,Python (3.4.3),py,Accepted,1800,268432,332,
s593504220,p02936,u133936772,1587260390,Python,Python (3.4.3),py,Accepted,1754,268464,332,
s676695926,p02936,u133936772,1587260297,Python,Python (3.4.3),py,Runtime Error,1123,52312,303,
s698504514,p02936,u428240927,1587258188,Python,Python (3.4.3),py,Time Limit Exceeded,2109,88304,1600,
s635478457,p02936,u172546930,1587256751,Java,Java8 (OpenJDK 1.8.0),java,Accepted,1921,237136,1206,
s848704722,p02936,u910028046,1587256315,C++,C++14 (GCC 5.4.1),cpp,Accepted,392,24320,1110,
s504514707,p02936,u172546930,1587256169,Java,Java8 (OpenJDK 1.8.0),java,Wrong Answer,1700,232820,1183,
s798776658,p02936,u428240927,1587255349,Python,Python (3.4.3),py,Runtime Error,2108,66304,774,
s402551509,p02936,u428240927,1587252556,Python,Python (3.4.3),py,Runtime Error,2104,18800,510,
s968995028,p02936,u491550356,1587251096,C++,C++14 (GCC 5.4.1),cpp,Accepted,141,24320,5584,
s128902782,p02936,u187013893,1587250470,C++,C++14 (GCC 5.4.1),cpp,Wrong Answer,2104,24192,806,
s970378373,p02936,u187013893,1587250406,C++,C++14 (GCC 5.4.1),cpp,Wrong Answer,2105,22144,807,
s269643978,p02936,u428240927,1587250302,Python,Python (3.4.3),py,Runtime Error,2104,20720,442,
s366753502,p02936,u428240927,1587249600,Python,Python (3.4.3),py,Runtime Error,2106,68960,502,
s084363460,p02936,u682191329,1587249581,C++,C++14 (GCC 5.4.1),cpp,Accepted,248,52352,775,
s804055968,p02936,u107406081,1587249493,C++,C++14 (GCC 5.4.1),cpp,Accepted,322,29696,699,
s837332599,p02936,u428240927,1587249310,Python,Python (3.4.3),py,Runtime Error,2106,73492,554,
s202761098,p02936,u826426939,1587248593,C++,C++14 (GCC 5.4.1),cpp,Accepted,146,32384,1208,
s009354560,p02936,u682191329,1587248059,C++,C++14 (GCC 5.4.1),cpp,Time Limit Exceeded,2179,1124480,864,
s134188464,p02936,u702686470,1587247765,C++,C++14 (GCC 5.4.1),cpp,Accepted,318,25856,771,
s371199188,p02936,u428240927,1587247403,Python,Python (3.4.3),py,Runtime Error,1771,117940,729,
s619380085,p02936,u682191329,1587247321,C++,C++14 (GCC 5.4.1),cpp,Time Limit Exceeded,2173,1126016,1383,
s085767135,p02936,u682191329,1587247303,C++,C++14 (GCC 5.4.1),cpp,Time Limit Exceeded,2170,1118592,1407,
s155200016,p02936,u682191329,1587246668,C++,C++14 (GCC 5.4.1),cpp,Compile Error,,,1066,
s973319702,p02936,u702686470,1587245587,C++,C++14 (GCC 5.4.1),cpp,Wrong Answer,335,17268,863,
s129951479,p02936,u702686470,1587245124,C++,C++14 (GCC 5.4.1),cpp,Wrong Answer,316,17012,784,
s554217966,p02936,u702686470,1587244780,C++,C++14 (GCC 5.4.1),cpp,Wrong Answer,310,16244,778,
s892291852,p02936,u702686470,1587242112,C++,C++14 (GCC 5.4.1),cpp,Wrong Answer,2105,25216,800,
s342317284,p02936,u702686470,1587241653,C++,C++14 (GCC 5.4.1),cpp,Wrong Answer,2105,22272,812,
s548734673,p02936,u702686470,1587241428,C++,C++14 (GCC 5.4.1),cpp,Wrong Answer,2105,22272,786,
s722141173,p02936,u941753895,1587240181,Python,PyPy3 (2.4.0),py,Time Limit Exceeded,2152,750176,1065,
s192349943,p02936,u941753895,1587239866,Python,Python (3.4.3),py,Accepted,1684,235888,1065,
s147521589,p02936,u941753895,1587239828,Python,PyPy2 (5.6.0),py,Runtime Error,97,34792,1065,
s418448666,p02936,u888100977,1587238245,Python,Python (3.4.3),py,Accepted,1706,268436,578,
s927707325,p02936,u888100977,1587237965,Python,Python (3.4.3),py,Accepted,1884,268436,583,
s649873961,p02936,u089230684,1587237781,C++,C++14 (GCC 5.4.1),cpp,Accepted,128,22656,724,
s757482561,p02936,u888100977,1587237501,Python,Python (3.4.3),py,Time Limit Exceeded,2116,268440,532,
s911387487,p02936,u888100977,1587237423,Python,Python (3.4.3),py,Time Limit Exceeded,2112,230932,539,
s848591356,p02936,u888100977,1587237198,Python,Python (3.4.3),py,Time Limit Exceeded,2112,230932,517,
s096038615,p02936,u018679195,1587237188,C++,C++14 (GCC 5.4.1),cpp,Time Limit Exceeded,2104,17016,752,
s847472501,p02936,u891847179,1587236508,C++,C++14 (GCC 5.4.1),cpp,Accepted,148,15604,2281,
s578991847,p02936,u987591601,1587236436,C++,C++14 (GCC 5.4.1),cpp,Accepted,124,15604,2280,
s445400481,p02936,u891847179,1587236267,C++,C++14 (GCC 5.4.1),cpp,Runtime Error,101,256,1701,
s848934097,p02936,u863370423,1587236212,C++,C++14 (GCC 5.4.1),cpp,Time Limit Exceeded,2131,396920,921,
s928932375,p02936,u089230684,1587236167,Awk,Awk (mawk 1.3.3),awk,Runtime Error,7,636,921,
s804356253,p02936,u943966256,1587234533,C++,C++14 (GCC 5.4.1),cpp,Accepted,371,24320,749,
s561640518,p02936,u190875453,1587234139,C++,C++14 (GCC 5.4.1),cpp,Accepted,291,16372,1153,
s267316365,p02936,u018679195,1587233851,C++,C++14 (GCC 5.4.1),cpp,Accepted,147,24192,644,
s426681371,p02936,u645961531,1587233001,C++,C++14 (GCC 5.4.1),cpp,Accepted,237,34120,1452,
s931917328,p02936,u816631826,1587232723,C++,C++14 (GCC 5.4.1),cpp,Accepted,363,25984,635,
s681027525,p02936,u089230684,1587232597,C++,C++14 (Clang 3.8.0),cpp,Compile Error,,,635,
s392061978,p02936,u645961531,1587231723,C++,C++14 (GCC 5.4.1),cpp,Accepted,239,48200,1412,
s717770353,p02936,u645961531,1587231293,C++,C++14 (GCC 5.4.1),cpp,Time Limit Exceeded,2213,1714120,1411,
s501267692,p02936,u645961531,1587230799,C++,C++14 (GCC 5.4.1),cpp,Accepted,128,24320,1379,
s020196660,p02936,u645961531,1587230587,C++,C++14 (GCC 5.4.1),cpp,Runtime Error,157,27776,1410,
s388160288,p02936,u645961531,1587230570,C++,C++14 (Clang 3.8.0),cpp,Compile Error,,,1410,
s731633672,p02936,u645961531,1587230455,C++,C++14 (GCC 5.4.1),cpp,Runtime Error,156,27776,1410,
s623659612,p02936,u645961531,1587228840,C++,C++14 (GCC 5.4.1),cpp,Time Limit Exceeded,2238,2031988,1391,
s875225705,p02936,u645961531,1587228308,C++,C++14 (GCC 5.4.1),cpp,Time Limit Exceeded,2235,2096384,1402,
s908766631,p02936,u645961531,1587226766,C++,C++14 (GCC 5.4.1),cpp,Wrong Answer,2249,1675264,1755,
s481184605,p02936,u494249944,1587222233,C++,C++14 (GCC 5.4.1),cpp,Wrong Answer,316,24320,660,
s274353920,p02936,u494249944,1587222131,C++,C++14 (GCC 5.4.1),cpp,Wrong Answer,345,23424,662,
s391231510,p02936,u188706971,1587214796,C++,C++14 (GCC 5.4.1),cpp,Accepted,319,21104,1068,
s409933088,p02936,u188706971,1587214721,C++,C++14 (GCC 5.4.1),cpp,Wrong Answer,308,21104,1119,
s016389619,p02936,u188706971,1587213806,C++,C++14 (GCC 5.4.1),cpp,Wrong Answer,314,21104,1068,
s634962437,p02936,u876953939,1587195954,C++,C++14 (GCC 5.4.1),cpp,Accepted,343,24320,1105,
s905184220,p02936,u876953939,1587195635,C++,C++14 (GCC 5.4.1),cpp,Wrong Answer,321,24320,1096,
s708934311,p02936,u466161487,1587195174,C++,C++14 (GCC 5.4.1),cpp,Accepted,134,17396,3234,
s005888982,p02936,u228295160,1587191847,C++,C++14 (GCC 5.4.1),cpp,Accepted,333,24320,5415,
s070004706,p02936,u228295160,1587191768,C++,C++14 (GCC 5.4.1),cpp,Time Limit Exceeded,2227,1493220,5408,
s836160842,p02936,u228295160,1587191593,C++,C++14 (GCC 5.4.1),cpp,Time Limit Exceeded,2216,1525348,5440,
s996170475,p02936,u107406081,1587191377,C++,C++14 (GCC 5.4.1),cpp,Accepted,336,17140,1662,
s337175158,p02936,u876953939,1587191304,C++,C++14 (GCC 5.4.1),cpp,Wrong Answer,2104,18944,1013,
s512594582,p02936,u876953939,1587191110,C++,C++14 (GCC 5.4.1),cpp,Wrong Answer,2105,18176,1021,
s868566197,p02936,u107406081,1587190270,C++,C++14 (GCC 5.4.1),cpp,Time Limit Exceeded,2104,15348,1069,
s141176659,p02936,u106297876,1587189269,C++,C++14 (GCC 5.4.1),cpp,Accepted,310,25600,1688,
s477509872,p02936,u244391385,1587187867,C++,C++14 (GCC 5.4.1),cpp,Accepted,385,23552,759,
s909160539,p02936,u926416331,1587187677,C++,C++14 (GCC 5.4.1),cpp,Accepted,334,21876,997,
s321423824,p02936,u244391385,1587187669,C++,C++14 (GCC 5.4.1),cpp,Wrong Answer,363,23424,756,
s171561151,p02936,u329706129,1587185244,C++,C++14 (GCC 5.4.1),cpp,Accepted,328,24576,749,
s438605473,p02936,u329706129,1587185189,C++,C++14 (GCC 5.4.1),cpp,Wrong Answer,325,25216,849,
s093746344,p02936,u075250977,1587182869,C++,C++14 (GCC 5.4.1),cpp,Accepted,642,28788,1183,
s762912063,p02936,u265506056,1587182308,Python,Python (3.4.3),py,Wrong Answer,1601,262064,499,
s127785941,p02936,u265506056,1587182056,Python,PyPy3 (2.4.0),py,Time Limit Exceeded,2150,761336,521,
s314451839,p02936,u265506056,1587181738,Python,Python (3.4.3),py,Accepted,1776,268432,521,
s551164740,p02936,u265506056,1587181664,Python,Python (3.4.3),py,Accepted,1833,268464,536,
s261441620,p02936,u265506056,1587181510,Python,PyPy3 (2.4.0),py,Runtime Error,2068,130060,443,
s062438150,p02936,u107464079,1587180120,C++,C++14 (GCC 5.4.1),cpp,Accepted,363,24320,572,
s246266141,p02936,u107464079,1587179422,C++,C++14 (GCC 5.4.1),cpp,Wrong Answer,346,21120,518,
s481704875,p02936,u107464079,1587178981,C++,C++14 (GCC 5.4.1),cpp,Wrong Answer,2108,24192,503,
s346102767,p02936,u582486901,1587175907,C#,C# (Mono 4.6.2.0),cs,Accepted,1020,96708,9159,
s488973991,p02936,u065715253,1587174828,C++,C++14 (GCC 5.4.1),cpp,Accepted,410,38384,1384,
s757489789,p02936,u699193595,1587174402,C++,C++14 (GCC 5.4.1),cpp,Accepted,152,23552,810,
s113197612,p02936,u366644013,1587170582,C++,C++14 (GCC 5.4.1),cpp,Accepted,145,25856,1002,
s599313981,p02936,u366644013,1587170561,C++,C++14 (GCC 5.4.1),cpp,Accepted,143,25856,1002,
s034993038,p02936,u142577570,1587169003,C++,C++14 (GCC 5.4.1),cpp,Accepted,667,23424,1487,
s556683270,p02936,u888100977,1587168564,Python,Python (3.4.3),py,Wrong Answer,2118,217776,378,
s017344041,p02936,u657901243,1587168254,C++,C++14 (GCC 5.4.1),cpp,Accepted,308,24320,720,
s540059319,p02936,u657901243,1587167945,C++,C++14 (GCC 5.4.1),cpp,Wrong Answer,292,21888,761,
s680551783,p02936,u657901243,1587167911,C++,C++14 (GCC 5.4.1),cpp,Wrong Answer,296,21888,757,
s053724244,p02936,u888100977,1587167833,Python,Python (3.4.3),py,Runtime Error,2105,43828,378,
s962243094,p02936,u888100977,1587167691,Python,Python (3.4.3),py,Runtime Error,2106,40716,337,
s848403116,p02936,u193264896,1587167272,Python,Python (3.4.3),py,Accepted,1105,126728,881,
s982417079,p02936,u142577570,1587165413,C++,C++14 (GCC 5.4.1),cpp,Wrong Answer,264,4720,1358,
s473776518,p02936,u399527088,1587164027,C++,C++14 (GCC 5.4.1),cpp,Accepted,336,43520,2607,
s327121307,p02936,u610441939,1587163834,C++,C++14 (GCC 5.4.1),cpp,Accepted,313,24320,817,
s907154619,p02936,u621509943,1587163805,C++,C++14 (GCC 5.4.1),cpp,Accepted,431,23424,492,
s905216570,p02936,u662615460,1587163640,Python,Python (3.4.3),py,Accepted,1867,325604,712,
s751509188,p02936,u440920318,1587163614,C++,C++14 (GCC 5.4.1),cpp,Accepted,166,18032,773,
s454515046,p02936,u218843509,1587163526,Python,Python (3.4.3),py,Accepted,1315,64980,545,
s730626178,p02936,u985686845,1587162441,C++,C++14 (GCC 5.4.1),cpp,Accepted,654,21376,867,
s156493119,p02936,u657901243,1587162294,C++,C++14 (GCC 5.4.1),cpp,Wrong Answer,300,24320,725,
s151265264,p02936,u657901243,1587161774,C++,C++14 (GCC 5.4.1),cpp,Wrong Answer,294,21120,675,
s611466747,p02936,u657901243,1587161184,C++,C++14 (GCC 5.4.1),cpp,Wrong Answer,273,14964,653,
s011210799,p02936,u662615460,1587160380,Python,PyPy3 (2.4.0),py,Time Limit Exceeded,2118,244844,685,
s021800661,p02936,u662615460,1587160139,Python,Python (3.4.3),py,Time Limit Exceeded,2123,320292,678,
s442751966,p02936,u025287757,1587159181,C++,C++14 (GCC 5.4.1),cpp,Accepted,662,24320,775,
s316855127,p02936,u025287757,1587158821,C++,C++14 (GCC 5.4.1),cpp,Compile Error,,,776,
s579833912,p02936,u515131769,1587157775,C++,C++14 (GCC 5.4.1),cpp,Accepted,299,26624,665,
s453991491,p02936,u442591725,1587157659,C++,C++14 (GCC 5.4.1),cpp,Accepted,334,30592,1060,
s177628046,p02936,u515131769,1587157398,C++,C++14 (GCC 5.4.1),cpp,Accepted,380,23424,622,
s995429040,p02936,u539011156,1587156712,C++,C++14 (GCC 5.4.1),cpp,Accepted,331,25472,2667,
s563915119,p02936,u442591725,1587156033,C++,C++14 (GCC 5.4.1),cpp,Wrong Answer,303,24320,904,
s286373714,p02936,u515131769,1587154557,C++,C++14 (GCC 5.4.1),cpp,Wrong Answer,2105,26496,551,
s784521457,p02936,u515131769,1587154311,C++,C++14 (GCC 5.4.1),cpp,Wrong Answer,2104,23168,549,
s419726649,p02936,u515131769,1587154059,C++,C++14 (GCC 5.4.1),cpp,Compile Error,,,549,
s678142969,p02936,u820839927,1587140754,Python,Python (3.4.3),py,Runtime Error,2114,155632,638,
s272404251,p02936,u820839927,1587140679,Python,Python (3.4.3),py,Runtime Error,2108,145744,559,
s305655200,p02936,u820839927,1587138801,Python,Python (3.4.3),py,Runtime Error,2108,145720,652,
s543434323,p02936,u820839927,1587138168,Python,Python (3.4.3),py,Runtime Error,2111,150392,709,
s101445536,p02936,u382596945,1587137792,C++,C++14 (GCC 5.4.1),cpp,Runtime Error,407,7040,1111,
s841057176,p02936,u382596945,1587137133,C++,C++14 (GCC 5.4.1),cpp,Runtime Error,2103,5376,907,
s327693556,p02936,u820839927,1587134275,Python,Python (3.4.3),py,Runtime Error,2106,65340,682,
s193933075,p02936,u588369531,1587131342,C++,C++14 (GCC 5.4.1),cpp,Accepted,1065,17396,4456,
s331891024,p02936,u554781254,1587131249,Python,Python (3.4.3),py,Accepted,1450,124756,825,
s789691160,p02936,u588369531,1587130094,C++,C++14 (GCC 5.4.1),cpp,Wrong Answer,117,14080,4214,
s731799028,p02936,u588369531,1587129923,C++,C++14 (GCC 5.4.1),cpp,Wrong Answer,112,14080,4112,
s414250019,p02936,u706341784,1587109804,C++,C++14 (GCC 5.4.1),cpp,Accepted,364,23424,616,
s632872795,p02936,u139478771,1587109055,Kotlin,Kotlin (1.0.0),kt,Wrong Answer,632,77972,2232,
s689366930,p02936,u554781254,1587102611,Python,PyPy3 (2.4.0),py,Wrong Answer,2144,667516,1557,
s608424706,p02936,u554781254,1587101788,Python,Python (3.4.3),py,Wrong Answer,2121,287260,2057,
s205673877,p02936,u554781254,1587100993,Python,Python (3.4.3),py,Wrong Answer,2120,271644,1499,
s355177261,p02936,u554781254,1587100896,Python,PyPy3 (2.4.0),py,Runtime Error,176,38256,1628,
s113151985,p02936,u418810472,1587091069,C++,C++14 (GCC 5.4.1),cpp,Accepted,678,23552,806,
s149825837,p02936,u418810472,1587091039,C++,C++14 (GCC 5.4.1),cpp,Runtime Error,692,274164,805,
s349537560,p02936,u418810472,1587090992,C++,C++14 (GCC 5.4.1),cpp,Compile Error,,,806,
s965052271,p02936,u418810472,1587090837,C++,C++14 (GCC 5.4.1),cpp,Runtime Error,2109,274164,804,
s428786448,p02936,u683134447,1587090106,Python,PyPy3 (2.4.0),py,Time Limit Exceeded,2035,120396,558,
s552484433,p02936,u982896977,1587089573,Python,Python (3.4.3),py,Accepted,1840,56152,502,
s293604754,p02936,u982896977,1587089333,Python,PyPy3 (2.4.0),py,Time Limit Exceeded,2112,108912,516,
s592316683,p02936,u982896977,1587089311,Python,Python (3.4.3),py,Time Limit Exceeded,2107,52388,516,
s726746647,p02936,u633967774,1587084566,C++,C++14 (GCC 5.4.1),cpp,Accepted,392,23808,702,
s733082679,p02936,u633967774,1587084494,C++,C++14 (GCC 5.4.1),cpp,Runtime Error,393,16256,702,
s310736361,p02936,u863955163,1587077012,Python,Python (3.4.3),py,Accepted,1788,56084,552,
s500251947,p02936,u863955163,1587076730,Python,Python (3.4.3),py,Wrong Answer,1600,49828,526,
s583603921,p02936,u924451152,1587076602,C++,C++14 (GCC 5.4.1),cpp,Accepted,611,25856,703,
s570254433,p02936,u624645160,1587075665,C++,C++14 (GCC 5.4.1),cpp,Accepted,327,16372,2267,
s870167544,p02936,u624645160,1587075438,C++,C++14 (GCC 5.4.1),cpp,Accepted,314,17140,2436,
s585512641,p02936,u863955163,1587074378,Python,Python (3.4.3),py,Runtime Error,2157,18384,588,
s619278780,p02936,u863955163,1587073612,Python,Python (3.4.3),py,Runtime Error,2137,18376,619,
s482187552,p02936,u788703383,1587073124,Python,Python (3.4.3),py,Accepted,1711,56088,582,
s410735898,p02936,u401900157,1587072795,C++,C++14 (GCC 5.4.1),cpp,Accepted,134,23552,1118,
s464440175,p02936,u788703383,1587072055,Python,Python (3.4.3),py,Accepted,1826,56080,626,
s638833898,p02936,u788703383,1587072021,Python,Python (3.4.3),py,Runtime Error,1390,49768,625,
s458005701,p02936,u788703383,1587071755,Python,Python (3.4.3),py,Accepted,1963,56168,629,
s977685222,p02936,u683134447,1587070118,Python,PyPy3 (2.4.0),py,Time Limit Exceeded,2109,131544,659,
s612155642,p02936,u683134447,1587070097,Python,Python (3.4.3),py,Time Limit Exceeded,2107,98524,659,
s797856352,p02936,u683134447,1587069909,Python,Python (3.4.3),py,Time Limit Exceeded,2108,98524,665,
s739688769,p02936,u683134447,1587069792,Python,Python (3.4.3),py,Time Limit Exceeded,2119,256844,637,
s635059922,p02936,u683134447,1587069688,Python,PyPy3 (2.4.0),py,Runtime Error,2110,135000,589,
s528270338,p02936,u199184624,1587069369,C++,C++14 (GCC 5.4.1),cpp,Accepted,316,23552,997,
s098143443,p02936,u671264502,1587068811,C#,C# (Mono 4.6.2.0),cs,Accepted,265,65648,38948,
s927186272,p02936,u065923107,1587059084,Python,PyPy3 (2.4.0),py,Runtime Error,1950,130508,542,
s713358545,p02936,u620084012,1587058965,Python,Python (3.4.3),py,Accepted,1852,268432,580,
s338828570,p02936,u620084012,1587058886,Python,Python (3.4.3),py,Runtime Error,1655,264744,585,
s933203372,p02936,u620084012,1587058762,Python,Python (3.4.3),py,Time Limit Exceeded,2118,227236,436,
s927839195,p02936,u620084012,1587058688,Python,Python (3.4.3),py,Runtime Error,1878,137176,432,
s353102720,p02936,u620084012,1587058601,Python,Python (3.4.3),py,Runtime Error,1829,52308,390,
s171404226,p02936,u065923107,1587058037,C++,C++14 (GCC 5.4.1),cpp,Accepted,576,27392,1202,
s520893755,p02936,u060564167,1587056382,Python,Python (3.4.3),py,Runtime Error,2109,100020,382,
s316474666,p02936,u737218615,1587056291,C++,C++14 (GCC 5.4.1),cpp,Accepted,593,27392,1076,
s968615319,p02936,u737218615,1587056006,C++,C++14 (GCC 5.4.1),cpp,Runtime Error,695,15384,1073,
s736266475,p02936,u434509016,1587055848,Ruby,Ruby (2.3.3),rb,Accepted,1308,66468,659,
s333538881,p02936,u009414205,1587055580,C++,C++14 (GCC 5.4.1),cpp,Accepted,152,23552,1140,
s673988169,p02936,u744305661,1587053485,C++,C++14 (GCC 5.4.1),cpp,Accepted,288,18032,1097,
s554109724,p02936,u607594286,1587053155,C++,C++14 (GCC 5.4.1),cpp,Accepted,377,24320,1119,
s845000289,p02936,u371149954,1587053028,C++,C++14 (GCC 5.4.1),cpp,Accepted,160,34048,1197,
s503835816,p02936,u274883254,1587052612,C++,C++14 (GCC 5.4.1),cpp,Accepted,433,23552,791,
s239681552,p02936,u225474226,1587051864,C++,C++14 (GCC 5.4.1),cpp,Accepted,381,23424,784,
s863343406,p02936,u225474226,1587049833,C++,C++14 (GCC 5.4.1),cpp,Wrong Answer,2104,14592,933,
s667791766,p02936,u345932819,1587049548,Java,Java8 (OpenJDK 1.8.0),java,Accepted,1626,221300,25828,
s406715714,p02936,u345932819,1587049452,Java,Java8 (OpenJDK 1.8.0),java,Wrong Answer,1736,223448,25811,
s117156670,p02936,u345932819,1587049187,Java,Java8 (OpenJDK 1.8.0),java,Accepted,1878,261328,26128,
s475303225,p02936,u662071161,1587047229,D,D (LDC 0.17.0),d,Accepted,477,45180,4327,
s136570762,p02936,u345932819,1587045276,Java,Java8 (OpenJDK 1.8.0),java,Wrong Answer,1829,237920,26317,
s991555675,p02936,u345932819,1587045038,Java,Java8 (OpenJDK 1.8.0),java,Wrong Answer,1680,222856,26140,
s996148234,p02936,u662071161,1587044857,D,D (LDC 0.17.0),d,Time Limit Exceeded,2103,24572,4595,
s785678428,p02936,u933129390,1587044276,Python,PyPy3 (2.4.0),py,Wrong Answer,2110,118216,538,
s327727172,p02936,u662071161,1587044083,D,D (LDC 0.17.0),d,Time Limit Exceeded,2104,46428,4600,
s192950941,p02936,u662071161,1587043862,D,D (LDC 0.17.0),d,Time Limit Exceeded,2104,35768,4576,
s245408852,p02936,u933129390,1587043624,Python,Python (3.4.3),py,Wrong Answer,2107,56388,538,
s300367052,p02936,u596311864,1587043615,C++,C++14 (GCC 5.4.1),cpp,Accepted,313,29696,959,
s806434901,p02936,u596311864,1587043552,C++,C++14 (GCC 5.4.1),cpp,Wrong Answer,307,29568,958,
s119822258,p02936,u662071161,1587043460,D,D (LDC 0.17.0),d,Wrong Answer,473,24924,4485,
s060024763,p02936,u331360010,1587042856,C++,C++14 (GCC 5.4.1),cpp,Accepted,93,27136,10667,
s871260800,p02936,u907525511,1587042820,C++,C++14 (GCC 5.4.1),cpp,Accepted,392,23424,702,
s484868653,p02936,u907525511,1587042788,C++,C++14 (GCC 5.4.1),cpp,Wrong Answer,349,20352,631,
s567662747,p02936,u193866675,1587042377,C++,C++14 (GCC 5.4.1),cpp,Wrong Answer,2104,11648,1127,
s494722232,p02936,u907525511,1587042357,C++,C++14 (GCC 5.4.1),cpp,Accepted,377,23424,702,
s158689891,p02936,u331360010,1587042332,C++,C++14 (GCC 5.4.1),cpp,Accepted,111,27136,10565,
s329425120,p02936,u316322317,1587042331,C++,C++14 (GCC 5.4.1),cpp,Accepted,284,19440,1023,
s116668312,p02936,u662071161,1587042151,D,D (LDC 0.17.0),d,Wrong Answer,470,31484,4242,
s898279259,p02936,u345932819,1587042047,Java,Java8 (OpenJDK 1.8.0),java,Wrong Answer,1651,213060,25575,
s947596001,p02936,u907525511,1587041980,C++,C++14 (GCC 5.4.1),cpp,Wrong Answer,336,4736,548,
s712711506,p02936,u907525511,1587041921,C++,C++14 (GCC 5.4.1),cpp,Wrong Answer,315,3968,549,
s136713100,p02936,u685983477,1587041844,Python,Python (3.4.3),py,Accepted,1698,56084,530,
s022166369,p02936,u726615467,1587041645,Python,PyPy3 (2.4.0),py,Accepted,1962,162668,666,
s339946744,p02936,u662071161,1587041571,D,D (LDC 0.17.0),d,Wrong Answer,366,7292,4068,
s137539614,p02936,u685983477,1587041412,Python,Python (3.4.3),py,Runtime Error,1518,46668,419,
s831231156,p02936,u735499035,1587041329,C++,C++14 (GCC 5.4.1),cpp,Accepted,595,16340,870,
s745222538,p02936,u331360010,1587041215,C++,C++14 (GCC 5.4.1),cpp,Runtime Error,192,27136,10551,
s262436151,p02936,u345932819,1587041161,Java,Java8 (OpenJDK 1.8.0),java,Wrong Answer,2110,338092,25707,
s447918884,p02936,u726615467,1587041159,Python,Python (3.4.3),py,Time Limit Exceeded,2124,326632,1159,
s378082258,p02936,u735499035,1587041099,C++,C++14 (GCC 5.4.1),cpp,Accepted,586,18292,909,
s474109423,p02936,u334644046,1587041061,C++,C++14 (GCC 5.4.1),cpp,Wrong Answer,2104,20608,1809,
s656873037,p02936,u765690804,1587041019,C++,C++14 (GCC 5.4.1),cpp,Accepted,165,25216,2760,
s017052438,p02936,u765690804,1587040975,C++,C++14 (GCC 5.4.1),cpp,Wrong Answer,124,26080,2744,
s663144012,p02936,u331360010,1587040935,C++,C++14 (GCC 5.4.1),cpp,Runtime Error,175,27136,10527,
s024862515,p02936,u735499035,1587040513,C++,C++14 (GCC 5.4.1),cpp,Wrong Answer,579,16484,798,
s280804311,p02936,u735499035,1587040426,C++,C++14 (GCC 5.4.1),cpp,Accepted,326,18420,953,
s838968417,p02936,u735499035,1587040374,C++,C++14 (GCC 5.4.1),cpp,Wrong Answer,570,14960,759,
s666739521,p02936,u415400221,1587040357,Ruby,Ruby (2.3.3),rb,Accepted,1124,27416,1671,
s008114251,p02936,u345932819,1587040339,Java,Java8 (OpenJDK 1.8.0),java,Accepted,1322,147432,24247,
s832029029,p02936,u690475097,1587040253,C++,C++14 (GCC 5.4.1),cpp,Accepted,408,24320,1065,
s923365498,p02936,u690475097,1587040226,C++,C++14 (GCC 5.4.1),cpp,Runtime Error,102,768,1063,
s320805091,p02936,u690475097,1587040161,C++,C++14 (GCC 5.4.1),cpp,Runtime Error,102,256,1061,
s624657082,p02936,u193866675,1587040153,C++,C++14 (GCC 5.4.1),cpp,Runtime Error,598,6016,970,
s713225887,p02936,u415400221,1587040114,Ruby,Ruby (2.3.3),rb,Wrong Answer,1163,27288,1704,
s590946566,p02936,u345932819,1587040105,Java,Java8 (OpenJDK 1.8.0),java,Accepted,1393,148844,24240,
s823418840,p02936,u415400221,1587039948,Ruby,Ruby (2.3.3),rb,Wrong Answer,1245,26140,1689,
s350496111,p02936,u184929210,1587039938,C++,C++14 (GCC 5.4.1),cpp,Accepted,360,24320,518,
s358011552,p02936,u315542000,1587039875,C++,C++14 (GCC 5.4.1),cpp,Accepted,327,23552,861,
s131913780,p02936,u892687772,1587039716,C++,C++14 (GCC 5.4.1),cpp,Accepted,192,27268,2056,
s631654189,p02936,u345932819,1587039646,Java,Java8 (OpenJDK 1.8.0),java,Wrong Answer,1025,137856,22941,
s794624648,p02936,u765690804,1587039635,C++,C++14 (GCC 5.4.1),cpp,Wrong Answer,145,26080,2748,
s320047887,p02936,u907525511,1587039599,C++,C++14 (GCC 5.4.1),cpp,Wrong Answer,2104,24192,655,
s014759687,p02936,u765690804,1587039564,C++,C++14 (GCC 5.4.1),cpp,Wrong Answer,152,26080,2721,
s184065856,p02936,u970197315,1587039546,Python,Python (3.4.3),py,Accepted,1729,56160,426,
s458917358,p02936,u685983477,1587039494,Python,Python (3.4.3),py,Wrong Answer,1497,47896,323,
s606776646,p02936,u895382169,1587039483,C++,C++14 (GCC 5.4.1),cpp,Accepted,323,31344,2268,
s728108571,p02936,u191484928,1587039482,C++,C++14 (GCC 5.4.1),cpp,Accepted,520,39936,718,
s429493040,p02936,u336949031,1587039452,Scala,Scala (2.11.7),scala,Accepted,1365,131360,2502,
s329827215,p02936,u726615467,1587039385,Python,PyPy3 (2.4.0),py,Time Limit Exceeded,2116,169196,855,
s486957641,p02936,u336949031,1587039381,Scala,Scala (2.11.7),scala,Wrong Answer,2131,134564,2525,
s559566082,p02936,u765690804,1587039331,C++,C++14 (GCC 5.4.1),cpp,Wrong Answer,148,26080,2772,
s820620530,p02936,u895382169,1587039322,C++,C++14 (GCC 5.4.1),cpp,Wrong Answer,303,29044,2227,
s522830211,p02936,u415400221,1587039130,Ruby,Ruby (2.3.3),rb,Wrong Answer,1355,25668,1599,
s223272661,p02936,u345932819,1587039121,Java,Java8 (OpenJDK 1.8.0),java,Wrong Answer,2110,350816,23170,
s464571644,p02936,u516525290,1587039111,C++,C++14 (GCC 5.4.1),cpp,Accepted,314,24320,1660,
s569318216,p02936,u726615467,1587039066,Python,Python (3.4.3),py,Runtime Error,2112,160132,787,
s215974673,p02936,u803617136,1587039022,Python,Python (3.4.3),py,Accepted,1766,55856,563,
s490690881,p02936,u345932819,1587038997,Java,Java8 (OpenJDK 1.8.0),java,Wrong Answer,2110,350860,23061,
s442833422,p02936,u765690804,1587038988,C++,C++14 (GCC 5.4.1),cpp,Wrong Answer,135,24448,1661,
s524142486,p02936,u735499035,1587038919,C++,C++14 (GCC 5.4.1),cpp,Wrong Answer,2104,12800,741,
s473263496,p02936,u617380180,1587038812,C++,C++14 (GCC 5.4.1),cpp,Accepted,176,17140,2019,
s393325000,p02936,u685983477,1587038810,Python,Python (3.4.3),py,Wrong Answer,2134,508208,472,
s531476484,p02936,u623468376,1587038806,C++,C++14 (GCC 5.4.1),cpp,Accepted,142,24448,1220,
s972529633,p02936,u623468376,1587038763,C++,C++14 (GCC 5.4.1),cpp,Compile Error,,,1220,
s501818018,p02936,u024191315,1587038711,C++,C++14 (GCC 5.4.1),cpp,Accepted,392,23424,641,
s729944541,p02936,u544361885,1587038645,C#,C# (Mono 4.6.2.0),cs,Wrong Answer,1614,55360,28476,
s081122013,p02936,u623468376,1587038637,C++,C++14 (GCC 5.4.1),cpp,Wrong Answer,130,15476,1120,
s355301901,p02936,u735499035,1587038631,C++,C++14 (GCC 5.4.1),cpp,Wrong Answer,2104,13184,667,
s242420472,p02936,u733814820,1587038607,C++,C++14 (GCC 5.4.1),cpp,Accepted,260,54016,1420,
s683454056,p02936,u336949031,1587038590,Scala,Scala (2.11.7),scala,Wrong Answer,1220,125240,2407,
s262133916,p02936,u544361885,1587038511,C#,C# (Mono 4.6.2.0),cs,Compile Error,,,28313,
s673502143,p02936,u685983477,1587038432,Python,Python (3.4.3),py,Wrong Answer,2134,507952,407,
s859024306,p02936,u336949031,1587038415,Scala,Scala (2.11.7),scala,Wrong Answer,1966,127304,2279,
s177999280,p02936,u685983477,1587038407,Python,Python (3.4.3),py,Wrong Answer,2137,508464,406,
s175999162,p02936,u221285045,1587038388,C++,C++14 (GCC 5.4.1),cpp,Accepted,148,28928,2666,
s790684474,p02936,u735499035,1587038384,C++,C++14 (GCC 5.4.1),cpp,Wrong Answer,2104,12288,655,
s840795732,p02936,u186838327,1587038378,Python,PyPy3 (2.4.0),py,Accepted,1958,106956,471,
s237565209,p02936,u086503932,1587038376,Python,Python (3.4.3),py,Accepted,1669,56156,504,
s889856228,p02936,u858575800,1587038351,C++,C++14 (GCC 5.4.1),cpp,Accepted,351,22656,745,
s122443802,p02936,u221285045,1587038333,C++,C++14 (GCC 5.4.1),cpp,Wrong Answer,161,28800,2665,
s524625389,p02936,u336949031,1587038327,Scala,Scala (2.11.7),scala,Wrong Answer,2115,163868,927,
s202257770,p02936,u090994275,1587038305,C++,C++14 (GCC 5.4.1),cpp,Accepted,395,24320,1045,
s537715032,p02936,u852690916,1587038269,Python,PyPy3 (2.4.0),py,Accepted,753,92876,612,
s613453722,p02936,u134519179,1587038170,C++,C++14 (GCC 5.4.1),cpp,Accepted,133,30592,1252,
s121369051,p02936,u761320129,1587038166,Python,PyPy3 (2.4.0),py,Accepted,981,125608,587,
s939193979,p02936,u555962250,1587038118,C++,C++14 (GCC 5.4.1),cpp,Accepted,313,16372,975,
s141548891,p02936,u893584578,1587038053,C++,C++14 (GCC 5.4.1),cpp,Accepted,298,17904,1136,
s180689021,p02936,u852690916,1587038015,Python,PyPy3 (2.4.0),py,Wrong Answer,785,77516,491,
s906707017,p02936,u991846372,1587038011,C++,C++14 (GCC 5.4.1),cpp,Accepted,384,31104,1065,
s530193884,p02936,u761320129,1587037992,Python,PyPy3 (2.4.0),py,Time Limit Exceeded,2121,274588,486,
s451596568,p02936,u336949031,1587037973,Scala,Scala (2.11.7),scala,Wrong Answer,2115,161960,823,
s830927534,p02936,u991846372,1587037944,C++,C++14 (GCC 5.4.1),cpp,Runtime Error,102,2560,1065,
s566390334,p02936,u530107518,1587037890,C++,C++14 (GCC 5.4.1),cpp,Accepted,433,19696,2147,
s904719934,p02936,u693953100,1587037863,Python,Python (3.4.3),py,Accepted,1692,52988,689,
s697946514,p02936,u415325136,1587037859,C++,C++14 (GCC 5.4.1),cpp,Accepted,125,23552,878,
s217088987,p02936,u571173211,1587037857,C++,C++14 (GCC 5.4.1),cpp,Accepted,381,24320,1393,
s708726434,p02936,u317754719,1587037817,C++,C++14 (GCC 5.4.1),cpp,Accepted,321,24448,1974,
s893667072,p02936,u617826263,1587037809,C++,C++14 (GCC 5.4.1),cpp,Accepted,316,30464,1101,
s650639379,p02936,u265359795,1587037802,C++,C++14 (GCC 5.4.1),cpp,Accepted,325,24320,653,
s674304781,p02936,u414947284,1587037798,C++,C++14 (GCC 5.4.1),cpp,Accepted,147,19060,1195,
s462853564,p02936,u882620594,1587037792,C++,C++14 (GCC 5.4.1),cpp,Accepted,148,26624,861,
s372632876,p02936,u608088992,1587037788,Python,Python (3.4.3),py,Accepted,972,65668,721,
s317781221,p02936,u281168735,1587037785,C++,C++14 (GCC 5.4.1),cpp,Accepted,192,35840,2885,
s584803852,p02936,u853721692,1587037762,C++,C++14 (GCC 5.4.1),cpp,Accepted,124,23552,1770,
s432064290,p02936,u853721692,1587037690,C++,C++14 (GCC 5.4.1),cpp,Accepted,128,23552,1770,
s564263848,p02936,u331360010,1587037685,C++,C++14 (GCC 5.4.1),cpp,Accepted,110,23680,14361,
s703007210,p02936,u500092662,1587037665,C++,C++14 (GCC 5.4.1),cpp,Accepted,153,23552,821,
s094086380,p02936,u929582923,1587037558,C++,C++14 (GCC 5.4.1),cpp,Accepted,166,17904,1726,
s120053841,p02936,u331360010,1587037545,C++,C++14 (GCC 5.4.1),cpp,Wrong Answer,296,30336,13663,
s207346752,p02936,u340980616,1587037524,C++,C++14 (GCC 5.4.1),cpp,Accepted,189,25196,2425,
s516784429,p02936,u761320129,1587037466,Python,Python (3.4.3),py,Time Limit Exceeded,2124,322972,486,
s365672599,p02936,u071019032,1587037459,C++,C++14 (GCC 5.4.1),cpp,Accepted,156,21104,1288,
s074717347,p02936,u227082700,1587037447,Python,Python (3.4.3),py,Accepted,1823,62368,408,
s611374828,p02936,u897304429,1587037415,C++,C++14 (GCC 5.4.1),cpp,Accepted,137,21376,2538,
s142173186,p02936,u585482323,1587037371,Python,PyPy3 (2.4.0),py,Accepted,777,94484,1285,
s891481539,p02936,u227082700,1587037367,Python,Python (3.4.3),py,Wrong Answer,1579,47920,320,
s089825572,p02936,u761320129,1587037365,Python,Python (3.4.3),py,Runtime Error,1821,113356,446,
s599807942,p02936,u828388155,1587037252,C++,C++14 (GCC 5.4.1),cpp,Accepted,293,24320,1479,
s471522435,p02936,u157195505,1587037146,C++,C++14 (GCC 5.4.1),cpp,Accepted,303,19440,1038,
s348528333,p02936,u137087473,1587037049,Java,Java8 (OpenJDK 1.8.0),java,Accepted,1008,145756,37207,
s557216428,p02936,u994988729,1587037045,Python,Python (3.4.3),py,Accepted,1064,55800,588,
s180742469,p02936,u189832798,1587037033,Java,Java8 (OpenJDK 1.8.0),java,Accepted,1761,203892,1225,
s296795160,p02936,u756388720,1587036794,C++,C++14 (GCC 5.4.1),cpp,Accepted,295,21248,720,
s845957347,p02936,u908961327,1587035017,Rust,Rust (1.15.1),rs,Accepted,146,46212,171365,
s765972462,p02936,u908961327,1587034565,Rust,Rust (1.15.1),rs,Accepted,154,45856,169821,
s174258377,p02936,u908961327,1587033609,C++,C++14 (GCC 5.4.1),cpp,Wrong Answer,24,13824,1669,
s080623309,p02936,u908961327,1587033324,Rust,Rust (1.15.1),rs,Wrong Answer,264,16636,965,
s781239075,p02936,u908961327,1587032865,Rust,Rust (1.15.1),rs,Wrong Answer,159,72336,181416,
s080660205,p02936,u908961327,1587032773,Rust,Rust (1.15.1),rs,Wrong Answer,170,72332,176670,
s669373516,p02936,u908961327,1587032254,Rust,Rust (1.15.1),rs,Accepted,184,72332,176700,
s233236752,p02936,u908961327,1587030516,Rust,Rust (1.15.1),rs,Wrong Answer,2115,43864,169502,
s435503126,p02936,u662852612,1587029262,C++,C++14 (GCC 5.4.1),cpp,Accepted,597,24320,1125,
s130794324,p02936,u248433238,1587028143,Java,Java8 (OpenJDK 1.8.0),java,Accepted,1006,146808,3426,
s542276442,p02936,u248433238,1587021644,Java,Java8 (OpenJDK 1.8.0),java,Accepted,962,125492,3451,
s290656282,p02936,u248433238,1587021263,Java,Java8 (OpenJDK 1.8.0),java,Time Limit Exceeded,2109,81624,3535,
s581928324,p02936,u248433238,1587019833,Java,Java8 (OpenJDK 1.8.0),java,Wrong Answer,715,131580,3174,
s050201709,p02936,u248433238,1587019553,Java,Java8 (OpenJDK 1.8.0),java,Wrong Answer,2106,239332,943,
s933586463,p02936,u662852612,1587014994,C++,C++14 (GCC 5.4.1),cpp,Wrong Answer,543,7040,810,
s177010887,p02936,u662852612,1587014798,C++,C++14 (GCC 5.4.1),cpp,Wrong Answer,549,6912,776,
s558440019,p02936,u662852612,1587014722,C++,C++14 (GCC 5.4.1),cpp,Runtime Error,633,6912,765,
s596119623,p02936,u662852612,1587014642,C++,C++14 (GCC 5.4.1),cpp,Runtime Error,629,6912,767,
s945015803,p02936,u662852612,1587014543,C++,C++14 (GCC 5.4.1),cpp,Runtime Error,634,6912,734,
s137401509,p02936,u105001881,1587013569,C++,C++14 (GCC 5.4.1),cpp,Accepted,299,179828,3441,
s621397446,p02936,u105001881,1587013018,C++,C++14 (GCC 5.4.1),cpp,Wrong Answer,226,179828,3280,
s584024549,p02936,u418810472,1587012161,C++,C++14 (GCC 5.4.1),cpp,Accepted,659,23552,874,
s334402919,p02936,u418810472,1587012033,C++,C++14 (GCC 5.4.1),cpp,Accepted,666,23552,874,
s280068844,p02936,u418810472,1587011947,C++,C++14 (GCC 5.4.1),cpp,Accepted,641,23424,873,
s353563789,p02936,u105001881,1587011770,C++,C++14 (GCC 5.4.1),cpp,Wrong Answer,2104,23412,3288,
s385002902,p02936,u105001881,1587011658,C++,C++14 (GCC 5.4.1),cpp,Wrong Answer,2258,2032872,3599,
s082556352,p02936,u105001881,1587011630,C++,C++14 (GCC 5.4.1),cpp,Wrong Answer,2141,550372,3597,
s754150794,p02936,u105001881,1587010859,C++,C++14 (GCC 5.4.1),cpp,Wrong Answer,2112,164084,3312,
s436574829,p02936,u036744414,1587008366,C++,C++14 (GCC 5.4.1),cpp,Accepted,750,39668,1274,
s431525334,p02936,u036744414,1587008216,C++,C++14 (GCC 5.4.1),cpp,Time Limit Exceeded,2109,29428,1247,
s158005439,p02936,u036744414,1587007753,C++,C++14 (GCC 5.4.1),cpp,Wrong Answer,425,27136,1087,
s760078474,p02936,u512964959,1587007553,C++,C++14 (GCC 5.4.1),cpp,Accepted,525,59392,1401,
s604178994,p02936,u036744414,1587006739,C++,C++14 (GCC 5.4.1),cpp,Wrong Answer,446,24064,1061,
s815316034,p02936,u036744414,1587005645,C++,C++14 (GCC 5.4.1),cpp,Wrong Answer,2108,23740,864,
s684961299,p02936,u640255289,1587005082,C++,C++14 (GCC 5.4.1),cpp,Accepted,349,28672,932,
s911896064,p02936,u952557476,1587004836,C++,C++14 (GCC 5.4.1),cpp,Accepted,93,20480,973,
s818645622,p02936,u952557476,1587004788,C++,C++14 (GCC 5.4.1),cpp,Runtime Error,363,270336,973,
s204151070,p02936,u947382132,1587003696,C++,C++14 (GCC 5.4.1),cpp,Accepted,295,25856,789,
s464618464,p02936,u705857261,1587003290,Python,Python (3.4.3),py,Accepted,1732,257752,726,
s307647416,p02936,u640255289,1587003259,C++,C++14 (GCC 5.4.1),cpp,Wrong Answer,2105,24192,674,
s520340568,p02936,u705857261,1587003225,Python,PyPy3 (2.4.0),py,Time Limit Exceeded,2167,836708,726,
s781090239,p02936,u705857261,1587003122,Python,PyPy3 (2.4.0),py,Runtime Error,2010,157644,647,
s793870464,p02936,u709304134,1587002784,Python,Python (3.4.3),py,Accepted,1642,228912,557,
s057228943,p02936,u709304134,1587002730,Python,Python (3.4.3),py,Accepted,1472,280752,693,
s622571973,p02936,u709304134,1587002693,Python,Python (3.4.3),py,Runtime Error,18,3064,688,
s864539577,p02936,u705857261,1587002540,Python,PyPy3 (2.4.0),py,Runtime Error,1965,157644,831,
s941661886,p02936,u705857261,1587002414,Python,PyPy3 (2.4.0),py,Runtime Error,1963,157772,829,
s438724906,p02936,u709304134,1587002333,Python,Python (3.4.3),py,Time Limit Exceeded,2236,2078452,577,
s551161275,p02936,u709304134,1587002287,Python,Python (3.4.3),py,Accepted,1550,228912,750,
s637569418,p02936,u709304134,1587002215,Python,Python (3.4.3),py,Time Limit Exceeded,2110,228952,723,
s465152271,p02936,u709304134,1587001820,Python,Python (3.4.3),py,Runtime Error,1632,61984,681,
s275685682,p02936,u709304134,1587001676,Python,Python (3.4.3),py,Runtime Error,1699,61984,664,
s715433668,p02936,u709304134,1587001440,Python,Python (3.4.3),py,Time Limit Exceeded,2235,2089460,507,
s201746002,p02936,u709304134,1587001334,Python,Python (3.4.3),py,Accepted,1724,285828,616,
s951634793,p02936,u709304134,1587001149,Python,Python (3.4.3),py,Time Limit Exceeded,2243,2092532,475,
s005590467,p02936,u714769076,1586999081,Ruby,Ruby (2.3.3),rb,Time Limit Exceeded,2108,23900,1221,
s575655104,p02936,u971632623,1586999020,Rust,Rust (1.15.1),rs,Accepted,195,34684,1127,
s014635413,p02936,u714769076,1586998607,Ruby,Ruby (2.3.3),rb,Wrong Answer,1110,24440,1246,
s176332385,p02936,u714769076,1586998500,Ruby,Ruby (2.3.3),rb,Wrong Answer,1111,27640,1180,
s520655192,p02936,u714769076,1586998307,Ruby,Ruby (2.3.3),rb,Wrong Answer,1142,27640,1098,
s715839550,p02936,u714769076,1586998238,Ruby,Ruby (2.3.3),rb,Runtime Error,1091,28920,1100,
s522994389,p02936,u714769076,1586997909,Ruby,Ruby (2.3.3),rb,Runtime Error,886,23804,1001,
s942850148,p02936,u938486382,1586997799,Python,Python (3.4.3),py,Accepted,1940,88060,598,
s160389122,p02936,u816872429,1586997711,Python,PyPy3 (2.4.0),py,Accepted,1940,130836,558,
s364284141,p02936,u938486382,1586997585,Python,PyPy3 (2.4.0),py,Accepted,1956,128112,598,
s745726025,p02936,u816872429,1586997421,Python,PyPy3 (2.4.0),py,Time Limit Exceeded,2122,296516,515,
s223916388,p02936,u938486382,1586996986,Python,PyPy3 (2.4.0),py,Time Limit Exceeded,2109,122568,617,
s497170712,p02936,u938486382,1586996971,Python,Python (3.4.3),py,Time Limit Exceeded,2107,85536,617,
s695441214,p02936,u866370648,1586996913,C,C (GCC 5.4.1),c,Accepted,131,25728,2211,
s968932931,p02936,u938486382,1586996164,Python,Python (3.4.3),py,Time Limit Exceeded,2107,85468,561,
s807709219,p02936,u862359372,1586996133,Python,Python (3.4.3),py,Wrong Answer,2110,94096,527,
s011941673,p02936,u714769076,1586996061,Ruby,Ruby (2.3.3),rb,Runtime Error,929,25212,920,
s083881554,p02936,u971632623,1586995636,Rust,Rust (1.15.1),rs,Wrong Answer,172,21884,821,
s590017333,p02936,u971632623,1586995580,Rust,Rust (1.15.1),rs,Runtime Error,9,5884,821,
s938457721,p02936,u099450021,1586995554,Python,PyPy3 (2.4.0),py,Time Limit Exceeded,2112,134568,1043,
s106674740,p02936,u714769076,1586995394,Ruby,Ruby (2.3.3),rb,Runtime Error,852,25724,864,
s878182347,p02936,u099450021,1586995305,Python,Python (3.4.3),py,Time Limit Exceeded,2107,51280,1043,
s265482400,p02936,u938486382,1586995255,Python,Python (3.4.3),py,Wrong Answer,2107,71452,442,
s159158826,p02936,u995062424,1586995243,Python,Python (3.4.3),py,Accepted,1851,73200,591,
s423359398,p02936,u971632623,1586995009,Python,Python (3.4.3),py,Wrong Answer,1742,84688,368,
s274426795,p02936,u938486382,1586994990,Python,Python (3.4.3),py,Wrong Answer,2110,187180,512,
s113724082,p02936,u714769076,1586994982,Ruby,Ruby (2.3.3),rb,Runtime Error,1115,82300,946,
s723858255,p02936,u938486382,1586994938,Python,Python (3.4.3),py,Runtime Error,1899,142512,512,
s176602005,p02936,u971632623,1586994909,Python,Python (3.4.3),py,Wrong Answer,1729,78652,367,
s412093039,p02936,u938486382,1586994832,Python,Python (3.4.3),py,Wrong Answer,2118,238364,512,
s567564192,p02936,u938486382,1586994710,Python,Python (3.4.3),py,Wrong Answer,2118,238260,618,
s366453141,p02936,u938486382,1586994619,Python,Python (3.4.3),py,Runtime Error,1966,142512,618,
s266303370,p02936,u971632623,1586994607,Python,Python (3.4.3),py,Wrong Answer,2109,159280,614,
s394815629,p02936,u938486382,1586994559,Python,Python (3.4.3),py,Wrong Answer,2107,86544,488,
s514760880,p02936,u938486382,1586994520,Python,PyPy3 (2.4.0),py,Wrong Answer,2110,124364,488,
s837700090,p02936,u971632623,1586994407,Python,Python (3.4.3),py,Wrong Answer,2115,199300,818,
s288723049,p02936,u938486382,1586994202,Python,PyPy3 (2.4.0),py,Wrong Answer,2124,227712,484,
s369487263,p02936,u971632623,1586993823,Python,Python (3.4.3),py,Wrong Answer,2115,187612,814,
s026572817,p02936,u862359372,1586993812,Python,Python (3.4.3),py,Wrong Answer,2236,1790088,470,
s941322342,p02936,u994064513,1586993779,Python,Python (3.4.3),py,Accepted,1986,76672,717,
s095005401,p02936,u938486382,1586993688,Python,PyPy3 (2.4.0),py,Wrong Answer,2123,330232,618,
s214234544,p02936,u627803856,1586993672,Python,Python (3.4.3),py,Accepted,1855,284512,519,
s646319443,p02936,u225388820,1586993629,Python,Python (3.4.3),py,Accepted,1694,232496,449,
s292825228,p02936,u627803856,1586993537,Python,PyPy3 (2.4.0),py,Time Limit Exceeded,2154,803248,518,
s723023763,p02936,u427485170,1586993531,Python,Python (3.4.3),py,Time Limit Exceeded,2111,127896,1635,
s848871738,p02936,u099450021,1586992962,Python,Python (3.4.3),py,Wrong Answer,2106,45924,822,
s228575440,p02936,u627803856,1586992930,Python,Python (3.4.3),py,Accepted,1235,124260,918,
s995541286,p02936,u627803856,1586992443,Python,PyPy3 (2.4.0),py,Time Limit Exceeded,2111,156188,878,
s435323421,p02936,u971632623,1586992317,Python,Python (3.4.3),py,Wrong Answer,2112,145264,674,
s049845717,p02936,u099450021,1586991580,Python,Python (3.4.3),py,Wrong Answer,1334,42804,384,
s615456261,p02936,u866370648,1586991367,C,C (GCC 5.4.1),c,Accepted,130,25984,2256,
s083545144,p02936,u938486382,1586990636,Python,PyPy3 (2.4.0),py,Wrong Answer,2109,111820,481,
s007823066,p02936,u938486382,1586989768,Python,PyPy3 (2.4.0),py,Wrong Answer,2108,123168,467,
s483569692,p02936,u315542000,1586984418,C++,C++14 (GCC 5.4.1),cpp,Accepted,325,27392,976,
s620561384,p02936,u315542000,1586984050,C++,C++14 (GCC 5.4.1),cpp,Wrong Answer,311,26368,1033,
s240841873,p02936,u315542000,1586983010,C++,C++14 (GCC 5.4.1),cpp,Time Limit Exceeded,2106,25216,1207,
s950998205,p02936,u860546679,1586982896,C++,C++14 (GCC 5.4.1),cpp,Accepted,539,39936,1599,
s651151090,p02936,u703214333,1586982426,Python,PyPy3 (2.4.0),py,Wrong Answer,2168,1066872,434,
s164644745,p02936,u860546679,1586981787,C++,C++14 (GCC 5.4.1),cpp,Wrong Answer,309,16512,1023,
s923477897,p02936,u860546679,1586981232,C++,C++14 (GCC 5.4.1),cpp,Wrong Answer,527,21120,415,
s458566605,p02936,u860546679,1586980786,C++,C++14 (GCC 5.4.1),cpp,Wrong Answer,294,14848,1008,
s593112960,p02936,u788703383,1586974953,Python,PyPy3 (2.4.0),py,Time Limit Exceeded,2117,189516,548,
s587420720,p02936,u788703383,1586974780,Python,Python (3.4.3),py,Wrong Answer,2111,224588,525,
s690756572,p02936,u363005934,1586967878,C++,C++14 (GCC 5.4.1),cpp,Accepted,408,23424,2570,
s474675247,p02936,u852449189,1586965698,C++,C++14 (GCC 5.4.1),cpp,Accepted,258,139804,2119,
s428725540,p02936,u852449189,1586965548,C++,C++14 (GCC 5.4.1),cpp,Wrong Answer,247,139804,2097,
s246647313,p02936,u852449189,1586964904,C++,C++14 (GCC 5.4.1),cpp,Wrong Answer,2104,16284,2066,
s096052534,p02936,u652569315,1586962224,Python,Python (3.4.3),py,Accepted,872,56160,580,
s497526822,p02936,u652569315,1586961638,Python,Python (3.4.3),py,Time Limit Exceeded,2106,49784,571,
s253243669,p02936,u652569315,1586960359,Python,Python (3.4.3),py,Time Limit Exceeded,2112,76400,455,
s279047704,p02936,u361948770,1586959446,C++,C++14 (GCC 5.4.1),cpp,Accepted,320,23552,733,
s545353268,p02936,u345966487,1586938553,Python,PyPy3 (2.4.0),py,Accepted,1929,121816,583,
s060368949,p02936,u345966487,1586938483,Python,Python (3.4.3),py,Accepted,1859,78472,585,
s071678909,p02936,u345966487,1586937699,Python,Python (3.4.3),py,Accepted,1928,74048,631,
s275662605,p02936,u345966487,1586937562,Python,Python (3.4.3),py,Time Limit Exceeded,2117,231676,573,
s368506029,p02936,u345966487,1586937448,Python,PyPy3 (2.4.0),py,Time Limit Exceeded,2120,274040,573,
s231424089,p02936,u345966487,1586937078,Python,PyPy3 (2.4.0),py,Accepted,1929,121816,649,
s032313106,p02936,u345966487,1586935187,Python,PyPy3 (2.4.0),py,Accepted,1993,121176,1105,
s973134291,p02936,u345966487,1586934734,Python,PyPy3 (2.4.0),py,Time Limit Exceeded,2044,121816,730,
s489541724,p02936,u345966487,1586934066,Python,PyPy3 (2.4.0),py,Wrong Answer,1880,121484,789,
s990291852,p02936,u345966487,1586930460,Python,PyPy3 (2.4.0),py,Time Limit Exceeded,2109,121432,807,
s236686789,p02936,u345966487,1586928028,Python,Python (3.4.3),py,Time Limit Exceeded,2113,162872,635,
s643135851,p02936,u345966487,1586925637,Python,Python (3.4.3),py,Wrong Answer,2112,243496,509,
s227271074,p02936,u345966487,1586925510,Python,Python (3.4.3),py,Runtime Error,2000,149008,508,
s855595301,p02936,u345966487,1586925137,Python,PyPy3 (2.4.0),py,Wrong Answer,2126,369024,508,
s383490808,p02936,u235783479,1586924865,C++,C++14 (GCC 5.4.1),cpp,Wrong Answer,288,25856,1622,
s128522782,p02936,u345966487,1586924553,Python,PyPy3 (2.4.0),py,Runtime Error,1979,143576,513,
s686066294,p02936,u235783479,1586924370,C++,C++14 (GCC 5.4.1),cpp,Wrong Answer,2104,22144,1189,
s482576300,p02936,u966695319,1586923103,Python,PyPy3 (2.4.0),py,Accepted,778,95820,852,
s359127049,p02936,u966695319,1586920950,Python,PyPy3 (2.4.0),py,Wrong Answer,2112,140236,763,
s595688644,p02936,u966695319,1586920714,Python,PyPy3 (2.4.0),py,Wrong Answer,2113,132896,637,
s177562114,p02936,u966695319,1586920428,Python,PyPy3 (2.4.0),py,Wrong Answer,2111,135492,599,
s806381374,p02936,u043150661,1586919175,Kotlin,Kotlin (1.0.0),kt,Time Limit Exceeded,2111,152216,1208,
s214650064,p02936,u655683235,1586918624,C++,C++14 (GCC 5.4.1),cpp,Accepted,355,30464,697,
s759655587,p02936,u655683235,1586918603,C++,C++14 (Clang 3.8.0),cpp,Compile Error,,,697,
s659412935,p02936,u655683235,1586918581,C++,C++ (GCC 5.4.1),cpp,Compile Error,,,697,
s900314009,p02936,u655683235,1586918468,C++,C++ (GCC 5.4.1),cpp,Compile Error,,,708,
s097084326,p02936,u655683235,1586918284,C++,C++ (GCC 5.4.1),cpp,Compile Error,,,708,
s606722473,p02936,u655683235,1586918147,C++,C++ (GCC 5.4.1),cpp,Compile Error,,,706,
s936393486,p02936,u655683235,1586918073,C++,C++ (GCC 5.4.1),cpp,Compile Error,,,708,
s105714833,p02936,u655683235,1586918011,C++,C++ (GCC 5.4.1),cpp,Compile Error,,,706,
s320486276,p02936,u655683235,1586917941,C++,C++ (GCC 5.4.1),cpp,Compile Error,,,952,
s088642362,p02936,u655683235,1586917766,C++,C++ (GCC 5.4.1),cpp,Compile Error,,,940,
s005222964,p02936,u655683235,1586917665,C++,C++ (GCC 5.4.1),cpp,Compile Error,,,695,
s919412489,p02936,u106971015,1586917663,Python,Python (3.4.3),py,Accepted,1802,230912,509,
s767613584,p02936,u106971015,1586917540,Python,Python (3.4.3),py,Time Limit Exceeded,2120,262960,633,
s320301331,p02936,u655683235,1586917490,C++,C++ (GCC 5.4.1),cpp,Compile Error,,,923,
s544067828,p02936,u106971015,1586917466,Python,Python (3.4.3),py,Accepted,1698,268428,626,
s029523185,p02936,u655683235,1586917380,C++,C++ (GCC 5.4.1),cpp,Compile Error,,,923,
s009207005,p02936,u655683235,1586917332,C++,C++14 (GCC 5.4.1),cpp,Compile Error,,,923,
s739651158,p02936,u106971015,1586917285,Python,Python (3.4.3),py,Time Limit Exceeded,2118,230932,454,
s469117320,p02936,u655683235,1586917260,C++,C++14 (GCC 5.4.1),cpp,Compile Error,,,923,
s158140735,p02936,u371051907,1586917208,C++,C++14 (GCC 5.4.1),cpp,Accepted,300,30464,720,
s886740505,p02936,u106971015,1586917151,Python,Python (3.4.3),py,Runtime Error,1659,52344,409,
s597070460,p02936,u595446852,1586917124,C++,C++14 (GCC 5.4.1),cpp,Accepted,628,30464,2390,
s110959186,p02936,u371051907,1586916880,C++,C++14 (GCC 5.4.1),cpp,Wrong Answer,606,30720,707,
s502136893,p02936,u106971015,1586916755,Python,Python (3.4.3),py,Runtime Error,1672,52312,396,
s646280347,p02936,u979163294,1586916688,C++,C++14 (GCC 5.4.1),cpp,Accepted,164,30592,823,
s300797841,p02936,u712993629,1586916506,C++,C++14 (GCC 5.4.1),cpp,Accepted,144,30592,2231,
s302460102,p02936,u106971015,1586915957,Python,Python (3.4.3),py,Runtime Error,1632,63584,440,
s853999187,p02936,u829737781,1586914435,C++,C++14 (GCC 5.4.1),cpp,Accepted,134,20336,1982,
s892207571,p02936,u829737781,1586914224,C++,C++14 (GCC 5.4.1),cpp,Wrong Answer,110,15744,1944,
s782158857,p02936,u043150661,1586911234,Swift,Swift (swift-2.2-RELEASE),swift,Compile Error,,,2251,
s867580726,p02936,u043150661,1586911155,Swift,Swift (swift-2.2-RELEASE),swift,Compile Error,,,3542,
s866707350,p02936,u043150661,1586911038,Swift,Swift (swift-2.2-RELEASE),swift,Compile Error,,,3550,
s788782399,p02936,u043150661,1586910961,Swift,Swift (swift-2.2-RELEASE),swift,Compile Error,,,3814,
s965083314,p02936,u106971015,1586909564,Python,Python (3.4.3),py,Runtime Error,2106,39240,419,
s564492475,p02936,u106971015,1586908969,Python,Python (3.4.3),py,Runtime Error,2106,49988,333,
s624456210,p02936,u983681697,1586908193,C++,C++14 (GCC 5.4.1),cpp,Accepted,367,25600,611,
s092030240,p02936,u983681697,1586906654,C++,C++14 (GCC 5.4.1),cpp,Time Limit Exceeded,2106,45928,780,
s913281547,p02936,u619197965,1586903281,Julia,Julia (0.5.0),jl,Accepted,1892,303516,843,
s835114830,p02936,u028906014,1586901975,C++,C++14 (GCC 5.4.1),cpp,Accepted,672,65664,593,
s761197135,p02936,u790710233,1586901230,Python,PyPy3 (2.4.0),py,Accepted,931,95892,614,
s611699186,p02936,u790710233,1586901221,Python,Python (3.4.3),py,Accepted,1253,64784,614,
s427096933,p02936,u790710233,1586901129,Python,PyPy3 (2.4.0),py,Accepted,804,95872,577,
s162726590,p02936,u790710233,1586901081,Python,Python (3.4.3),py,Accepted,1258,63848,578,
s580427851,p02936,u790710233,1586900663,Python,Python (3.4.3),py,Accepted,1888,237360,521,
s841791796,p02936,u450007962,1586893750,C++,C++14 (GCC 5.4.1),cpp,Accepted,300,16500,1097,
s120680631,p02936,u984276646,1586893107,C++,C++14 (GCC 5.4.1),cpp,Accepted,987,50036,1138,
s353266953,p02936,u773265208,1586891714,Python,Python (3.4.3),py,Accepted,1686,75932,677,
s935863304,p02936,u773265208,1586891046,Python,Python (3.4.3),py,Wrong Answer,2120,266992,847,
s139098733,p02936,u984276646,1586890855,Python,Python (3.4.3),py,Time Limit Exceeded,2109,113392,812,
s209234253,p02936,u773265208,1586890389,Python,Python (3.4.3),py,Runtime Error,2109,95428,797,
s212671248,p02936,u984276646,1586889952,Python,Python (3.4.3),py,Runtime Error,2109,116220,726,
s822842804,p02936,u984276646,1586888615,Python,Python (3.4.3),py,Runtime Error,2110,110060,736,
s779740517,p02936,u369190981,1586885776,Java,Java8 (OpenJDK 1.8.0),java,Accepted,1329,89252,9659,
s530865699,p02936,u369190981,1586883786,Java,Java8 (OpenJDK 1.8.0),java,Wrong Answer,1312,86260,9179,
s549090074,p02936,u369190981,1586883695,Java,Java8 (OpenJDK 1.8.0),java,Wrong Answer,2109,93244,9161,
s884868628,p02936,u523545435,1586882065,Python,PyPy3 (2.4.0),py,Accepted,1954,105676,579,
s445748282,p02936,u369190981,1586882022,Java,Java8 (OpenJDK 1.8.0),java,Wrong Answer,2112,354648,9008,
s292775785,p02936,u523545435,1586881990,Python,Python (3.4.3),py,Accepted,1800,56152,579,
s937451582,p02936,u342703951,1586878692,C++,C++14 (GCC 5.4.1),cpp,Accepted,315,17908,993,
s585303035,p02936,u026620445,1586849830,C++,C++14 (GCC 5.4.1),cpp,Accepted,128,20096,3339,
s239135045,p02936,u417220101,1586835853,Python,Python (3.4.3),py,Accepted,1912,56152,705,
s959997570,p02936,u766668937,1586834812,C++,C++14 (GCC 5.4.1),cpp,Accepted,656,23552,2022,
s499400789,p02936,u417220101,1586834610,Python,Python (3.4.3),py,Wrong Answer,2105,33200,827,
s365928830,p02936,u417220101,1586834570,Python,PyPy3 (2.4.0),py,Runtime Error,2108,75068,827,
s789199450,p02936,u394615051,1586832351,C++,C++14 (GCC 5.4.1),cpp,Accepted,297,28160,987,
s208259771,p02936,u346812984,1586831092,Python,Python (3.4.3),py,Accepted,1950,266800,715,
s859419235,p02936,u394615051,1586831080,C++,C++14 (GCC 5.4.1),cpp,Wrong Answer,281,24320,827,
s578415335,p02936,u346812984,1586830861,Python,Python (3.4.3),py,Time Limit Exceeded,2112,229296,513,
s303797554,p02936,u346812984,1586830830,Python,Python (3.4.3),py,Runtime Error,1836,137180,512,
s850746159,p02936,u346812984,1586830437,Python,Python (3.4.3),py,Runtime Error,1750,50760,470,
s561721713,p02936,u394615051,1586829505,C++,C++14 (GCC 5.4.1),cpp,Wrong Answer,2104,22144,805,
s846129218,p02936,u501163846,1586815354,C++,C++14 (GCC 5.4.1),cpp,Accepted,372,24320,795,
s595221529,p02936,u655723240,1586812489,C++,C++14 (GCC 5.4.1),cpp,Accepted,157,30592,3158,
s305620962,p02936,u501163846,1586811858,C++,C++14 (GCC 5.4.1),cpp,Wrong Answer,276,15104,969,
s205586375,p02936,u501163846,1586811794,C++,C++14 (GCC 5.4.1),cpp,Wrong Answer,272,15104,988,
s711946116,p02936,u501163846,1586809673,C++,C++14 (GCC 5.4.1),cpp,Wrong Answer,277,15104,986,
s596551873,p02936,u501163846,1586809003,C++,C++14 (GCC 5.4.1),cpp,Wrong Answer,284,14336,987,
s667200910,p02936,u501163846,1586808726,C++,C++14 (GCC 5.4.1),cpp,Wrong Answer,282,14336,933,
s536843817,p02936,u501163846,1586808125,C++,C++14 (GCC 5.4.1),cpp,Runtime Error,101,256,927,
s748121146,p02936,u501163846,1586807667,C++,C++14 (GCC 5.4.1),cpp,Runtime Error,97,256,805,
s692035782,p02936,u806657856,1586805136,C++,C++14 (GCC 5.4.1),cpp,Accepted,288,15604,935,
s014473929,p02936,u221391729,1586802487,C++,C++14 (GCC 5.4.1),cpp,Accepted,335,26624,891,
s639068174,p02936,u221391729,1586802288,C++,C++14 (GCC 5.4.1),cpp,Accepted,296,26624,897,
s406888839,p02936,u221391729,1586801869,C++,C++14 (GCC 5.4.1),cpp,Accepted,299,26624,900,
s935369933,p02936,u221391729,1586801495,C++,C++14 (GCC 5.4.1),cpp,Accepted,324,26624,904,
s933603105,p02936,u591016708,1586799745,C++,C++14 (GCC 5.4.1),cpp,Accepted,314,23552,821,
s606619144,p02936,u591016708,1586799681,C++,C++14 (GCC 5.4.1),cpp,Wrong Answer,286,23552,792,
s451516533,p02936,u591016708,1586799087,C++,C++14 (GCC 5.4.1),cpp,Wrong Answer,286,23552,1063,
s739620519,p02936,u591016708,1586798970,C++,C++14 (GCC 5.4.1),cpp,Wrong Answer,286,24320,1091,
s362746393,p02936,u591016708,1586798855,C++,C++14 (GCC 5.4.1),cpp,Wrong Answer,303,24320,884,
s439469050,p02936,u591016708,1586798186,C++,C++14 (GCC 5.4.1),cpp,Wrong Answer,304,27392,948,
s713693699,p02936,u591016708,1586796827,C++,C++14 (GCC 5.4.1),cpp,Wrong Answer,294,24320,1135,
s936922617,p02936,u222822036,1586795727,Java,Java8 (OpenJDK 1.8.0),java,Wrong Answer,1706,227576,2150,
s356994389,p02936,u376082984,1586790528,C++,C++14 (GCC 5.4.1),cpp,Accepted,310,29824,5874,
s368531051,p02936,u310855433,1586790160,Python,Python (3.4.3),py,Accepted,1868,56164,529,
s342319917,p02936,u310855433,1586789925,Python,Python (3.4.3),py,Time Limit Exceeded,2106,51684,523,
s798355542,p02936,u310855433,1586788817,Python,Python (3.4.3),py,Wrong Answer,2106,47640,417,
s675795266,p02936,u559961423,1586746398,C#,C# (Mono 4.6.2.0),cs,Wrong Answer,1087,39660,1295,
s391460270,p02936,u559961423,1586746108,C#,C# (Mono 4.6.2.0),cs,Wrong Answer,1086,38756,1306,
s460161396,p02936,u665666156,1586738657,C++,C++14 (GCC 5.4.1),cpp,Accepted,300,16244,1534,
s300454092,p02936,u665666156,1586738253,C++,C++14 (GCC 5.4.1),cpp,Wrong Answer,292,16372,1497,
s832430045,p02936,u665666156,1586737369,C++,C++14 (GCC 5.4.1),cpp,Wrong Answer,320,16244,1497,
s995158418,p02936,u665871498,1586737341,C++,C++14 (GCC 5.4.1),cpp,Accepted,151,23552,856,
s308433663,p02936,u309141201,1586732806,Python,Python (3.4.3),py,Accepted,1672,56168,563,
s130729247,p02936,u309141201,1586732700,Python,Python (3.4.3),py,Accepted,1722,55856,526,
s855103413,p02936,u535236942,1586730442,C++,C++14 (GCC 5.4.1),cpp,Accepted,393,24192,769,
s176362459,p02936,u262597910,1586726559,Python,Python (3.4.3),py,Wrong Answer,2112,130976,664,
s953066288,p02936,u322229918,1586723549,Python,Python (3.4.3),py,Wrong Answer,2114,115680,523,
s357004553,p02936,u519759783,1586723385,C++,C++14 (Clang 3.8.0),cpp,Accepted,880,39936,805,
s780307724,p02936,u987913144,1586721452,C++,C++14 (GCC 5.4.1),cpp,Accepted,493,54784,2519,
s679077443,p02936,u987913144,1586721351,C++,C++14 (GCC 5.4.1),cpp,Time Limit Exceeded,2106,53888,2434,
s188481672,p02936,u060736237,1586720979,Python,Python (3.4.3),py,Wrong Answer,1901,268824,590,
s730821779,p02936,u060736237,1586720730,Python,PyPy3 (2.4.0),py,Wrong Answer,2127,376184,559,
s902148900,p02936,u060736237,1586720393,Python,PyPy3 (2.4.0),py,Wrong Answer,2117,208204,589,
s260397797,p02936,u060736237,1586720183,Python,Python (3.4.3),py,Wrong Answer,2123,313112,508,
s870207195,p02936,u455067221,1586719175,C++,C++14 (GCC 5.4.1),cpp,Accepted,667,23552,780,
s881375396,p02936,u294721290,1586718965,C++,C++14 (GCC 5.4.1),cpp,Accepted,337,25088,789,
s796410408,p02936,u294721290,1586718928,C++,C++14 (GCC 5.4.1),cpp,Accepted,305,25856,795,
s447950202,p02936,u294721290,1586718756,C++,C++14 (GCC 5.4.1),cpp,Wrong Answer,292,25088,762,
s537172052,p02936,u075595666,1586718230,Python,Python (3.4.3),py,Accepted,1675,232496,648,
s581357071,p02936,u075595666,1586718079,Python,Python (3.4.3),py,Runtime Error,1710,228808,681,
s553148085,p02936,u075595666,1586717960,Python,Python (3.4.3),py,Wrong Answer,1821,214164,1093,
s387438467,p02936,u075595666,1586717844,Python,Python (3.4.3),py,Runtime Error,2106,63452,1013,
s237015726,p02936,u060736237,1586717834,Python,Python (3.4.3),py,Runtime Error,2111,135408,470,
s814201599,p02936,u744920373,1586717733,Python,Python (3.4.3),py,Accepted,1247,104624,1200,
s198365608,p02936,u744920373,1586717659,Python,Python (3.4.3),py,Accepted,1563,89008,1265,
s925865452,p02936,u060736237,1586717650,Python,Python (3.4.3),py,Runtime Error,2111,125116,450,
s333966540,p02936,u744920373,1586717560,Python,Python (3.4.3),py,Accepted,1791,313852,1233,
s753070936,p02936,u744920373,1586717317,Python,Python (3.4.3),py,Accepted,1829,276380,1064,
s021289439,p02936,u744920373,1586717290,Python,Python (3.4.3),py,Time Limit Exceeded,2089,273400,1053,
s599179784,p02936,u744920373,1586717235,Python,Python (3.4.3),py,Time Limit Exceeded,2078,273424,1045,
s896495601,p02936,u744920373,1586717118,Python,Python (3.4.3),py,Time Limit Exceeded,2088,273400,1045,
s905401921,p02936,u744920373,1586717052,Python,Python (3.4.3),py,Time Limit Exceeded,2062,275096,1045,
s739896402,p02936,u744920373,1586716795,Python,Python (3.4.3),py,Accepted,1998,260708,1050,
s876447421,p02936,u744920373,1586716739,Python,PyPy3 (2.4.0),py,Time Limit Exceeded,2152,770208,1050,
s584481614,p02936,u744920373,1586716691,Python,Python (3.4.3),py,Accepted,1953,260712,1050,
s763403496,p02936,u744920373,1586716589,Python,Python (3.4.3),py,Runtime Error,907,73884,1044,
s352524795,p02936,u744920373,1586716507,Python,PyPy3 (2.4.0),py,Time Limit Exceeded,2153,793308,1025,
s114712997,p02936,u744920373,1586716453,Python,Python (3.4.3),py,Time Limit Exceeded,2109,260716,1025,
s194371671,p02936,u744920373,1586716371,Python,Python (3.4.3),py,Runtime Error,1150,76224,1027,
s516603727,p02936,u744920373,1586716302,Python,Python (3.4.3),py,Runtime Error,1162,76224,1023,
s778114380,p02936,u744920373,1586716260,Python,Python (3.4.3),py,Runtime Error,1127,76236,994,
s356654331,p02936,u616169109,1586716053,Python,Python (3.4.3),py,Accepted,1699,285828,574,
s268610505,p02936,u616169109,1586715990,Python,Python (3.4.3),py,Runtime Error,1227,121872,543,
s271890228,p02936,u376578635,1586715912,C++,C++14 (GCC 5.4.1),cpp,Runtime Error,2446,1780,1268,
s981906412,p02936,u376578635,1586715562,C++,C++14 (GCC 5.4.1),cpp,Time Limit Exceeded,2104,10836,1531,
s581503036,p02936,u744920373,1586715142,Python,Python (3.4.3),py,Accepted,1688,88892,1595,
s831612335,p02936,u744920373,1586714971,Python,Python (3.4.3),py,Wrong Answer,1561,88892,1534,
s171986445,p02936,u962609087,1586713415,C++,C++14 (GCC 5.4.1),cpp,Wrong Answer,291,46080,701,
s698615961,p02936,u962609087,1586713165,C++,C++14 (GCC 5.4.1),cpp,Runtime Error,99,3328,731,
s178493591,p02936,u962609087,1586713068,C++,C++14 (GCC 5.4.1),cpp,Runtime Error,99,3328,756,
s999204429,p02936,u962609087,1586712703,C++,C++14 (GCC 5.4.1),cpp,Wrong Answer,266,8448,832,
s505859159,p02936,u962609087,1586712664,C++,C++14 (GCC 5.4.1),cpp,Wrong Answer,264,7552,832,
s633493399,p02936,u962609087,1586712563,C++,C++14 (GCC 5.4.1),cpp,Wrong Answer,285,8448,795,
s098995615,p02936,u962609087,1586712294,C++,C++14 (GCC 5.4.1),cpp,Runtime Error,243,9204,845,
s740636130,p02936,u962609087,1586711376,C++,C++14 (GCC 5.4.1),cpp,Wrong Answer,2103,5376,638,
s062368750,p02936,u962609087,1586710749,C++,C++14 (GCC 5.4.1),cpp,Wrong Answer,264,8448,790,
s516044839,p02936,u962609087,1586710425,C++,C++14 (GCC 5.4.1),cpp,Wrong Answer,269,8448,774,
s160713787,p02936,u962609087,1586710401,C++,C++14 (GCC 5.4.1),cpp,Wrong Answer,270,8448,770,
s530868958,p02936,u291303494,1586709102,Python,Python (3.4.3),py,Accepted,1542,233036,589,
s227479045,p02936,u782098901,1586709043,C++,C++14 (GCC 5.4.1),cpp,Accepted,131,29696,705,
s624656704,p02936,u291303494,1586708725,Python,Python (3.4.3),py,Time Limit Exceeded,2112,233104,543,
s238889786,p02936,u291303494,1586708141,Python,PyPy3 (2.4.0),py,Time Limit Exceeded,2111,114348,688,
s141026664,p02936,u166378830,1586706806,C++,C++14 (GCC 5.4.1),cpp,Accepted,306,24320,652,
s850499076,p02936,u265359795,1586700938,C++,C++14 (GCC 5.4.1),cpp,Accepted,297,24320,652,
s747625261,p02936,u130900604,1586698704,Python,Python (3.4.3),py,Accepted,1905,55828,274,
s218025520,p02936,u130900604,1586698688,Python,PyPy3 (2.4.0),py,Accepted,1967,108208,274,
s443360668,p02936,u325282913,1586686220,Python,Python (3.4.3),py,Accepted,1552,230960,503,
s830633596,p02936,u325282913,1586686174,Python,PyPy3 (2.4.0),py,Time Limit Exceeded,2160,907512,503,
s021551160,p02936,u325282913,1586685990,Python,PyPy3 (2.4.0),py,Time Limit Exceeded,2154,813432,489,
s528835565,p02936,u325282913,1586685898,Python,PyPy3 (2.4.0),py,Time Limit Exceeded,2124,339448,462,
s401737120,p02936,u325282913,1586685867,Python,PyPy3 (2.4.0),py,Runtime Error,1880,130124,422,
s737430102,p02936,u744920373,1586684028,Python,Python (3.4.3),py,Wrong Answer,2109,83640,1575,
s813782868,p02936,u744920373,1586683904,Python,PyPy3 (2.4.0),py,Wrong Answer,2111,132076,1905,
s393020610,p02936,u744920373,1586683838,Python,Python (3.4.3),py,Wrong Answer,2112,132828,1905,
s148117914,p02936,u744920373,1586683636,Python,Python (3.4.3),py,Wrong Answer,2116,282360,1894,
s377869888,p02936,u744920373,1586683504,Python,Python (3.4.3),py,Runtime Error,2116,282360,1915,
s717122900,p02936,u744920373,1586674381,Python,Python (3.4.3),py,Wrong Answer,2111,124376,971,
s529697566,p02936,u744920373,1586674263,Python,Python (3.4.3),py,Wrong Answer,2111,124464,990,
s360865491,p02936,u744920373,1586674141,Python,Python (3.4.3),py,Wrong Answer,2116,183028,1001,
s932746061,p02936,u192675031,1586673846,Rust,Rust (1.15.1),rs,Wrong Answer,515,61164,388207,
s470577734,p02936,u192675031,1586673394,Rust,Rust (1.15.1),rs,Runtime Error,527,61156,388188,
s934285338,p02936,u192675031,1586672915,Rust,Rust (1.15.1),rs,Runtime Error,458,42348,376993,
s993484920,p02936,u192675031,1586671098,Rust,Rust (1.15.1),rs,Wrong Answer,2111,61356,382316,
s728089630,p02936,u553461888,1586670717,C++,C++14 (GCC 5.4.1),cpp,Wrong Answer,2104,16256,4197,
s261161905,p02936,u553461888,1586670571,C++,C++14 (GCC 5.4.1),cpp,Compile Error,,,4304,
s681921824,p02936,u806999568,1586670528,C++,C++14 (GCC 5.4.1),cpp,Accepted,130,15604,1600,
s219378179,p02936,u806999568,1586670263,C++,C++14 (GCC 5.4.1),cpp,Accepted,126,15604,1634,
s379091814,p02936,u613960672,1586665426,C++,C++14 (GCC 5.4.1),cpp,Accepted,292,24320,1012,
s650391770,p02936,u156777559,1586664746,C++,C++14 (GCC 5.4.1),cpp,Accepted,309,21740,923,
s867759970,p02936,u156777559,1586664692,C++,C++14 (GCC 5.4.1),cpp,Runtime Error,340,17132,923,
s483027489,p02936,u613960672,1586663950,C++,C++14 (GCC 5.4.1),cpp,Runtime Error,519,277248,951,
s487984645,p02936,u613960672,1586662183,C++,C++14 (GCC 5.4.1),cpp,Accepted,303,24320,975,
s554384622,p02936,u613960672,1586661434,C++,C++14 (GCC 5.4.1),cpp,Compile Error,,,958,
s353414513,p02936,u143100985,1586660983,C++,C++14 (GCC 5.4.1),cpp,Accepted,958,826332,7611,
s596968038,p02936,u242031676,1586660418,C++,C++14 (GCC 5.4.1),cpp,Accepted,142,22656,799,
s471286047,p02936,u143100985,1586660213,C++,C++14 (GCC 5.4.1),cpp,Runtime Error,2357,2031048,7547,
s012996253,p02936,u679325651,1586658271,Python,Python (3.4.3),py,Accepted,1755,285888,725,
s495380872,p02936,u679325651,1586658122,Python,Python (3.4.3),py,Time Limit Exceeded,2121,285868,697,
s009094330,p02936,u679325651,1586657534,Python,Python (3.4.3),py,Time Limit Exceeded,2110,111428,846,
s918671994,p02936,u679325651,1586657198,Python,Python (3.4.3),py,Wrong Answer,2114,285848,684,
s149108390,p02936,u679325651,1586656834,Python,Python (3.4.3),py,Runtime Error,1763,121176,582,
s472454045,p02936,u323748756,1586653034,C++,C++14 (GCC 5.4.1),cpp,Accepted,315,23424,1730,
s665331737,p02936,u962609087,1586652574,C++,C++14 (GCC 5.4.1),cpp,Wrong Answer,551,8448,754,
s056659439,p02936,u024383312,1586651944,C++,C++14 (GCC 5.4.1),cpp,Accepted,777,53236,1340,
s105272002,p02936,u323748756,1586651135,C++,C++14 (GCC 5.4.1),cpp,Wrong Answer,314,39936,2975,
s515028317,p02936,u323748756,1586650685,C++,C++14 (GCC 5.4.1),cpp,Wrong Answer,350,30464,2923,
s772251349,p02936,u323748756,1586650639,C++,C++14 (GCC 5.4.1),cpp,Wrong Answer,324,22528,2923,
s427801183,p02936,u323748756,1586650414,C++,C++14 (GCC 5.4.1),cpp,Wrong Answer,333,30464,2921,
s195943995,p02936,u323748756,1586650403,Java,Java8 (OpenJDK 1.8.0),java,Compile Error,,,2921,
s573768797,p02936,u820341516,1586650391,C++,C++14 (GCC 5.4.1),cpp,Wrong Answer,549,8448,812,
s400840235,p02936,u733814820,1586649083,C++,C++14 (GCC 5.4.1),cpp,Accepted,497,69632,1409,
s398852534,p02936,u068692021,1586648521,C++,C++14 (GCC 5.4.1),cpp,Accepted,137,24320,1332,
s909069563,p02936,u733814820,1586648335,C++,C++14 (GCC 5.4.1),cpp,Wrong Answer,454,41472,1370,
s976232877,p02936,u068692021,1586648323,C++,C++14 (GCC 5.4.1),cpp,Accepted,131,24320,1374,
s290086652,p02936,u733814820,1586648072,C++,C++14 (GCC 5.4.1),cpp,Wrong Answer,215,26340,1285,
s325380625,p02936,u962609087,1586647885,C++,C++14 (GCC 5.4.1),cpp,Wrong Answer,560,8448,786,
s844260195,p02936,u026402121,1586647676,Python,Python (3.4.3),py,Accepted,1780,285868,589,
s139336513,p02936,u026402121,1586647423,Python,PyPy3 (2.4.0),py,Time Limit Exceeded,2129,355564,562,
s244921912,p02936,u026402121,1586647331,Python,Python (3.4.3),py,Time Limit Exceeded,2126,285836,562,
s882450152,p02936,u026402121,1586647238,Python,Python (3.4.3),py,Runtime Error,1870,121784,519,
s018871161,p02936,u093041722,1586646291,Python,Python (3.4.3),py,Wrong Answer,2105,31632,822,
s372314521,p02936,u093041722,1586645531,Python,Python (3.4.3),py,Wrong Answer,2105,30092,720,
s053601771,p02936,u093041722,1586644661,Python,Python (3.4.3),py,Wrong Answer,2105,30104,753,
s726814501,p02936,u784022244,1586644274,Python,Python (3.4.3),py,Wrong Answer,2118,232704,491,
s996330960,p02936,u068692021,1586644072,C++,C++14 (GCC 5.4.1),cpp,Accepted,138,27392,1408,
s159995718,p02936,u068692021,1586643993,C++,C++14 (GCC 5.4.1),cpp,Compile Error,,,1434,
s781540289,p02936,u784022244,1586643595,Python,Python (3.4.3),py,Wrong Answer,2118,233728,455,
s611480186,p02936,u784022244,1586643278,Python,Python (3.4.3),py,Runtime Error,1598,45400,413,
s346087483,p02936,u784022244,1586642737,Python,Python (3.4.3),py,Time Limit Exceeded,2119,238856,514,
s873515378,p02936,u784022244,1586642671,Python,Python (3.4.3),py,Runtime Error,1902,56408,474,
s554682491,p02936,u093041722,1586642421,Python,Python (3.4.3),py,Wrong Answer,2105,30096,749,
s021926560,p02936,u229274530,1586641668,C#,C# (Mono 4.6.2.0),cs,Wrong Answer,1522,54872,2029,
s135625034,p02936,u229274530,1586641485,C#,C# (Mono 4.6.2.0),cs,Time Limit Exceeded,2112,24240,2154,
s965000685,p02936,u229274530,1586641426,C#,C# (Mono 4.6.2.0),cs,Wrong Answer,1478,49916,2060,
s355964574,p02936,u229274530,1586641194,C#,C# (Mono 4.6.2.0),cs,Wrong Answer,1505,50684,1629,
s132050781,p02936,u093041722,1586641059,Python,Python (3.4.3),py,Wrong Answer,2108,72504,767,
s753065701,p02936,u114920558,1586640999,Python,Python (3.4.3),py,Accepted,1884,56160,530,
s057219692,p02936,u229274530,1586640965,C#,C# (Mono 4.6.2.0),cs,Runtime Error,482,48764,1610,
s409045149,p02936,u229274530,1586640244,C#,C# (Mono 4.6.2.0),cs,Wrong Answer,1537,51196,1370,
s732277250,p02936,u093041722,1586639986,Python,Python (3.4.3),py,Wrong Answer,2110,113364,802,
s035976309,p02936,u229274530,1586639484,C#,C# (Mono 4.6.2.0),cs,Wrong Answer,1408,32360,1057,
s362463294,p02936,u093041722,1586639266,Python,Python (3.4.3),py,Wrong Answer,2110,113348,739,
s652281149,p02936,u093041722,1586637788,Python,Python (3.4.3),py,Runtime Error,2114,113448,787,
s548430745,p02936,u648881683,1586637601,Python,Python (3.4.3),py,Accepted,1134,56660,648,
s586191999,p02936,u613960672,1586637329,C++,C++14 (GCC 5.4.1),cpp,Wrong Answer,306,14848,468,
s492893546,p02936,u648881683,1586637232,Python,Python (3.4.3),py,Accepted,1111,56712,813,
s700471788,p02936,u093041722,1586637117,Python,Python (3.4.3),py,Runtime Error,2112,113364,745,
s851478032,p02936,u648881683,1586636975,Python,Python (3.4.3),py,Accepted,1718,268444,621,
s745102385,p02936,u648881683,1586635959,Python,Python (3.4.3),py,Time Limit Exceeded,2115,350232,1023,
s750957309,p02936,u648881683,1586635857,Python,Python (3.4.3),py,Runtime Error,1450,140924,992,
s670963545,p02936,u648881683,1586635204,Python,Python (3.4.3),py,Wrong Answer,1456,149700,781,
s898161137,p02936,u116744073,1586634879,C++,C++14 (GCC 5.4.1),cpp,Accepted,309,24064,935,
s963050439,p02936,u116744073,1586634714,C++,C++14 (GCC 5.4.1),cpp,Wrong Answer,334,24064,951,
s713586590,p02936,u116744073,1586634670,C++,C++14 (GCC 5.4.1),cpp,Runtime Error,389,23552,951,
s357562505,p02936,u116744073,1586634370,C++,C++14 (GCC 5.4.1),cpp,Runtime Error,363,22144,954,
s199230368,p02936,u116744073,1586634307,C++,C++14 (GCC 5.4.1),cpp,Wrong Answer,290,24064,954,
s908857878,p02936,u116744073,1586633878,C++,C++14 (GCC 5.4.1),cpp,Wrong Answer,301,24064,948,
s005922802,p02936,u116744073,1586633318,C++,C++14 (GCC 5.4.1),cpp,Wrong Answer,286,24064,926,
s884659502,p02936,u028906014,1586633301,C++,C++14 (GCC 5.4.1),cpp,Wrong Answer,308,14848,469,
s193160918,p02936,u028906014,1586633181,C++,C++14 (GCC 5.4.1),cpp,Wrong Answer,321,14080,463,
s857761850,p02936,u028906014,1586633022,C++,C++14 (GCC 5.4.1),cpp,Wrong Answer,249,4480,417,
s656764305,p02936,u648881683,1586631628,Python,Python (3.4.3),py,Wrong Answer,1527,149684,805,
s297472987,p02936,u648881683,1586630670,Python,Python (3.4.3),py,Wrong Answer,1455,149692,813,
s231013448,p02936,u648881683,1586629486,Python,Python (3.4.3),py,Time Limit Exceeded,2214,1820840,836,
s857274840,p02936,u071036035,1586628835,C++,C++14 (GCC 5.4.1),cpp,Accepted,630,36736,1262,
s235744090,p02936,u075595666,1586626672,Python,PyPy3 (2.4.0),py,Wrong Answer,1480,126916,1515,
s643951564,p02936,u075595666,1586626509,Python,PyPy3 (2.4.0),py,Wrong Answer,1503,126916,1511,
s195483106,p02936,u075595666,1586626316,Python,PyPy3 (2.4.0),py,Time Limit Exceeded,2111,122052,1456,
s284166641,p02936,u075595666,1586626220,Python,PyPy3 (2.4.0),py,Wrong Answer,1511,126916,1493,
s577790315,p02936,u648881683,1586626206,Python,Python (3.4.3),py,Wrong Answer,2112,145516,685,
s977130494,p02936,u075595666,1586626127,Python,PyPy3 (2.4.0),py,Wrong Answer,1503,127220,1531,
s693369709,p02936,u075595666,1586625906,Python,Python (3.4.3),py,Time Limit Exceeded,2107,56712,1455,
s267476277,p02936,u672475305,1586619968,Python,PyPy3 (2.4.0),py,Accepted,1931,105412,473,
s945739011,p02936,u771007149,1586619602,Python,Python (3.4.3),py,Accepted,1770,268432,565,
s165463780,p02936,u771007149,1586619560,Python,Python (3.4.3),py,Accepted,1763,268464,576,
s018761598,p02936,u771007149,1586619506,Python,Python (3.4.3),py,Runtime Error,1869,155924,514,
s405224094,p02936,u672475305,1586619466,Python,PyPy3 (2.4.0),py,Time Limit Exceeded,2127,400820,451,
s610014682,p02936,u771007149,1586619409,Python,Python (3.4.3),py,Time Limit Exceeded,2120,268336,514,
s326160672,p02936,u771007149,1586618920,Python,PyPy3 (2.4.0),py,Runtime Error,1921,130124,472,
s682834178,p02936,u771007149,1586618822,Python,Python (3.4.3),py,Runtime Error,1702,52292,472,
s678080573,p02936,u771007149,1586618558,Python,Python (3.4.3),py,Runtime Error,1652,52300,462,
s010817701,p02936,u133936772,1586617900,Python,Python (3.4.3),py,Accepted,1964,55732,284,
s722491007,p02936,u133936772,1586617095,Python,Python (3.4.3),py,Accepted,1262,55828,328,
s416343512,p02936,u133936772,1586614720,Python,Python (3.4.3),py,Wrong Answer,1402,25812,211,
s957671739,p02936,u264405855,1586614610,C++,C++14 (GCC 5.4.1),cpp,Accepted,139,23552,4452,
s097261564,p02936,u013803727,1586610817,C++,C++14 (GCC 5.4.1),cpp,Accepted,365,23424,843,
s602783328,p02936,u530107518,1586603482,C++,C++14 (GCC 5.4.1),cpp,Accepted,441,24320,1852,
s167250526,p02936,u744305661,1586587585,C++,C++14 (GCC 5.4.1),cpp,Accepted,293,18032,1094,
s606508594,p02936,u744305661,1586587521,C++,C++14 (GCC 5.4.1),cpp,Wrong Answer,300,18160,1059,
s332180747,p02936,u744305661,1586587371,C++,C++14 (GCC 5.4.1),cpp,Runtime Error,105,4352,1094,
s959574026,p02936,u442877951,1586585282,Python,Python (3.4.3),py,Accepted,1799,56060,474,
s901722178,p02936,u130900604,1586584930,Python,Python (3.4.3),py,Accepted,1730,55856,430,
s635203976,p02936,u050087249,1586583994,C++,C++14 (GCC 5.4.1),cpp,Accepted,646,27392,736,
s376559163,p02936,u233626335,1586580730,C++,C++14 (GCC 5.4.1),cpp,Accepted,309,31360,2328,
s508989886,p02936,u562935282,1586580036,Python,Python (3.4.3),py,Accepted,1051,81440,793,
s074935693,p02936,u562935282,1586579841,Python,Python (3.4.3),py,Accepted,1927,295528,882,
s588468217,p02936,u475843109,1586578610,C++,C++14 (GCC 5.4.1),cpp,Accepted,352,23424,799,
s988432856,p02936,u674574659,1586578380,Python,PyPy3 (2.4.0),py,Time Limit Exceeded,2117,241228,580,
s694574726,p02936,u674574659,1586578267,Python,Python (3.4.3),py,Time Limit Exceeded,2119,263420,580,
s962420355,p02936,u581187895,1586577897,Python,Python (3.4.3),py,Accepted,1484,268412,628,
s215913899,p02936,u674574659,1586577701,Python,Python (3.4.3),py,Runtime Error,1972,92224,523,
s400700377,p02936,u476635134,1586576688,Java,Java8 (OpenJDK 1.8.0),java,Wrong Answer,1819,225860,1143,
s567362519,p02936,u476635134,1586576464,Java,Java8 (OpenJDK 1.8.0),java,Wrong Answer,2109,221744,1151,
s774217751,p02936,u476635134,1586576260,Java,Java8 (OpenJDK 1.8.0),java,Wrong Answer,2061,296192,1281,
s058364568,p02936,u476635134,1586576041,Java,Java8 (OpenJDK 1.8.0),java,Wrong Answer,2056,221900,1640,
s082261009,p02936,u315984289,1586575934,Go,Go (1.6),go,Wrong Answer,2108,66688,1047,
s687597971,p02936,u962609087,1586575810,C++,C++14 (GCC 5.4.1),cpp,Wrong Answer,252,8816,910,
s245001069,p02936,u962609087,1586575728,C++,C++14 (GCC 5.4.1),cpp,Runtime Error,257,8560,909,
s148908942,p02936,u962609087,1586575566,C++,C++14 (GCC 5.4.1),cpp,Wrong Answer,251,8560,910,
s045081598,p02936,u962609087,1586575537,C++,C++14 (GCC 5.4.1),cpp,Compile Error,,,829,
s960732321,p02936,u476635134,1586575385,Java,Java8 (OpenJDK 1.8.0),java,Wrong Answer,2109,234228,1166,
s331082847,p02936,u962609087,1586575132,C++,C++14 (GCC 5.4.1),cpp,Runtime Error,232,8312,908,
s911164428,p02936,u962609087,1586575055,C++,C++14 (GCC 5.4.1),cpp,Wrong Answer,271,12260,911,
s629080974,p02936,u671257784,1586575054,C++,C++14 (GCC 5.4.1),cpp,Accepted,155,31104,4970,
s374214351,p02936,u476635134,1586575020,Java,Java8 (OpenJDK 1.8.0),java,Wrong Answer,2109,226532,1168,
s993787094,p02936,u476635134,1586574898,Java,Java8 (OpenJDK 1.8.0),java,Runtime Error,96,23252,1117,
s724278995,p02936,u075595666,1586574889,Python,Python (3.4.3),py,Wrong Answer,1831,59460,547,
s482437425,p02936,u634967948,1586574881,C++,C++14 (GCC 5.4.1),cpp,Accepted,294,23552,666,
s123677920,p02936,u476635134,1586574861,Java,Java8 (OpenJDK 1.8.0),java,Runtime Error,927,157284,1110,
s270724803,p02936,u878615689,1586574760,C++,C++14 (GCC 5.4.1),cpp,Accepted,155,16500,2001,
s300669108,p02936,u075595666,1586574694,Python,Python (3.4.3),py,Wrong Answer,1811,58348,580,
s556855814,p02936,u476635134,1586574021,Java,Java8 (OpenJDK 1.8.0),java,Wrong Answer,2110,243744,1086,
s143645140,p02936,u476635134,1586573907,Java,Java8 (OpenJDK 1.8.0),java,Wrong Answer,2110,241788,1084,
s790324155,p02936,u476635134,1586573808,Java,Java8 (OpenJDK 1.8.0),java,Wrong Answer,2042,256504,1114,
s176379552,p02936,u476635134,1586573720,Java,Java8 (OpenJDK 1.8.0),java,Wrong Answer,2012,257536,1112,
s550617918,p02936,u476635134,1586573592,Java,Java8 (OpenJDK 1.8.0),java,Wrong Answer,2110,255736,1119,
s755240644,p02936,u476635134,1586573531,Java,Java8 (OpenJDK 1.8.0),java,Wrong Answer,2097,266744,1155,
s260786484,p02936,u476635134,1586573455,Java,Java8 (OpenJDK 1.8.0),java,Wrong Answer,2110,264344,1158,
s649924109,p02936,u476635134,1586573356,Java,Java8 (OpenJDK 1.8.0),java,Wrong Answer,2110,270080,1156,
s718157863,p02936,u130900604,1586573270,Python,PyPy3 (2.4.0),py,Time Limit Exceeded,2133,640680,267,
s461234849,p02936,u476635134,1586573270,Java,Java8 (OpenJDK 1.8.0),java,Wrong Answer,2090,264332,1155,
s003600342,p02936,u130900604,1586573223,Python,PyPy3 (2.4.0),py,Time Limit Exceeded,2132,636456,253,
s838332318,p02936,u803617136,1586573168,Python,Python (3.4.3),py,Accepted,1717,55856,555,
s964240982,p02936,u803617136,1586573110,Python,Python (3.4.3),py,Wrong Answer,1628,49484,533,
s859922460,p02936,u130900604,1586573050,Python,Python (3.4.3),py,Time Limit Exceeded,2208,1614872,254,
s940398294,p02936,u803617136,1586572979,Python,Python (3.4.3),py,Wrong Answer,2105,25624,519,
s427888300,p02936,u803617136,1586572856,Python,Python (3.4.3),py,Wrong Answer,1380,28960,487,
s712394296,p02936,u476635134,1586572709,Java,Java7 (OpenJDK 1.7.0),java,Wrong Answer,2110,234768,1229,
s631043287,p02936,u363936720,1586572681,C++,C++14 (GCC 5.4.1),cpp,Accepted,131,30592,1377,
s508668715,p02936,u075595666,1586572562,Python,Python (3.4.3),py,Wrong Answer,1740,58344,581,
s393244911,p02936,u603234915,1586572486,C++,C++14 (GCC 5.4.1),cpp,Accepted,317,15588,1035,
s190624952,p02936,u124686284,1586572482,C#,C# (Mono 4.6.2.0),cs,Accepted,724,89508,11992,
s353983746,p02936,u962609087,1586572368,C++,C++14 (GCC 5.4.1),cpp,Wrong Answer,2107,7024,783,
s517676428,p02936,u124686284,1586572173,C#,C# (Mono 4.6.2.0),cs,Runtime Error,1700,314888,11965,
s552140047,p02936,u075595666,1586572007,Python,Python (3.4.3),py,Wrong Answer,1567,33104,410,
s080105752,p02936,u021083776,1586571912,C++,C++14 (GCC 5.4.1),cpp,Accepted,300,16372,842,
s661635282,p02936,u130900604,1586571838,Python,Python (3.4.3),py,Accepted,1868,55732,429,
s043755402,p02936,u130900604,1586571754,Python,Python (3.4.3),py,Runtime Error,58,18992,429,
s076210017,p02936,u476635134,1586571750,Java,Java7 (OpenJDK 1.7.0),java,Runtime Error,621,907088,765,
s703157580,p02936,u883323885,1586571615,C++,C++14 (GCC 5.4.1),cpp,Accepted,356,25856,901,
s380643444,p02936,u657208344,1586571606,C++,C++14 (GCC 5.4.1),cpp,Accepted,356,25856,878,
s180850656,p02936,u843398396,1586571596,Java,Java8 (OpenJDK 1.8.0),java,Accepted,1913,155032,1802,
s123754509,p02936,u021083776,1586571592,C++,C++14 (GCC 5.4.1),cpp,Wrong Answer,296,14848,814,
s320565745,p02936,u803617136,1586571406,Python,Python (3.4.3),py,Runtime Error,1562,45096,380,
s270103158,p02936,u130900604,1586571271,Python,PyPy3 (2.4.0),py,Accepted,1865,105984,544,
s496767029,p02936,u657208344,1586571228,C++,C++14 (GCC 5.4.1),cpp,Wrong Answer,379,25856,852,
s125074423,p02936,u843398396,1586571176,Java,Java8 (OpenJDK 1.8.0),java,Time Limit Exceeded,2109,159580,1430,
s434989651,p02936,u234636620,1586571014,Fortran,Fortran (gfortran v4.8.4),f,Accepted,344,31044,4451,
s462212446,p02936,u561143568,1586570952,C++,C++14 (GCC 5.4.1),cpp,Accepted,351,24320,865,
s240789827,p02936,u234636620,1586570951,Fortran,Fortran (gfortran v4.8.4),f,Accepted,397,31044,4451,
s584134699,p02936,u050428930,1586570865,C++,C++14 (GCC 5.4.1),cpp,Accepted,305,24320,616,
s392289298,p02936,u130900604,1586570851,Python,Python (3.4.3),py,Accepted,1763,55856,543,
s842492743,p02936,u929582923,1586570818,C++,C++14 (GCC 5.4.1),cpp,Wrong Answer,119,14976,1608,
s093744661,p02936,u001024152,1586570651,Python,Python (3.4.3),py,Accepted,1629,56168,712,
s607894398,p02936,u803617136,1586570613,Python,Python (3.4.3),py,Wrong Answer,2107,66840,478,
s029924427,p02936,u929582923,1586570600,C++,C++14 (GCC 5.4.1),cpp,Wrong Answer,110,14976,1580,
s975239562,p02936,u368249389,1586570531,Python,PyPy3 (2.4.0),py,Accepted,1854,104980,685,
s661292138,p02936,u986437843,1586570527,C++,C++14 (GCC 5.4.1),cpp,Accepted,176,43560,244112,
s471160930,p02936,u134678977,1586570458,C++,C++14 (GCC 5.4.1),cpp,Accepted,306,16372,1029,
s236370890,p02936,u929582923,1586570441,C++,C++14 (GCC 5.4.1),cpp,Accepted,129,17136,1755,
s352670619,p02936,u124686284,1586570431,C#,C# (Mono 4.6.2.0),cs,Wrong Answer,517,38984,11823,
s141584049,p02936,u001024152,1586570427,Python,PyPy3 (2.4.0),py,Time Limit Exceeded,2124,344568,776,
s668190069,p02936,u001024152,1586570394,Python,Python (3.4.3),py,Time Limit Exceeded,2120,268320,776,
s297997164,p02936,u955627293,1586570387,C++,C++14 (GCC 5.4.1),cpp,Accepted,161,29824,1151,
s536011983,p02936,u803617136,1586570369,Python,Python (3.4.3),py,Wrong Answer,1857,66788,430,
s406977745,p02936,u075595666,1586570346,Python,Python (3.4.3),py,Wrong Answer,2104,16980,930,
s373438965,p02936,u021083776,1586570310,C++,C++14 (GCC 5.4.1),cpp,Wrong Answer,279,4736,531,
s585338860,p02936,u561143568,1586570264,C++,C++14 (GCC 5.4.1),cpp,Time Limit Exceeded,2105,28032,1147,
s161139648,p02936,u001024152,1586570163,Python,Python (3.4.3),py,Runtime Error,1656,53852,721,
s303299934,p02936,u368249389,1586570155,Python,PyPy3 (2.4.0),py,Wrong Answer,1767,120672,630,
s150848619,p02936,u893584578,1586570120,C++,C++14 (GCC 5.4.1),cpp,Accepted,348,17904,1111,
s541240680,p02936,u021083776,1586570088,C++,C++14 (GCC 5.4.1),cpp,Wrong Answer,319,3968,525,
s722964001,p02936,u226233437,1586569959,C++,C++14 (GCC 5.4.1),cpp,Accepted,368,24064,675,
s248778969,p02936,u581187895,1586569894,Python,Python (3.4.3),py,Accepted,1528,323368,713,
s542918862,p02936,u392319141,1586569867,Python,Python (3.4.3),py,Accepted,1736,56644,492,
s744659525,p02936,u223663729,1586569812,Python,Python (3.4.3),py,Accepted,1691,269972,630,
s770100974,p02936,u638795007,1586569790,Python,Python (3.4.3),py,Accepted,1164,74940,2292,
s975805940,p02936,u581187895,1586569772,Python,Python (3.4.3),py,Time Limit Exceeded,2117,323340,687,
s183564297,p02936,u599114793,1586569672,Python,PyPy3 (2.4.0),py,Accepted,1933,116804,610,
s393101531,p02936,u818349438,1586569664,C++,C++14 (GCC 5.4.1),cpp,Accepted,667,23936,675,
s024263360,p02936,u581187895,1586569657,Python,Python (3.4.3),py,Time Limit Exceeded,2123,321272,654,
s904974382,p02936,u818349438,1586569616,C++,C++14 (GCC 5.4.1),cpp,Accepted,607,15988,814,
s169495264,p02936,u240348415,1586569612,Rust,Rust (1.15.1),rs,Accepted,241,67068,2736,
s307630794,p02936,u425351967,1586569563,C++,C++14 (Clang 3.8.0),cpp,Accepted,746,26624,748,
s192864127,p02936,u818349438,1586569553,Python,Python (3.4.3),py,Time Limit Exceeded,2112,230960,474,
s567562918,p02936,u952094438,1586569495,C++,C++14 (GCC 5.4.1),cpp,Accepted,159,27392,1568,
s745009684,p02936,u599114793,1586569481,Python,PyPy3 (2.4.0),py,Wrong Answer,1801,116804,612,
s451439510,p02936,u190761897,1586569437,C++,C++14 (GCC 5.4.1),cpp,Accepted,320,16372,1077,
s785678899,p02936,u194930818,1586569417,C++,C++14 (GCC 5.4.1),cpp,Accepted,299,18676,1325,
s030456388,p02936,u843398396,1586569330,Java,Java8 (OpenJDK 1.8.0),java,Time Limit Exceeded,2109,161732,1940,
s533355575,p02936,u818349438,1586569293,Python,Python (3.4.3),py,Time Limit Exceeded,2122,268464,458,
s358989703,p02936,u273816974,1586569281,Java,Java8 (OpenJDK 1.8.0),java,Accepted,1966,204548,1782,
s773472489,p02936,u862412671,1586569221,C++,C++14 (GCC 5.4.1),cpp,Accepted,299,16372,961,
s077507944,p02936,u426683236,1586569218,C++,C++14 (GCC 5.4.1),cpp,Accepted,142,32128,7207,
s297009580,p02936,u050428930,1586569122,C++,C++14 (GCC 5.4.1),cpp,Wrong Answer,277,21120,553,
s488842934,p02936,u783675879,1586569107,C++,C++14 (GCC 5.4.1),cpp,Accepted,374,58992,38694,
s242182376,p02936,u915797797,1586569058,C++,C++14 (GCC 5.4.1),cpp,Accepted,318,31360,692,
s975176971,p02936,u970197315,1586569014,Python,Python (3.4.3),py,Accepted,1771,56168,459,
s403074362,p02936,u993074316,1586568996,C++,C++14 (GCC 5.4.1),cpp,Accepted,314,32128,1636,
s209656634,p02936,u415325136,1586568815,C++,C++14 (GCC 5.4.1),cpp,Accepted,126,26624,895,
s267468902,p02936,u814986259,1586568754,Python,Python (3.4.3),py,Accepted,1933,104772,516,
s599293259,p02936,u783675879,1586568752,C++,C++14 (GCC 5.4.1),cpp,Wrong Answer,308,48628,38601,
s668031420,p02936,u581187895,1586568668,Python,Python (3.4.3),py,Wrong Answer,2122,297552,542,
s505712737,p02936,u862412671,1586568648,C++,C++14 (GCC 5.4.1),cpp,Wrong Answer,271,14080,772,
s709500410,p02936,u232429509,1586568602,C++,C++14 (GCC 5.4.1),cpp,Accepted,297,24320,2984,
s946656288,p02936,u683134447,1586568596,Python,Python (3.4.3),py,Accepted,1946,269844,667,
s588027127,p02936,u194930818,1586568561,C++,C++14 (GCC 5.4.1),cpp,Wrong Answer,293,18804,1200,
s922481526,p02936,u683134447,1586568497,Python,PyPy3 (2.4.0),py,Time Limit Exceeded,2109,129444,628,
s543934065,p02936,u050428930,1586568482,C++,C++14 (GCC 5.4.1),cpp,Wrong Answer,2105,18944,515,
s657844756,p02936,u174509352,1586568456,C++,C++14 (GCC 5.4.1),cpp,Accepted,596,15604,1171,
s651524551,p02936,u646962247,1586568440,C++,C++14 (GCC 5.4.1),cpp,Accepted,306,24320,1191,
s562796141,p02936,u683134447,1586568430,Python,PyPy3 (2.4.0),py,Wrong Answer,2109,129444,598,
s370689590,p02936,u414947284,1586568397,C++,C++14 (GCC 5.4.1),cpp,Accepted,144,19188,1206,
s773023513,p02936,u705974985,1586568363,Go,Go (1.6),go,Accepted,328,85632,7210,
s217579061,p02936,u316322317,1586568356,C++,C++14 (GCC 5.4.1),cpp,Accepted,500,30448,952,
s143197933,p02936,u997641430,1586568335,Python,Python (3.4.3),py,Accepted,1821,55804,446,
s604814289,p02936,u264265458,1586568326,C++,C++14 (GCC 5.4.1),cpp,Accepted,125,25728,3703,
s076879727,p02936,u120564432,1586568283,C++,C++14 (GCC 5.4.1),cpp,Accepted,344,24320,817,
s955464285,p02936,u316322317,1586568281,C++,C++14 (GCC 5.4.1),cpp,Time Limit Exceeded,2105,30336,1346,
s650756339,p02936,u646962247,1586568272,C++,C++14 (GCC 5.4.1),cpp,Wrong Answer,282,24320,1164,
s414532363,p02936,u603234915,1586568268,C++,C++14 (GCC 5.4.1),cpp,Accepted,305,15588,1037,
s081333512,p02936,u561083515,1586568260,Python,Python (3.4.3),py,Accepted,1677,61976,496,
s706639294,p02936,u870307668,1586568255,C++,C++14 (GCC 5.4.1),cpp,Accepted,143,24320,1600,
s280721512,p02936,u620059302,1586568214,C++,C++14 (GCC 5.4.1),cpp,Accepted,144,30592,1045,
s070693839,p02936,u009414205,1586568143,C++,C++14 (GCC 5.4.1),cpp,Accepted,142,28928,1230,
s088811766,p02936,u208844959,1586568142,C++,C++14 (GCC 5.4.1),cpp,Accepted,296,17140,1181,
s755912108,p02936,u316322317,1586568123,C++,C++14 (GCC 5.4.1),cpp,Time Limit Exceeded,2109,28800,1199,
s934299313,p02936,u645250356,1586568107,Python,PyPy3 (2.4.0),py,Accepted,959,122000,721,
s948074175,p02936,u024191315,1586568100,C++,C++14 (GCC 5.4.1),cpp,Accepted,371,24320,640,
s243050321,p02936,u683134447,1586568091,Python,PyPy3 (2.4.0),py,Time Limit Exceeded,2118,267376,639,
s022296675,p02936,u646962247,1586568075,C++,C++14 (GCC 5.4.1),cpp,Wrong Answer,287,24320,1173,
s945445733,p02936,u694731294,1586568037,C++,C++14 (GCC 5.4.1),cpp,Accepted,137,22784,1365,
s799509322,p02936,u683134447,1586568020,Python,PyPy3 (2.4.0),py,Runtime Error,2109,142072,589,
s560546118,p02936,u853721692,1586568005,C++,C++14 (GCC 5.4.1),cpp,Accepted,148,29824,1458,
s520785713,p02936,u963055157,1586567978,C++,C++14 (GCC 5.4.1),cpp,Accepted,664,24320,831,
s728717247,p02936,u120564432,1586567902,C++,C++14 (GCC 5.4.1),cpp,Runtime Error,101,2560,817,
s167168926,p02936,u022979415,1586567840,Python,Python (3.4.3),py,Accepted,1643,67180,776,
s746515443,p02936,u120564432,1586567819,C++,C++14 (GCC 5.4.1),cpp,Runtime Error,101,2560,824,
s646363366,p02936,u617826263,1586567818,C++,C++14 (GCC 5.4.1),cpp,Accepted,307,32128,1110,
s265401195,p02936,u786944534,1586567805,C#,C# (Mono 4.6.2.0),cs,Accepted,1549,65304,4910,
s607195324,p02936,u254187258,1586567792,C++,C++14 (GCC 5.4.1),cpp,Accepted,137,25088,1630,
s426956771,p02936,u754022296,1586567704,Python,Python (3.4.3),py,Accepted,1728,232468,456,
s019771114,p02936,u965730380,1586567542,C++,C++14 (GCC 5.4.1),cpp,Accepted,153,23552,1040,
s109273767,p02936,u828388155,1586567528,C++,C++14 (GCC 5.4.1),cpp,Accepted,297,24320,1480,
s998301732,p02936,u208723543,1586567349,Rust,Rust (1.15.1),rs,Accepted,224,36384,2356,
s766366372,p02936,u843398396,1586567347,Java,Java8 (OpenJDK 1.8.0),java,Time Limit Exceeded,2110,176172,1496,
s146678428,p02936,u809967037,1586567294,C++,C++14 (GCC 5.4.1),cpp,Accepted,419,27392,6214,
s968648494,p02936,u986437843,1586567283,C++,C++14 (GCC 5.4.1),cpp,Accepted,202,44200,244008,
s726995168,p02936,u809967037,1586567267,C++,C++14 (GCC 5.4.1),cpp,Wrong Answer,444,27136,6213,
s856874102,p02936,u194930818,1586567155,C++,C++14 (GCC 5.4.1),cpp,Wrong Answer,253,5504,733,
s978092970,p02936,u843398396,1586567135,Java,Java8 (OpenJDK 1.8.0),java,Wrong Answer,2109,194916,1362,
s731446406,p02936,u194930818,1586566911,C++,C++14 (GCC 5.4.1),cpp,Wrong Answer,2107,3712,756,
s109856686,p02936,u461993794,1586563370,Go,Go (1.6),go,Accepted,725,109312,1112,
s410666942,p02936,u786944534,1586562122,C++,C++14 (GCC 5.4.1),cpp,Accepted,645,25856,1490,
s546383250,p02936,u843398396,1586560538,Java,Java8 (OpenJDK 1.8.0),java,Wrong Answer,2110,339024,1467,
s703772124,p02936,u870092796,1586560185,C++,C++14 (GCC 5.4.1),cpp,Accepted,323,25856,892,
s880174390,p02936,u416773418,1586560025,C++,C++14 (GCC 5.4.1),cpp,Accepted,293,17140,1043,
s052344189,p02936,u843398396,1586559746,Java,Java8 (OpenJDK 1.8.0),java,Wrong Answer,2114,363844,1337,
s891888434,p02936,u843398396,1586559570,Java,Java8 (OpenJDK 1.8.0),java,Wrong Answer,2114,365600,1336,
s904291696,p02936,u772625937,1586557977,Ruby,Ruby (2.3.3),rb,Wrong Answer,783,36404,431,
s008821670,p02936,u477977638,1586557294,Python,PyPy3 (2.4.0),py,Accepted,705,93516,760,
s956030520,p02936,u477977638,1586557247,Python,Python (3.4.3),py,Accepted,975,49888,760,
s861624678,p02936,u841623074,1586553711,C++,C++14 (GCC 5.4.1),cpp,Accepted,388,24320,550,
s535352206,p02936,u979552932,1586551345,Perl,Perl (v5.18.2),pl,Wrong Answer,2114,113536,566,
s381836609,p02936,u979552932,1586551119,Perl,Perl (v5.18.2),pl,Wrong Answer,2110,113536,569,
s141634917,p02936,u151005508,1586547048,Python,Python (3.4.3),py,Accepted,1939,268648,660,
s608634595,p02936,u151005508,1586546371,Python,PyPy3 (2.4.0),py,Time Limit Exceeded,2122,299672,644,
s251014290,p02936,u151005508,1586546272,Python,Python (3.4.3),py,Time Limit Exceeded,2120,269432,644,
s591906585,p02936,u151005508,1586546129,Python,Python (3.4.3),py,Wrong Answer,2122,262112,644,
s526539699,p02936,u151005508,1586545901,Python,Python (3.4.3),py,Wrong Answer,2114,166508,719,
s041660164,p02936,u234636620,1586544616,Fortran,Fortran (gfortran v4.8.4),f,Accepted,345,31044,4458,
s178874392,p02936,u234636620,1586544516,Fortran,Fortran (gfortran v4.8.4),f,Wrong Answer,2104,19848,4498,
s544837702,p02936,u234636620,1586544481,Fortran,Fortran (gfortran v4.8.4),f,Wrong Answer,2104,27200,4480,
s986747673,p02936,u234636620,1586544347,Fortran,Fortran (gfortran v4.8.4),f,Time Limit Exceeded,2108,30016,4458,
s978850876,p02936,u471069244,1586524375,C++,C++14 (GCC 5.4.1),cpp,Accepted,371,23424,595,
s591407719,p02936,u915689660,1586524275,C++,C++14 (GCC 5.4.1),cpp,Accepted,696,34176,698,
s576400452,p02936,u860829879,1586496104,Python,Python (3.4.3),py,Accepted,1974,78588,513,
s004469175,p02936,u584520839,1586489445,C++,C++14 (GCC 5.4.1),cpp,Accepted,328,25088,975,
s367399896,p02936,u823871776,1586488911,C++,C++14 (GCC 5.4.1),cpp,Wrong Answer,288,14848,2179,
s261704933,p02936,u823871776,1586488402,C++,C++14 (GCC 5.4.1),cpp,Wrong Answer,278,14848,2151,
s810259628,p02936,u160064368,1586488399,Rust,Rust (1.15.1),rs,Accepted,518,81940,164502,
s944562490,p02936,u823871776,1586488365,C++,C++14 (GCC 5.4.1),cpp,Wrong Answer,276,14848,2152,
s471972172,p02936,u823871776,1586488259,C++,C++14 (GCC 5.4.1),cpp,Wrong Answer,285,14080,2153,
s926927610,p02936,u021548497,1586486656,Python,PyPy3 (2.4.0),py,Accepted,1812,107028,729,
s593468768,p02936,u021548497,1586486611,Python,Python (3.4.3),py,Accepted,1667,56152,729,
s540075394,p02936,u584520839,1586486558,C++,C++14 (GCC 5.4.1),cpp,Time Limit Exceeded,2105,25088,1042,
s041541167,p02936,u584520839,1586486231,C++,C++14 (GCC 5.4.1),cpp,Time Limit Exceeded,2104,22144,918,
s604075824,p02936,u995004106,1586486038,Python,PyPy3 (2.4.0),py,Accepted,1956,123084,906,
s754001768,p02936,u995004106,1586485857,Python,PyPy3 (2.4.0),py,Time Limit Exceeded,2110,128332,1029,
s754697478,p02936,u995004106,1586485144,Python,PyPy3 (2.4.0),py,Time Limit Exceeded,2111,137336,1065,
s534519861,p02936,u995004106,1586484886,Python,PyPy3 (2.4.0),py,Time Limit Exceeded,2112,137720,1024,
s858418714,p02936,u995004106,1586484811,Python,PyPy3 (2.4.0),py,Wrong Answer,2113,169024,1023,
s458304986,p02936,u843292252,1586484691,C++,C++14 (GCC 5.4.1),cpp,Accepted,321,26624,725,
s314084040,p02936,u995004106,1586484665,Python,PyPy3 (2.4.0),py,Time Limit Exceeded,2097,137720,956,
s003212554,p02936,u052935091,1586484629,C++,C++14 (GCC 5.4.1),cpp,Accepted,368,25856,1404,
s334667873,p02936,u843292252,1586484157,C++,C++14 (GCC 5.4.1),cpp,Wrong Answer,282,14708,614,
s509640306,p02936,u843292252,1586483974,C++,C++14 (GCC 5.4.1),cpp,Wrong Answer,295,14708,575,
s577679186,p02936,u052935091,1586482228,C++,C++14 (GCC 5.4.1),cpp,Wrong Answer,356,25856,1250,
s852900729,p02936,u052935091,1586482146,C++,C++14 (GCC 5.4.1),cpp,Wrong Answer,352,25856,1257,
s644926960,p02936,u690475097,1586481738,C++,C++14 (GCC 5.4.1),cpp,Accepted,361,24320,1031,
s188927943,p02936,u497927632,1586481682,C++,C++ (GCC 5.4.1),cpp,Wrong Answer,281,24832,718,
s386480054,p02936,u497927632,1586481635,C++,C++ (GCC 5.4.1),cpp,Compile Error,,,716,
s995989985,p02936,u497927632,1586481603,C++,C++14 (Clang 3.8.0),cpp,Compile Error,,,716,
s158118770,p02936,u497927632,1586481587,C,C (GCC 5.4.1),c,Compile Error,,,716,
s907933906,p02936,u497927632,1586481556,C,C (GCC 5.4.1),c,Compile Error,,,716,
s433982612,p02936,u052935091,1586480820,C++,C++14 (GCC 5.4.1),cpp,Wrong Answer,2108,25972,1304,
s935155800,p02936,u459402168,1586480787,C++,C++14 (GCC 5.4.1),cpp,Accepted,137,29824,1287,
s783251396,p02936,u052935091,1586480505,C++,C++14 (GCC 5.4.1),cpp,Wrong Answer,2105,25972,1287,
s846833511,p02936,u116744073,1586480408,C++,C++14 (GCC 5.4.1),cpp,Runtime Error,2104,16384,885,
s477765829,p02936,u116744073,1586480095,C++,C++14 (GCC 5.4.1),cpp,Runtime Error,346,3700,884,
s100352461,p02936,u930705402,1586472595,Python,Python (3.4.3),py,Accepted,1671,230928,461,
s336327722,p02936,u930705402,1586472439,Python,Python (3.4.3),py,Time Limit Exceeded,2119,230704,436,
s478459258,p02936,u930705402,1586472162,Python,Python (3.4.3),py,Runtime Error,1731,52260,396,
s555506050,p02936,u930705402,1586472078,Python,Python (3.4.3),py,Runtime Error,1582,45088,377,
s650635371,p02936,u930705402,1586471877,Python,Python (3.4.3),py,Runtime Error,1627,45088,330,
s862473630,p02936,u930705402,1586471121,Python,Python (3.4.3),py,Runtime Error,2106,40628,318,
s151875267,p02936,u995004106,1586471118,Python,PyPy3 (2.4.0),py,Time Limit Exceeded,2112,134392,904,
s114490451,p02936,u219417113,1586470941,Python,Python (3.4.3),py,Accepted,1517,232212,572,
s902086329,p02936,u995004106,1586470862,Python,PyPy3 (2.4.0),py,Accepted,1991,136184,933,
s226451587,p02936,u219417113,1586470728,Python,PyPy3 (2.4.0),py,Time Limit Exceeded,2124,340088,527,
s172232520,p02936,u219417113,1586470639,Python,Python (3.4.3),py,Time Limit Exceeded,2113,232212,527,
s552444462,p02936,u219417113,1586470324,Python,Python (3.4.3),py,Time Limit Exceeded,2127,372508,530,
s233820000,p02936,u219417113,1586470145,Python,Python (3.4.3),py,Wrong Answer,2118,244452,447,
s228525272,p02936,u219417113,1586469961,Python,PyPy3 (2.4.0),py,Wrong Answer,2128,403980,447,
s738574149,p02936,u219417113,1586469135,Python,PyPy3 (2.4.0),py,Runtime Error,2111,125024,366,
s082122599,p02936,u995004106,1586468310,Python,PyPy3 (2.4.0),py,Time Limit Exceeded,2113,134360,856,
s514815853,p02936,u204536668,1586463582,C++,C++14 (GCC 5.4.1),cpp,Accepted,317,17140,1168,
s779915422,p02936,u613257416,1586458698,C++,C++14 (GCC 5.4.1),cpp,Accepted,322,17140,1184,
s445954499,p02936,u613257416,1586457784,C++,C++14 (GCC 5.4.1),cpp,Time Limit Exceeded,2104,23296,1511,
s663700302,p02936,u940139461,1586454785,Python,PyPy3 (2.4.0),py,Accepted,1782,104980,685,
s307114653,p02936,u455366471,1586452455,C++,C++14 (GCC 5.4.1),cpp,Accepted,774,59392,982,
s889885858,p02936,u455366471,1586452385,C++,C++14 (GCC 5.4.1),cpp,Accepted,771,59392,951,
s526146107,p02936,u455366471,1586452323,C++,C++14 (GCC 5.4.1),cpp,Wrong Answer,801,59392,948,
s955145722,p02936,u455366471,1586451955,C++,C++14 (GCC 5.4.1),cpp,Wrong Answer,757,59392,978,
s640490753,p02936,u455366471,1586451818,C++,C++14 (GCC 5.4.1),cpp,Wrong Answer,728,60160,980,
s515103657,p02936,u455366471,1586451431,C++,C++14 (GCC 5.4.1),cpp,Wrong Answer,687,60160,947,
s704126743,p02936,u455366471,1586451103,C++,C++14 (GCC 5.4.1),cpp,Wrong Answer,2105,36224,923,
s144980502,p02936,u455366471,1586450814,C++,C++14 (GCC 5.4.1),cpp,Wrong Answer,2105,36224,957,
s383747754,p02936,u772395065,1586450701,C++,C++14 (GCC 5.4.1),cpp,Accepted,320,17908,1464,
s335484886,p02936,u208059640,1586450639,C++,C++14 (GCC 5.4.1),cpp,Accepted,347,37888,1993,
s379570505,p02936,u455366471,1586449722,C++,C++14 (GCC 5.4.1),cpp,Wrong Answer,2105,33536,937,
s895373437,p02936,u208059640,1586449666,C++,C++14 (GCC 5.4.1),cpp,Time Limit Exceeded,2105,36096,1916,
s089211916,p02936,u387221709,1586436550,C++,C++14 (GCC 5.4.1),cpp,Accepted,594,26624,722,
s680212503,p02936,u974792613,1586434590,Python,Python (3.4.3),py,Accepted,1798,64788,634,
s417701125,p02936,u154645927,1586433592,C++,C++14 (GCC 5.4.1),cpp,Accepted,163,24320,4642,
s750265455,p02936,u641446860,1586421902,Python,Python (3.4.3),py,Accepted,1568,227376,563,
s016491389,p02936,u641446860,1586421120,Python,Python (3.4.3),py,Time Limit Exceeded,2111,227376,561,
s803665771,p02936,u641446860,1586419072,Python,Python (3.4.3),py,Time Limit Exceeded,2168,1030216,701,
s681400980,p02936,u641446860,1586418552,Python,Python (3.4.3),py,Wrong Answer,2187,1267660,700,
s807452881,p02936,u641446860,1586417017,Python,Python (3.4.3),py,Wrong Answer,2117,217676,422,
s096567205,p02936,u514401521,1586406518,Python,Python (3.4.3),py,Accepted,1829,230928,545,
s637017299,p02936,u514401521,1586406381,Python,Python (3.4.3),py,Accepted,1748,268464,533,
s770805549,p02936,u514401521,1586406329,Python,Python (3.4.3),py,Runtime Error,1835,268376,1063,
s572564258,p02936,u823871776,1586406315,C++,C++14 (GCC 5.4.1),cpp,Wrong Answer,2104,12288,2019,
s251240687,p02936,u514401521,1586406217,Python,Python (3.4.3),py,Time Limit Exceeded,2114,230932,487,
s233388631,p02936,u514401521,1586406150,Python,Python (3.4.3),py,Time Limit Exceeded,2112,230960,518,
s426141544,p02936,u514401521,1586405371,Python,PyPy3 (2.4.0),py,Time Limit Exceeded,2126,370680,552,
s027766884,p02936,u514401521,1586405336,Python,Python (3.4.3),py,Time Limit Exceeded,2117,226992,552,
s403641721,p02936,u514401521,1586405143,Python,Python (3.4.3),py,Wrong Answer,2121,225880,543,
s765542143,p02936,u514401521,1586404748,Python,Python (3.4.3),py,Time Limit Exceeded,2118,226864,551,
s253961701,p02936,u514401521,1586404716,Python,PyPy3 (2.4.0),py,Time Limit Exceeded,2123,319352,551,
s301043532,p02936,u514401521,1586404685,Python,PyPy3 (2.4.0),py,Runtime Error,2000,129612,511,
s388878572,p02936,u087189096,1586391826,C++,C++14 (GCC 5.4.1),cpp,Accepted,367,254720,816,
s727760981,p02936,u087189096,1586391768,C++,C++14 (GCC 5.4.1),cpp,Wrong Answer,365,254720,789,
s017063335,p02936,u087189096,1586390322,C++,C++14 (GCC 5.4.1),cpp,Wrong Answer,2105,252672,878,
s054760712,p02936,u766280310,1586388386,C++,C++14 (GCC 5.4.1),cpp,Accepted,679,23552,596,
s990771923,p02936,u766280310,1586388265,C++,C++14 (GCC 5.4.1),cpp,Wrong Answer,642,23552,572,
s353722447,p02936,u395987935,1586387193,Java,Java8 (OpenJDK 1.8.0),java,Accepted,1406,196108,1369,
s313016357,p02936,u974792613,1586382873,Python,PyPy3 (2.4.0),py,Time Limit Exceeded,2123,328312,754,
s649470428,p02936,u974792613,1586381874,Python,Python (3.4.3),py,Time Limit Exceeded,2119,243068,753,
s245342670,p02936,u974792613,1586381647,Python,Python (3.4.3),py,Runtime Error,2118,243068,741,
s338806067,p02936,u974792613,1586381418,Python,Python (3.4.3),py,Runtime Error,1983,50932,704,
s741388378,p02936,u087189096,1586380755,C++,C++14 (GCC 5.4.1),cpp,Wrong Answer,2105,251648,860,
s333415221,p02936,u087189096,1586380441,C++,C++14 (GCC 5.4.1),cpp,Wrong Answer,2105,251648,860,
s905526448,p02936,u621582427,1586378583,C++,C++14 (GCC 5.4.1),cpp,Accepted,360,23424,703,
s748599177,p02936,u577774192,1586377676,C++,C++14 (GCC 5.4.1),cpp,Accepted,323,30592,808,
s315790692,p02936,u700805562,1586375977,Python,Python (3.4.3),py,Accepted,1722,56168,539,
s856499510,p02936,u700805562,1586375835,Python,Python (3.4.3),py,Wrong Answer,1522,49776,513,
s683137913,p02936,u956972501,1586368452,C++,C++14 (GCC 5.4.1),cpp,Accepted,149,23424,963,
s637301780,p02936,u866538547,1586368358,C++,C++14 (GCC 5.4.1),cpp,Accepted,101,16512,801,
s417810973,p02936,u866538547,1586368299,C++,C++14 (GCC 5.4.1),cpp,Runtime Error,100,640,801,
s161787178,p02936,u866538547,1586368264,C++,C++14 (GCC 5.4.1),cpp,Runtime Error,98,640,801,
s742756128,p02936,u956972501,1586365232,C++,C++14 (GCC 5.4.1),cpp,Wrong Answer,119,20352,895,
s152839261,p02936,u956972501,1586364800,C++,C++14 (GCC 5.4.1),cpp,Wrong Answer,129,27136,885,
s109906525,p02936,u688789047,1586364107,C++,C++14 (GCC 5.4.1),cpp,Accepted,141,23552,966,
s591446765,p02936,u956972501,1586364068,C++,C++14 (GCC 5.4.1),cpp,Wrong Answer,138,34944,889,
s340601303,p02936,u648009244,1586363448,C++,C++14 (GCC 5.4.1),cpp,Accepted,661,23552,728,
s885435416,p02936,u688789047,1586363341,C++,C++14 (GCC 5.4.1),cpp,Wrong Answer,114,20352,892,
s252961084,p02936,u956972501,1586362925,C++,C++14 (GCC 5.4.1),cpp,Wrong Answer,2104,33024,863,
s854245219,p02936,u956972501,1586362559,C++,C++14 (GCC 5.4.1),cpp,Wrong Answer,2104,25216,850,
s710491168,p02936,u956972501,1586362010,C++,C++14 (GCC 5.4.1),cpp,Wrong Answer,2104,27264,805,
s226517862,p02936,u336145516,1586351827,C++,C++14 (GCC 5.4.1),cpp,Accepted,296,24320,866,
s731449865,p02936,u903005414,1586345479,Python,PyPy3 (2.4.0),py,Wrong Answer,2110,126552,628,
s913983703,p02936,u903005414,1586345339,Python,Python (3.4.3),py,Wrong Answer,2107,66824,615,
s677113701,p02936,u334644046,1586345024,C++,C++14 (GCC 5.4.1),cpp,Wrong Answer,271,14848,1790,
s902649741,p02936,u488493347,1586338509,C++,C++14 (GCC 5.4.1),cpp,Accepted,370,25600,914,
s050853355,p02936,u127565873,1586336752,C++,C++14 (GCC 5.4.1),cpp,Wrong Answer,300,26624,829,
s293198226,p02936,u575802441,1586328316,C++,C++14 (GCC 5.4.1),cpp,Accepted,321,28928,916,
s671305078,p02936,u387221709,1586315635,C++,C++14 (GCC 5.4.1),cpp,Time Limit Exceeded,2106,41984,1410,
s813942242,p02936,u591016708,1586313824,C++,C++14 (GCC 5.4.1),cpp,Wrong Answer,2105,22144,968,
s032144010,p02936,u591016708,1586313736,C++,C++14 (GCC 5.4.1),cpp,Wrong Answer,2105,24192,901,
s496846748,p02936,u138597672,1586311361,C++,C++14 (GCC 5.4.1),cpp,Accepted,380,24320,1025,
s887353557,p02936,u138597672,1586311062,C++,C++14 (GCC 5.4.1),cpp,Wrong Answer,381,22016,1116,
s883847317,p02936,u138597672,1586310489,C++,C++14 (GCC 5.4.1),cpp,Wrong Answer,350,22656,989,
s067824343,p02936,u138597672,1586310171,C++,C++14 (GCC 5.4.1),cpp,Wrong Answer,2104,18944,909,
s080470259,p02936,u138597672,1586310088,C++,C++14 (GCC 5.4.1),cpp,Wrong Answer,2104,18176,910,
s055454881,p02936,u138597672,1586309996,C++,C++14 (GCC 5.4.1),cpp,Runtime Error,253,8568,910,
s262358513,p02936,u138597672,1586309874,C++,C++14 (GCC 5.4.1),cpp,Runtime Error,98,256,889,
s986214609,p02936,u138597672,1586309747,C++,C++14 (GCC 5.4.1),cpp,Runtime Error,104,640,910,
s928639323,p02936,u700805562,1586305779,Python,Python (3.4.3),py,Time Limit Exceeded,2119,268432,471,
s557299961,p02936,u700805562,1586305700,Python,Python (3.4.3),py,Runtime Error,1658,52300,429,
s009182116,p02936,u700805562,1586305118,Python,Python (3.4.3),py,Runtime Error,1714,52300,430,
s909281776,p02936,u700805562,1586303295,Python,Python (3.4.3),py,Runtime Error,2107,54984,429,
s640083505,p02936,u670128805,1586300816,C++,C++14 (GCC 5.4.1),cpp,Accepted,124,21376,678,
s415333507,p02936,u045408189,1586292318,C++,C++14 (GCC 5.4.1),cpp,Accepted,669,20608,992,
s848542721,p02936,u645855527,1586287678,Python,PyPy3 (2.4.0),py,Accepted,1794,118036,644,
s036467134,p02936,u525796732,1586286455,Python,PyPy3 (2.4.0),py,Accepted,1976,123296,884,
s087346530,p02936,u525796732,1586286296,Python,Python (3.4.3),py,Time Limit Exceeded,2113,150984,884,
s777704288,p02936,u645855527,1586286130,Python,Python (3.4.3),py,Time Limit Exceeded,2120,269100,630,
s327429077,p02936,u645855527,1586285347,Python,Python (3.4.3),py,Time Limit Exceeded,2117,237724,559,
s112976305,p02936,u645855527,1586284776,Python,Python (3.4.3),py,Wrong Answer,2023,231356,561,
s373095195,p02936,u132371041,1586284615,C++,C++14 (GCC 5.4.1),cpp,Accepted,142,25216,3751,
s434166841,p02936,u519950235,1586284589,C++,C++14 (GCC 5.4.1),cpp,Accepted,681,23680,1851,
s277222917,p02936,u721082205,1586283266,C++,C++14 (GCC 5.4.1),cpp,Accepted,319,28928,1052,
s142615134,p02936,u721082205,1586283237,C++,C++14 (GCC 5.4.1),cpp,Wrong Answer,280,28928,1022,
s852477003,p02936,u525796732,1586283164,Python,Python (3.4.3),py,Runtime Error,1226,61132,479,
s896511483,p02936,u525796732,1586283058,Python,Python (3.4.3),py,Time Limit Exceeded,2112,149180,643,
s406129650,p02936,u525796732,1586282768,Python,Python (3.4.3),py,Runtime Error,2112,149180,643,
s901322009,p02936,u721082205,1586282178,C++,C++14 (GCC 5.4.1),cpp,Wrong Answer,273,16512,887,
s872360822,p02936,u721082205,1586281240,C++,C++14 (GCC 5.4.1),cpp,Wrong Answer,247,7040,834,
s380322678,p02936,u062736195,1586281135,Java,Java8 (OpenJDK 1.8.0),java,Runtime Error,732,920276,4024,
s122072356,p02936,u721082205,1586279404,C++,C++14 (GCC 5.4.1),cpp,Wrong Answer,287,16512,902,
s405694157,p02936,u062736195,1586276339,Java,Java8 (OpenJDK 1.8.0),java,Accepted,1890,217860,1207,
s254328626,p02936,u721082205,1586275235,C++,C++14 (GCC 5.4.1),cpp,Wrong Answer,2105,28416,1037,
s310354360,p02936,u062736195,1586274535,Java,Java8 (OpenJDK 1.8.0),java,Wrong Answer,1664,189564,1109,
s685973751,p02936,u942393279,1586273214,C++,C++14 (GCC 5.4.1),cpp,Accepted,308,33920,1222,
s704244728,p02936,u942393279,1586273181,C++,C++14 (GCC 5.4.1),cpp,Compile Error,,,1217,
s468719332,p02936,u454093752,1586246867,Python,PyPy3 (2.4.0),py,Accepted,1950,106700,510,
s658242500,p02936,u454093752,1586246534,Python,PyPy3 (2.4.0),py,Wrong Answer,1826,92828,458,
s882158445,p02936,u454093752,1586246220,Python,PyPy3 (2.4.0),py,Wrong Answer,1877,94284,506,
s635536130,p02936,u519950235,1586244469,C++,C++14 (GCC 5.4.1),cpp,Wrong Answer,649,23680,1831,
s577173406,p02936,u519950235,1586242337,C++,C++14 (GCC 5.4.1),cpp,Wrong Answer,651,23424,1739,
s093416734,p02936,u583628727,1586238594,C++,C++14 (GCC 5.4.1),cpp,Wrong Answer,274,21120,606,
s194810100,p02936,u298620933,1586234317,C++,C++14 (GCC 5.4.1),cpp,Accepted,651,23552,661,
s015469495,p02936,u298620933,1586231542,C++,C++14 (GCC 5.4.1),cpp,Accepted,661,23424,710,
s263505380,p02936,u004279520,1586229975,C,C (GCC 5.4.1),c,Accepted,203,15740,3046,
s588740253,p02936,u004279520,1586229879,C,C (GCC 5.4.1),c,Accepted,202,15740,3576,
s988778686,p02936,u004279520,1586228845,C,C (GCC 5.4.1),c,Wrong Answer,204,14788,3732,
s435439596,p02936,u350989619,1586228092,C++,C++14 (GCC 5.4.1),cpp,Accepted,158,24320,4923,
s439213689,p02936,u004279520,1586226486,C,C (GCC 5.4.1),c,Runtime Error,416,14020,3863,
s954051422,p02936,u004279520,1586226119,C,C (GCC 5.4.1),c,Runtime Error,397,12668,3866,
s143741940,p02936,u401487574,1586220991,Python,Python (3.4.3),py,Accepted,1531,274428,701,
s430977883,p02936,u705230587,1586220726,C++,C++14 (GCC 5.4.1),cpp,Accepted,396,43264,717,
s126141545,p02936,u401487574,1586220629,Python,PyPy3 (2.4.0),py,Time Limit Exceeded,2152,789880,557,
s583488104,p02936,u401487574,1586220481,Python,Python (3.4.3),py,Time Limit Exceeded,2119,236924,531,
s114368297,p02936,u723550619,1586218622,C++,C++14 (GCC 5.4.1),cpp,Accepted,300,16364,1082,
s259336439,p02936,u446371873,1586210528,C++,C++14 (GCC 5.4.1),cpp,Accepted,353,29824,848,
s276941144,p02936,u446371873,1586210338,C++,C++14 (GCC 5.4.1),cpp,Wrong Answer,287,26624,724,
s837787120,p02936,u181039779,1586209842,Java,Java8 (OpenJDK 1.8.0),java,Accepted,1325,128932,8661,
s590342707,p02936,u446371873,1586209600,C++,C++14 (GCC 5.4.1),cpp,Wrong Answer,2104,21376,696,
s631354719,p02936,u181039779,1586207792,Java,Java8 (OpenJDK 1.8.0),java,Accepted,1599,157904,8792,
s503902155,p02936,u600118696,1586204434,C++,C++14 (GCC 5.4.1),cpp,Accepted,371,21120,846,
s017482223,p02936,u004279520,1586204393,C,C (GCC 5.4.1),c,Wrong Answer,170,18756,2803,
s109853057,p02936,u600118696,1586203179,C++,C++14 (GCC 5.4.1),cpp,Wrong Answer,360,21120,814,
s449678994,p02936,u600118696,1586202180,C++,C++14 (GCC 5.4.1),cpp,Wrong Answer,358,20352,759,
s288911318,p02936,u600118696,1586200897,C++,C++14 (GCC 5.4.1),cpp,Wrong Answer,2104,18176,760,
s774309021,p02936,u723550619,1586176797,C++,C++14 (GCC 5.4.1),cpp,Wrong Answer,281,15340,973,
s935957856,p02936,u723550619,1586176100,C++,C++14 (GCC 5.4.1),cpp,Wrong Answer,278,15212,970,
s259506937,p02936,u454081619,1586162418,C++,C++14 (GCC 5.4.1),cpp,Accepted,291,24320,746,
s487445050,p02936,u103520789,1586152095,Python,Python (3.4.3),py,Runtime Error,1411,100524,419,
s859231750,p02936,u103520789,1586151938,Python,Python (3.4.3),py,Runtime Error,1786,186476,405,
s629902359,p02936,u616090453,1586145321,C++,C++14 (GCC 5.4.1),cpp,Accepted,342,26096,1002,
s635824553,p02936,u616090453,1586144057,C++,C++14 (GCC 5.4.1),cpp,Wrong Answer,320,24320,864,
s994871514,p02936,u616090453,1586143961,C++,C++14 (GCC 5.4.1),cpp,Wrong Answer,351,23552,866,
s480730843,p02936,u047197186,1586141174,Python,Python (3.4.3),py,Accepted,1408,132068,604,
s160926944,p02936,u004279520,1586139565,C,C (GCC 5.4.1),c,Runtime Error,96,7040,1929,
s583258941,p02936,u265506056,1586130567,Python,Python (3.4.3),py,Runtime Error,1684,52292,428,
s285674825,p02936,u265506056,1586130529,Python,Python (3.4.3),py,Runtime Error,1486,45088,401,
s695875835,p02936,u471214054,1586129369,Python,Python (3.4.3),py,Time Limit Exceeded,2043,159456,1702,
s868421230,p02936,u471214054,1586129106,Python,PyPy3 (2.4.0),py,Accepted,959,192200,1696,
s574001497,p02936,u146594935,1586129078,C++,C++14 (GCC 5.4.1),cpp,Accepted,666,24320,794,
s280505014,p02936,u584664755,1586128878,C++,C++14 (GCC 5.4.1),cpp,Accepted,143,33664,1221,
s037538488,p02936,u471214054,1586128735,Python,Python (3.4.3),py,Time Limit Exceeded,2122,322024,1764,
s657389695,p02936,u471214054,1586128661,Python,Python (3.4.3),py,Runtime Error,1813,148828,1760,
s083486063,p02936,u584664755,1586128569,Python,Python (3.4.3),py,Accepted,1690,285828,643,
s616068463,p02936,u471214054,1586128528,Python,Python (3.4.3),py,Wrong Answer,2071,159456,1741,
s543756164,p02936,u584664755,1586128490,Python,Python (3.4.3),py,Runtime Error,17,2940,742,
s448397418,p02936,u471214054,1586128422,Python,Python (3.4.3),py,Time Limit Exceeded,2110,158540,1760,
s867612220,p02936,u923270446,1586128240,Python,Python (3.4.3),py,Runtime Error,920,41776,572,
s857688805,p02936,u471214054,1586128183,Python,Python (3.4.3),py,Time Limit Exceeded,2109,119776,1819,
s598239839,p02936,u288905450,1586127979,C++,C++14 (GCC 5.4.1),cpp,Wrong Answer,277,13676,1309,
s762128705,p02936,u471214054,1586127940,Python,Python (3.4.3),py,Time Limit Exceeded,2109,118624,1767,
s769609369,p02936,u584664755,1586127629,C++,C++14 (GCC 5.4.1),cpp,Wrong Answer,122,30592,1138,
s584617120,p02936,u610752387,1586127026,C++,C++14 (GCC 5.4.1),cpp,Runtime Error,344,18020,4081,
s864808073,p02936,u471214054,1586127010,Python,Python (3.4.3),py,Time Limit Exceeded,2128,388432,1239,
s188811547,p02936,u471214054,1586126930,Python,Python (3.4.3),py,Time Limit Exceeded,2129,372516,1239,
s191211401,p02936,u471214054,1586126832,Python,Python (3.4.3),py,Runtime Error,17,3064,1227,
s539064723,p02936,u584664755,1586126781,C++,C++14 (GCC 5.4.1),cpp,Wrong Answer,2105,29696,1078,
s446730658,p02936,u471214054,1586126713,Python,Python (3.4.3),py,Runtime Error,24,3676,1225,
s449769812,p02936,u471214054,1586126606,Python,PyPy3 (2.4.0),py,Time Limit Exceeded,2152,803044,1177,
s537234283,p02936,u610752387,1586126529,C++,C++14 (GCC 5.4.1),cpp,Runtime Error,2783,47820,4353,
s854760167,p02936,u471214054,1586126347,Python,Python (3.4.3),py,Time Limit Exceeded,2116,244800,1188,
s104438817,p02936,u576106056,1586125995,C++,C++14 (Clang 3.8.0),cpp,Accepted,739,17140,4471,
s788227173,p02936,u471214054,1586125282,Python,Python (3.4.3),py,Wrong Answer,2112,203496,1407,
s124251819,p02936,u471214054,1586125124,Python,PyPy3 (2.4.0),py,Wrong Answer,2114,236100,1428,
s076922868,p02936,u471214054,1586124933,Python,Python (3.4.3),py,Wrong Answer,2114,203496,1428,
s373915528,p02936,u471214054,1586124611,Python,Python (3.4.3),py,Wrong Answer,2112,203960,1386,
s780986998,p02936,u409617391,1586124162,C++,C++14 (GCC 5.4.1),cpp,Accepted,411,26624,8560,
s761021193,p02936,u471214054,1586123286,Python,PyPy3 (2.4.0),py,Wrong Answer,2111,184788,1192,
s325339485,p02936,u409617391,1586123249,C++,C++14 (GCC 5.4.1),cpp,Wrong Answer,348,23424,8485,
s930955026,p02936,u471214054,1586123129,Python,Python (3.4.3),py,Wrong Answer,2110,150048,1192,
s776921368,p02936,u941274418,1586122422,Java,Java8 (OpenJDK 1.8.0),java,Wrong Answer,1992,159816,609,
s541224313,p02936,u610752387,1586121756,C++,C++14 (GCC 5.4.1),cpp,Runtime Error,2907,46540,3759,
s612219096,p02936,u539091783,1586121614,C++,C++14 (GCC 5.4.1),cpp,Wrong Answer,327,4608,2697,
s395943447,p02936,u941274418,1586121445,Java,Java8 (OpenJDK 1.8.0),java,Accepted,1961,265936,1153,
s035707059,p02936,u610752387,1586120973,C++,C++14 (GCC 5.4.1),cpp,Wrong Answer,2242,2065404,3728,
s818462007,p02936,u539091783,1586120698,C++,C++14 (GCC 5.4.1),cpp,Wrong Answer,2104,12416,2827,
s053689239,p02936,u571867512,1586119717,Python,PyPy3 (2.4.0),py,Accepted,1968,153328,953,
s579458510,p02936,u571867512,1586119563,Python,Python (3.4.3),py,Time Limit Exceeded,2107,141268,953,
s487793589,p02936,u941274418,1586119232,Java,Java8 (OpenJDK 1.8.0),java,Wrong Answer,1801,234624,865,
s087212211,p02936,u571867512,1586119190,Python,Python (3.4.3),py,Runtime Error,2096,139464,864,
s896792047,p02936,u013803727,1586118820,C++,C++14 (GCC 5.4.1),cpp,Accepted,371,23424,756,
s722044266,p02936,u571867512,1586118507,Python,Python (3.4.3),py,Runtime Error,2041,139448,869,
s016497468,p02936,u409617391,1586118503,C++,C++14 (GCC 5.4.1),cpp,Wrong Answer,2104,21376,8892,
s632154440,p02936,u710232726,1586115487,C++,C++14 (GCC 5.4.1),cpp,Accepted,132,21236,936,
s417804472,p02936,u616090453,1586114598,C++,C++14 (GCC 5.4.1),cpp,Wrong Answer,2104,18176,846,
s123853086,p02936,u001534842,1586109416,C++,C++14 (GCC 5.4.1),cpp,Accepted,368,36096,1423,
s186903202,p02936,u001534842,1586108566,C++,C++14 (GCC 5.4.1),cpp,Wrong Answer,316,25856,1028,
s055556767,p02936,u142209028,1586108379,C++,C++14 (GCC 5.4.1),cpp,Accepted,224,32768,3063,
s599847593,p02936,u142209028,1586107599,C++,C++14 (GCC 5.4.1),cpp,Wrong Answer,181,23424,2888,
s010282271,p02936,u142209028,1586107305,C++,C++14 (GCC 5.4.1),cpp,Wrong Answer,116,14976,2896,
s603840877,p02936,u348231925,1586106435,C++,C++14 (GCC 5.4.1),cpp,Accepted,332,43392,1491,
s821360678,p02936,u348231925,1586105659,C++,C++14 (GCC 5.4.1),cpp,Time Limit Exceeded,2105,41216,1353,
s427857343,p02936,u348231925,1586105570,C++,C++14 (GCC 5.4.1),cpp,Runtime Error,2105,33400,1353,
s536159792,p02936,u553987207,1586103918,Python,Python (3.4.3),py,Accepted,1248,98296,602,
s334526386,p02936,u174509352,1586099928,C++,C++14 (GCC 5.4.1),cpp,Accepted,581,15604,1231,
s676701950,p02936,u174509352,1586099681,C++,C++14 (GCC 5.4.1),cpp,Wrong Answer,567,14080,1156,
s305933582,p02936,u174509352,1586099570,C++,C++14 (GCC 5.4.1),cpp,Wrong Answer,567,14464,1129,
s451576695,p02936,u151005508,1586097303,Python,Python (3.4.3),py,Wrong Answer,2113,163248,635,
s035357657,p02936,u151005508,1586097086,Python,Python (3.4.3),py,Wrong Answer,2114,170772,636,
s243134247,p02936,u151005508,1586096581,Python,Python (3.4.3),py,Time Limit Exceeded,2114,165464,738,
s331243582,p02936,u151005508,1586096445,Python,PyPy3 (2.4.0),py,Time Limit Exceeded,2111,126744,738,
s152980682,p02936,u553987207,1586096186,Python,Python (3.4.3),py,Wrong Answer,2109,88208,462,
s471087295,p02936,u151005508,1586096008,Python,PyPy3 (2.4.0),py,Runtime Error,2112,125784,633,
s731189891,p02936,u934442292,1586046222,Python,Python (3.4.3),py,Time Limit Exceeded,2014,232212,704,
s188674541,p02936,u934442292,1586046128,Python,PyPy3 (2.4.0),py,Time Limit Exceeded,2128,376184,704,
s333664587,p02936,u934442292,1586046075,Python,PyPy3 (2.4.0),py,Time Limit Exceeded,2152,816040,731,
s987258065,p02936,u934442292,1586046017,Python,Python (3.4.3),py,Accepted,1733,232212,731,
s327615061,p02936,u934442292,1586045795,Python,Python (3.4.3),py,Wrong Answer,1459,232212,727,
s443108469,p02936,u854155653,1586045609,Java,Java8 (OpenJDK 1.8.0),java,Accepted,1645,119556,4161,
s964707694,p02936,u854155653,1586045407,Java,Java8 (OpenJDK 1.8.0),java,Time Limit Exceeded,2074,135036,4084,
s538592465,p02936,u934442292,1586045091,Python,PyPy3 (2.4.0),py,Time Limit Exceeded,2157,876612,844,
s637154530,p02936,u934442292,1586045062,Python,Python (3.4.3),py,Time Limit Exceeded,2244,2046256,844,
s733573056,p02936,u854155653,1586044727,Java,Java8 (OpenJDK 1.8.0),java,Runtime Error,1140,350156,4039,
s622766072,p02936,u934442292,1586044212,Python,PyPy3 (2.4.0),py,Time Limit Exceeded,2157,861432,939,
s290231477,p02936,u756195685,1586044171,Python,Python (3.4.3),py,Wrong Answer,2112,134472,564,
s787966654,p02936,u934442292,1586044099,Python,Python (3.4.3),py,Time Limit Exceeded,2123,239780,939,
s371362302,p02936,u854155653,1586043930,Java,Java8 (OpenJDK 1.8.0),java,Wrong Answer,1902,131568,4015,
s069771089,p02936,u854155653,1586043357,Java,Java8 (OpenJDK 1.8.0),java,Wrong Answer,1559,128808,3979,
s224303989,p02936,u756195685,1586043281,Python,Python (3.4.3),py,Wrong Answer,2112,144248,558,
s232609942,p02936,u854155653,1586042796,Java,Java8 (OpenJDK 1.8.0),java,Wrong Answer,2106,125272,3950,
s685149592,p02936,u854155653,1586041335,Java,Java8 (OpenJDK 1.8.0),java,Wrong Answer,2110,355716,3589,
s579565025,p02936,u191484928,1586040479,C++,C++14 (GCC 5.4.1),cpp,Accepted,363,23424,668,
s692971477,p02936,u595893956,1586039408,C++,C++14 (GCC 5.4.1),cpp,Accepted,303,27392,908,
s671208728,p02936,u868132236,1586038981,C++,C++14 (GCC 5.4.1),cpp,Accepted,314,30464,725,
s019910690,p02936,u657611449,1586038545,Python,PyPy3 (2.4.0),py,Time Limit Exceeded,2124,330232,459,
s067233427,p02936,u657611449,1586038215,Python,PyPy3 (2.4.0),py,Runtime Error,1884,129868,417,
s802621186,p02936,u657611449,1586037856,Python,PyPy3 (2.4.0),py,Runtime Error,1855,129996,417,
s729533326,p02936,u078349616,1586037589,Python,Python (3.4.3),py,Accepted,1659,230892,473,
s340424439,p02936,u657611449,1586037464,Python,PyPy3 (2.4.0),py,Runtime Error,1900,131276,458,
s376764376,p02936,u854155653,1586037124,Java,Java8 (OpenJDK 1.8.0),java,Runtime Error,2106,337316,3637,
s768515946,p02936,u868132236,1586037043,C++,C++14 (GCC 5.4.1),cpp,Wrong Answer,2153,804968,780,
s743920765,p02936,u078349616,1586036961,Python,Python (3.4.3),py,Wrong Answer,1504,224584,418,
s324063413,p02936,u657611449,1586036943,Python,PyPy3 (2.4.0),py,Runtime Error,1971,131276,424,
s534753071,p02936,u657611449,1586036900,Python,PyPy3 (2.4.0),py,Runtime Error,171,38384,422,
s412291648,p02936,u854155653,1586036067,Java,Java8 (OpenJDK 1.8.0),java,Runtime Error,2106,339200,3632,
s491203807,p02936,u868132236,1586035869,C++,C++14 (GCC 5.4.1),cpp,Wrong Answer,2147,742560,731,
s425903214,p02936,u276588887,1586035517,C++,C++14 (GCC 5.4.1),cpp,Accepted,164,17908,4659,
s699853809,p02936,u868132236,1586035482,C++,C++14 (GCC 5.4.1),cpp,Wrong Answer,2105,21888,771,
s602673195,p02936,u657611449,1586035342,Python,PyPy3 (2.4.0),py,Runtime Error,1787,130764,451,
s602481472,p02936,u276588887,1586035016,C++,C++14 (GCC 5.4.1),cpp,Wrong Answer,108,16512,4559,
s892030671,p02936,u657611449,1586034945,Python,PyPy3 (2.4.0),py,Runtime Error,1779,130636,449,
s609748541,p02936,u276588887,1586034824,C++,C++14 (GCC 5.4.1),cpp,Wrong Answer,2104,16472,4540,
s885843937,p02936,u691018832,1586034562,Python,Python (3.4.3),py,Accepted,1353,132068,628,
s101815000,p02936,u276588887,1586034356,C++,C++14 (GCC 5.4.1),cpp,Wrong Answer,2104,14848,4522,
s436144545,p02936,u075296067,1586034254,C++,C++14 (GCC 5.4.1),cpp,Accepted,373,21888,842,
s470112003,p02936,u657611449,1586034123,Python,PyPy3 (2.4.0),py,Wrong Answer,2112,141848,497,
s802528364,p02936,u868132236,1586033313,C++,C++14 (GCC 5.4.1),cpp,Wrong Answer,277,14848,661,
s820093088,p02936,u868132236,1586031868,C++,C++14 (GCC 5.4.1),cpp,Wrong Answer,2149,745080,711,
s920220320,p02936,u768896740,1586031356,Python,Python (3.4.3),py,Time Limit Exceeded,2121,296068,709,
s360870267,p02936,u657611449,1586031097,Python,PyPy3 (2.4.0),py,Wrong Answer,2112,139776,540,
s409552754,p02936,u768896740,1586030805,Python,Python (3.4.3),py,Time Limit Exceeded,2121,296068,727,
s084752274,p02936,u768896740,1586030675,Python,PyPy3 (2.4.0),py,Wrong Answer,2128,359672,708,
s603242019,p02936,u673338219,1586029786,Python,PyPy3 (2.4.0),py,Accepted,888,92236,576,
s557762438,p02936,u673338219,1586028787,Python,PyPy3 (2.4.0),py,Accepted,900,104908,541,
s509514444,p02936,u673338219,1586028678,Python,PyPy3 (2.4.0),py,Accepted,1952,117964,497,
s844746294,p02936,u673338219,1586028352,Python,PyPy3 (2.4.0),py,Time Limit Exceeded,2110,114420,457,
s112810252,p02936,u673338219,1586028222,Python,PyPy3 (2.4.0),py,Time Limit Exceeded,2110,109388,457,
s888868886,p02936,u673338219,1586027678,Python,PyPy3 (2.4.0),py,Time Limit Exceeded,2110,107212,412,
s159030915,p02936,u673338219,1586027418,Python,PyPy3 (2.4.0),py,Time Limit Exceeded,2128,400888,436,
s843006708,p02936,u673338219,1586027322,Python,PyPy3 (2.4.0),py,Runtime Error,1985,130124,395,
s099842350,p02936,u598869726,1586015536,C++,C++14 (GCC 5.4.1),cpp,Accepted,607,17140,1104,
s898480524,p02936,u598869726,1586015324,C++,C++14 (GCC 5.4.1),cpp,Compile Error,,,1069,
s711953553,p02936,u494105162,1586013007,Java,Java8 (OpenJDK 1.8.0),java,Accepted,1792,198228,1645,
s815045107,p02936,u598869726,1586010945,C++,C++14 (GCC 5.4.1),cpp,Time Limit Exceeded,2104,15348,1081,
s221722002,p02936,u314917898,1586002948,C++,C++14 (GCC 5.4.1),cpp,Accepted,660,23424,608,
s923698807,p02936,u568576853,1585994000,Python,Python (3.4.3),py,Accepted,1761,56176,449,
s215553783,p02936,u480300350,1585984314,Python,Python (3.4.3),py,Accepted,1930,346632,2519,
s271985796,p02936,u390830889,1585973721,C++,C++14 (GCC 5.4.1),cpp,Accepted,336,30968,1680,
s827815565,p02936,u534015096,1585973146,C++,C++14 (GCC 5.4.1),cpp,Accepted,306,23424,1451,
s837600706,p02936,u568576853,1585973146,Python,Python (3.4.3),py,Wrong Answer,2106,42904,327,
s267220793,p02936,u390830889,1585972137,C++,C++14 (GCC 5.4.1),cpp,Time Limit Exceeded,2108,34580,1799,
s173948203,p02936,u857759499,1585971913,Python,Python (3.4.3),py,Accepted,1197,64784,571,
s820470232,p02936,u857759499,1585970930,Python,Python (3.4.3),py,Wrong Answer,963,47820,454,
s796194749,p02936,u390830889,1585970172,C++,C++14 (GCC 5.4.1),cpp,Time Limit Exceeded,2105,34292,1889,
s982048535,p02936,u560867850,1585969617,Python,Python (3.4.3),py,Accepted,1456,269816,650,
s200404725,p02936,u560867850,1585969493,Python,Python (3.4.3),py,Runtime Error,902,62000,650,
s549762056,p02936,u857759499,1585969129,Python,Python (3.4.3),py,Wrong Answer,2123,244148,574,
s875126018,p02936,u857759499,1585968973,Python,Python (3.4.3),py,Runtime Error,2106,62064,545,
s373853896,p02936,u560867850,1585967798,Python,Python (3.4.3),py,Wrong Answer,761,54752,851,
s904548105,p02936,u390830889,1585967725,C++,C++14 (GCC 5.4.1),cpp,Wrong Answer,2104,17408,1314,
s294159588,p02936,u560867850,1585967426,Python,Python (3.4.3),py,Runtime Error,691,54752,799,
s401637294,p02936,u390830889,1585967395,C++,C++14 (GCC 5.4.1),cpp,Wrong Answer,2104,14248,1542,
s021985003,p02936,u560867850,1585967358,Python,Python (3.4.3),py,Runtime Error,674,54752,801,
s753375136,p02936,u560867850,1585965280,Python,Python (3.4.3),py,Wrong Answer,673,36896,493,
s189836044,p02936,u560867850,1585965128,Python,Python (3.4.3),py,Wrong Answer,645,36896,490,
s962446109,p02936,u517447467,1585964508,Python,Python (3.4.3),py,Accepted,1865,274864,546,
s944552938,p02936,u517447467,1585964476,Python,Python (3.4.3),py,Runtime Error,1399,164872,546,
s304947305,p02936,u517447467,1585964237,Python,Python (3.4.3),py,Runtime Error,2111,164872,519,
s557368884,p02936,u517447467,1585964204,Python,Python (3.4.3),py,Runtime Error,18,3064,518,
s854597204,p02936,u517447467,1585964022,Python,PyPy3 (2.4.0),py,Time Limit Exceeded,2120,277112,508,
s676943083,p02936,u517447467,1585963954,Python,Python (3.4.3),py,Time Limit Exceeded,2120,269488,488,
s516136244,p02936,u517447467,1585963908,Python,Python (3.4.3),py,Time Limit Exceeded,2120,267820,507,
s085037420,p02936,u517447467,1585963869,Python,Python (3.4.3),py,Wrong Answer,2122,269488,508,
s678937362,p02936,u517447467,1585963741,Python,Python (3.4.3),py,Runtime Error,17,2940,446,
s021529632,p02936,u517447467,1585963418,Python,Python (3.4.3),py,Accepted,1539,230960,536,
s479166833,p02936,u517447467,1585963350,Python,Python (3.4.3),py,Runtime Error,1822,57948,467,
s492759881,p02936,u517447467,1585962996,Python,Python (3.4.3),py,Runtime Error,1884,60192,447,
s055736500,p02936,u517447467,1585962771,Python,Python (3.4.3),py,Runtime Error,1839,71200,465,
s175626438,p02936,u517447467,1585962525,Python,Python (3.4.3),py,Time Limit Exceeded,2121,283356,497,
s174213419,p02936,u517447467,1585962444,Python,PyPy3 (2.4.0),py,Time Limit Exceeded,2122,317324,509,
s130737883,p02936,u517447467,1585962277,Python,Python (3.4.3),py,Time Limit Exceeded,2120,283356,508,
s253235143,p02936,u517447467,1585962140,Python,Python (3.4.3),py,Runtime Error,1916,88164,467,
s778108807,p02936,u517447467,1585961637,Python,Python (3.4.3),py,Runtime Error,1943,88156,454,
s276821853,p02936,u517447467,1585953936,Python,PyPy3 (2.4.0),py,Wrong Answer,2108,114264,566,
s521529724,p02936,u685800831,1585951807,C++,C++14 (GCC 5.4.1),cpp,Accepted,688,27392,1294,
s622812844,p02936,u685800831,1585951716,C++,C++14 (GCC 5.4.1),cpp,Accepted,652,27392,1329,
s900793440,p02936,u104057163,1585950979,C++,C++14 (GCC 5.4.1),cpp,Accepted,128,23552,3823,
s390710961,p02936,u685800831,1585950630,C++,C++14 (GCC 5.4.1),cpp,Wrong Answer,640,28544,1330,
s450882611,p02936,u936602931,1585950539,C++,C++14 (GCC 5.4.1),cpp,Accepted,148,30592,821,
s598313195,p02936,u160429264,1585950365,C++,C++14 (GCC 5.4.1),cpp,Accepted,297,29696,1817,
s871182069,p02936,u685800831,1585950322,C++,C++14 (GCC 5.4.1),cpp,Wrong Answer,655,27392,1331,
s198604110,p02936,u685800831,1585950266,C++,C++14 (GCC 5.4.1),cpp,Wrong Answer,632,26368,1293,
s984515860,p02936,u160429264,1585950019,C++,C++14 (GCC 5.4.1),cpp,Time Limit Exceeded,2226,1488744,1816,
s589951944,p02936,u936602931,1585949587,C++,C++14 (GCC 5.4.1),cpp,Time Limit Exceeded,2231,1721320,820,
s619284944,p02936,u821432765,1585948811,Python,Python (3.4.3),py,Accepted,1829,62636,738,
s299196195,p02936,u821432765,1585948711,Python,Python (3.4.3),py,Wrong Answer,1831,62584,695,
s183400997,p02936,u821432765,1585948478,C++,C++14 (GCC 5.4.1),cpp,Accepted,367,24320,791,
s177169718,p02936,u821432765,1585947141,Python,Python (3.4.3),py,Time Limit Exceeded,2118,237816,533,
s764958036,p02936,u821432765,1585947048,Python,Python (3.4.3),py,Runtime Error,1891,61116,490,
s796548978,p02936,u809967037,1585946855,C++,C++14 (GCC 5.4.1),cpp,Accepted,415,27776,6215,
s752869333,p02936,u936602931,1585943214,C++,C++14 (GCC 5.4.1),cpp,Wrong Answer,184,12788,798,
s886428899,p02936,u749388872,1585936860,Haskell,Haskell (GHC 7.10.3),hs,Accepted,697,81916,1370,
s180740722,p02936,u749388872,1585936694,Haskell,Haskell (GHC 7.10.3),hs,Time Limit Exceeded,2109,93180,1409,
s307596812,p02936,u107464079,1585936554,C++,C++14 (GCC 5.4.1),cpp,Wrong Answer,251,3968,396,
s517099869,p02936,u749388872,1585936483,Haskell,Haskell (GHC 7.10.3),hs,Accepted,1227,102652,1410,
s568883735,p02936,u107464079,1585935564,C++,C++14 (GCC 5.4.1),cpp,Wrong Answer,2105,23148,580,
s668961047,p02936,u749388872,1585935290,Haskell,Haskell (GHC 7.10.3),hs,Wrong Answer,2109,124668,1638,
s521271567,p02936,u195036695,1585934707,C++,C++14 (GCC 5.4.1),cpp,Accepted,292,17908,3608,
s168183484,p02936,u749388872,1585934692,Haskell,Haskell (GHC 7.10.3),hs,Wrong Answer,2109,126076,1644,
s529137426,p02936,u195036695,1585933129,C++,C++14 (GCC 5.4.1),cpp,Time Limit Exceeded,2107,29412,3902,
s199862072,p02936,u749388872,1585932446,Haskell,Haskell (GHC 7.10.3),hs,Wrong Answer,2110,113660,1525,
s656527665,p02936,u339558464,1585931120,C++,C++14 (GCC 5.4.1),cpp,Wrong Answer,297,14848,2286,
s526472192,p02936,u339558464,1585931028,C++,C++14 (GCC 5.4.1),cpp,Wrong Answer,307,14080,2288,
s357385395,p02936,u969116807,1585928732,C++,C++14 (GCC 5.4.1),cpp,Accepted,320,24320,1064,
s031558944,p02936,u969116807,1585928675,C++,C++14 (GCC 5.4.1),cpp,Runtime Error,103,3456,1064,
s561295696,p02936,u119575931,1585916194,C#,C# (Mono 4.6.2.0),cs,Accepted,594,52704,7835,
s194755086,p02936,u119575931,1585915986,C#,C# (Mono 4.6.2.0),cs,Wrong Answer,551,54624,7633,
s496463312,p02936,u936602931,1585910111,C++,C++14 (GCC 5.4.1),cpp,Time Limit Exceeded,2222,1641960,795,
s503658670,p02936,u936602931,1585910003,C++,C++14 (GCC 5.4.1),cpp,Time Limit Exceeded,2250,1629160,792,
s731247862,p02936,u936602931,1585909902,C++,C++14 (GCC 5.4.1),cpp,Time Limit Exceeded,2236,1591912,781,
s186970865,p02936,u936602931,1585909369,C++,C++14 (GCC 5.4.1),cpp,Time Limit Exceeded,2237,1601384,756,
s237157509,p02936,u936602931,1585908943,C++,C++14 (GCC 5.4.1),cpp,Time Limit Exceeded,2229,1866368,1120,
s558219138,p02936,u586598623,1585896691,C++,C++14 (GCC 5.4.1),cpp,Accepted,133,30592,898,
s582643233,p02936,u582588783,1585889973,C++,C++14 (GCC 5.4.1),cpp,Accepted,296,15604,1067,
s877984782,p02936,u946996108,1585887532,Python,PyPy3 (2.4.0),py,Accepted,2000,129272,2550,
s556049050,p02936,u119575931,1585884280,C#,C# (Mono 4.6.2.0),cs,Wrong Answer,449,31068,7405,
s179195489,p02936,u119575931,1585884196,C#,C# (Mono 4.6.2.0),cs,Wrong Answer,584,53200,7598,
s505400440,p02936,u119575931,1585883218,C#,C# (Mono 4.6.2.0),cs,Wrong Answer,464,31840,7403,
s456487623,p02936,u119575931,1585881614,C#,C# (Mono 4.6.2.0),cs,Wrong Answer,463,31212,7192,
s635162043,p02936,u582588783,1585881290,C++,C++14 (GCC 5.4.1),cpp,Accepted,334,23552,913,
s775443374,p02936,u257162238,1585876749,Python,Python (3.4.3),py,Accepted,1934,124344,984,
s177777341,p02936,u257162238,1585876459,Python,PyPy3 (2.4.0),py,Time Limit Exceeded,2120,278008,859,
s583239744,p02936,u257162238,1585876399,Python,Python (3.4.3),py,Time Limit Exceeded,2121,282244,859,
s266791715,p02936,u189023301,1585873285,Python,Python (3.4.3),py,Accepted,1813,56060,510,
s474371833,p02936,u198062737,1585873215,Python,PyPy3 (2.4.0),py,Accepted,1470,130412,918,
s799532903,p02936,u198062737,1585872932,Python,PyPy3 (2.4.0),py,Time Limit Exceeded,2111,120728,856,
s872502177,p02936,u517447467,1585872801,Python,Python (3.4.3),py,Wrong Answer,2107,63360,565,
s495276607,p02936,u517447467,1585872762,Python,Python (3.4.3),py,Runtime Error,2107,56112,555,
s500792114,p02936,u517447467,1585872731,Python,Python (3.4.3),py,Wrong Answer,2107,56180,545,
s441314824,p02936,u198062737,1585872711,Python,PyPy3 (2.4.0),py,Wrong Answer,2110,107800,701,
s248520745,p02936,u198062737,1585872588,Python,Python (3.4.3),py,Wrong Answer,2109,94360,700,
s441652844,p02936,u189023301,1585871811,Python,PyPy3 (2.4.0),py,Runtime Error,809,86804,518,
s313726077,p02936,u189023301,1585871679,Python,PyPy3 (2.4.0),py,Runtime Error,986,86292,517,
s707188300,p02936,u808943968,1585867371,C++,C++14 (GCC 5.4.1),cpp,Accepted,298,24448,1211,
s606677053,p02936,u808943968,1585867334,C++,C++14 (GCC 5.4.1),cpp,Runtime Error,2506,1780,1246,
s066919102,p02936,u808943968,1585867235,C++,C++14 (GCC 5.4.1),cpp,Runtime Error,2675,1780,1246,
s776555965,p02936,u808943968,1585866707,C++,C++14 (GCC 5.4.1),cpp,Runtime Error,3542,1780,1245,
s014946389,p02936,u677121387,1585866166,Python,Python (3.4.3),py,Accepted,1742,64256,498,
s707918490,p02936,u677121387,1585865983,Python,Python (3.4.3),py,Time Limit Exceeded,2120,268464,461,
s324430167,p02936,u808943968,1585865961,C++,C++14 (GCC 5.4.1),cpp,Runtime Error,2279,1780,1141,
s458894524,p02936,u677121387,1585865886,Python,Python (3.4.3),py,Time Limit Exceeded,2117,269716,479,
s000473957,p02936,u937275419,1585865583,C++,C++14 (GCC 5.4.1),cpp,Accepted,290,24320,1060,
s507921433,p02936,u937275419,1585864850,C++,C++14 (GCC 5.4.1),cpp,Wrong Answer,286,17920,1083,
s930792144,p02936,u808943968,1585864705,C++,C++14 (GCC 5.4.1),cpp,Wrong Answer,276,24320,1056,
s705627214,p02936,u776439373,1585863838,C++,C++14 (GCC 5.4.1),cpp,Wrong Answer,290,17780,574,
s110368137,p02936,u462437857,1585863684,C++,C++14 (GCC 5.4.1),cpp,Wrong Answer,173,21376,1447,
s252265051,p02936,u462437857,1585863565,C++,C++14 (GCC 5.4.1),cpp,Wrong Answer,2250,1888872,1439,
s815791802,p02936,u537852947,1585863380,C++,C++14 (GCC 5.4.1),cpp,Accepted,299,20608,935,
s160767846,p02936,u442877951,1585863078,Python,Python (3.4.3),py,Accepted,1741,56084,478,
s166229015,p02936,u537852947,1585862475,C++,C++14 (GCC 5.4.1),cpp,Time Limit Exceeded,2245,1517292,961,
s418369075,p02936,u808943968,1585862005,C++,C++14 (GCC 5.4.1),cpp,Wrong Answer,2253,1855080,1427,
s239268333,p02936,u014442925,1585858975,C++,C++14 (GCC 5.4.1),cpp,Accepted,430,153984,6553,
s784555863,p02936,u808943968,1585858141,C++,C++14 (GCC 5.4.1),cpp,Wrong Answer,281,14848,914,
s685683750,p02936,u808943968,1585858082,C++,C++14 (GCC 5.4.1),cpp,Wrong Answer,288,14080,915,
s780436621,p02936,u794910686,1585857269,Python,Python (3.4.3),py,Accepted,1746,268432,529,
s872568233,p02936,u794910686,1585857127,Python,Python (3.4.3),py,Wrong Answer,2112,262092,480,
s825933123,p02936,u794910686,1585856997,Python,Python (3.4.3),py,Time Limit Exceeded,2120,268464,478,
s798999402,p02936,u223172354,1585843723,C++,C++14 (GCC 5.4.1),cpp,Accepted,350,24320,535,
s934016574,p02936,u784022244,1585841436,Python,PyPy3 (2.4.0),py,Time Limit Exceeded,2126,365048,520,
s322354567,p02936,u784022244,1585841338,Python,Python (3.4.3),py,Time Limit Exceeded,2119,233096,520,
s342283774,p02936,u784022244,1585841106,Python,Python (3.4.3),py,Runtime Error,1821,56408,480,
s769206459,p02936,u784022244,1585840060,Python,Python (3.4.3),py,Runtime Error,1810,56408,464,
s850899774,p02936,u784022244,1585839783,Python,PyPy3 (2.4.0),py,Runtime Error,1934,130252,408,
s037017432,p02936,u768896740,1585831945,Python,Python (3.4.3),py,Wrong Answer,2120,244056,707,
s176752987,p02936,u768896740,1585826654,Python,Python (3.4.3),py,Runtime Error,2118,244092,688,
s802924770,p02936,u768896740,1585826447,Python,Python (3.4.3),py,Runtime Error,2106,57684,605,
s377111705,p02936,u316322317,1585825837,C++,C++14 (GCC 5.4.1),cpp,Accepted,479,30448,951,
s828816812,p02936,u275934251,1585807402,C++,C++14 (GCC 5.4.1),cpp,Accepted,311,33664,1404,
s202496848,p02936,u257162238,1585806677,Python,Python (3.4.3),py,Time Limit Exceeded,2114,151904,1216,
s355369729,p02936,u257162238,1585806122,Python,Python (3.4.3),py,Time Limit Exceeded,2116,150364,1208,
s886849067,p02936,u257162238,1585803329,Python,Python (3.4.3),py,Wrong Answer,1579,91760,734,
s860895730,p02936,u257162238,1585803077,Python,Python (3.4.3),py,Wrong Answer,1571,91796,735,
s849409451,p02936,u440217234,1585802820,C++,C++14 (GCC 5.4.1),cpp,Accepted,405,25856,1001,
s022350451,p02936,u257162238,1585802666,Python,Python (3.4.3),py,Time Limit Exceeded,2108,89872,908,
s051966707,p02936,u257162238,1585802574,Python,Python (3.4.3),py,Time Limit Exceeded,2108,89900,907,
s153359584,p02936,u987267288,1585802492,C++,C++14 (GCC 5.4.1),cpp,Accepted,291,19568,7436,
s042278801,p02936,u494105162,1585802381,Java,Java8 (OpenJDK 1.8.0),java,Wrong Answer,2109,360908,1823,
s147474851,p02936,u257162238,1585802345,Python,Python (3.4.3),py,Wrong Answer,2108,91112,955,
s912530919,p02936,u257162238,1585802279,Python,Python (3.4.3),py,Time Limit Exceeded,2108,93516,952,
s320152191,p02936,u257162238,1585802066,Python,Python (3.4.3),py,Time Limit Exceeded,2108,89564,809,
s965981461,p02936,u297767059,1585800499,Kotlin,Kotlin (1.0.0),kt,Time Limit Exceeded,2111,162924,1039,
s932490714,p02936,u297767059,1585800457,Kotlin,Kotlin (1.0.0),kt,Time Limit Exceeded,2111,166952,1009,
s577500931,p02936,u297767059,1585800348,Kotlin,Kotlin (1.0.0),kt,Time Limit Exceeded,2111,167076,1003,
s483273228,p02936,u297767059,1585800124,Kotlin,Kotlin (1.0.0),kt,Wrong Answer,2111,167084,1121,
s688965378,p02936,u964299793,1585797667,Python,Python (3.4.3),py,Accepted,1776,230920,485,
s286499371,p02936,u964299793,1585797618,Python,Python (3.4.3),py,Time Limit Exceeded,2118,230920,460,
s964178965,p02936,u964299793,1585797540,Python,Python (3.4.3),py,Runtime Error,1934,52356,435,
s270391835,p02936,u313897800,1585796934,C++,C++14 (GCC 5.4.1),cpp,Accepted,318,19440,1759,
s597043424,p02936,u964299793,1585796315,Python,Python (3.4.3),py,Runtime Error,1654,52332,420,
s510366868,p02936,u964299793,1585795778,Python,Python (3.4.3),py,Runtime Error,1845,69040,502,
s347058821,p02936,u873904588,1585791517,Python,PyPy3 (2.4.0),py,Accepted,1954,105344,561,
s774736688,p02936,u857510905,1585787602,Ruby,Ruby (2.3.3),rb,Accepted,979,38012,531,
s129927418,p02936,u896741788,1585787211,C++,C++14 (GCC 5.4.1),cpp,Accepted,355,28844,1977,
s162569822,p02936,u896741788,1585787160,Python,Python (3.4.3),py,Runtime Error,17,2940,1977,
s314975617,p02936,u520067800,1585777926,Java,Java8 (OpenJDK 1.8.0),java,Runtime Error,548,877524,2012,
s095260142,p02936,u520067800,1585777792,Java,Java8 (OpenJDK 1.8.0),java,Runtime Error,554,874836,1847,
s835361908,p02936,u102070373,1585777377,C++,C++14 (GCC 5.4.1),cpp,Wrong Answer,2223,1691908,617,
s006086884,p02936,u102070373,1585777097,C++,C++14 (GCC 5.4.1),cpp,Wrong Answer,2223,1721736,605,
s278393048,p02936,u803684095,1585775275,C++,C++14 (GCC 5.4.1),cpp,Accepted,335,25088,866,
s256842959,p02936,u803684095,1585775075,C++,C++14 (GCC 5.4.1),cpp,Wrong Answer,300,24832,842,
s719320567,p02936,u520067800,1585774956,Java,Java8 (OpenJDK 1.8.0),java,Accepted,1411,134824,1314,
s682961737,p02936,u520067800,1585774868,Java,Java8 (OpenJDK 1.8.0),java,Runtime Error,635,871380,1557,
s253537842,p02936,u803684095,1585773318,C++,C++14 (GCC 5.4.1),cpp,Wrong Answer,2105,22912,811,
s577390740,p02936,u520067800,1585772974,Java,Java8 (OpenJDK 1.8.0),java,Runtime Error,720,872660,1147,
s095939531,p02936,u520067800,1585771921,Java,Java8 (OpenJDK 1.8.0),java,Runtime Error,588,874324,1144,
s578261645,p02936,u563788821,1585770905,C++,C++14 (GCC 5.4.1),cpp,Accepted,322,31360,1312,
s747777248,p02936,u335384647,1585766126,C++,C++14 (GCC 5.4.1),cpp,Accepted,130,28160,919,
s104361929,p02936,u952090000,1585763271,C++,C++14 (GCC 5.4.1),cpp,Accepted,331,30464,845,
s921320102,p02936,u335384647,1585761316,C++,C++14 (GCC 5.4.1),cpp,Wrong Answer,121,24320,810,
s430202720,p02936,u115838990,1585760490,C++,C++14 (GCC 5.4.1),cpp,Accepted,163,24320,1426,
s659221924,p02936,u115838990,1585760281,C++,C++14 (GCC 5.4.1),cpp,Accepted,132,22912,1430,
s580667564,p02936,u335384647,1585760213,C++,C++14 (GCC 5.4.1),cpp,Wrong Answer,118,24320,797,
s612835550,p02936,u115838990,1585760163,C++,C++14 (GCC 5.4.1),cpp,Runtime Error,101,2560,1430,
s536758174,p02936,u789323170,1585750229,C++,C++14 (GCC 5.4.1),cpp,Accepted,297,23552,2131,
s811891267,p02936,u789323170,1585750063,C++,C++14 (GCC 5.4.1),cpp,Wrong Answer,310,23552,2111,
s545955979,p02936,u789323170,1585749481,C++,C++14 (GCC 5.4.1),cpp,Wrong Answer,299,22656,2025,
s189578375,p02936,u789323170,1585747435,C++,C++14 (GCC 5.4.1),cpp,Wrong Answer,2105,26880,2169,
s510856708,p02936,u274883254,1585731148,C++,C++14 (GCC 5.4.1),cpp,Accepted,130,26624,998,
s230314533,p02936,u558667782,1585721451,C++,C++14 (GCC 5.4.1),cpp,Accepted,305,30592,933,
s048006512,p02936,u558667782,1585721097,C++,C++14 (GCC 5.4.1),cpp,Accepted,323,30592,935,
s933210676,p02936,u558667782,1585720890,C++,C++14 (GCC 5.4.1),cpp,Compile Error,,,938,
s949364732,p02936,u558667782,1585720718,C++,C++14 (GCC 5.4.1),cpp,Runtime Error,2652,1976828,934,
s145193733,p02936,u816587940,1585720211,Python,PyPy3 (2.4.0),py,Accepted,916,113260,1220,
s880707791,p02936,u816587940,1585720034,Python,PyPy3 (2.4.0),py,Accepted,1953,121420,1163,
s569992378,p02936,u520067800,1585718884,Java,Java8 (OpenJDK 1.8.0),java,Runtime Error,2110,208696,2721,
s950424042,p02936,u789323170,1585718528,C++,C++14 (GCC 5.4.1),cpp,Wrong Answer,297,25856,2084,
s125465984,p02936,u789323170,1585718276,C++,C++14 (GCC 5.4.1),cpp,Wrong Answer,588,25856,2042,
s389433052,p02936,u873904588,1585717842,Python,PyPy3 (2.4.0),py,Wrong Answer,2115,191448,898,
s227314613,p02936,u789323170,1585717133,C++,C++14 (GCC 5.4.1),cpp,Wrong Answer,560,25856,1999,
s327413581,p02936,u789323170,1585716709,C++,C++14 (GCC 5.4.1),cpp,Wrong Answer,567,25856,1986,
s401772874,p02936,u789323170,1585716256,C++,C++14 (GCC 5.4.1),cpp,Wrong Answer,579,22656,1990,
s406970796,p02936,u789323170,1585714597,C++,C++14 (GCC 5.4.1),cpp,Wrong Answer,2104,21812,1950,
s334368679,p02936,u558667782,1585713787,C++,C++14 (GCC 5.4.1),cpp,Time Limit Exceeded,2237,1627692,911,
s479873052,p02936,u558667782,1585713551,C++,C++14 (GCC 5.4.1),cpp,Compile Error,,,870,
s878143319,p02936,u558667782,1585713235,C++,C++14 (GCC 5.4.1),cpp,Wrong Answer,308,13940,869,
s316474015,p02936,u558667782,1585712863,C++,C++14 (GCC 5.4.1),cpp,Time Limit Exceeded,2231,1594804,909,
s079927268,p02936,u297767059,1585712735,Kotlin,Kotlin (1.0.0),kt,Time Limit Exceeded,2111,166844,911,
s570445342,p02936,u558667782,1585712666,C++,C++14 (GCC 5.4.1),cpp,Time Limit Exceeded,2179,1492496,1222,
s578591772,p02936,u558667782,1585711215,C++,C++14 (GCC 5.4.1),cpp,Time Limit Exceeded,2230,2094848,1242,
s863279020,p02936,u297767059,1585710985,Kotlin,Kotlin (1.0.0),kt,Time Limit Exceeded,2119,163740,771,
s347714373,p02936,u297767059,1585710796,Kotlin,Kotlin (1.0.0),kt,Time Limit Exceeded,2111,168868,770,
s785253241,p02936,u297767059,1585710565,Kotlin,Kotlin (1.0.0),kt,Time Limit Exceeded,2111,163296,798,
s922447294,p02936,u937275419,1585708533,C++,C++14 (GCC 5.4.1),cpp,Wrong Answer,299,17920,1068,
s799459658,p02936,u297767059,1585706491,Kotlin,Kotlin (1.0.0),kt,Time Limit Exceeded,2119,205248,952,
s509005010,p02936,u297767059,1585706003,Kotlin,Kotlin (1.0.0),kt,Wrong Answer,2119,194864,795,
s053071840,p02936,u057109575,1585705653,Python,PyPy3 (2.4.0),py,Wrong Answer,1739,96256,419,
s166463930,p02936,u297767059,1585705542,Kotlin,Kotlin (1.0.0),kt,Time Limit Exceeded,2119,197120,865,
s503199581,p02936,u057109575,1585705404,Python,PyPy3 (2.4.0),py,Wrong Answer,1982,122864,449,
s817894477,p02936,u057109575,1585705173,Python,PyPy3 (2.4.0),py,Wrong Answer,2112,138604,409,
s910224233,p02936,u057109575,1585705048,Python,PyPy3 (2.4.0),py,Wrong Answer,2120,278764,406,
s365542643,p02936,u057109575,1585705017,Python,PyPy3 (2.4.0),py,Runtime Error,2110,120744,364,
s435659871,p02936,u297767059,1585704564,Kotlin,Kotlin (1.0.0),kt,Time Limit Exceeded,2119,212048,873,
s958791040,p02936,u297767059,1585704404,Kotlin,Kotlin (1.0.0),kt,Time Limit Exceeded,2115,222148,878,
s385233235,p02936,u297767059,1585703062,Kotlin,Kotlin (1.0.0),kt,Wrong Answer,2111,155128,814,
s445260550,p02936,u770161743,1585702362,C++,C++14 (GCC 5.4.1),cpp,Accepted,293,23424,869,
s603688193,p02936,u770161743,1585702074,C++,C++14 (GCC 5.4.1),cpp,Wrong Answer,273,17280,812,
s502166340,p02936,u680046686,1585695067,C++,C++14 (GCC 5.4.1),cpp,Accepted,313,17908,1199,
s957069671,p02936,u506910932,1585693840,C++,C++14 (GCC 5.4.1),cpp,Accepted,653,23680,726,
s224337227,p02936,u536712674,1585693591,C++,C++14 (GCC 5.4.1),cpp,Accepted,364,21376,3838,
s333912315,p02936,u937275419,1585692985,C++,C++14 (GCC 5.4.1),cpp,Wrong Answer,281,16512,898,
s441730113,p02936,u937275419,1585692651,C++,C++14 (GCC 5.4.1),cpp,Wrong Answer,2104,20608,973,
s386269121,p02936,u937275419,1585692134,C++,C++14 (GCC 5.4.1),cpp,Wrong Answer,2104,20992,807,
s873406023,p02936,u997641430,1585687715,Python,Python (3.4.3),py,Accepted,1686,55856,549,
s432893313,p02936,u638902622,1585685702,Python,PyPy3 (2.4.0),py,Accepted,839,95744,682,
s675302751,p02936,u638902622,1585684345,Python,PyPy3 (2.4.0),py,Wrong Answer,912,121648,487,
s908115391,p02936,u247164875,1585683244,C++,C++14 (GCC 5.4.1),cpp,Wrong Answer,121,27392,577,
s953883684,p02936,u697968316,1585682780,C++,C++14 (GCC 5.4.1),cpp,Accepted,661,23552,664,
s391628861,p02936,u247164875,1585682656,C++,C++14 (GCC 5.4.1),cpp,Wrong Answer,2105,21376,492,
s555130451,p02936,u697968316,1585682058,C++,C++14 (GCC 5.4.1),cpp,Wrong Answer,2104,21376,830,
s690293239,p02936,u506765399,1585681087,C++,C++14 (GCC 5.4.1),cpp,Accepted,663,23680,687,
s597689561,p02936,u272496669,1585680714,C++,C++14 (GCC 5.4.1),cpp,Accepted,144,15732,1120,
s630910668,p02936,u272496669,1585680537,C++,C++14 (GCC 5.4.1),cpp,Runtime Error,206,12916,1147,
s081726254,p02936,u151005508,1585673558,Python,Python (3.4.3),py,Wrong Answer,2110,60612,451,
s247864891,p02936,u151005508,1585673529,Python,Python (3.4.3),py,Wrong Answer,2107,73504,450,
s693337088,p02936,u365512540,1585670580,C++,C++14 (GCC 5.4.1),cpp,Accepted,369,23552,2455,
s191662112,p02936,u303039933,1585666506,Python,PyPy3 (2.4.0),py,Wrong Answer,759,86216,2560,
s929083700,p02936,u045289115,1585661883,C++,C++14 (GCC 5.4.1),cpp,Accepted,301,27392,680,
s996087343,p02936,u859897687,1585636669,Python,PyPy3 (2.4.0),py,Runtime Error,2111,146668,501,
s379639496,p02936,u045289115,1585630332,C++,C++14 (GCC 5.4.1),cpp,Wrong Answer,2108,14848,740,
s252904868,p02936,u468440139,1585629020,C++,C++14 (GCC 5.4.1),cpp,Accepted,130,24320,1174,
s407221822,p02936,u577926181,1585627682,C++,C++14 (GCC 5.4.1),cpp,Accepted,147,25856,1698,
s882854674,p02936,u552290152,1585627077,Python,PyPy3 (2.4.0),py,Accepted,1815,105236,478,
s784948339,p02936,u552290152,1585626866,Python,PyPy3 (2.4.0),py,Time Limit Exceeded,2110,110400,499,
s372828494,p02936,u552290152,1585626652,Python,Python (3.4.3),py,Time Limit Exceeded,2107,50980,513,
s041096231,p02936,u552290152,1585626451,Python,PyPy3 (2.4.0),py,Time Limit Exceeded,2110,109176,513,
s446223320,p02936,u770161743,1585626070,C++,C++14 (GCC 5.4.1),cpp,Accepted,307,28928,949,
s753912526,p02936,u061916079,1585621950,C++,C++14 (GCC 5.4.1),cpp,Accepted,136,25852,5407,
s484170462,p02936,u115838990,1585619938,C++,C++14 (GCC 5.4.1),cpp,Runtime Error,99,2560,1435,
s909403099,p02936,u526459074,1585618776,C++,C++14 (GCC 5.4.1),cpp,Accepted,128,19952,2284,
s956066026,p02936,u115838990,1585618516,C++,C++14 (GCC 5.4.1),cpp,Runtime Error,123,2684,1435,
s448572295,p02936,u375477204,1585618395,Python,Python (3.4.3),py,Accepted,1597,230960,473,
s219270632,p02936,u115838990,1585618354,C++,C++14 (GCC 5.4.1),cpp,Runtime Error,99,2560,1436,
s337605874,p02936,u526459074,1585618344,C++,C++14 (GCC 5.4.1),cpp,Wrong Answer,104,16512,2151,
s169839357,p02936,u848007850,1585618067,C++,C++14 (GCC 5.4.1),cpp,Accepted,164,29696,661,
s078160805,p02936,u848007850,1585617950,C++,C++14 (GCC 5.4.1),cpp,Runtime Error,98,4352,661,
s011807407,p02936,u115838990,1585617755,C++,C++14 (GCC 5.4.1),cpp,Runtime Error,104,2560,1425,
s846361641,p02936,u225053756,1585617083,C++,C++14 (GCC 5.4.1),cpp,Accepted,588,25856,1451,
s282326508,p02936,u225053756,1585617051,C++,C++14 (GCC 5.4.1),cpp,Runtime Error,103,768,1449,
s152830184,p02936,u375477204,1585616043,Python,Python (3.4.3),py,Runtime Error,1689,52312,405,
s293560734,p02936,u569149712,1585600014,C++,C++14 (GCC 5.4.1),cpp,Accepted,365,23424,647,
s708815863,p02936,u545938555,1585598341,C++,C++14 (GCC 5.4.1),cpp,Accepted,602,23424,2623,
s976445684,p02936,u232429509,1585585863,C++,C++14 (GCC 5.4.1),cpp,Accepted,335,24320,2495,
s823608554,p02936,u042802884,1585576281,C++,C++14 (GCC 5.4.1),cpp,Accepted,323,23552,1514,
s224610557,p02936,u195036695,1585575855,C++,C++14 (GCC 5.4.1),cpp,Wrong Answer,280,18048,3153,
s731376743,p02936,u042802884,1585575560,C++,C++14 (GCC 5.4.1),cpp,Time Limit Exceeded,2104,12788,1522,
s090489495,p02936,u042802884,1585574437,C++,C++14 (GCC 5.4.1),cpp,Time Limit Exceeded,2104,14080,1510,
s581650901,p02936,u147886643,1585548396,C++,C++14 (GCC 5.4.1),cpp,Wrong Answer,2104,12544,1048,
s875375040,p02936,u657611449,1585544360,Python,PyPy3 (2.4.0),py,Runtime Error,2112,139772,494,
s373215638,p02936,u657611449,1585543797,Python,PyPy3 (2.4.0),py,Runtime Error,2112,139748,507,
s944763385,p02936,u657611449,1585543664,Python,PyPy3 (2.4.0),py,Runtime Error,2112,139748,516,
s928376603,p02936,u657611449,1585543339,Python,PyPy3 (2.4.0),py,Runtime Error,2112,140544,501,
s552756165,p02936,u657611449,1585539958,Python,Python (3.4.3),py,Runtime Error,2106,40692,361,
s092465909,p02936,u261103969,1585538225,Python,PyPy3 (2.4.0),py,Accepted,880,117028,2490,
s570761451,p02936,u190018920,1585537581,C++,C++14 (GCC 5.4.1),cpp,Accepted,135,26624,823,
s202514771,p02936,u657611449,1585537450,Python,PyPy3 (2.4.0),py,Runtime Error,2110,101964,361,
s490508584,p02936,u657611449,1585536722,Python,PyPy3 (2.4.0),py,Runtime Error,2110,114272,364,
s869783935,p02936,u657611449,1585535960,Python,PyPy3 (2.4.0),py,Runtime Error,2110,121568,440,
s012071618,p02936,u971089878,1585535553,C++,C++14 (GCC 5.4.1),cpp,Accepted,367,30592,1051,
s250354487,p02936,u111555888,1585534319,Python,PyPy3 (2.4.0),py,Accepted,1870,133132,548,
s029128202,p02936,u013069672,1585533859,C++,C++14 (GCC 5.4.1),cpp,Accepted,367,29696,682,
s536499891,p02936,u111555888,1585533856,Python,Python (3.4.3),py,Wrong Answer,1762,66708,510,
s820390469,p02936,u013069672,1585533831,C++,C++14 (GCC 5.4.1),cpp,Wrong Answer,716,34560,727,
s024888778,p02936,u086503932,1585527379,Python,Python (3.4.3),py,Accepted,1841,230960,643,
s184701201,p02936,u086503932,1585527348,Python,Python (3.4.3),py,Accepted,1630,230964,626,
s532694949,p02936,u086503932,1585527241,Python,PyPy3 (2.4.0),py,Time Limit Exceeded,2124,335224,599,
s388270330,p02936,u086503932,1585527135,Python,Python (3.4.3),py,Time Limit Exceeded,2112,230960,598,
s495260569,p02936,u086503932,1585526731,Python,Python (3.4.3),py,Wrong Answer,2117,224536,455,
s200301333,p02936,u971089878,1585526719,C++,C++14 (GCC 5.4.1),cpp,Time Limit Exceeded,2105,30464,1204,
s870503587,p02936,u971089878,1585526235,C++,C++14 (GCC 5.4.1),cpp,Wrong Answer,2105,25216,1124,
s491168421,p02936,u086503932,1585526204,Python,Python (3.4.3),py,Wrong Answer,2117,225328,677,
s062301979,p02936,u086503932,1585526148,Python,Python (3.4.3),py,Runtime Error,2134,734324,701,
s764777252,p02936,u086503932,1585525898,Python,Python (3.4.3),py,Wrong Answer,2111,177676,734,
s440455012,p02936,u883725898,1585525180,C++,C++14 (GCC 5.4.1),cpp,Accepted,609,27392,664,
s602886255,p02936,u086503932,1585524211,Python,Python (3.4.3),py,Wrong Answer,2117,227248,566,
s199074340,p02936,u883725898,1585523704,C++,C++14 (GCC 5.4.1),cpp,Time Limit Exceeded,2241,2084608,665,
s092155940,p02936,u571867512,1585518919,Python,PyPy3 (2.4.0),py,Time Limit Exceeded,2112,144608,960,
s987758016,p02936,u571867512,1585518605,Python,PyPy3 (2.4.0),py,Time Limit Exceeded,2026,180892,933,
s393329425,p02936,u571867512,1585517990,Python,Python (3.4.3),py,Time Limit Exceeded,2113,177768,933,
s733844342,p02936,u417794477,1585516622,Python,Python (3.4.3),py,Wrong Answer,1895,146004,475,
s439143801,p02936,u417794477,1585516570,Python,Python (3.4.3),py,Wrong Answer,1955,148044,490,
s326028210,p02936,u790710233,1585515281,Python,Python (3.4.3),py,Accepted,1651,230960,524,
s368011813,p02936,u775681539,1585515254,Python,Python (3.4.3),py,Accepted,1809,53040,759,
s395562884,p02936,u790710233,1585515143,Python,Python (3.4.3),py,Time Limit Exceeded,2117,230960,499,
s394327727,p02936,u790710233,1585514654,Python,Python (3.4.3),py,Runtime Error,1809,52304,458,
s744375827,p02936,u790710233,1585514058,Python,Python (3.4.3),py,Time Limit Exceeded,2245,2095732,502,
s713873066,p02936,u019183101,1585513499,Java,Java8 (OpenJDK 1.8.0),java,Accepted,1706,164960,1826,
s008016232,p02936,u775681539,1585512848,Python,Python (3.4.3),py,Wrong Answer,2109,83092,853,
s615506356,p02936,u019183101,1585512609,Java,Java8 (OpenJDK 1.8.0),java,Time Limit Exceeded,2111,825428,1950,
s921831771,p02936,u775681539,1585512391,Python,Python (3.4.3),py,Wrong Answer,2107,83084,823,
s256526114,p02936,u178536051,1585512073,C++,C++14 (GCC 5.4.1),cpp,Accepted,293,21232,1042,
s259936986,p02936,u790710233,1585511320,Python,Python (3.4.3),py,Wrong Answer,1805,75232,433,
s106360353,p02936,u019183101,1585510861,Java,Java8 (OpenJDK 1.8.0),java,Time Limit Exceeded,2110,222800,1897,
s111637982,p02936,u417794477,1585510739,Python,Python (3.4.3),py,Wrong Answer,1631,122240,365,
s910802678,p02936,u638033979,1585510480,Python,Python (3.4.3),py,Wrong Answer,2108,75236,880,
s232293165,p02936,u178536051,1585510470,C++,C++14 (GCC 5.4.1),cpp,Wrong Answer,277,21120,958,
s095113470,p02936,u019183101,1585510423,Java,Java8 (OpenJDK 1.8.0),java,Time Limit Exceeded,2112,331316,1917,
s215131650,p02936,u790710233,1585510397,Python,Python (3.4.3),py,Wrong Answer,2109,102784,659,
s348804692,p02936,u417794477,1585510205,Python,Python (3.4.3),py,Wrong Answer,2112,145840,413,
s547406556,p02936,u790710233,1585509855,Python,Python (3.4.3),py,Wrong Answer,1615,47896,332,
s921123606,p02936,u019183101,1585509774,Java,Java8 (OpenJDK 1.8.0),java,Wrong Answer,1056,108692,1940,
s878942214,p02936,u178536051,1585509497,C++,C++14 (GCC 5.4.1),cpp,Wrong Answer,2146,687348,1265,
s334191331,p02936,u638033979,1585509421,Python,Python (3.4.3),py,Wrong Answer,2108,69252,860,
s740342057,p02936,u638033979,1585509278,Python,Python (3.4.3),py,Wrong Answer,2108,72832,768,
s331826086,p02936,u019183101,1585508939,Java,Java8 (OpenJDK 1.8.0),java,Wrong Answer,1307,243448,1594,
s852445352,p02936,u775681539,1585508916,Python,Python (3.4.3),py,Time Limit Exceeded,2120,265316,699,
s418899529,p02936,u019183101,1585508807,Java,Java8 (OpenJDK 1.8.0),java,Wrong Answer,1149,179072,1509,
s614292479,p02936,u417794477,1585508787,Python,Python (3.4.3),py,Wrong Answer,1778,142856,401,
s873560464,p02936,u019183101,1585508740,Java,Java8 (OpenJDK 1.8.0),java,Wrong Answer,1104,171572,1507,
s134652966,p02936,u178536051,1585508499,C++,C++14 (GCC 5.4.1),cpp,Wrong Answer,2314,50444,1428,
s480408711,p02936,u417794477,1585508414,Python,Python (3.4.3),py,Wrong Answer,1817,142868,429,
s932130595,p02936,u289545075,1585508137,C++,C++14 (GCC 5.4.1),cpp,Accepted,363,47744,871,
s847141259,p02936,u178536051,1585507480,C++,C++14 (GCC 5.4.1),cpp,Wrong Answer,2104,16256,968,
s000919008,p02936,u775681539,1585507432,Python,PyPy3 (2.4.0),py,Time Limit Exceeded,2122,302136,699,
s132343124,p02936,u775681539,1585507333,Python,Python (3.4.3),py,Time Limit Exceeded,2120,264328,706,
s876869068,p02936,u775681539,1585507042,Python,Python (3.4.3),py,Runtime Error,1648,42060,643,
s365691945,p02936,u571867512,1585505656,Python,PyPy3 (2.4.0),py,Time Limit Exceeded,2112,148876,964,
s339886633,p02936,u571867512,1585505618,Python,Python (3.4.3),py,Time Limit Exceeded,2114,162508,964,
s914687410,p02936,u571867512,1585505259,Python,Python (3.4.3),py,Time Limit Exceeded,2113,177764,950,
s773425653,p02936,u571867512,1585505120,Python,Python (3.4.3),py,Time Limit Exceeded,2116,177740,932,
s468139691,p02936,u571867512,1585504596,Python,Python (3.4.3),py,Runtime Error,2113,164440,790,
s243574905,p02936,u089032001,1585504270,Python,Python (3.4.3),py,Accepted,1569,99836,833,
s280586832,p02936,u073731976,1585504179,Rust,Rust (1.15.1),rs,Accepted,152,29684,2332,
s323960435,p02936,u007567244,1585504152,Rust,Rust (1.15.1),rs,Accepted,152,29684,2332,
s836004296,p02936,u246217175,1585504025,Python,PyPy3 (2.4.0),py,Accepted,1887,107076,564,
s187983007,p02936,u089032001,1585503728,Python,Python (3.4.3),py,Time Limit Exceeded,2066,99820,834,
s937178741,p02936,u089032001,1585503715,Python,PyPy3 (2.4.0),py,Accepted,1998,136304,834,
s827090495,p02936,u089032001,1585503596,Python,PyPy3 (2.4.0),py,Time Limit Exceeded,2012,128844,826,
s708837025,p02936,u089032001,1585503530,Python,Python (3.4.3),py,Time Limit Exceeded,2100,99840,826,
s322941741,p02936,u128572736,1585503513,C++,C++14 (GCC 5.4.1),cpp,Wrong Answer,129,17280,985,
s669754320,p02936,u128572736,1585503240,C++,C++14 (GCC 5.4.1),cpp,Wrong Answer,119,17024,984,
s648364380,p02936,u128572736,1585503184,C++,C++14 (GCC 5.4.1),cpp,Wrong Answer,118,17024,932,
s301090335,p02936,u089032001,1585503069,Python,Python (3.4.3),py,Time Limit Exceeded,2120,291096,649,
s212921629,p02936,u246217175,1585502958,Python,PyPy3 (2.4.0),py,Runtime Error,2112,145456,462,
s488566743,p02936,u089032001,1585502732,Python,PyPy3 (2.4.0),py,Time Limit Exceeded,2115,205044,649,
s611396340,p02936,u289545075,1585502621,C++,C++14 (GCC 5.4.1),cpp,Wrong Answer,258,6272,909,
s217470097,p02936,u089032001,1585502547,Python,PyPy3 (2.4.0),py,Time Limit Exceeded,2118,243696,683,
s634435094,p02936,u089032001,1585502360,Python,PyPy3 (2.4.0),py,Time Limit Exceeded,2118,252388,651,
s198941512,p02936,u089032001,1585502295,Python,Python (3.4.3),py,Time Limit Exceeded,2126,365144,651,
s072771280,p02936,u089032001,1585502256,Python,Python (3.4.3),py,Runtime Error,2111,175564,604,
s284381820,p02936,u775681539,1585500390,Python,PyPy3 (2.4.0),py,Runtime Error,2111,152524,785,
s712485185,p02936,u289545075,1585499969,C++,C++14 (GCC 5.4.1),cpp,Wrong Answer,250,6272,859,
s715486135,p02936,u289545075,1585499734,C++,C++14 (GCC 5.4.1),cpp,Wrong Answer,263,6272,936,
s306927140,p02936,u289545075,1585498980,C++,C++14 (GCC 5.4.1),cpp,Wrong Answer,2103,4480,755,
s554754144,p02936,u289545075,1585498841,C++,C++14 (GCC 5.4.1),cpp,Wrong Answer,2103,3712,727,
s680056259,p02936,u128572736,1585498740,C++,C++14 (GCC 5.4.1),cpp,Wrong Answer,2104,15872,971,
s556175885,p02936,u775681539,1585498738,Python,PyPy3 (2.4.0),py,Runtime Error,2111,121548,737,
s417275239,p02936,u775681539,1585498657,Python,Python (3.4.3),py,Runtime Error,2106,64356,746,
s573883931,p02936,u007567244,1585496406,Rust,Rust (1.15.1),rs,Wrong Answer,145,23176,2307,
s128390978,p02936,u314917898,1585491153,C++,C++14 (GCC 5.4.1),cpp,Accepted,609,24320,653,
s410447077,p02936,u430494842,1585474985,C++,C++14 (GCC 5.4.1),cpp,Accepted,133,23552,4812,
s321256017,p02936,u430494842,1585473468,C++,C++14 (GCC 5.4.1),cpp,Wrong Answer,2104,20224,4839,
s154090199,p02936,u822725754,1585457827,C++,C++14 (GCC 5.4.1),cpp,Accepted,308,24320,1478,
s328122568,p02936,u822725754,1585457582,C++,C++14 (GCC 5.4.1),cpp,Wrong Answer,282,24320,1415,
s762612937,p02936,u292252214,1585455069,C,C (GCC 5.4.1),c,Accepted,75,14336,1976,
s673151192,p02936,u177411511,1585453793,Python,Python (3.4.3),py,Accepted,1967,340264,736,
s766743782,p02936,u177411511,1585453740,Python,Python (3.4.3),py,Wrong Answer,1775,334024,717,
s845001788,p02936,u177411511,1585453278,Python,Python (3.4.3),py,Wrong Answer,2124,327148,697,
s384309994,p02936,u177411511,1585453206,Python,Python (3.4.3),py,Wrong Answer,2124,330272,694,
s654987275,p02936,u177411511,1585452943,Python,PyPy3 (2.4.0),py,Wrong Answer,2159,922140,659,
s510776505,p02936,u177411511,1585452807,Python,Python (3.4.3),py,Wrong Answer,2117,236216,659,
s012333682,p02936,u388927326,1585452576,Python,Python (3.4.3),py,Accepted,1686,244108,608,
s201930593,p02936,u388927326,1585452455,Python,Python (3.4.3),py,Time Limit Exceeded,2118,244128,582,
s429978343,p02936,u388927326,1585452309,Python,Python (3.4.3),py,Time Limit Exceeded,2118,245700,618,
s911546470,p02936,u388927326,1585452145,Python,PyPy3 (2.4.0),py,Time Limit Exceeded,2125,342220,847,
s011105335,p02936,u388927326,1585452078,Python,Python (3.4.3),py,Time Limit Exceeded,2118,247800,847,
s525936003,p02936,u388927326,1585452007,Python,Python (3.4.3),py,Runtime Error,1542,70604,800,
s621336893,p02936,u896741788,1585443430,Python,Python (3.4.3),py,Wrong Answer,2109,117924,657,
s406022725,p02936,u125545880,1585442709,Python,Python (3.4.3),py,Accepted,1578,236936,595,
s023784615,p02936,u571867512,1585442036,Python,Python (3.4.3),py,Runtime Error,2109,171968,831,
s320180873,p02936,u571867512,1585441577,Python,Python (3.4.3),py,Runtime Error,2114,171968,775,
s699713382,p02936,u305132988,1585440179,C++,C++14 (GCC 5.4.1),cpp,Time Limit Exceeded,2104,19832,1402,
s338262289,p02936,u045408189,1585440033,C++,C++ (GCC 5.4.1),cpp,Time Limit Exceeded,2107,13952,596,
s337391247,p02936,u353919145,1585439707,C++,C++14 (GCC 5.4.1),cpp,Time Limit Exceeded,2104,19832,1402,
s363773312,p02936,u937275419,1585438916,C++,C++14 (GCC 5.4.1),cpp,Wrong Answer,2105,22144,935,
s455344655,p02936,u099918199,1585438834,C++,C++14 (GCC 5.4.1),cpp,Accepted,331,46336,1379,
s604610949,p02936,u863370423,1585435537,Java,Java8 (OpenJDK 1.8.0),java,Wrong Answer,1163,154316,2738,
s890170782,p02936,u125545880,1585434428,Python,Python (3.4.3),py,Time Limit Exceeded,2120,236924,559,
s606194769,p02936,u125545880,1585434280,Python,Python (3.4.3),py,Wrong Answer,2070,231808,482,
s847824803,p02936,u816631826,1585434122,C++,C++14 (GCC 5.4.1),cpp,Accepted,209,35072,2777,
s066471108,p02936,u089230684,1585434065,C++,C++14 (GCC 5.4.1),cpp,Wrong Answer,2105,60172,1690,
s772552197,p02936,u353919145,1585434032,C++,C++14 (GCC 5.4.1),cpp,Compile Error,,,1694,
s069769207,p02936,u863370423,1585433856,C++,C++14 (GCC 5.4.1),cpp,Runtime Error,100,4608,2805,
s854582313,p02936,u089230684,1585433661,C++,C++14 (GCC 5.4.1),cpp,Runtime Error,98,2688,2810,
s750506034,p02936,u590825760,1585433475,Python,Python (3.4.3),py,Accepted,1938,60928,576,
s650011208,p02936,u590825760,1585433421,Python,PyPy3 (2.4.0),py,Accepted,1942,109132,576,
s839956381,p02936,u590825760,1585433209,Python,PyPy3 (2.4.0),py,Time Limit Exceeded,2113,147868,596,
s186799360,p02936,u863370423,1585432472,C++,C++14 (GCC 5.4.1),cpp,Accepted,135,26744,943,
s312589406,p02936,u089230684,1585432427,C++,C++14 (GCC 5.4.1),cpp,Runtime Error,105,3456,943,
s909293644,p02936,u627325970,1585431137,Python,Python (3.4.3),py,Accepted,1843,357944,914,
s577185478,p02936,u627325970,1585430792,Python,PyPy3 (2.4.0),py,Time Limit Exceeded,2151,761368,741,
s265533515,p02936,u627325970,1585430725,Python,Python (3.4.3),py,Accepted,1977,317192,741,
s941189815,p02936,u627325970,1585430652,Python,Python (3.4.3),py,Runtime Error,1283,143368,748,
s780087906,p02936,u627325970,1585430486,Python,Python (3.4.3),py,Time Limit Exceeded,2120,391204,838,
s051793381,p02936,u627325970,1585430100,Python,Python (3.4.3),py,Time Limit Exceeded,2122,306144,811,
s353962856,p02936,u627325970,1585429982,Python,Python (3.4.3),py,Time Limit Exceeded,2122,313508,919,
s133189888,p02936,u627325970,1585429760,Python,Python (3.4.3),py,Time Limit Exceeded,2114,144220,920,
s096959170,p02936,u627325970,1585429555,Python,Python (3.4.3),py,Time Limit Exceeded,2112,149784,949,
s453949059,p02936,u627325970,1585429307,Python,Python (3.4.3),py,Time Limit Exceeded,2113,116344,832,
s136044892,p02936,u627325970,1585428308,Python,Python (3.4.3),py,Wrong Answer,2110,108112,443,
s895575383,p02936,u125545880,1585424337,Python,Python (3.4.3),py,Wrong Answer,2046,230528,514,
s643895677,p02936,u703214333,1585422851,Python,PyPy3 (2.4.0),py,Time Limit Exceeded,2125,351736,422,
s815726683,p02936,u703214333,1585422788,Python,Python (3.4.3),py,Accepted,1623,268400,456,
s260252743,p02936,u350836088,1585422687,C++,C++14 (GCC 5.4.1),cpp,Accepted,310,23424,924,
s544489761,p02936,u703214333,1585422636,Python,Python (3.4.3),py,Time Limit Exceeded,2126,268464,423,
s398555238,p02936,u703214333,1585422480,Python,PyPy3 (2.4.0),py,Time Limit Exceeded,2125,351352,413,
s167181974,p02936,u703214333,1585422317,Python,Python (3.4.3),py,Time Limit Exceeded,2120,268464,413,
s655559225,p02936,u703214333,1585422247,Python,Python (3.4.3),py,Runtime Error,17,3064,416,
s426095324,p02936,u703214333,1585422033,Python,Python (3.4.3),py,Time Limit Exceeded,2105,24060,422,
s822440071,p02936,u071282706,1585421061,C++,C++14 (GCC 5.4.1),cpp,Accepted,303,24320,821,
s371536961,p02936,u071282706,1585420099,C++,C++14 (GCC 5.4.1),cpp,Wrong Answer,279,21120,757,
s978010590,p02936,u582357587,1585419984,C++,C++14 (GCC 5.4.1),cpp,Accepted,619,24320,552,
s007800028,p02936,u582357587,1585419948,C++,C++14 (GCC 5.4.1),cpp,Compile Error,,,549,
s613532910,p02936,u593567568,1585419939,Python,PyPy3 (2.4.0),py,Time Limit Exceeded,2156,879556,696,
s640691077,p02936,u593567568,1585419890,Python,Python (3.4.3),py,Accepted,1555,245652,696,
s456036242,p02936,u071282706,1585419646,C++,C++14 (GCC 5.4.1),cpp,Wrong Answer,284,21120,752,
s743972312,p02936,u593567568,1585419642,Python,Python (3.4.3),py,Wrong Answer,2142,616312,652,
s087602398,p02936,u593567568,1585419561,Python,PyPy3 (2.4.0),py,Wrong Answer,2161,888824,652,
s137698706,p02936,u025287757,1585419154,Python,Python (3.4.3),py,Wrong Answer,2092,224560,360,
s163482174,p02936,u582357587,1585419098,C++,C++14 (GCC 5.4.1),cpp,Wrong Answer,300,32128,812,
s913286335,p02936,u582357587,1585419071,C++,C++14 (GCC 5.4.1),cpp,Wrong Answer,292,33152,829,
s576260149,p02936,u025287757,1585419040,Python,Python (3.4.3),py,Runtime Error,1582,45092,320,
s513463890,p02936,u025287757,1585418159,Python,Python (3.4.3),py,Runtime Error,2111,60420,521,
s664993938,p02936,u071282706,1585418154,C++,C++14 (GCC 5.4.1),cpp,Wrong Answer,2104,18944,675,
s856177432,p02936,u582357587,1585416882,C++,C++14 (GCC 5.4.1),cpp,Wrong Answer,329,32128,812,
s913360128,p02936,u582357587,1585416833,C++,C++14 (GCC 5.4.1),cpp,Wrong Answer,291,32128,837,
s352179035,p02936,u316440712,1585416674,C++,C++14 (GCC 5.4.1),cpp,Accepted,34,12160,7882,
s960194969,p02936,u547167033,1585416423,Python,PyPy3 (2.4.0),py,Accepted,1946,108544,508,
s814335560,p02936,u316440712,1585416329,C++,C++14 (GCC 5.4.1),cpp,Accepted,33,11648,7793,
s314805156,p02936,u547167033,1585416109,Python,PyPy3 (2.4.0),py,Time Limit Exceeded,2111,126368,468,
s243796804,p02936,u547167033,1585416076,Python,Python (3.4.3),py,Time Limit Exceeded,2107,56748,468,
s675592004,p02936,u164316941,1585416014,C++,C++14 (Clang 3.8.0),cpp,Accepted,718,19440,2557,
s381192603,p02936,u543466827,1585414905,C++,C++14 (GCC 5.4.1),cpp,Accepted,400,41472,758,
s174790825,p02936,u159208574,1585414344,C++,C++14 (GCC 5.4.1),cpp,Accepted,159,25856,3059,
s699570259,p02936,u190875453,1585414314,C++,C++14 (GCC 5.4.1),cpp,Accepted,1098,42228,1076,
s097644906,p02936,u190875453,1585413840,C++,C++14 (GCC 5.4.1),cpp,Wrong Answer,645,32128,906,
s947403990,p02936,u582357587,1585412864,C++,C++14 (GCC 5.4.1),cpp,Wrong Answer,257,11776,586,
s977436608,p02936,u774539708,1585409384,Python,PyPy3 (2.4.0),py,Accepted,812,93588,883,
s881004408,p02936,u164316941,1585409131,C++,C++14 (Clang 3.8.0),cpp,Wrong Answer,674,7040,2341,
s944510220,p02936,u655834330,1585409077,Python,Python (3.4.3),py,Accepted,1956,126040,973,
s640420571,p02936,u655834330,1585408642,Python,Python (3.4.3),py,Wrong Answer,1606,117840,962,
s348499437,p02936,u561143568,1585405793,C++,C++14 (GCC 5.4.1),cpp,Accepted,380,24320,905,
s669938897,p02936,u561143568,1585405049,C++,C++14 (GCC 5.4.1),cpp,Wrong Answer,2104,21376,840,
s797306249,p02936,u971091945,1585403091,Python,Python (3.4.3),py,Accepted,1589,268400,456,
s461884270,p02936,u971091945,1585400426,Python,Python (3.4.3),py,Wrong Answer,1988,63560,284,
s253910304,p02936,u328471539,1585393099,C++,C++14 (GCC 5.4.1),cpp,Accepted,641,23424,769,
s732254589,p02936,u043150661,1585374559,Kotlin,Kotlin (1.0.0),kt,Time Limit Exceeded,2096,161764,826,
s947125948,p02936,u774539708,1585367300,Python,PyPy3 (2.4.0),py,Time Limit Exceeded,2153,815864,617,
s868740097,p02936,u774539708,1585367262,Python,Python (3.4.3),py,Time Limit Exceeded,2113,268436,592,
s245227409,p02936,u774539708,1585366780,Python,PyPy3 (2.4.0),py,Time Limit Exceeded,2155,843000,600,
s740615498,p02936,u774539708,1585366442,Python,PyPy3 (2.4.0),py,Runtime Error,177,53616,515,
s663288498,p02936,u774539708,1585366055,Python,PyPy3 (2.4.0),py,Time Limit Exceeded,2154,809592,476,
s281079368,p02936,u774539708,1585365520,Python,PyPy3 (2.4.0),py,Time Limit Exceeded,2156,787192,481,
s494755124,p02936,u766212984,1585365295,C++,C++14 (GCC 5.4.1),cpp,Accepted,130,24320,2223,
s451916723,p02936,u774539708,1585365073,Python,PyPy3 (2.4.0),py,Time Limit Exceeded,2145,669816,489,
s383827006,p02936,u774539708,1585364837,Python,PyPy3 (2.4.0),py,Time Limit Exceeded,2123,326776,464,
s864771436,p02936,u475885263,1585364348,C++,C++14 (GCC 5.4.1),cpp,Runtime Error,2111,138168,720,
s317233885,p02936,u774539708,1585364279,Python,Python (3.4.3),py,Time Limit Exceeded,2121,273412,483,
s947949399,p02936,u774539708,1585364222,Python,PyPy3 (2.4.0),py,Time Limit Exceeded,2127,386552,498,
s437675604,p02936,u185403320,1585363605,C,C (Clang 3.8.0),c,Accepted,165,44544,1890,
s176085559,p02936,u774539708,1585363549,Python,PyPy3 (2.4.0),py,Time Limit Exceeded,2124,335224,483,
s945482300,p02936,u475885263,1585363213,C++,C++14 (GCC 5.4.1),cpp,Wrong Answer,2104,14848,719,
s153898668,p02936,u335278042,1585360870,C++,C++14 (GCC 5.4.1),cpp,Accepted,567,27252,4477,
s007774097,p02936,u335278042,1585360104,C++,C++14 (GCC 5.4.1),cpp,Wrong Answer,397,25856,4309,
s346130673,p02936,u185403320,1585355623,C,C (Clang 3.8.0),c,Time Limit Exceeded,2104,6272,1675,
s324893855,p02936,u185403320,1585354693,C,C (Clang 3.8.0),c,Time Limit Exceeded,2107,3456,1382,
s708443512,p02936,u653737129,1585353861,Ruby,Ruby (2.3.3),rb,Accepted,1003,85524,726,
s934918217,p02936,u314917898,1585342125,C++,C++14 (GCC 5.4.1),cpp,Accepted,639,23552,549,
s806879287,p02936,u433189059,1585337716,C++,C++14 (GCC 5.4.1),cpp,Accepted,330,23552,768,
s481352570,p02936,u363369454,1585335293,C++,C++14 (GCC 5.4.1),cpp,Accepted,333,24320,1045,
s897298573,p02936,u794910686,1585334179,Python,Python (3.4.3),py,Wrong Answer,2117,217676,466,
s881145178,p02936,u569322757,1585329756,Python,Python (3.4.3),py,Time Limit Exceeded,2111,120204,681,
s775993660,p02936,u569322757,1585329721,Python,Python (3.4.3),py,Runtime Error,2110,114760,637,
s469107621,p02936,u569322757,1585329236,Python,Python (3.4.3),py,Wrong Answer,1568,77956,367,
s710548996,p02936,u794910686,1585325190,Python,PyPy3 (2.4.0),py,Wrong Answer,2137,559852,502,
s810195357,p02936,u794910686,1585325069,Python,PyPy3 (2.4.0),py,Runtime Error,2109,121676,463,
s292946282,p02936,u569322757,1585320666,Python,Python (3.4.3),py,Time Limit Exceeded,2111,120476,703,
s894442179,p02936,u569322757,1585320152,Python,Python (3.4.3),py,Time Limit Exceeded,2111,118776,976,
s459092196,p02936,u569322757,1585320009,Python,Python (3.4.3),py,Runtime Error,2110,113212,933,
s910506278,p02936,u976162616,1585319815,Rust,Rust (1.15.1),rs,Accepted,276,47484,3612,
s653085288,p02936,u151994289,1585289199,C++,C++14 (GCC 5.4.1),cpp,Accepted,308,24320,1077,
s443555131,p02936,u653737129,1585288981,Ruby,Ruby (2.3.3),rb,Wrong Answer,775,36220,610,
s130510484,p02936,u370709193,1585287463,C++,C++14 (GCC 5.4.1),cpp,Accepted,127,24320,628,
s152457155,p02936,u151994289,1585286570,C++,C++14 (GCC 5.4.1),cpp,Wrong Answer,298,24320,961,
s064124678,p02936,u151994289,1585286322,C++,C++14 (GCC 5.4.1),cpp,Wrong Answer,285,23424,950,
s134083483,p02936,u822725754,1585284325,C++,C++14 (GCC 5.4.1),cpp,Wrong Answer,2232,1718128,1813,
s681249378,p02936,u577393547,1585281430,C++,C++14 (GCC 5.4.1),cpp,Accepted,594,23552,1544,
s310993228,p02936,u577393547,1585281232,C++,C++14 (GCC 5.4.1),cpp,Compile Error,,,1546,
s701159435,p02936,u577393547,1585280737,C++,C++14 (GCC 5.4.1),cpp,Wrong Answer,591,21248,1406,
s641512088,p02936,u577393547,1585280462,C++,C++14 (GCC 5.4.1),cpp,Wrong Answer,638,20480,1380,
s908287797,p02936,u577393547,1585279769,C++,C++14 (GCC 5.4.1),cpp,Wrong Answer,2104,18304,1330,
s672814724,p02936,u398610336,1585277942,C++,C++14 (GCC 5.4.1),cpp,Accepted,316,27392,769,
s073452542,p02936,u398610336,1585274345,C++,C++14 (GCC 5.4.1),cpp,Time Limit Exceeded,2104,27264,997,
s909288582,p02936,u398610336,1585273578,C++,C++14 (GCC 5.4.1),cpp,Time Limit Exceeded,2105,24448,1098,
s847153720,p02936,u926501437,1585270558,Rust,Rust (1.15.1),rs,Accepted,201,26876,2733,
s715069188,p02936,u926501437,1585270249,Rust,Rust (1.15.1),rs,Accepted,205,36988,2725,
s877056044,p02936,u926501437,1585269254,Rust,Rust (1.15.1),rs,Wrong Answer,196,35068,2564,
s194919315,p02936,u457483230,1585268170,C++,C++14 (GCC 5.4.1),cpp,Accepted,373,23424,824,
s970908960,p02936,u022688266,1585252484,C++,C++14 (GCC 5.4.1),cpp,Accepted,314,24320,1128,
s403288135,p02936,u289381123,1585252020,C++,C++14 (GCC 5.4.1),cpp,Accepted,662,21120,809,
s472216682,p02936,u095266283,1585251533,C++,C++14 (GCC 5.4.1),cpp,Accepted,131,20736,2814,
s326829198,p02936,u573754721,1585249848,Python,PyPy3 (2.4.0),py,Wrong Answer,1755,90516,418,
s009849732,p02936,u573754721,1585249781,Python,PyPy3 (2.4.0),py,Accepted,1971,105236,436,
s933437593,p02936,u573754721,1585249662,Python,PyPy3 (2.4.0),py,Wrong Answer,1821,104724,440,
s899464593,p02936,u573754721,1585249499,Python,PyPy3 (2.4.0),py,Wrong Answer,1889,122956,432,
s153517035,p02936,u573754721,1585248277,Python,PyPy3 (2.4.0),py,Wrong Answer,1841,109460,412,
s272489283,p02936,u297507288,1585245977,Ruby,Ruby (2.3.3),rb,Wrong Answer,2111,70776,605,
s221241405,p02936,u293518505,1585237089,C++,C++14 (GCC 5.4.1),cpp,Accepted,374,26484,1840,
s271235296,p02936,u482770395,1585236314,C++,C++14 (GCC 5.4.1),cpp,Accepted,132,20468,988,
s984206607,p02936,u293518505,1585235577,C++,C++14 (GCC 5.4.1),cpp,Time Limit Exceeded,2104,15600,1636,
s737527610,p02936,u058720266,1585228125,C++,C++14 (GCC 5.4.1),cpp,Accepted,675,24832,709,
s257369392,p02936,u693378622,1585206844,Ruby,Ruby (2.3.3),rb,Accepted,765,26236,485,
s942368151,p02936,u693378622,1585206611,Ruby,Ruby (2.3.3),rb,Accepted,755,27388,487,
s788765904,p02936,u693378622,1585206108,Ruby,Ruby (2.3.3),rb,Runtime Error,1161,363984,586,
s439321319,p02936,u693378622,1585206078,Ruby,Ruby (2.3.3),rb,Runtime Error,11,3964,586,
s466474632,p02936,u693378622,1585205377,Ruby,Ruby (2.3.3),rb,Runtime Error,1163,364648,585,
s502255249,p02936,u693378622,1585205324,Ruby,Ruby (2.3.3),rb,Runtime Error,12,2172,585,
s167099898,p02936,u693378622,1585205286,Ruby,Ruby (2.3.3),rb,Runtime Error,1143,363856,585,
s430743580,p02936,u693378622,1585205214,Ruby,Ruby (2.3.3),rb,Runtime Error,1161,364112,585,
s993471754,p02936,u693378622,1585205183,Ruby,Ruby (2.3.3),rb,Runtime Error,8,1916,585,
s657701835,p02936,u693378622,1585205152,Ruby,Ruby (2.3.3),rb,Runtime Error,14,3964,586,
s128507906,p02936,u693378622,1585205122,Ruby,Ruby (2.3.3),rb,Runtime Error,11,2388,587,
s127266494,p02936,u693378622,1585205075,Ruby,Ruby (2.3.3),rb,Runtime Error,1151,364492,585,
s678949664,p02936,u693378622,1585204996,Ruby,Ruby (2.3.3),rb,Runtime Error,769,32284,470,
s380549724,p02936,u993074316,1585194711,C++,C++14 (GCC 5.4.1),cpp,Accepted,330,32128,1615,
s541392753,p02936,u318042557,1585194573,C++,C++14 (GCC 5.4.1),cpp,Wrong Answer,2157,907228,935,
s251274499,p02936,u318042557,1585194144,C++,C++14 (GCC 5.4.1),cpp,Wrong Answer,110,14976,879,
s748376678,p02936,u318042557,1585193508,C++,C++14 (GCC 5.4.1),cpp,Wrong Answer,121,14976,878,
s817291903,p02936,u190761897,1585193428,C++,C++14 (GCC 5.4.1),cpp,Accepted,323,24320,1032,
s744362043,p02936,u190761897,1585189708,C++,C++14 (GCC 5.4.1),cpp,Wrong Answer,281,24320,1043,
s588877550,p02936,u190761897,1585189506,C++,C++14 (GCC 5.4.1),cpp,Wrong Answer,285,24320,1043,
s252409033,p02936,u190761897,1585188814,C++,C++14 (GCC 5.4.1),cpp,Wrong Answer,2105,23552,903,
s363348278,p02936,u190761897,1585188252,C++,C++14 (GCC 5.4.1),cpp,Wrong Answer,2105,22144,909,
s572491713,p02936,u964763428,1585180336,C++,C++14 (GCC 5.4.1),cpp,Accepted,319,23552,710,
s383162504,p02936,u964763428,1585180241,C++,C++14 (GCC 5.4.1),cpp,Accepted,310,24320,895,
s897773342,p02936,u221285045,1585177824,C++,C++14 (GCC 5.4.1),cpp,Accepted,158,33664,2698,
s667903516,p02936,u221285045,1585177805,C++,C++14 (GCC 5.4.1),cpp,Wrong Answer,451,34944,2695,
s457988637,p02936,u759266806,1585161929,C++,C++14 (GCC 5.4.1),cpp,Accepted,146,35200,6578,
s913239092,p02936,u740054550,1585154173,C++,C++14 (GCC 5.4.1),cpp,Accepted,390,23552,4389,
s599722835,p02936,u607594286,1585149311,C++,C++14 (GCC 5.4.1),cpp,Accepted,591,23552,1012,
s101335347,p02936,u573754721,1585147470,Python,PyPy3 (2.4.0),py,Accepted,1833,105236,437,
s252629189,p02936,u822725754,1585113171,C++,C++14 (GCC 5.4.1),cpp,Wrong Answer,2246,1726408,1759,
s352223999,p02936,u117054186,1585113027,Python,Python (3.4.3),py,Accepted,1784,60392,881,
s947197612,p02936,u117054186,1585112325,Python,Python (3.4.3),py,Time Limit Exceeded,2111,219340,687,
s168503969,p02936,u985524697,1585110136,C++,C++14 (GCC 5.4.1),cpp,Wrong Answer,472,13952,1350,
s529634613,p02936,u985524697,1585109510,C++,C++14 (GCC 5.4.1),cpp,Wrong Answer,288,22656,1702,
s729496358,p02936,u117054186,1585109473,Python,Python (3.4.3),py,Time Limit Exceeded,2110,219340,686,
s647253966,p02936,u985524697,1585108676,C++,C++14 (GCC 5.4.1),cpp,Wrong Answer,2143,663616,1706,
s135564129,p02936,u985524697,1585108489,C++,C++14 (GCC 5.4.1),cpp,Wrong Answer,2148,731536,1702,
s862816777,p02936,u117054186,1585108268,Python,Python (3.4.3),py,Time Limit Exceeded,2110,219360,667,
s321972062,p02936,u985524697,1585106963,C++,C++14 (GCC 5.4.1),cpp,Wrong Answer,2104,12800,1598,
s827245412,p02936,u705857261,1585106942,Python,Python (3.4.3),py,Wrong Answer,2123,328232,1613,
s007847396,p02936,u614063956,1585106888,Rust,Rust (1.15.1),rs,Wrong Answer,234,38396,2153,
s331984703,p02936,u705857261,1585106664,Python,Python (3.4.3),py,Time Limit Exceeded,2123,328160,1646,
s913336922,p02936,u705857261,1585106577,Python,Python (3.4.3),py,Accepted,1938,257748,649,
s857163300,p02936,u705857261,1585106452,Python,Python (3.4.3),py,Time Limit Exceeded,2121,257780,614,
s810974090,p02936,u705857261,1585106336,Python,Python (3.4.3),py,Runtime Error,1991,85336,570,
s753826450,p02936,u705857261,1585105629,Python,Python (3.4.3),py,Time Limit Exceeded,2113,163912,1569,
s504654135,p02936,u363005934,1585105276,C++,C++14 (GCC 5.4.1),cpp,Accepted,670,24320,905,
s771833209,p02936,u363005934,1585105195,C++,C++14 (GCC 5.4.1),cpp,Accepted,657,24320,887,
s652587932,p02936,u363005934,1585104650,C++,C++14 (GCC 5.4.1),cpp,Wrong Answer,2104,24320,947,
s634732122,p02936,u705857261,1585104518,Python,Python (3.4.3),py,Runtime Error,2112,181096,1664,
s860920717,p02936,u705857261,1585103950,Python,Python (3.4.3),py,Runtime Error,2113,182120,1673,
s687819643,p02936,u363005934,1585102939,C++,C++14 (GCC 5.4.1),cpp,Wrong Answer,2104,22144,951,
s053342562,p02936,u705857261,1585102806,Python,Python (3.4.3),py,Runtime Error,2112,160580,1538,
s985962125,p02936,u705857261,1585102706,Python,Python (3.4.3),py,Runtime Error,2112,155784,1498,
s780343727,p02936,u705857261,1585102550,Python,PyPy3 (2.4.0),py,Runtime Error,2111,165656,2983,
s719539315,p02936,u814575783,1585101917,Go,Go (1.6),go,Accepted,756,68736,1105,
s386908376,p02936,u363005934,1585101120,C++,C++14 (GCC 5.4.1),cpp,Wrong Answer,2104,20992,839,
s478949896,p02936,u883323885,1585089931,C++,C++14 (GCC 5.4.1),cpp,Accepted,380,27392,1103,
s090801731,p02936,u735008991,1585089016,Python,Python (3.4.3),py,Wrong Answer,2122,286400,585,
s620774358,p02936,u735008991,1585088564,Python,Python (3.4.3),py,Wrong Answer,2120,285120,505,
s716367466,p02936,u735008991,1585088554,Python,PyPy3 (2.4.0),py,Wrong Answer,2122,318852,505,
s613491561,p02936,u952289831,1585087240,C++,C++14 (GCC 5.4.1),cpp,Accepted,130,22784,1543,
s666697208,p02936,u952289831,1585086795,C++,C++14 (GCC 5.4.1),cpp,Runtime Error,335,275072,1531,
s202007126,p02936,u883323885,1585085481,C++,C++14 (GCC 5.4.1),cpp,Wrong Answer,352,24320,989,
s389300659,p02936,u265359795,1585085061,C++,C++14 (GCC 5.4.1),cpp,Accepted,305,24320,748,
s043382189,p02936,u265359795,1585084838,C++,C++14 (GCC 5.4.1),cpp,Accepted,602,24576,748,
s832513665,p02936,u886545507,1585081065,Python,Python (3.4.3),py,Wrong Answer,1304,25852,231,
s587850832,p02936,u945957386,1585078139,Rust,Rust (1.15.1),rs,Accepted,89,42408,176081,
s277174844,p02936,u735008991,1585076581,Python,PyPy3 (2.4.0),py,Wrong Answer,1990,122684,376,
s455849445,p02936,u491256431,1585076030,C++,C++14 (GCC 5.4.1),cpp,Accepted,146,24320,881,
s446957282,p02936,u491256431,1585075985,C++,C++14 (GCC 5.4.1),cpp,Accepted,291,24320,841,
s652020551,p02936,u491256431,1585075824,C++,C++14 (GCC 5.4.1),cpp,Accepted,317,25600,859,
s404079213,p02936,u735008991,1585074625,Python,PyPy3 (2.4.0),py,Wrong Answer,2147,725892,452,
s937343612,p02936,u735008991,1585074423,Python,Python (3.4.3),py,Wrong Answer,2119,252096,452,
s124494841,p02936,u735008991,1585074329,Python,Python (3.4.3),py,Runtime Error,2107,68408,412,
s388413308,p02936,u852613820,1585071132,Python,Python (3.4.3),py,Runtime Error,2106,46448,1127,
s776834023,p02936,u576917603,1585063004,Python,Python (3.4.3),py,Accepted,1049,56168,725,
s789951984,p02936,u788703383,1585056320,Python,Python (3.4.3),py,Time Limit Exceeded,2118,230320,487,
s578952190,p02936,u788703383,1585056145,Python,Python (3.4.3),py,Time Limit Exceeded,2112,230964,481,
s851049000,p02936,u788703383,1585055168,Python,Python (3.4.3),py,Wrong Answer,2093,224588,482,
s921666868,p02936,u788703383,1585055026,Python,Python (3.4.3),py,Wrong Answer,2098,224588,450,
s486915549,p02936,u455266724,1585030655,C++,C++14 (GCC 5.4.1),cpp,Accepted,299,25856,1308,
s865800306,p02936,u455266724,1585030127,C++,C++14 (GCC 5.4.1),cpp,Wrong Answer,320,25856,1208,
s790705328,p02936,u055875839,1585029708,Python,Python (3.4.3),py,Accepted,1974,67724,607,
s188028040,p02936,u117054186,1585029573,Python,Python (3.4.3),py,Time Limit Exceeded,2113,217660,648,
s145031685,p02936,u117054186,1585029519,Python,Python (3.4.3),py,Runtime Error,2114,217660,643,
s408043382,p02936,u455266724,1585029490,C++,C++14 (GCC 5.4.1),cpp,Wrong Answer,2105,28416,1237,
s168718767,p02936,u055875839,1585029119,Python,PyPy3 (2.4.0),py,Time Limit Exceeded,2110,117720,598,
s933792724,p02936,u455266724,1585029005,C++,C++14 (GCC 5.4.1),cpp,Wrong Answer,2104,20716,1695,
s743951496,p02936,u055875839,1585028898,Python,Python (3.4.3),py,Time Limit Exceeded,2107,59476,626,
s519541078,p02936,u455266724,1585028880,C++,C++14 (GCC 5.4.1),cpp,Time Limit Exceeded,2105,33516,1724,
s336478731,p02936,u455266724,1585028847,C++,C++14 (GCC 5.4.1),cpp,Compile Error,,,1728,
s166584183,p02936,u455266724,1585028589,C++,C++14 (GCC 5.4.1),cpp,Time Limit Exceeded,2104,14720,1692,
s675894063,p02936,u055875839,1585028224,Python,PyPy3 (2.4.0),py,Time Limit Exceeded,2112,141396,967,
s567504035,p02936,u285991898,1585027655,C++,C++14 (GCC 5.4.1),cpp,Accepted,147,16372,1295,
s852518142,p02936,u117054186,1585027367,Python,Python (3.4.3),py,Time Limit Exceeded,2113,217608,569,
s858095212,p02936,u117054186,1585027249,Python,Python (3.4.3),py,Runtime Error,2106,45288,565,
s345961845,p02936,u117054186,1585027208,Python,Python (3.4.3),py,Runtime Error,2106,43744,525,
s173646154,p02936,u117054186,1585027084,Python,Python (3.4.3),py,Runtime Error,2108,51272,534,
s082818738,p02936,u055875839,1585025324,Python,PyPy3 (2.4.0),py,Time Limit Exceeded,2109,105944,893,
s597724426,p02936,u055875839,1585025169,Python,Python (3.4.3),py,Time Limit Exceeded,2107,53804,894,
s808526576,p02936,u055875839,1585022874,Python,Python (3.4.3),py,Wrong Answer,1720,61796,505,
s827890506,p02936,u055875839,1585022102,Python,Python (3.4.3),py,Wrong Answer,2107,64016,414,
s723574350,p02936,u571867512,1585019062,Python,PyPy3 (2.4.0),py,Time Limit Exceeded,2110,127500,1226,
s268434895,p02936,u571867512,1585018916,Python,PyPy3 (2.4.0),py,Runtime Error,2114,179428,928,
s841033994,p02936,u571867512,1585018725,Python,Python (3.4.3),py,Runtime Error,2114,173528,928,
s617419929,p02936,u287988203,1585017892,C++,C++14 (GCC 5.4.1),cpp,Accepted,152,24320,927,
s289421061,p02936,u287988203,1585017839,C++,C++14 (GCC 5.4.1),cpp,Runtime Error,2112,275320,928,
s868864130,p02936,u788703383,1585016006,Python,Python (3.4.3),py,Wrong Answer,1802,66712,257,
s600182177,p02936,u571867512,1585014077,Python,Python (3.4.3),py,Runtime Error,2114,166956,1022,
s252981652,p02936,u788703383,1585013974,Python,Python (3.4.3),py,Wrong Answer,1496,64288,246,
s708810024,p02936,u571867512,1585011731,Python,Python (3.4.3),py,Runtime Error,2117,160784,994,
s036867431,p02936,u571867512,1585011204,Python,Python (3.4.3),py,Runtime Error,2113,160780,983,
s982497815,p02936,u571969099,1585009598,Python,Python (3.4.3),py,Accepted,1872,268392,470,
s699116386,p02936,u571969099,1585009582,Python,PyPy3 (2.4.0),py,Time Limit Exceeded,2163,862328,470,
s140115585,p02936,u571969099,1585009393,Python,PyPy3 (2.4.0),py,Time Limit Exceeded,2156,862328,485,
s886896216,p02936,u571969099,1585009315,Python,PyPy3 (2.4.0),py,Time Limit Exceeded,2157,861944,488,
s264028718,p02936,u571969099,1585009168,Python,PyPy3 (2.4.0),py,Time Limit Exceeded,2146,672120,493,
s513837138,p02936,u571969099,1585009092,Python,PyPy3 (2.4.0),py,Time Limit Exceeded,2156,850296,503,
s881445952,p02936,u571969099,1585008814,Python,PyPy3 (2.4.0),py,Time Limit Exceeded,2153,742136,514,
s458250419,p02936,u784022244,1585007596,Python,Python (3.4.3),py,Wrong Answer,1531,22704,374,
s951367714,p02936,u784022244,1585006990,Python,PyPy3 (2.4.0),py,Wrong Answer,1808,69208,374,
s448926097,p02936,u784022244,1585006974,Python,PyPy3 (2.4.0),py,Wrong Answer,1694,69208,373,
s138418642,p02936,u784022244,1585006886,Python,PyPy3 (2.4.0),py,Wrong Answer,1797,69208,373,
s459991173,p02936,u784022244,1585006843,Python,PyPy3 (2.4.0),py,Runtime Error,166,38256,384,
s098587676,p02936,u784022244,1585006823,Python,PyPy3 (2.4.0),py,Runtime Error,168,38384,402,
s014056474,p02936,u571969099,1585006779,Python,PyPy3 (2.4.0),py,Time Limit Exceeded,2149,757368,531,
s912896869,p02936,u571969099,1585006753,Python,PyPy3 (2.4.0),py,Runtime Error,180,38256,527,
s828375990,p02936,u571969099,1585006710,Python,PyPy3 (2.4.0),py,Wrong Answer,2151,779844,513,
s979419583,p02936,u784022244,1585006710,Python,Python (3.4.3),py,Wrong Answer,2112,22300,402,
s537249189,p02936,u571969099,1585006584,Python,PyPy3 (2.4.0),py,Time Limit Exceeded,2150,757368,522,
s149182922,p02936,u784022244,1585006242,Python,Python (3.4.3),py,Wrong Answer,2109,23540,395,
s213617150,p02936,u784022244,1585005752,Python,Python (3.4.3),py,Wrong Answer,2109,22976,390,
s245537404,p02936,u784022244,1585005552,Python,Python (3.4.3),py,Wrong Answer,2114,53376,448,
s769928722,p02936,u571867512,1585005346,Python,Python (3.4.3),py,Time Limit Exceeded,2114,159064,1226,
s127811893,p02936,u571867512,1585004116,Python,Python (3.4.3),py,Runtime Error,2113,159296,804,
s003737157,p02936,u784022244,1585002712,Python,Python (3.4.3),py,Runtime Error,2106,43948,476,
s322438226,p02936,u698883164,1585001364,C++,C++14 (GCC 5.4.1),cpp,Accepted,157,24320,1775,
s969842284,p02936,u590927341,1584993497,C++,C++14 (GCC 5.4.1),cpp,Wrong Answer,365,23552,2322,
s645879622,p02936,u590927341,1584993093,C++,C++14 (GCC 5.4.1),cpp,Accepted,384,23424,2320,
s440132912,p02936,u867848444,1584979992,Python,PyPy3 (2.4.0),py,Accepted,853,124840,802,
s819475172,p02936,u867848444,1584979464,Python,PyPy3 (2.4.0),py,Time Limit Exceeded,2110,121128,832,
s269599789,p02936,u926416331,1584974230,C++,C++14 (GCC 5.4.1),cpp,Wrong Answer,2238,1692932,654,
s908585751,p02936,u926416331,1584973685,C++,C++14 (GCC 5.4.1),cpp,Wrong Answer,2240,1696132,703,
s061235171,p02936,u926416331,1584973329,C++,C++14 (GCC 5.4.1),cpp,Wrong Answer,280,14848,661,
s668506900,p02936,u639426108,1584973079,C++,C++14 (GCC 5.4.1),cpp,Wrong Answer,583,24320,697,
s454140688,p02936,u639426108,1584973010,C++,C++ (GCC 5.4.1),cpp,Compile Error,,,697,
s900033608,p02936,u926416331,1584972755,C++,C++14 (GCC 5.4.1),cpp,Wrong Answer,2255,1707652,615,
s353600433,p02936,u926416331,1584972303,C++,C++14 (GCC 5.4.1),cpp,Wrong Answer,292,14848,580,
s941460883,p02936,u926416331,1584972172,C++,C++14 (GCC 5.4.1),cpp,Wrong Answer,276,14080,550,
s531041352,p02936,u197300773,1584960914,Python,PyPy3 (2.4.0),py,Accepted,1887,105344,431,
s855150238,p02936,u197300773,1584960867,Python,PyPy3 (2.4.0),py,Time Limit Exceeded,2010,133164,449,
s372275359,p02936,u614063956,1584959904,Rust,Rust (1.15.1),rs,Wrong Answer,235,38396,2172,
s964296662,p02936,u197300773,1584959016,Python,PyPy3 (2.4.0),py,Time Limit Exceeded,2122,301176,442,
s053896064,p02936,u197300773,1584959001,Python,PyPy3 (2.4.0),py,Time Limit Exceeded,2128,402040,460,
s862313383,p02936,u197300773,1584958896,Python,PyPy3 (2.4.0),py,Time Limit Exceeded,2125,352760,502,
s214275133,p02936,u197300773,1584958810,Python,PyPy3 (2.4.0),py,Time Limit Exceeded,2124,337528,441,
s877329920,p02936,u197300773,1584958689,Python,PyPy3 (2.4.0),py,Time Limit Exceeded,2121,301248,424,
s233294633,p02936,u197300773,1584958658,Python,PyPy3 (2.4.0),py,Time Limit Exceeded,2124,351280,441,
s434529771,p02936,u197300773,1584958392,Python,PyPy3 (2.4.0),py,Time Limit Exceeded,2126,377592,468,
s200409449,p02936,u160429264,1584944355,C++,C++14 (GCC 5.4.1),cpp,Accepted,629,30592,2599,
s832959058,p02936,u274857138,1584935018,C++,C++14 (GCC 5.4.1),cpp,Wrong Answer,252,5504,2899,
s476013808,p02936,u274857138,1584933842,C++,C++14 (GCC 5.4.1),cpp,Wrong Answer,286,24320,3087,
s825693961,p02936,u595730036,1584933215,C++,C++14 (GCC 5.4.1),cpp,Accepted,651,26624,870,
s344877480,p02936,u853721692,1584924573,C++,C++14 (GCC 5.4.1),cpp,Accepted,378,24320,1189,
s662564229,p02936,u904804404,1584909127,Python,PyPy3 (2.4.0),py,Accepted,1234,144756,648,
s538087891,p02936,u904804404,1584908837,Python,Python (3.4.3),py,Wrong Answer,2109,108496,543,
s861393143,p02936,u904804404,1584908783,Python,Python (3.4.3),py,Wrong Answer,2108,108520,544,
s762413637,p02936,u324881146,1584907097,Java,Java8 (OpenJDK 1.8.0),java,Accepted,1026,118308,2735,
s151378563,p02936,u600402037,1584907056,Python,PyPy3 (2.4.0),py,Accepted,869,89420,756,
s382398630,p02936,u464244643,1584906995,C++,C++14 (GCC 5.4.1),cpp,Accepted,325,23552,1144,
s863496492,p02936,u464244643,1584906243,C++,C++14 (GCC 5.4.1),cpp,Wrong Answer,2104,21376,1128,
s135339424,p02936,u167681750,1584904348,Python,Python (3.4.3),py,Wrong Answer,2135,509876,616,
s011457284,p02936,u162948713,1584904344,Rust,Rust (1.15.1),rs,Accepted,267,36440,156881,
s745489892,p02936,u167681750,1584903969,Python,Python (3.4.3),py,Runtime Error,2134,506672,563,
s931118723,p02936,u167681750,1584903740,Python,Python (3.4.3),py,Time Limit Exceeded,2134,504088,627,
s929141650,p02936,u167681750,1584903455,Python,PyPy3 (2.4.0),py,Time Limit Exceeded,2127,376476,583,
s127069327,p02936,u162948713,1584903238,Rust,Rust (1.15.1),rs,Wrong Answer,250,33236,156683,
s591601145,p02936,u162948713,1584902728,Rust,Rust (1.15.1),rs,Wrong Answer,2115,29784,156357,
s049704091,p02936,u167681750,1584901946,Python,Python (3.4.3),py,Wrong Answer,2138,507568,558,
s785660913,p02936,u904804404,1584896135,Python,PyPy3 (2.4.0),py,Wrong Answer,1153,125308,427,
s061966919,p02936,u904804404,1584895790,Python,PyPy3 (2.4.0),py,Wrong Answer,2110,128764,387,
s488047639,p02936,u229148215,1584889541,C++,C++14 (GCC 5.4.1),cpp,Accepted,300,32896,1097,
s871837644,p02936,u358859892,1584878871,C++,C++14 (GCC 5.4.1),cpp,Wrong Answer,106,4736,809,
s725302573,p02936,u358859892,1584877975,C++,C++14 (GCC 5.4.1),cpp,Wrong Answer,108,20352,849,
s689115633,p02936,u358859892,1584877650,C++,C++14 (GCC 5.4.1),cpp,Wrong Answer,117,26624,953,
s340675793,p02936,u358859892,1584877446,C++,C++14 (GCC 5.4.1),cpp,Wrong Answer,112,26624,954,
s036992288,p02936,u358859892,1584877025,C++,C++14 (GCC 5.4.1),cpp,Wrong Answer,123,23552,929,
s237075109,p02936,u358859892,1584876554,C++,C++14 (GCC 5.4.1),cpp,Wrong Answer,83,3968,823,
s760827316,p02936,u197300773,1584872362,Python,PyPy3 (2.4.0),py,Wrong Answer,2132,463736,385,
s542132937,p02936,u197300773,1584871340,Python,PyPy3 (2.4.0),py,Time Limit Exceeded,2123,312952,502,
s486880795,p02936,u197300773,1584871017,Python,PyPy3 (2.4.0),py,Time Limit Exceeded,2117,239228,435,
s210245594,p02936,u197300773,1584870710,Python,PyPy3 (2.4.0),py,Time Limit Exceeded,2125,362232,433,
s260190721,p02936,u197300773,1584869982,Python,PyPy3 (2.4.0),py,Time Limit Exceeded,2128,405752,482,
s723742394,p02936,u197300773,1584869658,Python,PyPy3 (2.4.0),py,Time Limit Exceeded,2121,290548,456,
s892159249,p02936,u197300773,1584869429,Python,PyPy3 (2.4.0),py,Time Limit Exceeded,2124,337656,486,
s739632015,p02936,u197300773,1584869252,Python,PyPy3 (2.4.0),py,Time Limit Exceeded,2126,366456,460,
s355565842,p02936,u197300773,1584869219,Python,Python (3.4.3),py,Time Limit Exceeded,2111,233848,460,
s122844344,p02936,u293523151,1584861449,C++,C++14 (GCC 5.4.1),cpp,Accepted,145,24192,967,
s498094514,p02936,u146594935,1584857712,C++,C++14 (GCC 5.4.1),cpp,Accepted,386,23552,691,
s220665543,p02936,u543466827,1584856744,C++,C++14 (GCC 5.4.1),cpp,Wrong Answer,2104,23424,686,
s796879216,p02936,u804455323,1584853074,Python,PyPy3 (2.4.0),py,Runtime Error,2111,131148,396,
s881162990,p02936,u804455323,1584852572,Python,PyPy3 (2.4.0),py,Runtime Error,1911,130764,413,
s812073756,p02936,u804455323,1584851553,Python,PyPy3 (2.4.0),py,Runtime Error,1910,129632,425,
s233914008,p02936,u804455323,1584850735,Python,PyPy3 (2.4.0),py,Runtime Error,2109,108108,386,
s872935970,p02936,u804455323,1584850331,Python,PyPy3 (2.4.0),py,Runtime Error,2111,150212,580,
s340262117,p02936,u480938608,1584844716,C++,C++14 (GCC 5.4.1),cpp,Accepted,360,23424,719,
s662432441,p02936,u358859892,1584837930,C++,C++14 (GCC 5.4.1),cpp,Wrong Answer,2103,3840,868,
s240499099,p02936,u358859892,1584837084,C++,C++14 (GCC 5.4.1),cpp,Wrong Answer,2104,13952,942,
s495906916,p02936,u223172354,1584835898,C++,C++14 (GCC 5.4.1),cpp,Wrong Answer,2105,24256,492,
s046161544,p02936,u358859892,1584833444,C++,C++14 (GCC 5.4.1),cpp,Wrong Answer,100,5504,779,
s560868158,p02936,u358859892,1584833141,C++,C++14 (GCC 5.4.1),cpp,Wrong Answer,101,4736,780,
s289841266,p02936,u692254521,1584831746,Ruby,Ruby (2.3.3),rb,Accepted,762,34684,449,
s779429999,p02936,u692254521,1584831564,Ruby,Ruby (2.3.3),rb,Runtime Error,7,1788,435,
s307993715,p02936,u358859892,1584830230,C++,C++14 (GCC 5.4.1),cpp,Wrong Answer,111,14080,789,
s401247794,p02936,u437779154,1584816541,C++,C++14 (GCC 5.4.1),cpp,Accepted,289,16372,854,
s464888457,p02936,u082801599,1584816242,C++,C++14 (GCC 5.4.1),cpp,Wrong Answer,2104,12288,590,
s636746133,p02936,u437779154,1584815867,C++,C++14 (GCC 5.4.1),cpp,Wrong Answer,273,13952,885,
s783116170,p02936,u437779154,1584815275,C++,C++14 (GCC 5.4.1),cpp,Wrong Answer,290,14848,724,
s346955439,p02936,u767543103,1584815187,C++,C++14 (GCC 5.4.1),cpp,Accepted,304,28672,12807,
s633321957,p02936,u437779154,1584815117,C++,C++14 (GCC 5.4.1),cpp,Wrong Answer,276,14080,725,
s761021035,p02936,u437779154,1584814654,C++,C++14 (GCC 5.4.1),cpp,Wrong Answer,270,14080,599,
s291010031,p02936,u058720266,1584809474,C++,C++14 (GCC 5.4.1),cpp,Wrong Answer,2104,21376,704,
s402610123,p02936,u966257731,1584803207,C++,C++14 (GCC 5.4.1),cpp,Accepted,857,56832,602,
s927093030,p02936,u966257731,1584801875,C++,C++14 (GCC 5.4.1),cpp,Wrong Answer,636,53760,580,
s328935305,p02936,u986568278,1584801498,C++,C++14 (GCC 5.4.1),cpp,Accepted,294,21632,931,
s544987483,p02936,u986568278,1584801300,C++,C++14 (GCC 5.4.1),cpp,Wrong Answer,278,21632,910,
s450157811,p02936,u966257731,1584801058,C++,C++14 (GCC 5.4.1),cpp,Wrong Answer,622,49792,566,
s010773451,p02936,u986568278,1584799879,C++,C++14 (GCC 5.4.1),cpp,Wrong Answer,279,21504,842,
s424414816,p02936,u986568278,1584799590,C++,C++14 (GCC 5.4.1),cpp,Wrong Answer,2104,21376,849,
s344717409,p02936,u030992242,1584766469,C++,C++14 (GCC 5.4.1),cpp,Accepted,337,35200,1083,
s221133447,p02936,u666733706,1584765208,C++,C++14 (GCC 5.4.1),cpp,Accepted,658,23424,802,
s466158698,p02936,u666733706,1584765167,C++,C++14 (GCC 5.4.1),cpp,Wrong Answer,640,20352,793,
s627827411,p02936,u617380180,1584760658,C++,C++14 (GCC 5.4.1),cpp,Accepted,142,16500,2030,
s841649809,p02936,u891945807,1584756706,Python,Python (3.4.3),py,Wrong Answer,1745,44788,368,
s982611479,p02936,u891945807,1584751814,Python,Python (3.4.3),py,Wrong Answer,2106,42872,471,
s187113160,p02936,u854161810,1584746251,C++,C++14 (GCC 5.4.1),cpp,Wrong Answer,644,24320,693,
s526194211,p02936,u078349616,1584746149,Python,Python (3.4.3),py,Accepted,1599,230896,462,
s412992771,p02936,u078349616,1584746051,Python,Python (3.4.3),py,Accepted,1526,230920,531,
s753753873,p02936,u078349616,1584745947,Python,Python (3.4.3),py,Time Limit Exceeded,2117,230920,428,
s056608373,p02936,u078349616,1584745872,Python,Python (3.4.3),py,Time Limit Exceeded,2118,230848,444,
s190941155,p02936,u078349616,1584745584,Python,PyPy3 (2.4.0),py,Time Limit Exceeded,2123,327160,428,
s813574081,p02936,u078349616,1584745449,Python,Python (3.4.3),py,Time Limit Exceeded,2109,230960,546,
s665214269,p02936,u078349616,1584745329,Python,Python (3.4.3),py,Time Limit Exceeded,2118,222896,428,
s155358387,p02936,u078349616,1584745258,Python,Python (3.4.3),py,Runtime Error,1680,52304,388,
s038778959,p02936,u854161810,1584744787,C++,C++14 (GCC 5.4.1),cpp,Wrong Answer,639,24704,704,
s998224545,p02936,u854161810,1584744756,C++,C++14 (GCC 5.4.1),cpp,Runtime Error,305,1400,699,
s337843693,p02936,u854161810,1584743310,C++,C++14 (GCC 5.4.1),cpp,Wrong Answer,2104,18944,640,
s525545657,p02936,u078349616,1584742015,Python,Python (3.4.3),py,Wrong Answer,1909,68132,259,
s097176311,p02936,u598501138,1584738860,C++,C++14 (GCC 5.4.1),cpp,Accepted,221,37632,1376,
s053438878,p02936,u268551819,1584737388,C++,C++14 (GCC 5.4.1),cpp,Accepted,302,30464,1106,
s953124249,p02936,u294721290,1584736751,C++,C++14 (GCC 5.4.1),cpp,Wrong Answer,329,7680,503,
s463051247,p02936,u154898295,1584736667,C++,C++14 (GCC 5.4.1),cpp,Accepted,308,30464,736,
s080015932,p02936,u154898295,1584736532,C++,C++14 (GCC 5.4.1),cpp,Accepted,326,30464,748,
s470987248,p02936,u294721290,1584736497,C++,C++14 (GCC 5.4.1),cpp,Wrong Answer,320,6912,393,
s627072237,p02936,u294721290,1584736419,C++,C++14 (GCC 5.4.1),cpp,Wrong Answer,319,6144,387,
s232571156,p02936,u846185950,1584736317,Go,Go (1.6),go,Accepted,740,129024,5540,
s857008383,p02936,u410506856,1584735859,C++,C++14 (GCC 5.4.1),cpp,Accepted,287,15604,1925,
s721747919,p02936,u154898295,1584735090,C++,C++14 (GCC 5.4.1),cpp,Time Limit Exceeded,2236,1588268,699,
s631567262,p02936,u633967774,1584726041,C++,C++14 (GCC 5.4.1),cpp,Accepted,319,26624,752,
s607774773,p02936,u154898295,1584725680,C++,C++14 (GCC 5.4.1),cpp,Runtime Error,103,256,752,
s097865170,p02936,u154898295,1584725536,C++,C++14 (GCC 5.4.1),cpp,Runtime Error,99,256,740,
s242592421,p02936,u068713120,1584723601,C++,C++14 (GCC 5.4.1),cpp,Wrong Answer,2104,18176,565,
s644089597,p02936,u162773977,1584718302,Lua,Lua (5.3.2),lua,Wrong Answer,297,27896,1450,
s721009694,p02936,u162773977,1584717664,Lua,Lua (5.3.2),lua,Wrong Answer,347,376,373,
s123353113,p02936,u162773977,1584717589,Lua,Lua (5.3.2),lua,Wrong Answer,801,88696,501,
s500315026,p02936,u192314231,1584690141,C#,C# (Mono 4.6.2.0),cs,Wrong Answer,2114,58552,1329,
s701254754,p02936,u395620499,1584688020,C++,C++14 (GCC 5.4.1),cpp,Accepted,384,28928,1302,
s768582873,p02936,u395620499,1584686996,C++,C++14 (GCC 5.4.1),cpp,Wrong Answer,353,21888,1055,
s273253216,p02936,u395620499,1584686532,C++,C++14 (GCC 5.4.1),cpp,Wrong Answer,373,24320,1072,
s452423290,p02936,u395620499,1584685912,C++,C++14 (GCC 5.4.1),cpp,Wrong Answer,2104,20224,987,
s547168004,p02936,u535423069,1584685094,Python,Python (3.4.3),py,Accepted,1646,145952,1402,
s017273385,p02936,u535423069,1584684653,Python,PyPy3 (2.4.0),py,Accepted,921,128936,1402,
s740108085,p02936,u535423069,1584684326,Python,PyPy3 (2.4.0),py,Time Limit Exceeded,2148,729772,1130,
s694296888,p02936,u535423069,1584684271,Python,Python (3.4.3),py,Time Limit Exceeded,2021,312792,1130,
s522124829,p02936,u535423069,1584683865,Python,Python (3.4.3),py,Runtime Error,1880,140936,1098,
s029345003,p02936,u518042385,1584675107,C++,C++14 (GCC 5.4.1),cpp,Accepted,312,32620,922,
s408108643,p02936,u236990712,1584669175,C++,C++14 (GCC 5.4.1),cpp,Accepted,429,62592,1745,
s818924716,p02936,u236990712,1584668507,C++,C++14 (GCC 5.4.1),cpp,Wrong Answer,280,53120,1549,
s801976412,p02936,u269291896,1584659162,C++,C++14 (GCC 5.4.1),cpp,Accepted,368,27392,876,
s464746198,p02936,u269291896,1584658913,C++,C++14 (GCC 5.4.1),cpp,Runtime Error,567,278772,850,
s971550823,p02936,u269291896,1584658394,C++,C++14 (GCC 5.4.1),cpp,Wrong Answer,345,24320,816,
s801896088,p02936,u269291896,1584658258,C++,C++14 (GCC 5.4.1),cpp,Wrong Answer,356,24320,817,
s895497786,p02936,u154898295,1584657289,Java,Java8 (OpenJDK 1.8.0),java,Time Limit Exceeded,2110,227524,1203,
s745172324,p02936,u269291896,1584656691,C++,C++14 (GCC 5.4.1),cpp,Wrong Answer,348,23552,795,
s293463774,p02936,u424602097,1584656004,C++,C++14 (GCC 5.4.1),cpp,Wrong Answer,140,20352,997,
s940606590,p02936,u826189900,1584649082,C++,C++14 (GCC 5.4.1),cpp,Accepted,356,25088,698,
s155642895,p02936,u009414205,1584645972,C++,C++14 (GCC 5.4.1),cpp,Accepted,310,16372,825,
s182341669,p02936,u573754721,1584643192,Python,PyPy3 (2.4.0),py,Accepted,1991,123020,464,
s778840880,p02936,u573754721,1584643110,Python,PyPy3 (2.4.0),py,Wrong Answer,1981,123084,463,
s980056589,p02936,u573754721,1584641976,Python,PyPy3 (2.4.0),py,Accepted,1884,123084,463,
s034295488,p02936,u186170849,1584640350,C#,C# (Mono 4.6.2.0),cs,Wrong Answer,644,51524,4294,
s691469044,p02936,u186170849,1584640144,C#,C# (Mono 4.6.2.0),cs,Accepted,726,79048,3995,
s311639021,p02936,u186170849,1584639220,C#,C# (Mono 4.6.2.0),cs,Accepted,679,56772,4266,
s855646800,p02936,u383226932,1584601170,Rust,Rust (1.15.1),rs,Accepted,356,56232,163033,
s474828435,p02936,u809665051,1584598325,C++,C++14 (GCC 5.4.1),cpp,Accepted,374,23424,1436,
s590589918,p02936,u331360010,1584598289,C++,C++14 (GCC 5.4.1),cpp,Accepted,183,34576,10871,
s685957072,p02936,u331360010,1584598253,C++,C++14 (GCC 5.4.1),cpp,Accepted,201,55664,10681,
s549318212,p02936,u331360010,1584598195,C++,C++14 (GCC 5.4.1),cpp,Accepted,170,34576,10870,
s077605522,p02936,u331360010,1584598146,C++,C++14 (GCC 5.4.1),cpp,Accepted,189,55920,10680,
s671046352,p02936,u331360010,1584598109,C++,C++14 (GCC 5.4.1),cpp,Accepted,231,34576,10870,
s622016962,p02936,u137087473,1584595024,Java,Java8 (OpenJDK 1.8.0),java,Wrong Answer,509,90048,26384,
s673601977,p02936,u137087473,1584594959,Java,Java8 (OpenJDK 1.8.0),java,Wrong Answer,775,99876,2897,
s316514405,p02936,u137087473,1584594823,Java,Java8 (OpenJDK 1.8.0),java,Time Limit Exceeded,2109,158264,2825,
s098480131,p02936,u506544056,1584594694,Ruby,Ruby (2.3.3),rb,Runtime Error,1249,53240,819,
s189917414,p02936,u137087473,1584593454,Java,Java8 (OpenJDK 1.8.0),java,Accepted,866,144796,26335,
s811571746,p02936,u012133968,1584589343,Rust,Rust (1.15.1),rs,Accepted,132,49404,324823,
s482589186,p02936,u866370648,1584579828,C,C (GCC 5.4.1),c,Accepted,143,14208,2573,
s954399849,p02936,u331360010,1584573169,C++,C++14 (GCC 5.4.1),cpp,Accepted,203,55664,11315,
s740427983,p02936,u331360010,1584573131,C++,C++14 (GCC 5.4.1),cpp,Time Limit Exceeded,2106,51824,11381,
s137488539,p02936,u331360010,1584571922,C++,C++14 (GCC 5.4.1),cpp,Accepted,437,58736,13346,
s492369739,p02936,u108906751,1584570950,Java,Java8 (OpenJDK 1.8.0),java,Accepted,1705,111380,6165,
s309932269,p02936,u817421755,1584570764,Rust,Rust (1.15.1),rs,Accepted,159,41208,1528,
s223840865,p02936,u477855214,1584568160,C++,C++14 (GCC 5.4.1),cpp,Accepted,334,20212,1399,
s133630839,p02936,u108906751,1584568131,Java,Java8 (OpenJDK 1.8.0),java,Time Limit Exceeded,2109,152936,2732,
s641616172,p02936,u108906751,1584566430,Java,Java8 (OpenJDK 1.8.0),java,Time Limit Exceeded,2109,141288,4148,
s979149723,p02936,u108906751,1584564066,Java,Java8 (OpenJDK 1.8.0),java,Time Limit Exceeded,2109,136352,4218,
s170857827,p02936,u108906751,1584563190,Java,Java8 (OpenJDK 1.8.0),java,Time Limit Exceeded,2109,131948,3826,
s720777238,p02936,u108906751,1584563030,Java,Java8 (OpenJDK 1.8.0),java,Wrong Answer,2111,145852,3818,
s284103572,p02936,u108906751,1584561253,Java,Java8 (OpenJDK 1.8.0),java,Time Limit Exceeded,2109,178376,3882,
s020392669,p02936,u108906751,1584561002,Java,Java8 (OpenJDK 1.8.0),java,Time Limit Exceeded,2109,164864,3878,
s651628794,p02936,u731448038,1584551975,Python,Python (3.4.3),py,Accepted,1544,230888,531,
s686116510,p02936,u731448038,1584551806,Python,Python (3.4.3),py,Wrong Answer,2111,326516,604,
s817594293,p02936,u731448038,1584551581,Python,Python (3.4.3),py,Time Limit Exceeded,2203,734324,545,
s102242822,p02936,u731448038,1584551245,Python,Python (3.4.3),py,Runtime Error,2111,142440,603,
s779547999,p02936,u731448038,1584551037,Python,PyPy3 (2.4.0),py,Runtime Error,2112,144372,603,
s930184675,p02936,u731448038,1584550545,Python,PyPy3 (2.4.0),py,Runtime Error,2112,145948,515,
s611206339,p02936,u225581241,1584543133,C++,C++14 (GCC 5.4.1),cpp,Accepted,147,24320,1111,
s754859898,p02936,u139112865,1584515068,Python,Python (3.4.3),py,Accepted,1569,230896,530,
s422581927,p02936,u139112865,1584514952,Python,PyPy3 (2.4.0),py,Time Limit Exceeded,2121,288504,496,
s888972277,p02936,u139112865,1584514906,Python,Python (3.4.3),py,Time Limit Exceeded,2117,222896,496,
s951301157,p02936,u139112865,1584514499,Python,PyPy3 (2.4.0),py,Runtime Error,1959,130128,453,
s518951462,p02936,u139112865,1584514227,Python,Python (3.4.3),py,Runtime Error,1797,53836,488,
s667621035,p02936,u989306199,1584508331,C++,C++14 (GCC 5.4.1),cpp,Accepted,127,23552,927,
s059813389,p02936,u951480280,1584504167,Python,Python (3.4.3),py,Wrong Answer,2106,41212,415,
s783804140,p02936,u571969099,1584503870,Python,Python (3.4.3),py,Time Limit Exceeded,2121,262960,478,
s345187648,p02936,u571969099,1584503851,Python,PyPy3 (2.4.0),py,Time Limit Exceeded,2123,302072,478,
s389929751,p02936,u571969099,1584503731,Python,PyPy3 (2.4.0),py,Time Limit Exceeded,2148,747716,522,
s695232083,p02936,u678146855,1584502851,C++,C++14 (GCC 5.4.1),cpp,Accepted,137,20608,1668,
s766760356,p02936,u250828304,1584502484,Python,Python (3.4.3),py,Runtime Error,17,3064,445,
s067435453,p02936,u250828304,1584501473,Python,Python (3.4.3),py,Wrong Answer,2241,3064,351,
s318470677,p02936,u250828304,1584501204,Python,Python (3.4.3),py,Wrong Answer,2238,2089972,375,
s636744958,p02936,u250828304,1584501169,Python,Python (3.4.3),py,Runtime Error,19,3064,377,
s733301527,p02936,u250828304,1584500867,Python,Python (3.4.3),py,Wrong Answer,2141,503984,391,
s152894017,p02936,u250828304,1584498302,Python,Python (3.4.3),py,Wrong Answer,2134,503600,473,
s277819072,p02936,u204536668,1584497454,C++,C++14 (GCC 5.4.1),cpp,Wrong Answer,2231,1868776,1049,
s569989797,p02936,u045408189,1584494965,C++,C++14 (GCC 5.4.1),cpp,Wrong Answer,593,24064,983,
s049288934,p02936,u045408189,1584494929,C++,C++14 (GCC 5.4.1),cpp,Compile Error,,,1004,
s973756481,p02936,u801513186,1584493697,C++,C++14 (GCC 5.4.1),cpp,Accepted,709,139904,2023,
s933515982,p02936,u801513186,1584493673,C,C (GCC 5.4.1),c,Compile Error,,,2023,
s336845002,p02936,u559424030,1584493402,C++,C++14 (GCC 5.4.1),cpp,Wrong Answer,247,4736,594,
s091314845,p02936,u559424030,1584493328,C++,C++14 (GCC 5.4.1),cpp,Compile Error,,,607,
s270120847,p02936,u801513186,1584492959,C++,C++14 (GCC 5.4.1),cpp,Wrong Answer,561,5504,1560,
s058658528,p02936,u801513186,1584492378,C++,C++14 (GCC 5.4.1),cpp,Wrong Answer,678,139904,1801,
s601314530,p02936,u559424030,1584490609,C++,C++14 (GCC 5.4.1),cpp,Wrong Answer,251,4736,596,
s542605275,p02936,u559424030,1584490382,C++,C++14 (GCC 5.4.1),cpp,Wrong Answer,248,4736,547,
s523361119,p02936,u559424030,1584489898,C++,C++14 (GCC 5.4.1),cpp,Wrong Answer,2103,3712,608,
s742227360,p02936,u559424030,1584488952,C++,C++14 (GCC 5.4.1),cpp,Wrong Answer,2104,19712,736,
s203246537,p02936,u198019139,1584488831,C++,C++14 (GCC 5.4.1),cpp,Accepted,302,24320,710,
s601795544,p02936,u198019139,1584488234,C++,C++14 (GCC 5.4.1),cpp,Wrong Answer,281,24320,620,
s490878687,p02936,u198019139,1584487771,C++,C++14 (GCC 5.4.1),cpp,Wrong Answer,598,24320,641,
s369680679,p02936,u173574510,1584482230,Java,Java8 (OpenJDK 1.8.0),java,Accepted,1987,206020,4022,
s549990526,p02936,u173574510,1584481393,Java,Java8 (OpenJDK 1.8.0),java,Wrong Answer,1903,194568,3756,
s447875765,p02936,u173574510,1584480996,Java,Java8 (OpenJDK 1.8.0),java,Wrong Answer,1886,198564,3966,
s104952662,p02936,u062736195,1584477867,Java,Java8 (OpenJDK 1.8.0),java,Time Limit Exceeded,2012,237032,1137,
s881920158,p02936,u298768617,1584477349,C++,C++14 (GCC 5.4.1),cpp,Accepted,656,23424,614,
s104577083,p02936,u062736195,1584475796,Java,Java8 (OpenJDK 1.8.0),java,Accepted,1315,126348,3539,
s294223103,p02936,u644516473,1584475073,Python,PyPy3 (2.4.0),py,Time Limit Exceeded,2152,803068,535,
s080140825,p02936,u644516473,1584474981,Python,PyPy3 (2.4.0),py,Accepted,819,113188,719,
s741731859,p02936,u644516473,1584474912,Python,Python (3.4.3),py,Accepted,1476,79072,719,
s426564470,p02936,u062736195,1584474097,Java,Java8 (OpenJDK 1.8.0),java,Time Limit Exceeded,2110,220064,1280,
s147879723,p02936,u644516473,1584474052,Python,Python (3.4.3),py,Accepted,1829,254352,535,
s101707754,p02936,u062736195,1584473163,Java,Java8 (OpenJDK 1.8.0),java,Accepted,2000,234140,1158,
s341231109,p02936,u062736195,1584473133,Java,Java8 (OpenJDK 1.8.0),java,Compile Error,,,1157,
s272200320,p02936,u062736195,1584472963,Java,Java8 (OpenJDK 1.8.0),java,Wrong Answer,2106,232800,1204,
s723561919,p02936,u062736195,1584471893,Java,Java8 (OpenJDK 1.8.0),java,Time Limit Exceeded,2110,223952,1199,
s675361575,p02936,u062736195,1584471422,Java,Java8 (OpenJDK 1.8.0),java,Wrong Answer,2110,279196,1311,
s130233824,p02936,u062736195,1584471363,Java,Java8 (OpenJDK 1.8.0),java,Time Limit Exceeded,2110,289208,1279,
s386724196,p02936,u062736195,1584469784,Java,Java8 (OpenJDK 1.8.0),java,Wrong Answer,2114,375604,1383,
s815503761,p02936,u818349438,1584469477,C++,C++14 (GCC 5.4.1),cpp,Accepted,590,15988,813,
s187151468,p02936,u818349438,1584469023,C++,C++14 (GCC 5.4.1),cpp,Accepted,661,23936,674,
s395187730,p02936,u062736195,1584468656,Java,Java8 (OpenJDK 1.8.0),java,Time Limit Exceeded,2110,279680,1274,
s737570673,p02936,u062736195,1584468357,Java,Java8 (OpenJDK 1.8.0),java,Time Limit Exceeded,2110,226232,1323,
s918513748,p02936,u940139461,1584466027,Python,PyPy3 (2.4.0),py,Accepted,1827,105856,865,
s475862588,p02936,u940139461,1584463645,Python,PyPy3 (2.4.0),py,Wrong Answer,2109,99708,680,
s972710174,p02936,u940139461,1584463080,Python,PyPy3 (2.4.0),py,Wrong Answer,2110,124796,491,
s692120344,p02936,u062736195,1584462564,Java,Java8 (OpenJDK 1.8.0),java,Runtime Error,2017,163576,1559,
s977819025,p02936,u062736195,1584457946,Java,Java8 (OpenJDK 1.8.0),java,Time Limit Exceeded,2110,183548,1296,
s684138095,p02936,u832719018,1584439653,Python,PyPy3 (2.4.0),py,Runtime Error,845,136140,504,
s719176821,p02936,u832719018,1584439645,Python,Python (3.4.3),py,Runtime Error,1077,53836,504,
s009904744,p02936,u173574510,1584421747,Java,Java8 (OpenJDK 1.8.0),java,Wrong Answer,1822,194552,3662,
s559531173,p02936,u557282438,1584420890,Python,Python (3.4.3),py,Accepted,1769,53016,554,
s618388599,p02936,u557282438,1584420708,Python,Python (3.4.3),py,Time Limit Exceeded,2115,128096,640,
s651154532,p02936,u173574510,1584420242,Java,Java8 (OpenJDK 1.8.0),java,Wrong Answer,2110,335880,3557,
s516688063,p02936,u557282438,1584420079,Python,Python (3.4.3),py,Wrong Answer,1989,126456,512,
s308923064,p02936,u173574510,1584419614,Java,Java8 (OpenJDK 1.8.0),java,Wrong Answer,2107,336452,3909,
s738110187,p02936,u173574510,1584419494,Java,Java8 (OpenJDK 1.8.0),java,Wrong Answer,2110,221676,4004,
s483720358,p02936,u607594286,1584418898,C++,C++14 (GCC 5.4.1),cpp,Accepted,298,32128,1140,
s602405259,p02936,u607594286,1584418441,C++,C++14 (GCC 5.4.1),cpp,Wrong Answer,287,28928,1035,
s033998944,p02936,u557282438,1584418325,Python,Python (3.4.3),py,Wrong Answer,2111,124164,468,
s474538171,p02936,u607594286,1584418178,C++,C++14 (GCC 5.4.1),cpp,Wrong Answer,311,27392,1001,
s167520941,p02936,u966695319,1584417773,Python,PyPy3 (2.4.0),py,Accepted,825,92876,590,
s387059253,p02936,u966695319,1584416500,Python,PyPy3 (2.4.0),py,Wrong Answer,2114,160016,679,
s228160402,p02936,u866370648,1584415456,C,C (GCC 5.4.1),c,Accepted,132,15744,2812,
s510296228,p02936,u231230182,1584415030,C++,C++14 (GCC 5.4.1),cpp,Accepted,314,30464,712,
s144128803,p02936,u866370648,1584414638,C,C (GCC 5.4.1),c,Time Limit Exceeded,2104,14208,2813,
s049057341,p02936,u966695319,1584414200,Python,PyPy3 (2.4.0),py,Wrong Answer,2125,347608,755,
s113203446,p02936,u652009496,1584412864,C++,C++14 (GCC 5.4.1),cpp,Accepted,326,30592,4034,
s691684490,p02936,u866370648,1584412707,C,C (GCC 5.4.1),c,Time Limit Exceeded,2104,15488,3758,
s500417223,p02936,u764600134,1584412689,Python,Python (3.4.3),py,Runtime Error,2108,114376,1167,
s381395111,p02936,u966695319,1584412687,Python,PyPy3 (2.4.0),py,Wrong Answer,2120,265048,688,
s838072518,p02936,u721970149,1584412618,Python,Python (3.4.3),py,Accepted,1635,232496,500,
s689004224,p02936,u721970149,1584412554,Python,PyPy3 (2.4.0),py,Time Limit Exceeded,2158,787448,500,
s112588196,p02936,u966695319,1584412499,Python,PyPy3 (2.4.0),py,Wrong Answer,2123,309336,688,
s876844981,p02936,u986437843,1584412491,C++,C++14 (GCC 5.4.1),cpp,Accepted,180,44200,229586,
s944832764,p02936,u721970149,1584412379,Python,PyPy3 (2.4.0),py,Time Limit Exceeded,2153,814712,539,
s891733321,p02936,u721970149,1584411968,Python,PyPy3 (2.4.0),py,Wrong Answer,3136,66048,622,
s064568647,p02936,u966695319,1584411457,Python,PyPy3 (2.4.0),py,Wrong Answer,2124,339832,662,
s485084401,p02936,u966695319,1584411415,Python,Python (3.4.3),py,Runtime Error,2109,114120,662,
s200765002,p02936,u966695319,1584411387,Python,Python (3.4.3),py,Runtime Error,18,2940,661,
s900135490,p02936,u966695319,1584411353,Python,Python (3.4.3),py,Runtime Error,2109,108968,621,
s475324453,p02936,u721970149,1584411057,Python,PyPy3 (2.4.0),py,Wrong Answer,3270,66172,515,
s119988353,p02936,u866370648,1584410483,C,C (GCC 5.4.1),c,Time Limit Exceeded,2108,12672,2836,
s264923484,p02936,u866370648,1584410310,C,C (GCC 5.4.1),c,Runtime Error,123,6528,2838,
s846427347,p02936,u866370648,1584410232,C,C (GCC 5.4.1),c,Runtime Error,122,8448,2836,
s508197990,p02936,u866370648,1584409938,C,C (GCC 5.4.1),c,Runtime Error,122,6528,2764,
s793002659,p02936,u866370648,1584409161,C,C (GCC 5.4.1),c,Runtime Error,131,7168,2617,
s310104031,p02936,u579644164,1584408213,C++,C++14 (GCC 5.4.1),cpp,Wrong Answer,267,13312,647,
s169649100,p02936,u764600134,1584406175,Python,Python (3.4.3),py,Wrong Answer,1514,159168,1048,
s915707850,p02936,u764600134,1584406080,Python,Python (3.4.3),py,Time Limit Exceeded,2092,237024,664,
s549295977,p02936,u764600134,1584406015,Python,Python (3.4.3),py,Accepted,1769,291188,1832,
s196336167,p02936,u764600134,1584405401,Python,Python (3.4.3),py,Runtime Error,2107,107220,1108,
s110836113,p02936,u764600134,1584404687,Python,Python (3.4.3),py,Runtime Error,1802,72164,819,
s214826231,p02936,u056977516,1584402961,Python,Python (3.4.3),py,Wrong Answer,2107,67532,1277,
s461818665,p02936,u579644164,1584400757,C++,C++14 (GCC 5.4.1),cpp,Wrong Answer,267,7936,629,
s599798908,p02936,u579644164,1584400137,C++,C++14 (GCC 5.4.1),cpp,Wrong Answer,249,6144,462,
s389397972,p02936,u832719018,1584397244,Python,Python (3.4.3),py,Time Limit Exceeded,2118,232496,507,
s127521804,p02936,u832719018,1584397173,Python,Python (3.4.3),py,Accepted,1639,232496,533,
s158962165,p02936,u832719018,1584397102,Python,PyPy3 (2.4.0),py,Time Limit Exceeded,2127,391928,506,
s618310422,p02936,u832719018,1584397072,Python,PyPy3 (2.4.0),py,Time Limit Exceeded,2152,785272,532,
s366063402,p02936,u832719018,1584397014,Python,PyPy3 (2.4.0),py,Runtime Error,2053,130892,497,
s865709017,p02936,u832719018,1584396946,Python,PyPy3 (2.4.0),py,Runtime Error,1880,130892,433,
s869091235,p02936,u832719018,1584396806,Python,PyPy3 (2.4.0),py,Runtime Error,1991,130892,465,
s951202895,p02936,u832719018,1584392540,Python,Python (3.4.3),py,Runtime Error,1811,53836,457,
s217754114,p02936,u746419473,1584392491,Python,Python (3.4.3),py,Time Limit Exceeded,2118,230960,513,
s447247040,p02936,u746419473,1584392207,Python,Python (3.4.3),py,Time Limit Exceeded,2112,230932,492,
s624045477,p02936,u746419473,1584392027,Python,PyPy3 (2.4.0),py,Time Limit Exceeded,2120,285744,518,
s304459451,p02936,u746419473,1584391974,Python,Python (3.4.3),py,Time Limit Exceeded,2118,243044,518,
s162727760,p02936,u746419473,1584391788,Python,Python (3.4.3),py,Time Limit Exceeded,2118,243112,625,
s972465654,p02936,u746419473,1584391632,Python,Python (3.4.3),py,Time Limit Exceeded,2117,239660,641,
s673916403,p02936,u832719018,1584391598,Python,PyPy3 (2.4.0),py,Runtime Error,1992,130636,457,
s636786581,p02936,u832719018,1584391466,Python,PyPy3 (2.4.0),py,Runtime Error,2109,130892,469,
s364912456,p02936,u746419473,1584391457,Python,Python (3.4.3),py,Time Limit Exceeded,2117,229540,668,
s500632299,p02936,u746419473,1584390881,Python,Python (3.4.3),py,Time Limit Exceeded,2112,241644,685,
s822663089,p02936,u746419473,1584388898,Python,Python (3.4.3),py,Wrong Answer,2117,231480,614,
s304684618,p02936,u885630173,1584388835,Python,Python (3.4.3),py,Accepted,1878,228912,588,
s917301220,p02936,u885630173,1584388782,Python,Python (3.4.3),py,Runtime Error,1959,61980,521,
s633887689,p02936,u720321944,1584386438,C++,C++14 (GCC 5.4.1),cpp,Accepted,608,33664,1037,
s824786828,p02936,u720321944,1584385928,C++,C++14 (GCC 5.4.1),cpp,Wrong Answer,341,21120,924,
s898308262,p02936,u720321944,1584385281,C++,C++14 (GCC 5.4.1),cpp,Runtime Error,412,14976,825,
s732872316,p02936,u720321944,1584385164,C++,C++14 (GCC 5.4.1),cpp,Runtime Error,334,14080,825,
s187386380,p02936,u720321944,1584384511,C++,C++14 (GCC 5.4.1),cpp,Wrong Answer,2231,1678656,931,
s146435469,p02936,u720321944,1584383714,C++,C++14 (GCC 5.4.1),cpp,Wrong Answer,2229,1725572,901,
s046268137,p02936,u918624145,1584376834,C#,C# (Mono 4.6.2.0),cs,Accepted,629,84868,1910,
s336682053,p02936,u918624145,1584375004,C#,C# (Mono 4.6.2.0),cs,Wrong Answer,2108,21612,1653,
s455782641,p02936,u918624145,1584374509,C#,C# (Mono 4.6.2.0),cs,Runtime Error,493,32624,1596,
s578521654,p02936,u918624145,1584374303,C#,C# (Mono 4.6.2.0),cs,Runtime Error,2108,32624,1509,
s408304958,p02936,u079022693,1584373116,Python,Python (3.4.3),py,Accepted,1034,64784,819,
s911479725,p02936,u385244248,1584342782,Python,Python (3.4.3),py,Accepted,1736,244004,852,
s497594309,p02936,u385244248,1584342678,Python,Python (3.4.3),py,Time Limit Exceeded,2111,244004,859,
s010804265,p02936,u385244248,1584342354,Python,Python (3.4.3),py,Time Limit Exceeded,2115,266068,999,
s837637493,p02936,u385244248,1584341951,Python,PyPy3 (2.4.0),py,Time Limit Exceeded,2168,1016672,917,
s911233406,p02936,u385244248,1584341880,Python,Python (3.4.3),py,Time Limit Exceeded,2113,239376,917,
s270881939,p02936,u385244248,1584341374,Python,Python (3.4.3),py,Wrong Answer,1542,235960,750,
s665749696,p02936,u385244248,1584341025,Python,Python (3.4.3),py,Wrong Answer,2117,222116,688,
s402335157,p02936,u385244248,1584340694,Python,Python (3.4.3),py,Runtime Error,2106,52520,675,
s630889205,p02936,u385244248,1584340624,Python,Python (3.4.3),py,Runtime Error,2106,40028,633,
s576492110,p02936,u601256797,1584334610,C++,C++14 (GCC 5.4.1),cpp,Accepted,303,21232,851,
s529401897,p02936,u815026012,1584334474,C++,C++14 (GCC 5.4.1),cpp,Accepted,309,38400,1129,
s070056801,p02936,u162773977,1584332353,Lua,LuaJIT (2.0.4),lua,Runtime Error,917,57132,1514,
s681731476,p02936,u162773977,1584332337,Lua,Lua (5.3.2),lua,Runtime Error,1319,148052,1514,
s027984958,p02936,u162773977,1584332157,Lua,LuaJIT (2.0.4),lua,Accepted,1359,128852,1830,
s710827175,p02936,u162773977,1584332055,Lua,Lua (5.3.2),lua,Accepted,1964,227832,1830,
s361084360,p02936,u162773977,1584331870,Lua,Lua (5.3.2),lua,Time Limit Exceeded,2072,227808,1793,
s906458636,p02936,u483992368,1584330171,C++,C++14 (GCC 5.4.1),cpp,Accepted,306,29824,880,
s963346532,p02936,u943966256,1584329599,C++,C++14 (GCC 5.4.1),cpp,Accepted,396,25088,1247,
s941658620,p02936,u943966256,1584329448,C++,C++ (GCC 5.4.1),cpp,Compile Error,,,1246,
s519948640,p02936,u815026012,1584324809,C++,C++14 (GCC 5.4.1),cpp,Wrong Answer,2105,25216,956,
s604848036,p02936,u919730120,1584324451,Python,Python (3.4.3),py,Accepted,1022,67180,699,
s451488216,p02936,u815026012,1584323932,C++,C++14 (GCC 5.4.1),cpp,Runtime Error,3563,1780,1012,
s230405774,p02936,u688660263,1584323718,C++,C++14 (GCC 5.4.1),cpp,Accepted,145,32256,778,
s096647898,p02936,u919730120,1584322907,Python,Python (3.4.3),py,Wrong Answer,1362,59308,548,
s240384234,p02936,u528005130,1584311217,Python,PyPy3 (2.4.0),py,Accepted,1437,169700,704,
s441816064,p02936,u441575327,1584310815,Python,PyPy3 (2.4.0),py,Accepted,914,101504,761,
s557782907,p02936,u441575327,1584310587,Python,PyPy3 (2.4.0),py,Time Limit Exceeded,2019,113408,719,
s350470298,p02936,u528005130,1584310457,Python,PyPy3 (2.4.0),py,Time Limit Exceeded,2112,141536,666,
s184441724,p02936,u441575327,1584310448,Python,PyPy3 (2.4.0),py,Time Limit Exceeded,2109,112128,576,
s395216792,p02936,u441575327,1584310077,Python,PyPy3 (2.4.0),py,Wrong Answer,1977,96256,465,
s723076050,p02936,u528005130,1584310002,Python,PyPy3 (2.4.0),py,Time Limit Exceeded,2112,141536,666,
s157798562,p02936,u441575327,1584309946,Python,Python (3.4.3),py,Wrong Answer,2024,63356,465,
s507477953,p02936,u528005130,1584309823,Python,PyPy3 (2.4.0),py,Time Limit Exceeded,2113,140176,666,
s639748171,p02936,u092301301,1584304925,Python,PyPy3 (2.4.0),py,Accepted,1293,204624,724,
s306735658,p02936,u092301301,1584304873,Python,Python (3.4.3),py,Time Limit Exceeded,2079,191324,724,
s360767073,p02936,u092301301,1584304353,Python,Python (3.4.3),py,Wrong Answer,1797,190020,693,
s828883410,p02936,u374929478,1584299734,C++,C++14 (GCC 5.4.1),cpp,Accepted,288,20736,1284,
s415831251,p02936,u394919721,1584299537,C++,C++14 (GCC 5.4.1),cpp,Accepted,128,19568,2552,
s524441258,p02936,u394919721,1584298602,C++,C++14 (GCC 5.4.1),cpp,Wrong Answer,134,21104,2657,
s919006965,p02936,u394919721,1584298547,C++,C++14 (GCC 5.4.1),cpp,Runtime Error,102,2560,2657,
s314951463,p02936,u092301301,1584298040,Python,Python (3.4.3),py,Accepted,1816,251416,556,
s030251389,p02936,u092301301,1584297879,Python,PyPy3 (2.4.0),py,Time Limit Exceeded,2144,674768,556,
s043519706,p02936,u353542198,1584269365,C++,C++14 (GCC 5.4.1),cpp,Accepted,370,24320,854,
s185408756,p02936,u353542198,1584268050,C++,C++14 (GCC 5.4.1),cpp,Wrong Answer,484,42240,807,
s944980705,p02936,u498141549,1584243562,C++,C++14 (Clang 3.8.0),cpp,Accepted,808,24320,1025,
s283312235,p02936,u498141549,1584243410,C++,C++14 (Clang 3.8.0),cpp,Wrong Answer,727,21120,941,
s161355988,p02936,u021548497,1584233477,Python,Python (3.4.3),py,Time Limit Exceeded,2110,105312,676,
s940470850,p02936,u237620737,1584231562,C++,C++14 (GCC 5.4.1),cpp,Accepted,145,30592,2395,
s492272073,p02936,u237620737,1584231533,C++,C++14 (GCC 5.4.1),cpp,Accepted,140,30592,2395,
s016067669,p02936,u237620737,1584231460,C++,C++14 (GCC 5.4.1),cpp,Accepted,135,30592,2428,
s609509458,p02936,u237620737,1584231423,C++,C++14 (GCC 5.4.1),cpp,Wrong Answer,121,30592,2431,
s683808551,p02936,u021548497,1584231283,Python,Python (3.4.3),py,Time Limit Exceeded,2193,1259524,749,
s458975510,p02936,u237620737,1584231051,C++,C++14 (GCC 5.4.1),cpp,Wrong Answer,2105,30464,2384,
s647466683,p02936,u021548497,1584229894,Python,Python (3.4.3),py,Wrong Answer,1992,73548,450,
s019265788,p02936,u021548497,1584229377,Python,Python (3.4.3),py,Wrong Answer,1398,25856,263,
s566553771,p02936,u366381207,1584228582,C++,C++14 (GCC 5.4.1),cpp,Accepted,365,25856,1337,
s002395353,p02936,u904131021,1584223209,C++,C++14 (GCC 5.4.1),cpp,Accepted,389,23552,770,
s480142182,p02936,u644332191,1584222575,C++,C++14 (GCC 5.4.1),cpp,Accepted,371,32128,1345,
s701749604,p02936,u038024401,1584221925,Python,Python (3.4.3),py,Accepted,1701,268464,581,
s762253677,p02936,u002539468,1584221634,Python,Python (3.4.3),py,Time Limit Exceeded,2116,244884,905,
s599101820,p02936,u189479417,1584221376,Python,Python (3.4.3),py,Accepted,1786,286076,554,
s214657862,p02936,u189479417,1584220952,Python,Python (3.4.3),py,Time Limit Exceeded,2118,232456,486,
s334619649,p02936,u784448849,1584220898,Kotlin,Kotlin (1.0.0),kt,Accepted,1241,155824,1204,
s437869522,p02936,u189479417,1584220710,Python,Python (3.4.3),py,Time Limit Exceeded,2131,437548,447,
s436993587,p02936,u189479417,1584220089,Python,Python (3.4.3),py,Wrong Answer,2111,225444,497,
s844794824,p02936,u539145601,1584220053,C++,C++14 (GCC 5.4.1),cpp,Accepted,294,16372,915,
s584950158,p02936,u397384480,1584219867,Python,PyPy3 (2.4.0),py,Accepted,752,93972,563,
s158391233,p02936,u397384480,1584219825,Python,PyPy3 (2.4.0),py,Accepted,818,94100,567,
s985485926,p02936,u189479417,1584219602,Python,Python (3.4.3),py,Time Limit Exceeded,2117,232456,477,
s508995745,p02936,u397384480,1584219560,Python,PyPy3 (2.4.0),py,Accepted,777,92876,526,
s117298017,p02936,u397384480,1584219390,Python,PyPy3 (2.4.0),py,Time Limit Exceeded,2108,92876,527,
s006847523,p02936,u189479417,1584219336,Python,Python (3.4.3),py,Time Limit Exceeded,2120,232536,466,
s112230581,p02936,u189479417,1584219071,Python,Python (3.4.3),py,Time Limit Exceeded,2121,239792,621,
s436072157,p02936,u397384480,1584217683,Python,PyPy3 (2.4.0),py,Wrong Answer,2110,104396,487,
s773065592,p02936,u189479417,1584217312,Python,PyPy3 (2.4.0),py,Time Limit Exceeded,2134,485496,644,
s532906395,p02936,u397384480,1584217241,Python,PyPy3 (2.4.0),py,Wrong Answer,2110,156908,499,
s972487729,p02936,u189479417,1584217191,Python,Python (3.4.3),py,Time Limit Exceeded,2184,1077184,644,
s272129587,p02936,u189479417,1584216137,Python,PyPy3 (2.4.0),py,Runtime Error,2111,134244,604,
s656585063,p02936,u189479417,1584215989,Python,Python (3.4.3),py,Runtime Error,2109,84100,604,
s018236897,p02936,u189479417,1584215847,Python,Python (3.4.3),py,Runtime Error,2109,84176,576,
s140748305,p02936,u566428756,1584204767,Python,Python (3.4.3),py,Accepted,1692,56084,456,
s635308221,p02936,u316440712,1584201019,C++,C++14 (GCC 5.4.1),cpp,Accepted,34,11648,7213,
s379993754,p02936,u986568278,1584200823,C++,C++14 (GCC 5.4.1),cpp,Wrong Answer,2104,16256,1757,
s299040200,p02936,u225581241,1584197748,C++,C++14 (GCC 5.4.1),cpp,Accepted,141,24320,1117,
s021596762,p02936,u068727970,1584194007,Python,Python (3.4.3),py,Wrong Answer,2134,492768,665,
s335381595,p02936,u068727970,1584193835,Python,Python (3.4.3),py,Wrong Answer,2134,492764,610,
s722698253,p02936,u068727970,1584193379,Python,Python (3.4.3),py,Wrong Answer,2135,492776,638,
s063977293,p02936,u170199544,1584192332,C++,C++14 (GCC 5.4.1),cpp,Accepted,265,39296,1372,
s713313604,p02936,u068727970,1584192277,Python,Python (3.4.3),py,Wrong Answer,2128,374112,599,
s488891692,p02936,u170199544,1584192164,C++,C++14 (GCC 5.4.1),cpp,Wrong Answer,227,39168,1281,
s919778356,p02936,u068727970,1584191937,Python,Python (3.4.3),py,Runtime Error,1733,132220,597,
s355791807,p02936,u068727970,1584191915,Python,Python (3.4.3),py,Runtime Error,1743,97744,596,
s607665104,p02936,u068727970,1584191839,Python,Python (3.4.3),py,Runtime Error,1597,64048,595,
s334085097,p02936,u316440712,1584160438,C++,C++14 (GCC 5.4.1),cpp,Accepted,34,11648,7512,
s872286135,p02936,u125545880,1584160159,Python,Python (3.4.3),py,Accepted,1182,62576,768,
s947012438,p02936,u125545880,1584159898,Python,Python (3.4.3),py,Wrong Answer,2107,168208,767,
s266221853,p02936,u125545880,1584157569,Python,Python (3.4.3),py,Accepted,1990,236924,663,
s770002296,p02936,u125545880,1584157131,Python,Python (3.4.3),py,Time Limit Exceeded,2123,252252,712,
s361132958,p02936,u119655368,1584156558,Python,Python (3.4.3),py,Accepted,1654,56160,511,
s674003285,p02936,u119655368,1584156538,Python,Python (3.4.3),py,Runtime Error,1448,47784,492,
s941664399,p02936,u125545880,1584155777,Python,Python (3.4.3),py,Wrong Answer,2123,246936,632,
s334609260,p02936,u537852947,1584155373,C++,C++14 (GCC 5.4.1),cpp,Accepted,304,15608,1292,
s454249797,p02936,u150376070,1584153723,C++,C++14 (GCC 5.4.1),cpp,Accepted,128,22528,4277,
s333037345,p02936,u136869985,1584153574,C++,C++14 (GCC 5.4.1),cpp,Accepted,158,26624,788,
s139964455,p02936,u490963780,1584150224,C++,C++14 (GCC 5.4.1),cpp,Accepted,658,23552,882,
s386687997,p02936,u537852947,1584147336,C++,C++14 (GCC 5.4.1),cpp,Wrong Answer,255,5504,560,
s429174388,p02936,u312695001,1584146323,Python,Python (2.7.6),py,Wrong Answer,2167,844008,557,
s753249924,p02936,u312695001,1584146028,Python,Python (2.7.6),py,Runtime Error,1382,83944,640,
s891893062,p02936,u312695001,1584145868,Python,Python (2.7.6),py,Runtime Error,1399,74728,514,
s419818744,p02936,u239409893,1584142025,C++,C++14 (GCC 5.4.1),cpp,Accepted,379,24320,749,
s145739183,p02936,u700805562,1584140568,Python,Python (3.4.3),py,Accepted,1730,56084,470,
s170888967,p02936,u700805562,1584138871,Python,Python (3.4.3),py,Runtime Error,1699,61144,518,
s063829190,p02936,u316440712,1584138053,C++,C++14 (GCC 5.4.1),cpp,Accepted,31,13056,7530,
s909869105,p02936,u316440712,1584137627,C++,C++14 (GCC 5.4.1),cpp,Accepted,35,18048,7595,
s772700378,p02936,u316440712,1584137538,C++,C++14 (GCC 5.4.1),cpp,Accepted,33,13824,7602,
s634160372,p02936,u316440712,1584137237,C++,C++14 (GCC 5.4.1),cpp,Runtime Error,422,262400,7602,
s721530943,p02936,u316440712,1584137139,C++,C++14 (GCC 5.4.1),cpp,Wrong Answer,33,13824,7571,
s924956510,p02936,u168860135,1584127860,C++,C++14 (GCC 5.4.1),cpp,Accepted,303,23168,766,
s934852717,p02936,u168860135,1584127563,C++,C++14 (GCC 5.4.1),cpp,Wrong Answer,321,23680,777,
s274336296,p02936,u168860135,1584127438,C++,C++14 (GCC 5.4.1),cpp,Wrong Answer,342,22912,751,
s366601552,p02936,u168860135,1584127125,C++,C++14 (GCC 5.4.1),cpp,Runtime Error,3512,1780,753,
s449692601,p02936,u168860135,1584126952,C++,C++14 (GCC 5.4.1),cpp,Runtime Error,3465,1780,823,
s169319317,p02936,u678167152,1584122466,Python,Python (3.4.3),py,Wrong Answer,1648,44784,367,
s870025010,p02936,u998262711,1584122148,Python,PyPy3 (2.4.0),py,Time Limit Exceeded,2130,385272,543,
s257721097,p02936,u998262711,1584121702,Python,Python (3.4.3),py,Time Limit Exceeded,2112,233552,718,
s959783360,p02936,u678167152,1584121592,Python,Python (3.4.3),py,Runtime Error,2106,37612,396,
s128950596,p02936,u998262711,1584121385,Python,Python (3.4.3),py,Wrong Answer,2000,227164,649,
s603555274,p02936,u998262711,1584117995,Python,Python (3.4.3),py,Wrong Answer,2117,217520,589,
s400086757,p02936,u548768105,1584091440,C++,C++14 (GCC 5.4.1),cpp,Accepted,309,24320,1697,
s664467563,p02936,u585482323,1584090389,Python,Python (3.4.3),py,Accepted,1231,56192,1415,
s141339422,p02936,u585482323,1584090356,Python,PyPy3 (2.4.0),py,Accepted,793,96532,1415,
s091413704,p02936,u585482323,1584090222,Python,PyPy3 (2.4.0),py,Time Limit Exceeded,2144,655096,1228,
s106823831,p02936,u095266283,1584086408,C++,C++14 (GCC 5.4.1),cpp,Accepted,123,16372,2893,
s164279419,p02936,u095266283,1584086021,C++,C++14 (GCC 5.4.1),cpp,Accepted,133,16372,2901,
s976362632,p02936,u686230543,1584084277,Python,Python (3.4.3),py,Accepted,1739,66864,519,
s388345973,p02936,u081780426,1584073232,Java,Java8 (OpenJDK 1.8.0),java,Accepted,1964,225452,1066,
s505260980,p02936,u150542210,1584072622,Go,Go (1.6),go,Accepted,320,86784,2139,
s039954073,p02936,u836743234,1584069486,C++,C++14 (GCC 5.4.1),cpp,Accepted,331,30592,1312,
s772167912,p02936,u131946248,1584067788,C++,C++14 (GCC 5.4.1),cpp,Accepted,450,36736,1403,
s481573381,p02936,u131946248,1584067550,C++,C++14 (GCC 5.4.1),cpp,Wrong Answer,381,36736,1374,
s266449864,p02936,u630211216,1584064626,C++,C++14 (GCC 5.4.1),cpp,Accepted,311,28160,711,
s177625001,p02936,u566428756,1584063737,Python,Python (3.4.3),py,Wrong Answer,1704,61792,314,
s712569499,p02936,u566428756,1584062554,Python,Python (3.4.3),py,Runtime Error,2106,55364,365,
s985193625,p02936,u679325651,1584058310,Python,Python (3.4.3),py,Runtime Error,2110,116724,522,
s316279754,p02936,u679325651,1584058117,Python,Python (3.4.3),py,Runtime Error,2110,107452,494,
s312721665,p02936,u113971909,1584057513,Python,Python (3.4.3),py,Accepted,1737,64160,467,
s440274895,p02936,u113971909,1584057399,Python,Python (3.4.3),py,Accepted,1721,64280,412,
s932453047,p02936,u850516963,1584057054,C++,C++14 (GCC 5.4.1),cpp,Accepted,352,23424,2867,
s070781686,p02936,u770009793,1584054226,C++,C++14 (GCC 5.4.1),cpp,Accepted,134,23680,1065,
s755030689,p02936,u103557284,1584053069,C++,C++14 (GCC 5.4.1),cpp,Accepted,153,25856,1216,
s815198699,p02936,u850516963,1584049822,C++,C++14 (GCC 5.4.1),cpp,Wrong Answer,2104,20224,2792,
s808051004,p02936,u001566280,1584042140,C++,C++14 (GCC 5.4.1),cpp,Accepted,167,31232,7019,
s714266567,p02936,u913226400,1584041768,C++,C++14 (Clang 3.8.0),cpp,Accepted,744,33664,1014,
s890128517,p02936,u382890689,1584023723,C++,C++14 (GCC 5.4.1),cpp,Accepted,374,23680,887,
s753950250,p02936,u801513186,1584023538,C++,C++14 (GCC 5.4.1),cpp,Wrong Answer,714,139972,1976,
s803899774,p02936,u382890689,1584023434,C++,C++14 (GCC 5.4.1),cpp,Wrong Answer,367,23424,774,
s599834794,p02936,u382890689,1584022080,C++,C++14 (GCC 5.4.1),cpp,Wrong Answer,2105,22912,816,
s601013400,p02936,u382890689,1584021866,C++,C++14 (GCC 5.4.1),cpp,Wrong Answer,2105,24960,812,
s404035539,p02936,u811472478,1584020433,C++,C++14 (GCC 5.4.1),cpp,Accepted,285,18032,1281,
s231588230,p02936,u002539468,1583989278,Python,Python (3.4.3),py,Runtime Error,2110,121852,861,
s953620777,p02936,u341406884,1583987389,C++,C++14 (GCC 5.4.1),cpp,Accepted,367,24192,1500,
s750308318,p02936,u224353074,1583985520,Python,PyPy3 (2.4.0),py,Time Limit Exceeded,2116,216500,2043,
s972844799,p02936,u224353074,1583984160,Python,PyPy3 (2.4.0),py,Time Limit Exceeded,2116,220564,2048,
s273671364,p02936,u224353074,1583983983,Python,PyPy3 (2.4.0),py,Wrong Answer,838,124060,1868,
s194690339,p02936,u224353074,1583983923,Python,PyPy3 (2.4.0),py,Wrong Answer,619,78428,241,
s525031657,p02936,u224353074,1583983883,Python,PyPy3 (2.4.0),py,Runtime Error,172,38256,230,
s535560938,p02936,u224353074,1583983863,Python,PyPy3 (2.4.0),py,Runtime Error,170,38384,248,
s692049639,p02936,u224353074,1583983181,Python,PyPy3 (2.4.0),py,Time Limit Exceeded,2113,163348,2050,
s207527756,p02936,u610104058,1583982231,C#,C# (Mono 4.6.2.0),cs,Time Limit Exceeded,2110,78476,7426,
s619424817,p02936,u610104058,1583982028,C#,C# (Mono 4.6.2.0),cs,Accepted,691,59280,7440,
s521672599,p02936,u610104058,1583981013,C#,C# (Mono 4.6.2.0),cs,Time Limit Exceeded,2112,75488,7354,
s503748620,p02936,u224353074,1583980329,Python,PyPy3 (2.4.0),py,Time Limit Exceeded,2110,130712,2019,
s622321091,p02936,u224353074,1583980262,Python,PyPy3 (2.4.0),py,Wrong Answer,2111,130712,2018,
s860966137,p02936,u169138653,1583980013,Python,Python (3.4.3),py,Accepted,1672,54524,524,
s979641960,p02936,u840579553,1583978933,Python,Python (3.4.3),py,Accepted,1794,279408,2355,
s373719871,p02936,u024383312,1583978052,Python,Python (3.4.3),py,Accepted,1971,231052,623,
s445019673,p02936,u095266283,1583977563,C++,C++14 (GCC 5.4.1),cpp,Accepted,159,20736,2797,
s582255333,p02936,u024383312,1583976835,Python,Python (3.4.3),py,Time Limit Exceeded,2073,295188,664,
s107786671,p02936,u024383312,1583976473,Python,Python (3.4.3),py,Runtime Error,1542,79916,630,
s759773938,p02936,u294700660,1583976255,C++,C++14 (GCC 5.4.1),cpp,Wrong Answer,2104,23476,1360,
s784681879,p02936,u047102107,1583976081,Python,PyPy3 (2.4.0),py,Accepted,1133,206928,722,
s166724700,p02936,u047102107,1583975768,Python,PyPy3 (2.4.0),py,Accepted,1319,204624,664,
s202836311,p02936,u047102107,1583975348,Python,PyPy3 (2.4.0),py,Wrong Answer,2111,141708,678,
s179447769,p02936,u840579553,1583970356,Python,Python (3.4.3),py,Time Limit Exceeded,2117,230960,1935,
s800783294,p02936,u840579553,1583970160,Python,Python (3.4.3),py,Runtime Error,1855,52312,1903,
s967477328,p02936,u840579553,1583969806,Python,Python (3.4.3),py,Time Limit Exceeded,2123,240776,1901,
s437234073,p02936,u840579553,1583969457,Python,Python (3.4.3),py,Time Limit Exceeded,2127,219772,1896,
s216899156,p02936,u840579553,1583969381,Python,Python (3.4.3),py,Wrong Answer,2118,176192,1894,
s085649547,p02936,u840579553,1583969195,Python,Python (3.4.3),py,Wrong Answer,2128,269724,1957,
s923412103,p02936,u603234915,1583967361,C++,C++14 (GCC 5.4.1),cpp,Accepted,339,16372,1323,
s752689703,p02936,u195054737,1583965693,Python,Python (3.4.3),py,Time Limit Exceeded,2118,230960,500,
s328189461,p02936,u195054737,1583965645,Python,Python (3.4.3),py,Accepted,1748,230932,546,
s687389002,p02936,u195054737,1583965587,Python,Python (3.4.3),py,Runtime Error,18,2940,549,
s364708518,p02936,u195054737,1583965276,Python,Python (3.4.3),py,Time Limit Exceeded,2126,230576,502,
s132309547,p02936,u781758937,1583953951,Python,Python (3.4.3),py,Time Limit Exceeded,2109,157108,562,
s468919190,p02936,u781758937,1583953001,Python,Python (3.4.3),py,Accepted,1164,147300,620,
s721285216,p02936,u781758937,1583952498,Python,Python (3.4.3),py,Time Limit Exceeded,2041,116128,533,
s218667488,p02936,u781758937,1583952384,Python,PyPy3 (2.4.0),py,Time Limit Exceeded,2081,133876,534,
s479969968,p02936,u781758937,1583952235,Python,Python (3.4.3),py,Time Limit Exceeded,2109,116100,531,
s665648915,p02936,u134302690,1583952131,Python,Python (3.4.3),py,Accepted,1317,116452,813,
s165067490,p02936,u781758937,1583952118,Python,Python (3.4.3),py,Time Limit Exceeded,2083,116100,533,
s923855134,p02936,u799910874,1583951775,Ruby,Ruby (2.3.3),rb,Accepted,1124,63012,669,
s223575280,p02936,u781758937,1583950283,Python,Python (3.4.3),py,Runtime Error,1764,59608,451,
s164432060,p02936,u781758937,1583949984,Python,Python (3.4.3),py,Runtime Error,2109,111412,483,
s117484778,p02936,u799910874,1583949209,Ruby,Ruby (2.3.3),rb,Runtime Error,1382,386260,683,
s456040121,p02936,u557565572,1583947004,Python,Python (3.4.3),py,Accepted,1775,56124,589,
s444842412,p02936,u557565572,1583946971,Python,Python (3.4.3),py,Wrong Answer,1543,49816,563,
s014569682,p02936,u557565572,1583946059,Python,Python (3.4.3),py,Wrong Answer,2112,103996,861,
s423061211,p02936,u557565572,1583945455,Python,Python (3.4.3),py,Wrong Answer,2110,104056,820,
s419126718,p02936,u557565572,1583945306,Python,Python (3.4.3),py,Wrong Answer,2111,104056,821,
s610775657,p02936,u557565572,1583945062,Python,Python (3.4.3),py,Wrong Answer,2116,104056,836,
s885767219,p02936,u557565572,1583944846,Python,Python (3.4.3),py,Wrong Answer,2110,105908,824,
s447272224,p02936,u557565572,1583944824,Python,Python (3.4.3),py,Runtime Error,18,3064,818,
s227790365,p02936,u557565572,1583944758,Python,Python (3.4.3),py,Wrong Answer,2110,104056,790,
s413892678,p02936,u799910874,1583944496,Ruby,Ruby (2.3.3),rb,Wrong Answer,1008,38408,254,
s518220834,p02936,u799910874,1583943004,Ruby,Ruby (2.3.3),rb,Wrong Answer,957,38280,249,
s918572034,p02936,u799910874,1583942048,Ruby,Ruby (2.3.3),rb,Runtime Error,1813,39460,305,
s431180792,p02936,u799910874,1583939875,Ruby,Ruby (2.3.3),rb,Wrong Answer,2112,370892,661,
s179644735,p02936,u799910874,1583937214,Ruby,Ruby (2.3.3),rb,Runtime Error,2109,46884,343,
s068281941,p02936,u578096004,1583936067,C#,C# (Mono 4.6.2.0),cs,Accepted,700,81868,1878,
s480457468,p02936,u697968316,1583924207,C++,C++14 (GCC 5.4.1),cpp,Accepted,634,23552,693,
s058973563,p02936,u873190923,1583917396,Python,PyPy3 (2.4.0),py,Wrong Answer,1724,86548,401,
s226056536,p02936,u678167152,1583916628,Python,Python (3.4.3),py,Runtime Error,2107,62784,509,
s053668492,p02936,u840579553,1583916331,Python,Python (3.4.3),py,Wrong Answer,2117,313876,2662,
s751972432,p02936,u678167152,1583914928,Python,Python (3.4.3),py,Runtime Error,2105,34380,461,
s117386716,p02936,u840579553,1583914820,Python,Python (3.4.3),py,Wrong Answer,2118,276392,2522,
s810295732,p02936,u077051605,1583910973,C++,C++14 (GCC 5.4.1),cpp,Accepted,664,23552,653,
s971601408,p02936,u526894223,1583909412,C++,C++14 (GCC 5.4.1),cpp,Accepted,145,30592,1622,
s465605917,p02936,u024383312,1583904124,Python,Python (3.4.3),py,Wrong Answer,1336,69860,890,
s830393303,p02936,u469612749,1583903357,C++,C++14 (GCC 5.4.1),cpp,Accepted,296,15604,1028,
s254024800,p02936,u024383312,1583903247,Python,Python (3.4.3),py,Wrong Answer,1786,69860,804,
s833556233,p02936,u024383312,1583902191,Python,Python (3.4.3),py,Wrong Answer,1471,47824,675,
s594925835,p02936,u979852867,1583902171,C++,C++14 (GCC 5.4.1),cpp,Accepted,406,33536,1195,
s089752338,p02936,u024383312,1583900486,Python,Python (3.4.3),py,Wrong Answer,1254,25860,517,
s472306410,p02936,u024383312,1583899361,Python,Python (3.4.3),py,Runtime Error,1292,42844,476,
s500794908,p02936,u024383312,1583898123,Python,Python (3.4.3),py,Runtime Error,1435,80356,431,
s121888148,p02936,u024383312,1583897929,Python,Python (3.4.3),py,Runtime Error,1444,78952,439,
s502690792,p02936,u389122588,1583897312,C++,C++14 (GCC 5.4.1),cpp,Accepted,297,18036,1057,
s752786332,p02936,u389122588,1583897089,C++,C++14 (GCC 5.4.1),cpp,Wrong Answer,286,16512,908,
s111135671,p02936,u224353074,1583896979,Python,PyPy3 (2.4.0),py,Accepted,1966,126048,576,
s351189077,p02936,u084218424,1583896135,C++,C++14 (GCC 5.4.1),cpp,Accepted,438,29556,1019,
s103291824,p02936,u644972721,1583895213,Python,Python (3.4.3),py,Accepted,1868,68484,1211,
s871220000,p02936,u389122588,1583895125,C++,C++14 (GCC 5.4.1),cpp,Wrong Answer,2107,15104,1023,
s384586297,p02936,u389122588,1583894697,C++,C++14 (GCC 5.4.1),cpp,Time Limit Exceeded,2104,18164,1388,
s572393624,p02936,u913226400,1583894132,C++,C++14 (Clang 3.8.0),cpp,Wrong Answer,2105,25216,870,
s676324905,p02936,u644972721,1583893695,Python,PyPy3 (2.4.0),py,Time Limit Exceeded,2110,134452,882,
s684050152,p02936,u644972721,1583893605,Python,Python (3.4.3),py,Time Limit Exceeded,2106,69932,882,
s097983509,p02936,u294700660,1583892889,C++,C++14 (GCC 5.4.1),cpp,Runtime Error,583,22400,1435,
s207911850,p02936,u389122588,1583892857,C++,C++14 (GCC 5.4.1),cpp,Wrong Answer,2104,12928,939,
s233629076,p02936,u881359256,1583890292,Java,Java8 (OpenJDK 1.8.0),java,Accepted,1946,222460,969,
s289354949,p02936,u881359256,1583890022,Java,Java8 (OpenJDK 1.8.0),java,Time Limit Exceeded,2109,215080,840,
s127967246,p02936,u084218424,1583886360,C++,C++14 (GCC 5.4.1),cpp,Wrong Answer,422,28160,988,
s686634123,p02936,u084218424,1583884689,C++,C++14 (GCC 5.4.1),cpp,Wrong Answer,426,28160,904,
s073027535,p02936,u084218424,1583884466,C++,C++14 (GCC 5.4.1),cpp,Wrong Answer,395,24320,867,
s584550089,p02936,u084218424,1583884296,C++,C++14 (GCC 5.4.1),cpp,Wrong Answer,381,24320,867,
s281362003,p02936,u084218424,1583883525,C++,C++14 (GCC 5.4.1),cpp,Wrong Answer,3849,2092408,901,
s278746272,p02936,u361381049,1583878049,Python,PyPy3 (2.4.0),py,Accepted,1932,132344,679,
s754735261,p02936,u361381049,1583877832,Python,Python (3.4.3),py,Accepted,1802,67200,677,
s743964402,p02936,u210827208,1583876780,Python,PyPy3 (2.4.0),py,Accepted,1830,105364,490,
s583204787,p02936,u210827208,1583876674,Python,Python (3.4.3),py,Accepted,1681,56084,490,
s746851645,p02936,u488878376,1583876415,C++,C++14 (GCC 5.4.1),cpp,Accepted,313,23424,1940,
s769527386,p02936,u488878376,1583875676,C++,C++14 (GCC 5.4.1),cpp,Wrong Answer,2104,21376,1948,
s183490896,p02936,u119575931,1583874557,C#,C# (Mono 4.6.2.0),cs,Wrong Answer,2109,57768,5064,
s847046273,p02936,u210827208,1583871921,Python,Python (3.4.3),py,Wrong Answer,1874,58472,356,
s310107572,p02936,u210827208,1583871789,Python,Python (3.4.3),py,Wrong Answer,1960,58596,356,
s858090021,p02936,u398685345,1583870826,C++,C++14 (GCC 5.4.1),cpp,Wrong Answer,248,4736,1076,
s467182237,p02936,u179778090,1583870213,C++,C++14 (GCC 5.4.1),cpp,Wrong Answer,312,29568,1495,
s976122807,p02936,u179778090,1583869895,C++,C++14 (GCC 5.4.1),cpp,Wrong Answer,308,23296,1542,
s965169047,p02936,u119575931,1583869546,C#,C# (Mono 4.6.2.0),cs,Wrong Answer,2113,59312,4987,
s328632433,p02936,u309141201,1583866680,Python,Python (3.4.3),py,Accepted,1756,55856,500,
s302557793,p02936,u309141201,1583866614,Python,Python (3.4.3),py,Accepted,1756,56180,509,
s439390313,p02936,u309141201,1583866534,Python,Python (3.4.3),py,Wrong Answer,1718,55820,508,
s018587886,p02936,u309141201,1583866355,Python,Python (3.4.3),py,Wrong Answer,1838,54900,467,
s204418775,p02936,u024383312,1583861948,Python,Python (3.4.3),py,Runtime Error,17,3064,299,
s462522336,p02936,u607229598,1583860648,C++,C++14 (GCC 5.4.1),cpp,Accepted,331,30592,4989,
s484214958,p02936,u392319141,1583860606,Python,Python (3.4.3),py,Accepted,1122,68716,573,
s007665757,p02936,u024383312,1583860412,Python,Python (3.4.3),py,Wrong Answer,2112,133780,934,
s362124949,p02936,u578096004,1583856041,C#,C# (Mono 4.6.2.0),cs,Wrong Answer,2111,88932,2207,
s379767327,p02936,u477343425,1583853919,C++,C++14 (GCC 5.4.1),cpp,Accepted,314,27392,1046,
s759150328,p02936,u558242240,1583837110,Python,Python (3.4.3),py,Accepted,1556,237748,557,
s429578028,p02936,u558242240,1583836945,Python,Python (3.4.3),py,Time Limit Exceeded,2118,237736,523,
s806338542,p02936,u558242240,1583836904,Python,Python (3.4.3),py,Accepted,1552,237724,522,
s620312835,p02936,u558242240,1583836879,Python,PyPy3 (2.4.0),py,Runtime Error,167,38384,535,
s006989431,p02936,u558242240,1583836339,Python,PyPy3 (2.4.0),py,Time Limit Exceeded,2125,340600,495,
s067288714,p02936,u558242240,1583836308,Python,Python (3.4.3),py,Time Limit Exceeded,2118,237736,495,
s811555866,p02936,u558242240,1583836190,Python,Python (3.4.3),py,Time Limit Exceeded,2118,237804,519,
s340007559,p02936,u873190923,1583830248,Python,PyPy3 (2.4.0),py,Wrong Answer,2125,357880,720,
s642162153,p02936,u873190923,1583830067,Python,PyPy3 (2.4.0),py,Time Limit Exceeded,2127,382468,811,
s659822644,p02936,u873190923,1583828873,Python,PyPy3 (2.4.0),py,Wrong Answer,2147,707832,697,
s087766117,p02936,u873190923,1583828329,Python,PyPy3 (2.4.0),py,Time Limit Exceeded,2145,684540,788,
s304958990,p02936,u873190923,1583827576,Python,PyPy3 (2.4.0),py,Time Limit Exceeded,2146,684536,793,
s979198983,p02936,u873190923,1583827382,Python,PyPy3 (2.4.0),py,Runtime Error,2112,145868,704,
s069734116,p02936,u160429264,1583825894,C++,C++14 (GCC 5.4.1),cpp,Wrong Answer,351,25968,2958,
s831408200,p02936,u160429264,1583825608,C++,C++14 (GCC 5.4.1),cpp,Wrong Answer,318,22656,2896,
s366335944,p02936,u160429264,1583824770,C++,C++14 (GCC 5.4.1),cpp,Runtime Error,282,18048,2481,
s010813574,p02936,u160429264,1583824301,C++,C++14 (GCC 5.4.1),cpp,Runtime Error,302,18048,2480,
s453968519,p02936,u648257619,1583816434,Python,PyPy3 (2.4.0),py,Accepted,1945,116352,278,
s798629939,p02936,u648257619,1583816098,Python,PyPy3 (2.4.0),py,Accepted,1971,116352,294,
s349375057,p02936,u648257619,1583815561,Python,PyPy3 (2.4.0),py,Time Limit Exceeded,2109,107904,302,
s957593419,p02936,u646792990,1583814505,C++,C++14 (GCC 5.4.1),cpp,Accepted,333,29824,774,
s443019382,p02936,u648257619,1583814059,Python,PyPy3 (2.4.0),py,Runtime Error,170,38640,213,
s612368807,p02936,u648257619,1583813918,Python,PyPy3 (2.4.0),py,Wrong Answer,2112,121132,204,
s001568708,p02936,u484274300,1583813822,C++,C++14 (GCC 5.4.1),cpp,Runtime Error,99,1024,2354,
s066216763,p02936,u021358975,1583812456,C++,C++14 (GCC 5.4.1),cpp,Accepted,289,24320,954,
s957498369,p02936,u820341516,1583810343,C++,C++14 (GCC 5.4.1),cpp,Accepted,145,29952,1688,
s451330612,p02936,u110653681,1583806630,C++,C++14 (GCC 5.4.1),cpp,Accepted,599,26624,641,
s370257931,p02936,u881359256,1583805791,Java,Java8 (OpenJDK 1.8.0),java,Accepted,1612,129280,2845,
s093266892,p02936,u559683797,1583799126,C++,C++14 (GCC 5.4.1),cpp,Accepted,321,28928,1272,
s856627851,p02936,u503228842,1583797825,Python,Python (3.4.3),py,Accepted,1606,230940,538,
s847778062,p02936,u503228842,1583797754,Python,Python (3.4.3),py,Accepted,1731,230940,538,
s254468061,p02936,u503228842,1583797682,Python,Python (3.4.3),py,Time Limit Exceeded,2118,230916,511,
s338784271,p02936,u503228842,1583797577,Python,Python (3.4.3),py,Runtime Error,2245,3932,488,
s921064112,p02936,u503228842,1583796965,Python,Python (3.4.3),py,Wrong Answer,1829,51160,283,
s574781137,p02936,u503228842,1583796924,Python,Python (3.4.3),py,Wrong Answer,1797,48560,283,
s646900819,p02936,u503228842,1583796905,Python,Python (3.4.3),py,Runtime Error,18,3064,283,
s322634799,p02936,u503228842,1583796398,Python,Python (3.4.3),py,Wrong Answer,2118,219800,378,
s160774181,p02936,u503228842,1583796357,Python,Python (3.4.3),py,Runtime Error,2106,40812,338,
s735418228,p02936,u576917603,1583794880,Python,Python (3.4.3),py,Accepted,1237,73212,675,
s573179160,p02936,u576917603,1583794056,Python,Python (3.4.3),py,Accepted,1776,73204,631,
s374067869,p02936,u576917603,1583793752,Python,Python (3.4.3),py,Time Limit Exceeded,2134,503216,666,
s612361807,p02936,u896014917,1583792836,C++,C++14 (GCC 5.4.1),cpp,Accepted,160,21248,2128,
s518741260,p02936,u747390421,1583791621,C++,C++14 (GCC 5.4.1),cpp,Accepted,546,23552,629,
s732846259,p02936,u896014917,1583791595,C++,C++14 (GCC 5.4.1),cpp,Wrong Answer,110,21120,2015,
s700696597,p02936,u559683797,1583790643,C++,C++14 (GCC 5.4.1),cpp,Wrong Answer,2105,26752,1248,
s654433033,p02936,u723394740,1583790309,C++,C++14 (GCC 5.4.1),cpp,Accepted,308,16500,1181,
s020543509,p02936,u201928947,1583782477,Python,Python (3.4.3),py,Accepted,1702,65652,464,
s108656009,p02936,u325956328,1583775318,Python,Python (3.4.3),py,Accepted,1604,268432,506,
s955672215,p02936,u325956328,1583775258,Python,PyPy3 (2.4.0),py,Time Limit Exceeded,2151,787448,506,
s790718338,p02936,u325956328,1583774435,Python,PyPy3 (2.4.0),py,Time Limit Exceeded,2124,351420,478,
s302636020,p02936,u325956328,1583774345,Python,Python (3.4.3),py,Time Limit Exceeded,2123,268396,478,
s739470740,p02936,u325956328,1583763742,Python,Python (3.4.3),py,Wrong Answer,2138,505904,458,
s885501904,p02936,u789673251,1583762653,C++,C++14 (GCC 5.4.1),cpp,Accepted,131,23552,1689,
s220236498,p02936,u477343425,1583762408,C++,C++14 (GCC 5.4.1),cpp,Accepted,305,27392,1134,
s232416837,p02936,u477343425,1583760609,C++,C++14 (GCC 5.4.1),cpp,Accepted,365,24320,592,
s019849020,p02936,u843722521,1583760127,Go,Go (1.6),go,Accepted,448,79104,1707,
s665897339,p02936,u583742345,1583743245,C++,C++14 (GCC 5.4.1),cpp,Accepted,149,27392,1756,
s787674970,p02936,u583742345,1583742199,C++,C++14 (GCC 5.4.1),cpp,Time Limit Exceeded,2105,29184,1608,
s954048996,p02936,u426764965,1583725238,Python,Python (3.4.3),py,Wrong Answer,2118,236784,564,
s309507612,p02936,u426764965,1583723336,Python,Python (3.4.3),py,Runtime Error,1591,71988,521,
s485186420,p02936,u426764965,1583722695,Python,Python (3.4.3),py,Wrong Answer,1270,42892,364,
s802294368,p02936,u852862907,1583722474,C++,C++14 (GCC 5.4.1),cpp,Accepted,382,20352,4270,
s353017701,p02936,u852862907,1583722303,C++,C++14 (GCC 5.4.1),cpp,Compile Error,,,4271,
s179746689,p02936,u898967808,1583715556,Python,Python (3.4.3),py,Accepted,1614,268420,520,
s985231148,p02936,u898967808,1583715462,Python,Python (3.4.3),py,Time Limit Exceeded,2114,268432,474,
s000254830,p02936,u898967808,1583715109,Python,Python (3.4.3),py,Accepted,1622,230932,426,
s626427218,p02936,u898967808,1583715036,Python,Python (3.4.3),py,Time Limit Exceeded,2119,230932,400,
s186568436,p02936,u898967808,1583714271,Python,PyPy3 (2.4.0),py,Time Limit Exceeded,2119,253432,457,
s336123548,p02936,u898967808,1583714100,Python,PyPy3 (2.4.0),py,Time Limit Exceeded,2125,365964,467,
s792171174,p02936,u898967808,1583713667,Python,Python (3.4.3),py,Time Limit Exceeded,2119,252376,467,
s205274677,p02936,u898967808,1583713454,Python,Python (3.4.3),py,Runtime Error,1917,78172,425,
s248449175,p02936,u906428167,1583712463,Python,PyPy3 (2.4.0),py,Accepted,829,92876,530,
s013405278,p02936,u868237899,1583712435,C++,C++14 (GCC 5.4.1),cpp,Accepted,373,54016,1009,
s107573494,p02936,u868237899,1583712194,C++,C++14 (GCC 5.4.1),cpp,Time Limit Exceeded,2225,1456640,1007,
s683981554,p02936,u125051909,1583708621,C++,C++14 (GCC 5.4.1),cpp,Accepted,339,30464,784,
s724071503,p02936,u952467214,1583703882,Python,Python (3.4.3),py,Accepted,1655,315904,667,
s436529175,p02936,u952467214,1583703576,Python,Python (3.4.3),py,Time Limit Exceeded,2117,317544,633,
s102463128,p02936,u952467214,1583702972,Python,PyPy3 (2.4.0),py,Time Limit Exceeded,2120,272796,680,
s349438385,p02936,u952467214,1583702928,Python,Python (3.4.3),py,Time Limit Exceeded,2117,315940,680,
s523132717,p02936,u386769326,1583698066,C++,C++14 (GCC 5.4.1),cpp,Accepted,139,30592,1082,
s616877187,p02936,u607728868,1583692276,C++,C++14 (GCC 5.4.1),cpp,Accepted,369,24320,504,
s552843729,p02936,u607728868,1583692104,C++,C++14 (GCC 5.4.1),cpp,Wrong Answer,347,21120,463,
s970005311,p02936,u607728868,1583691972,C++,C++14 (GCC 5.4.1),cpp,Wrong Answer,349,20352,443,
s809932960,p02936,u426764965,1583690775,Python,Python (3.4.3),py,Runtime Error,2106,63600,429,
s384618298,p02936,u245366924,1583690022,C++,C++14 (GCC 5.4.1),cpp,Accepted,163,25600,6510,
s898208670,p02936,u969190727,1583677776,Python,Python (3.4.3),py,Accepted,1259,55856,469,
s442126625,p02936,u782098901,1583666615,C++,C++14 (GCC 5.4.1),cpp,Accepted,131,15604,810,
s708609317,p02936,u563595438,1583652179,Python,Python (3.4.3),py,Wrong Answer,1686,115416,356,
s008841631,p02936,u265679940,1583652021,Ruby,Ruby (2.3.3),rb,Accepted,1131,51576,910,
s716473696,p02936,u563595438,1583651810,Python,PyPy3 (2.4.0),py,Wrong Answer,1844,119128,357,
s655580074,p02936,u265679940,1583651652,Ruby,Ruby (2.3.3),rb,Time Limit Exceeded,2111,51764,909,
s284734241,p02936,u265679940,1583650797,Ruby,Ruby (2.3.3),rb,Wrong Answer,2110,51636,888,
s386286702,p02936,u265679940,1583649419,Ruby,Ruby (2.3.3),rb,Wrong Answer,958,47612,679,
s609147388,p02936,u265679940,1583648680,Ruby,Ruby (2.3.3),rb,Wrong Answer,2112,76548,683,
s433474748,p02936,u071019032,1583632080,C++,C++14 (GCC 5.4.1),cpp,Accepted,303,25328,1464,
s366045055,p02936,u517400195,1583626234,C#,C# (Mono 4.6.2.0),cs,Wrong Answer,763,67460,1722,
s713590545,p02936,u517400195,1583625863,C#,C# (Mono 4.6.2.0),cs,Wrong Answer,804,89096,1452,
s191648911,p02936,u517400195,1583625191,C#,C# (Mono 4.6.2.0),cs,Wrong Answer,813,87564,1450,
s319996352,p02936,u809967037,1583617423,C++,C++14 (GCC 5.4.1),cpp,Accepted,420,27392,6858,
s487727768,p02936,u517400195,1583616751,C#,C# (Mono 4.6.2.0),cs,Wrong Answer,788,96392,1446,
s463415598,p02936,u517400195,1583616471,C#,C# (Mono 4.6.2.0),cs,Wrong Answer,784,92812,1444,
s134964718,p02936,u521602455,1583614570,Python,PyPy3 (2.4.0),py,Time Limit Exceeded,2121,317340,472,
s312790545,p02936,u521602455,1583614459,Python,Python (3.4.3),py,Time Limit Exceeded,2118,224536,472,
s888117627,p02936,u521602455,1583614336,Python,Python (3.4.3),py,Time Limit Exceeded,2117,232472,445,
s711103402,p02936,u521602455,1583614292,Python,Python (3.4.3),py,Runtime Error,17,3064,446,
s460279015,p02936,u521602455,1583614045,Python,Python (3.4.3),py,Time Limit Exceeded,2118,256228,475,
s515675149,p02936,u521602455,1583614005,Python,Python (3.4.3),py,Runtime Error,17,3064,476,
s789673111,p02936,u521602455,1583613863,Python,Python (3.4.3),py,Runtime Error,1877,79184,435,
s188791300,p02936,u923279197,1583609653,Python,Python (3.4.3),py,Accepted,1711,230920,489,
s092563027,p02936,u923279197,1583609617,Python,PyPy3 (2.4.0),py,Time Limit Exceeded,2148,733944,489,
s706044078,p02936,u696486967,1583609610,C++,C++14 (GCC 5.4.1),cpp,Wrong Answer,288,25716,1046,
s975502240,p02936,u696486967,1583608687,C++,C++14 (GCC 5.4.1),cpp,Wrong Answer,325,25716,1253,
s087546456,p02936,u696486967,1583608213,C++,C++14 (GCC 5.4.1),cpp,Wrong Answer,313,25716,1269,
s183141294,p02936,u620269708,1583607117,C++,C++14 (GCC 5.4.1),cpp,Accepted,372,23424,629,
s435807443,p02936,u620269708,1583606055,C++,C++14 (GCC 5.4.1),cpp,Wrong Answer,2104,23296,602,
s952183422,p02936,u696486967,1583604925,C++,C++14 (GCC 5.4.1),cpp,Wrong Answer,2104,25716,1105,
s154070820,p02936,u181039779,1583601922,Java,Java8 (OpenJDK 1.8.0),java,Accepted,1173,129108,8630,
s974412416,p02936,u022979415,1583594479,Python,Python (3.4.3),py,Accepted,1131,67180,971,
s157059692,p02936,u022979415,1583593340,Python,Python (3.4.3),py,Time Limit Exceeded,2108,84296,887,
s032578104,p02936,u022979415,1583592457,Python,PyPy3 (2.4.0),py,Time Limit Exceeded,2111,145912,814,
s738315596,p02936,u022979415,1583592260,Python,Python (3.4.3),py,Time Limit Exceeded,2108,84204,814,
s886848395,p02936,u953311536,1583567536,Python,PyPy2 (5.6.0),py,Time Limit Exceeded,2198,1366332,859,
s037958866,p02936,u486021106,1583567082,C++,C++14 (GCC 5.4.1),cpp,Accepted,149,17396,1421,
s015094909,p02936,u953311536,1583566606,Python,PyPy2 (5.6.0),py,Runtime Error,730,170652,827,
s130920860,p02936,u955251526,1583566599,Python,PyPy3 (2.4.0),py,Time Limit Exceeded,2116,202828,520,
s508069436,p02936,u955251526,1583566571,Python,Python (3.4.3),py,Time Limit Exceeded,2120,261256,520,
s800302970,p02936,u955251526,1583566467,Python,Python (3.4.3),py,Runtime Error,1857,83604,479,
s774644514,p02936,u953311536,1583564819,Python,PyPy3 (2.4.0),py,Runtime Error,2109,122796,634,
s221025031,p02936,u953311536,1583564370,Python,PyPy3 (2.4.0),py,Runtime Error,2110,124248,582,
s090338264,p02936,u513083943,1583556771,C++,C++14 (GCC 5.4.1),cpp,Wrong Answer,113,21120,1159,
s740985784,p02936,u513083943,1583556473,C++,C++14 (GCC 5.4.1),cpp,Accepted,132,24320,1115,
s043960643,p02936,u513083943,1583555178,C++,C++14 (GCC 5.4.1),cpp,Wrong Answer,2104,22912,1067,
s259334567,p02936,u513083943,1583554788,C++,C++14 (GCC 5.4.1),cpp,Wrong Answer,2108,20992,981,
s676576907,p02936,u513083943,1583554458,C++,C++14 (GCC 5.4.1),cpp,Wrong Answer,2104,18176,980,
s127730743,p02936,u757584836,1583554283,C++,C++14 (GCC 5.4.1),cpp,Accepted,306,15604,1463,
s663841786,p02936,u757584836,1583554249,C++,C++14 (GCC 5.4.1),cpp,Wrong Answer,678,17268,1504,
s249959286,p02936,u757584836,1583553720,C++,C++14 (GCC 5.4.1),cpp,Wrong Answer,274,15732,1453,
s688141864,p02936,u880221923,1583553400,C++,C++14 (GCC 5.4.1),cpp,Accepted,296,17136,1272,
s211963015,p02936,u880221923,1583553186,C++,C++14 (GCC 5.4.1),cpp,Wrong Answer,282,14976,1245,
s340277379,p02936,u880221923,1583553095,C++,C++14 (GCC 5.4.1),cpp,Wrong Answer,276,14976,1217,
s549217148,p02936,u880221923,1583552409,C++,C++14 (GCC 5.4.1),cpp,Wrong Answer,274,14080,1070,
s501896850,p02936,u757584836,1583547605,C++,C++14 (GCC 5.4.1),cpp,Time Limit Exceeded,2214,1735992,1450,
s621651116,p02936,u495881622,1583547100,C++,C++14 (GCC 5.4.1),cpp,Accepted,613,25216,823,
s895834873,p02936,u293156359,1583546317,C++,C++14 (GCC 5.4.1),cpp,Accepted,598,25856,696,
s719585854,p02936,u495881622,1583545310,C++,C++14 (GCC 5.4.1),cpp,Wrong Answer,2104,19968,769,
s326632136,p02936,u495881622,1583545145,C++,C++14 (GCC 5.4.1),cpp,Runtime Error,227,8308,771,
s660168208,p02936,u313403396,1583540200,C++,C++14 (GCC 5.4.1),cpp,Accepted,137,30592,1970,
s403019111,p02936,u313403396,1583536642,C++,C++14 (GCC 5.4.1),cpp,Time Limit Exceeded,2104,30592,1892,
s847552412,p02936,u054501336,1583535137,C++,C++14 (GCC 5.4.1),cpp,Wrong Answer,353,23424,1252,
s640887007,p02936,u054501336,1583535057,C++,C++14 (GCC 5.4.1),cpp,Wrong Answer,365,23424,1269,
s639350219,p02936,u054501336,1583534953,C++,C++14 (GCC 5.4.1),cpp,Accepted,366,23424,1266,
s152722869,p02936,u134678977,1583524123,C++,C++14 (GCC 5.4.1),cpp,Accepted,289,15604,1035,
s201444443,p02936,u415325136,1583522519,C++,C++14 (GCC 5.4.1),cpp,Accepted,132,26624,1056,
s358374983,p02936,u741134767,1583521031,C++,C++14 (GCC 5.4.1),cpp,Wrong Answer,2234,1715460,547,
s546436290,p02936,u054501336,1583520414,C++,C++14 (GCC 5.4.1),cpp,Wrong Answer,2105,18432,1294,
s129496255,p02936,u702906718,1583508874,C++,C++14 (GCC 5.4.1),cpp,Accepted,135,27392,997,
s247020647,p02936,u468440139,1583503551,C++,C++14 (GCC 5.4.1),cpp,Accepted,299,26624,1225,
s042392537,p02936,u468440139,1583503148,C++,C++14 (GCC 5.4.1),cpp,Time Limit Exceeded,2370,1976060,1459,
s159225303,p02936,u554843701,1583497282,C++,C++14 (GCC 5.4.1),cpp,Accepted,148,37632,2429,
s862410921,p02936,u554843701,1583496788,C++,C++14 (GCC 5.4.1),cpp,Runtime Error,3084,2036100,2380,
s478178929,p02936,u543584809,1583478926,C++,C++14 (GCC 5.4.1),cpp,Accepted,358,23424,674,
s562612195,p02936,u929569377,1583476708,C++,C++14 (GCC 5.4.1),cpp,Accepted,353,23552,755,
s520654676,p02936,u743124029,1583476162,C++,C++14 (GCC 5.4.1),cpp,Accepted,293,26624,767,
s185875894,p02936,u459930111,1583472561,C++,C++14 (GCC 5.4.1),cpp,Accepted,304,33664,1000,
s198459481,p02936,u459930111,1583471706,C++,C++14 (GCC 5.4.1),cpp,Wrong Answer,294,30464,1010,
s117682361,p02936,u537905693,1583464480,C++,C++14 (GCC 5.4.1),cpp,Accepted,601,24320,1422,
s739408950,p02936,u624678037,1583464358,C++,C++14 (GCC 5.4.1),cpp,Accepted,374,31872,845,
s796810759,p02936,u176354582,1583464140,C++,C++14 (GCC 5.4.1),cpp,Accepted,321,32128,1611,
s411894898,p02936,u516525290,1583461419,C++,C++14 (GCC 5.4.1),cpp,Accepted,311,29696,1352,
s021604597,p02936,u516525290,1583461360,C++,C++14 (GCC 5.4.1),cpp,Wrong Answer,327,29696,1325,
s800749786,p02936,u516525290,1583461232,C++,C++14 (GCC 5.4.1),cpp,Wrong Answer,298,26624,1313,
s927683057,p02936,u516525290,1583461125,C++,C++14 (GCC 5.4.1),cpp,Wrong Answer,321,29696,1311,
s327580647,p02936,u516525290,1583461069,C++,C++14 (GCC 5.4.1),cpp,Compile Error,,,1311,
s489280606,p02936,u516525290,1583460956,C++,C++14 (GCC 5.4.1),cpp,Wrong Answer,302,29568,1306,
s568899417,p02936,u516525290,1583460733,C++,C++14 (GCC 5.4.1),cpp,Wrong Answer,296,26368,1308,
s309327044,p02936,u516525290,1583460623,C++,C++14 (GCC 5.4.1),cpp,Wrong Answer,283,26368,1252,
s469918263,p02936,u516525290,1583460162,C++,C++14 (GCC 5.4.1),cpp,Wrong Answer,2105,24448,1306,
s672112259,p02936,u516525290,1583459917,C++,C++14 (GCC 5.4.1),cpp,Wrong Answer,2105,27648,1300,
s036910945,p02936,u308523782,1583450590,C#,C# (Mono 4.6.2.0),cs,Accepted,808,50476,4694,
s035255208,p02936,u505420467,1583441370,Python,Python (3.4.3),py,Wrong Answer,2108,76728,690,
s277090024,p02936,u094155508,1583433736,C++,C++14 (Clang 3.8.0),cpp,Accepted,736,26624,1202,
s374260223,p02936,u075296067,1583430939,C++,C++14 (GCC 5.4.1),cpp,Accepted,307,25856,874,
s868913520,p02936,u075296067,1583430804,C++,C++14 (GCC 5.4.1),cpp,Accepted,365,25856,869,
s618031650,p02936,u075296067,1583430523,C++,C++14 (GCC 5.4.1),cpp,Wrong Answer,380,25856,770,
s901260605,p02936,u075296067,1583430445,C++,C++14 (GCC 5.4.1),cpp,Wrong Answer,358,24320,771,
s478413461,p02936,u358859892,1583430157,C++,C++14 (GCC 5.4.1),cpp,Wrong Answer,83,3968,808,
s402186449,p02936,u358859892,1583429925,C++,C++14 (GCC 5.4.1),cpp,Wrong Answer,84,3968,809,
s412747225,p02936,u358859892,1583429690,C++,C++14 (GCC 5.4.1),cpp,Wrong Answer,93,3968,795,
s613921488,p02936,u358859892,1583429462,C++,C++14 (GCC 5.4.1),cpp,Wrong Answer,85,3968,772,
s490993374,p02936,u358859892,1583429237,C++,C++14 (GCC 5.4.1),cpp,Wrong Answer,82,3968,770,
s579408953,p02936,u358859892,1583429155,C++,C++14 (GCC 5.4.1),cpp,Wrong Answer,85,3968,787,
s448489323,p02936,u358859892,1583428999,C++,C++14 (GCC 5.4.1),cpp,Wrong Answer,83,3968,771,
s258859062,p02936,u358859892,1583426937,C++,C++14 (GCC 5.4.1),cpp,Wrong Answer,98,4736,760,
s004694738,p02936,u358859892,1583426618,C++,C++14 (GCC 5.4.1),cpp,Wrong Answer,82,4608,723,
s622924470,p02936,u289381123,1583392835,C++,C++14 (GCC 5.4.1),cpp,Accepted,295,17344,1007,
s471805905,p02936,u589698880,1583385906,C++,C++14 (GCC 5.4.1),cpp,Accepted,427,41472,615,
s087394289,p02936,u589698880,1583385518,C++,C++14 (GCC 5.4.1),cpp,Time Limit Exceeded,2173,1161216,826,
s183014684,p02936,u589698880,1583385298,C++,C++14 (GCC 5.4.1),cpp,Time Limit Exceeded,2181,1152128,823,
s541455890,p02936,u159231764,1583379369,C++,C++14 (GCC 5.4.1),cpp,Accepted,290,19444,1317,
s569718396,p02936,u159231764,1583378684,C++,C++14 (GCC 5.4.1),cpp,Wrong Answer,300,18048,1210,
s887739948,p02936,u159231764,1583378405,C++,C++14 (GCC 5.4.1),cpp,Wrong Answer,587,18048,1158,
s601240143,p02936,u159231764,1583377585,C++,C++14 (GCC 5.4.1),cpp,Wrong Answer,2104,14592,938,
s617129447,p02936,u701199820,1583376935,Python,PyPy3 (2.4.0),py,Wrong Answer,2112,141460,755,
s681752233,p02936,u701199820,1583376179,Python,PyPy3 (2.4.0),py,Runtime Error,2112,139352,667,
s855460292,p02936,u441250130,1583375579,C++,C++14 (GCC 5.4.1),cpp,Accepted,312,26624,941,
s513066822,p02936,u701199820,1583375509,Python,PyPy3 (2.4.0),py,Runtime Error,2112,139880,718,
s959515651,p02936,u386131832,1583368184,C++,C++14 (GCC 5.4.1),cpp,Accepted,367,47212,2402,
s958301197,p02936,u386131832,1583368144,C++,C++14 (GCC 5.4.1),cpp,Wrong Answer,704,48748,2423,
s972283740,p02936,u905203728,1583357236,Python,Python (3.4.3),py,Wrong Answer,1623,93552,319,
s528388863,p02936,u552122040,1583354943,C++,C++14 (GCC 5.4.1),cpp,Accepted,304,25856,904,
s782772230,p02936,u867848444,1583351357,Python,Python (3.4.3),py,Accepted,914,62132,778,
s537945712,p02936,u867848444,1583350945,Python,PyPy3 (2.4.0),py,Accepted,762,93716,777,
s325100443,p02936,u867848444,1583350673,Python,PyPy3 (2.4.0),py,Accepted,1961,105236,754,
s790837020,p02936,u867848444,1583350208,Python,PyPy3 (2.4.0),py,Accepted,1991,121048,833,
s625899038,p02936,u867848444,1583350121,Python,Python (3.4.3),py,Time Limit Exceeded,2116,146724,833,
s486804003,p02936,u867848444,1583347830,Python,Python (3.4.3),py,Wrong Answer,2111,127892,412,
s981603511,p02936,u867848444,1583347417,Python,Python (3.4.3),py,Wrong Answer,2111,127888,430,
s360756910,p02936,u657357805,1583338142,Go,Go (1.6),go,Accepted,287,31232,1540,
s345550456,p02936,u657357805,1583337704,Go,Go (1.6),go,Time Limit Exceeded,2115,1493760,1374,
s261074641,p02936,u251779460,1583337398,C++,C++14 (GCC 5.4.1),cpp,Accepted,303,25856,915,
s452253585,p02936,u657357805,1583335167,Go,Go (1.6),go,Wrong Answer,280,23296,1223,
s433126328,p02936,u657357805,1583335117,Go,Go (1.6),go,Wrong Answer,288,23040,1249,
s962585699,p02936,u690781906,1583333779,Python,Python (3.4.3),py,Accepted,1947,312768,639,
s371675809,p02936,u690781906,1583333721,Python,Python (3.4.3),py,Time Limit Exceeded,2123,312060,612,
s144227227,p02936,u690781906,1583333603,Python,Python (3.4.3),py,Runtime Error,2108,140928,570,
s698301901,p02936,u690781906,1583333473,Python,Python (3.4.3),py,Runtime Error,1947,133488,548,
s174896380,p02936,u690781906,1583332729,Python,Python (3.4.3),py,Wrong Answer,1938,152220,459,
s466333264,p02936,u690781906,1583331768,Python,Python (3.4.3),py,Runtime Error,2112,158524,588,
s174908454,p02936,u690781906,1583331580,Python,Python (3.4.3),py,Runtime Error,2112,158524,560,
s089539852,p02936,u690781906,1583331388,Python,Python (3.4.3),py,Runtime Error,2112,167852,562,
s581764278,p02936,u782733831,1583296933,C++,C++14 (GCC 5.4.1),cpp,Accepted,1154,33664,2383,
s326632417,p02936,u461913494,1583292198,C++,C++14 (GCC 5.4.1),cpp,Accepted,129,20608,1424,
s327111554,p02936,u648212584,1583280243,Python,Python (3.4.3),py,Accepted,1305,143784,766,
s246057848,p02936,u952094438,1583277711,C++,C++14 (GCC 5.4.1),cpp,Accepted,138,24320,1542,
s472343669,p02936,u867848444,1583271519,Python,PyPy3 (2.4.0),py,Wrong Answer,2110,124524,481,
s425868782,p02936,u867848444,1583271263,Python,Python (3.4.3),py,Wrong Answer,2113,134232,472,
s346678613,p02936,u867848444,1583270499,Python,Python (3.4.3),py,Wrong Answer,1683,115128,413,
s656351488,p02936,u433852402,1583266939,C++,C++14 (GCC 5.4.1),cpp,Accepted,343,23552,777,
s903342505,p02936,u559683797,1583266624,C++,C++14 (GCC 5.4.1),cpp,Time Limit Exceeded,2239,1694908,988,
s089480460,p02936,u506846578,1583266154,C++,C++14 (GCC 5.4.1),cpp,Accepted,369,23424,808,
s139084736,p02936,u208844959,1583265700,C++,C++14 (GCC 5.4.1),cpp,Accepted,310,16372,1070,
s022446472,p02936,u208844959,1583265520,C++,C++14 (GCC 5.4.1),cpp,Wrong Answer,298,14848,909,
s288203383,p02936,u208844959,1583264021,C++,C++14 (GCC 5.4.1),cpp,Wrong Answer,2104,12288,922,
s354673076,p02936,u867848444,1583261084,Python,PyPy3 (2.4.0),py,Wrong Answer,2113,171864,1073,
s403230577,p02936,u989306199,1583217252,C++,C++14 (GCC 5.4.1),cpp,Accepted,363,23424,956,
s666912804,p02936,u443975466,1583210968,C++,C++14 (GCC 5.4.1),cpp,Accepted,294,25088,1516,
s586159703,p02936,u136869985,1583210309,C++,C++14 (GCC 5.4.1),cpp,Accepted,131,26624,802,
s939082152,p02936,u136869985,1583210233,C++,C++14 (GCC 5.4.1),cpp,Runtime Error,111,2944,802,
s341690591,p02936,u174434198,1583202207,C++,C++14 (GCC 5.4.1),cpp,Accepted,377,21120,779,
s544012094,p02936,u174434198,1583201987,C++,C++14 (GCC 5.4.1),cpp,Wrong Answer,344,21120,756,
s754664857,p02936,u174434198,1583201804,C++,C++14 (GCC 5.4.1),cpp,Wrong Answer,364,20352,684,
s904609058,p02936,u174434198,1583201455,C++,C++14 (GCC 5.4.1),cpp,Wrong Answer,2108,20224,652,
s303778604,p02936,u083960235,1583195694,Python,Python (3.4.3),py,Accepted,1788,93212,1285,
s890464123,p02936,u083960235,1583195664,Python,PyPy3 (2.4.0),py,Runtime Error,268,60396,1285,
s221471988,p02936,u083960235,1583195257,Python,PyPy3 (2.4.0),py,Runtime Error,309,61676,1339,
s018991320,p02936,u083960235,1583195067,Python,PyPy3 (2.4.0),py,Runtime Error,300,61548,1335,
s095673078,p02936,u083960235,1583195039,Python,Python (3.4.3),py,Time Limit Exceeded,2119,172036,1335,
s489867481,p02936,u083960235,1583194873,Python,PyPy3 (2.4.0),py,Runtime Error,276,60012,1320,
s968633746,p02936,u083960235,1583194846,Python,PyPy3 (2.4.0),py,Runtime Error,323,61932,1320,
s872798834,p02936,u083960235,1583194786,Python,Python (3.4.3),py,Time Limit Exceeded,2052,172004,1320,
s784865750,p02936,u873538240,1583192568,C++,C++14 (Clang 3.8.0),cpp,Accepted,832,55552,2014,
s995538801,p02936,u873538240,1583191990,C++,C++14 (Clang 3.8.0),cpp,Time Limit Exceeded,2107,53760,2095,
s616687142,p02936,u723322527,1583190204,C++,C++14 (GCC 5.4.1),cpp,Accepted,330,16512,711,
s045661993,p02936,u681349918,1583186031,C++,C++14 (GCC 5.4.1),cpp,Accepted,645,24320,736,
s703851768,p02936,u681349918,1583185202,C++,C++14 (GCC 5.4.1),cpp,Wrong Answer,645,21120,587,
s227371975,p02936,u681349918,1583185065,C++,C++14 (GCC 5.4.1),cpp,Wrong Answer,2105,18944,593,
s830265517,p02936,u681349918,1583185023,C++,C++14 (GCC 5.4.1),cpp,Wrong Answer,2104,18176,594,
s076530408,p02936,u691018832,1583182567,Python,Python (3.4.3),py,Accepted,1111,56084,545,
s275093885,p02936,u422886513,1583177806,C++,C++14 (GCC 5.4.1),cpp,Accepted,425,23552,2215,
s313587175,p02936,u422886513,1583174624,C++,C++14 (GCC 5.4.1),cpp,Wrong Answer,233,3328,1890,
s300750053,p02936,u422886513,1583174590,C++,C++14 (GCC 5.4.1),cpp,Wrong Answer,68,3456,1939,
s653021846,p02936,u111497285,1583161978,Python,Python (3.4.3),py,Runtime Error,1784,52292,502,
s581603358,p02936,u130020973,1583135138,C++,C++14 (GCC 5.4.1),cpp,Accepted,295,16372,928,
s852544781,p02936,u620639655,1583133645,D,D (DMD64 v2.070.1),d,Accepted,612,52092,731,
s000352330,p02936,u572012241,1583114382,Python,Python (3.4.3),py,Accepted,1817,268464,545,
s028584443,p02936,u572012241,1583114293,Python,Python (3.4.3),py,Time Limit Exceeded,2120,268432,486,
s208797671,p02936,u572012241,1583114270,Python,PyPy3 (2.4.0),py,Time Limit Exceeded,2126,369528,486,
s228301124,p02936,u940569542,1583114018,C++,C++14 (GCC 5.4.1),cpp,Accepted,150,23552,1041,
s866207975,p02936,u572012241,1583113777,Python,Python (3.4.3),py,Time Limit Exceeded,2120,268432,485,
s638891939,p02936,u952656646,1583109667,C++,C++14 (GCC 5.4.1),cpp,Wrong Answer,286,23552,1050,
s338790359,p02936,u952656646,1583109440,C++,C++14 (GCC 5.4.1),cpp,Wrong Answer,297,23424,977,
s829436328,p02936,u952656646,1583109228,C++,C++14 (GCC 5.4.1),cpp,Wrong Answer,284,23424,972,
s785289933,p02936,u279493135,1583107677,Python,Python (3.4.3),py,Accepted,1297,99444,1120,
s163519707,p02936,u917972976,1583107602,C++,C++14 (Clang 3.8.0),cpp,Accepted,139,26624,3562,
s083322311,p02936,u279493135,1583107526,Python,Python (3.4.3),py,Time Limit Exceeded,2063,192720,1080,
s283776829,p02936,u279493135,1583107443,Python,PyPy3 (2.4.0),py,Accepted,1164,148888,1080,
s000781534,p02936,u105100688,1583106563,C,C (GCC 5.4.1),c,Accepted,105,9856,949,
s938350196,p02936,u279493135,1583105993,Python,PyPy3 (2.4.0),py,Wrong Answer,1073,150168,1057,
s011070863,p02936,u632679464,1583105791,C++,C++14 (GCC 5.4.1),cpp,Accepted,302,24320,689,
s328808149,p02936,u279493135,1583105446,Python,Python (3.4.3),py,Wrong Answer,1819,168312,1017,
s776366564,p02936,u279493135,1583105236,Python,PyPy3 (2.4.0),py,Wrong Answer,2147,732884,1024,
s816400663,p02936,u279493135,1583104894,Python,Python (3.4.3),py,Wrong Answer,2123,338732,1009,
s139820897,p02936,u632679464,1583104648,C++,C++14 (GCC 5.4.1),cpp,Wrong Answer,283,24320,721,
s273929185,p02936,u395117343,1583103197,Python,PyPy3 (2.4.0),py,Time Limit Exceeded,2125,351604,714,
s562061890,p02936,u281168735,1583103141,C++,C++14 (GCC 5.4.1),cpp,Accepted,189,32312,1538,
s018201630,p02936,u281168735,1583102922,C++,C++14 (GCC 5.4.1),cpp,Compile Error,,,1523,
s730802490,p02936,u395117343,1583102586,Python,PyPy3 (2.4.0),py,Wrong Answer,2123,303484,694,
s986743264,p02936,u632679464,1583102068,C++,C++14 (GCC 5.4.1),cpp,Wrong Answer,2105,27520,601,
s567587598,p02936,u395117343,1583101483,Python,PyPy3 (2.4.0),py,Runtime Error,1871,131272,679,
s801419369,p02936,u395117343,1583101115,Python,PyPy3 (2.4.0),py,Runtime Error,1908,132936,636,
s119799976,p02936,u539011156,1583099905,C++,C++14 (GCC 5.4.1),cpp,Accepted,574,16372,2140,
s391491631,p02936,u564182781,1583099627,C++,C++14 (GCC 5.4.1),cpp,Accepted,309,29160,2453,
s606557295,p02936,u265187423,1583097892,C++,C++14 (GCC 5.4.1),cpp,Accepted,146,21120,915,
s269276614,p02936,u071019032,1583095497,C++,C++14 (GCC 5.4.1),cpp,Accepted,289,24148,1533,
s460908628,p02936,u785689316,1583092059,C++,C++14 (GCC 5.4.1),cpp,Wrong Answer,266,5616,1354,
s672421899,p02936,u859396346,1583090481,Python,Python (3.4.3),py,Accepted,1022,66836,680,
s259229960,p02936,u859396346,1583090142,Python,Python (3.4.3),py,Accepted,1065,66948,682,
s547995079,p02936,u859396346,1583089725,Python,Python (3.4.3),py,Accepted,1089,66944,713,
s092344346,p02936,u859396346,1583089717,Python,PyPy3 (2.4.0),py,Accepted,766,121804,713,
s098401938,p02936,u859396346,1583089456,Python,PyPy3 (2.4.0),py,Time Limit Exceeded,2151,774648,544,
s523615285,p02936,u859396346,1583089294,Python,PyPy3 (2.4.0),py,Time Limit Exceeded,2126,339692,546,
s149924614,p02936,u859396346,1583089263,Python,Python (3.4.3),py,Time Limit Exceeded,2115,232312,546,
s378134735,p02936,u859396346,1583089222,Python,Python (3.4.3),py,Accepted,1599,232184,544,
s219062096,p02936,u208723543,1583088841,Rust,Rust (1.15.1),rs,Wrong Answer,218,35068,2615,
s723470854,p02936,u208723543,1583087236,Rust,Rust (1.15.1),rs,Wrong Answer,215,33276,2376,
s729900513,p02936,u529632089,1583086534,Rust,Rust (1.15.1),rs,Accepted,113,51576,2901,
s192018079,p02936,u575653048,1583082349,C++,C++14 (GCC 5.4.1),cpp,Accepted,154,26752,1209,
s453602810,p02936,u575653048,1583081736,C++,C++14 (GCC 5.4.1),cpp,Time Limit Exceeded,2105,23296,1143,
s253190980,p02936,u820341516,1583081690,C++,C++14 (GCC 5.4.1),cpp,Wrong Answer,402,49792,1950,
s360649399,p02936,u952656646,1583081680,C++,C++14 (GCC 5.4.1),cpp,Wrong Answer,2104,23296,954,
s982163718,p02936,u348231925,1583081116,C++,C++14 (GCC 5.4.1),cpp,Accepted,352,22656,1135,
s296806247,p02936,u348231925,1583080460,C++,C++14 (GCC 5.4.1),cpp,Wrong Answer,2105,26752,1080,
s681722175,p02936,u561231954,1583079577,Python,Python (3.4.3),py,Accepted,1588,268464,636,
s430565499,p02936,u561231954,1583078479,Python,Python (3.4.3),py,Runtime Error,948,52292,583,
s812410436,p02936,u580923688,1583077019,C++,C++14 (GCC 5.4.1),cpp,Wrong Answer,282,24320,860,
s797112530,p02936,u580923688,1583076775,C++,C++14 (GCC 5.4.1),cpp,Wrong Answer,291,23424,840,
s578564133,p02936,u580923688,1583075579,C++,C++14 (GCC 5.4.1),cpp,Wrong Answer,2104,21376,765,
s227778684,p02936,u718758485,1583073201,C++,C++14 (GCC 5.4.1),cpp,Accepted,384,43008,619,
s382561213,p02936,u718758485,1583072765,C++,C++14 (GCC 5.4.1),cpp,Wrong Answer,313,28928,539,
s401696889,p02936,u490642448,1583046446,Python,PyPy3 (2.4.0),py,Accepted,887,131848,621,
s093848626,p02936,u103902792,1583043144,Python,PyPy3 (2.4.0),py,Time Limit Exceeded,2154,826892,507,
s496202948,p02936,u852798899,1583041726,Python,Python (3.4.3),py,Accepted,1713,66976,524,
s317165799,p02936,u852798899,1583041545,Python,Python (3.4.3),py,Wrong Answer,1695,65860,523,
s337954148,p02936,u103902792,1583040563,Python,Python (3.4.3),py,Accepted,1704,248028,506,
s600037766,p02936,u103902792,1583040473,Python,Python (3.4.3),py,Time Limit Exceeded,2118,247524,480,
s111917357,p02936,u103902792,1583040464,Python,PyPy3 (2.4.0),py,Time Limit Exceeded,2124,299916,480,
s703846475,p02936,u103902792,1583039714,Python,PyPy3 (2.4.0),py,Time Limit Exceeded,2127,373900,511,
s306507917,p02936,u003026289,1583034441,C++,C++14 (GCC 5.4.1),cpp,Accepted,298,16500,1096,
s644845393,p02936,u003026289,1583033298,C++,C++14 (GCC 5.4.1),cpp,Wrong Answer,294,15516,958,
s776792412,p02936,u182321487,1583027058,C++,C++14 (GCC 5.4.1),cpp,Accepted,324,34688,1580,
s254077082,p02936,u182321487,1583026082,C++,C++14 (GCC 5.4.1),cpp,Accepted,165,39424,3408,
s619261607,p02936,u055447809,1583025258,C++,C++14 (GCC 5.4.1),cpp,Accepted,286,15604,657,
s932760890,p02936,u003026289,1583022696,C++,C++14 (GCC 5.4.1),cpp,Wrong Answer,290,15516,957,
s589044623,p02936,u208723543,1583022657,Rust,Rust (1.15.1),rs,Wrong Answer,239,45728,2452,
s144733578,p02936,u003026289,1583022642,C++,C++14 (GCC 5.4.1),cpp,Wrong Answer,852,16924,991,
s279220516,p02936,u003026289,1583022200,C++,C++14 (GCC 5.4.1),cpp,Wrong Answer,2104,15516,926,
s561017186,p02936,u208723543,1583021529,Rust,Rust (1.15.1),rs,Wrong Answer,233,45820,2361,
s258485441,p02936,u182321487,1583020006,C++,C++14 (GCC 5.4.1),cpp,Time Limit Exceeded,2108,41984,2410,
s953403091,p02936,u366169644,1583019959,C++,C++14 (GCC 5.4.1),cpp,Accepted,659,25216,991,
s481294476,p02936,u944643608,1583017764,Python,Python (3.4.3),py,Runtime Error,602,12404,351,
s656815129,p02936,u521389909,1583016972,C++,C++14 (GCC 5.4.1),cpp,Accepted,402,23424,945,
s588812459,p02936,u366169644,1583016688,C++,C++14 (GCC 5.4.1),cpp,Time Limit Exceeded,2104,11508,1895,
s708178402,p02936,u366169644,1583016650,C++,C++14 (GCC 5.4.1),cpp,Wrong Answer,2104,11508,1893,
s423636044,p02936,u944643608,1583016019,Python,Python (3.4.3),py,Runtime Error,944,64560,433,
s566506933,p02936,u864171425,1583015929,C++,C++14 (GCC 5.4.1),cpp,Accepted,133,19572,1020,
s922993301,p02936,u324825702,1583015505,C++,C++14 (GCC 5.4.1),cpp,Accepted,152,44672,3633,
s705526188,p02936,u324825702,1583015464,C++,C++14 (GCC 5.4.1),cpp,Runtime Error,99,2560,3631,
s449513895,p02936,u366169644,1583014234,C++,C++14 (GCC 5.4.1),cpp,Wrong Answer,627,25088,844,
s357301365,p02936,u366169644,1583014203,C++,C++14 (GCC 5.4.1),cpp,Compile Error,,,838,
s953282488,p02936,u366169644,1583014106,C++,C++14 (GCC 5.4.1),cpp,Wrong Answer,655,25088,806,
s438115667,p02936,u366169644,1583013650,C++,C++14 (GCC 5.4.1),cpp,Wrong Answer,2104,23680,814,
s996618871,p02936,u809967037,1583013510,C++,C++14 (GCC 5.4.1),cpp,Accepted,130,28928,4870,
s733554932,p02936,u162773977,1583013278,Lua,Lua (5.3.2),lua,Accepted,1720,144992,3458,
s023194939,p02936,u714120941,1583010206,C++,C++14 (GCC 5.4.1),cpp,Accepted,497,43776,1266,
s623661374,p02936,u714120941,1583009875,C++,C++14 (GCC 5.4.1),cpp,Wrong Answer,447,43776,1222,
s961405335,p02936,u820341516,1583009703,C++,C++14 (GCC 5.4.1),cpp,Wrong Answer,400,49792,1917,
s946645427,p02936,u820341516,1583009603,C++,C++14 (GCC 5.4.1),cpp,Wrong Answer,406,49792,1919,
s143214052,p02936,u162773977,1583009477,Lua,Lua (5.3.2),lua,Runtime Error,1598,158432,1375,
s955651237,p02936,u820341516,1583009194,C++,C++14 (GCC 5.4.1),cpp,Wrong Answer,429,49792,2001,
s840817423,p02936,u489124637,1583003418,Python,PyPy3 (2.4.0),py,Accepted,1873,107028,1058,
s956901476,p02936,u277556971,1583001822,C++,C++14 (GCC 5.4.1),cpp,Accepted,138,23552,2112,
s264285050,p02936,u770009793,1583000028,C++,C++14 (GCC 5.4.1),cpp,Accepted,411,27392,970,
s978343331,p02936,u770009793,1582999996,C++,C++14 (GCC 5.4.1),cpp,Runtime Error,567,275700,983,
s744776492,p02936,u770009793,1582999844,C++,C++14 (GCC 5.4.1),cpp,Wrong Answer,356,24320,916,
s551127934,p02936,u770009793,1582999699,C++,C++14 (GCC 5.4.1),cpp,Wrong Answer,357,24320,917,
s181416650,p02936,u770009793,1582999390,C++,C++14 (GCC 5.4.1),cpp,Wrong Answer,2104,22144,870,
s697789980,p02936,u226233437,1582956354,C++,C++14 (GCC 5.4.1),cpp,Accepted,510,42368,666,
s096608066,p02936,u477977638,1582953806,Python,PyPy3 (2.4.0),py,Accepted,642,118868,748,
s390184516,p02936,u477977638,1582953765,Python,Python (3.4.3),py,Accepted,1039,77084,748,
s400971332,p02936,u477977638,1582953721,Python,Python (3.4.3),py,Wrong Answer,870,76956,731,
s232687608,p02936,u477977638,1582953168,Python,Python (3.4.3),py,Wrong Answer,1059,88212,647,
s588462427,p02936,u477977638,1582953159,Python,PyPy3 (2.4.0),py,Wrong Answer,610,119356,647,
s249315742,p02936,u852839243,1582949390,C++,C++14 (GCC 5.4.1),cpp,Accepted,141,18408,1609,
s335784261,p02936,u111555888,1582945427,Python,Python (3.4.3),py,Wrong Answer,2106,110860,1293,
s033695504,p02936,u105100688,1582931662,C++,C++14 (GCC 5.4.1),cpp,Wrong Answer,88,4608,464,
s925487201,p02936,u226233437,1582930747,C++,C++14 (GCC 5.4.1),cpp,Time Limit Exceeded,2105,25856,865,
s437704037,p02936,u037276799,1582930144,C++,C++14 (GCC 5.4.1),cpp,Accepted,287,21104,1422,
s120065267,p02936,u226233437,1582930143,C++,C++14 (GCC 5.4.1),cpp,Time Limit Exceeded,2105,25856,866,
s457922542,p02936,u111555888,1582928989,Python,Python (3.4.3),py,Wrong Answer,2113,95296,831,
s632831326,p02936,u269969976,1582928202,Kotlin,Kotlin (1.0.0),kt,Time Limit Exceeded,2115,199804,1234,
s777747082,p02936,u012133968,1582927650,Ruby,Ruby (2.3.3),rb,Accepted,793,36404,626,
s303718360,p02936,u722535636,1582926284,C++,C++14 (GCC 5.4.1),cpp,Accepted,133,17904,1564,
s278401611,p02936,u722535636,1582926057,C++,C++14 (GCC 5.4.1),cpp,Wrong Answer,105,14976,1462,
s004682394,p02936,u120564432,1582921264,C++,C++14 (GCC 5.4.1),cpp,Accepted,384,21376,883,
s711407059,p02936,u259053514,1582920740,C++,C++14 (GCC 5.4.1),cpp,Accepted,586,30464,6815,
s494678991,p02936,u269969976,1582919224,Python,Python (3.4.3),py,Time Limit Exceeded,2113,159116,975,
s882141881,p02936,u269969976,1582918926,Python,Python (3.4.3),py,Time Limit Exceeded,2111,143528,984,
s843707446,p02936,u269969976,1582918892,Python,Python (3.4.3),py,Runtime Error,1925,141808,986,
s252131833,p02936,u269969976,1582918723,Python,Python (3.4.3),py,Time Limit Exceeded,2112,159016,976,
s672396047,p02936,u269969976,1582918648,Python,Python (3.4.3),py,Time Limit Exceeded,2114,186516,1043,
s294356830,p02936,u269969976,1582918600,Python,Python (3.4.3),py,Runtime Error,2113,173360,1041,
s939563636,p02936,u269969976,1582918352,Python,Python (3.4.3),py,Time Limit Exceeded,2114,175128,1051,
s714439152,p02936,u976833038,1582913045,C++,C++14 (GCC 5.4.1),cpp,Accepted,312,28160,823,
s395719208,p02936,u108540384,1582906798,C++,C++14 (GCC 5.4.1),cpp,Accepted,312,21120,711,
s048611303,p02936,u202570162,1582902064,Python,Python (3.4.3),py,Accepted,1983,53016,665,
s666030839,p02936,u950046716,1582901693,C++,C++14 (GCC 5.4.1),cpp,Accepted,134,26624,785,
s198816044,p02936,u305366205,1582899359,Python,Python (3.4.3),py,Accepted,1535,268416,611,
s754883798,p02936,u305366205,1582898692,Python,Python (3.4.3),py,Accepted,1648,268464,486,
s935843289,p02936,u305366205,1582898601,Python,Python (3.4.3),py,Time Limit Exceeded,2120,268464,459,
s883311701,p02936,u390694622,1582897448,Go,Go (1.6),go,Accepted,341,55680,3040,
s697010059,p02936,u371149954,1582896386,C++,C++14 (GCC 5.4.1),cpp,Accepted,361,24320,612,
s503865313,p02936,u761362252,1582896293,C++,C++14 (GCC 5.4.1),cpp,Accepted,361,20608,662,
s674985495,p02936,u930257418,1582895921,D,D (DMD64 v2.070.1),d,Accepted,519,45180,2127,
s089687751,p02936,u639343026,1582895887,Python,Python (3.4.3),py,Wrong Answer,1555,47852,512,
s423450766,p02936,u370608397,1582895871,C++,C++14 (GCC 5.4.1),cpp,Accepted,319,25324,720,
s008346341,p02936,u561083515,1582895690,Python,Python (3.4.3),py,Accepted,1967,62156,561,
s709467605,p02936,u639343026,1582895629,Python,Python (3.4.3),py,Wrong Answer,2117,225492,509,
s987427546,p02936,u845000384,1582895456,C++,C++14 (GCC 5.4.1),cpp,Accepted,499,39936,1988,
s327298895,p02936,u561083515,1582895431,Python,Python (3.4.3),py,Wrong Answer,1512,48240,472,
s886923018,p02936,u427344224,1582895376,C++,C++14 (GCC 5.4.1),cpp,Accepted,287,46208,1369,
s145460540,p02936,u608088992,1582895356,Python,Python (3.4.3),py,Accepted,877,65672,712,
s825235014,p02936,u845000384,1582895354,C++,C++14 (GCC 5.4.1),cpp,Wrong Answer,449,39936,1961,
s492814956,p02936,u984529214,1582895307,C++,C++14 (GCC 5.4.1),cpp,Accepted,129,23552,1351,
s764381924,p02936,u639343026,1582895293,Python,Python (3.4.3),py,Wrong Answer,2117,217776,443,
s178703571,p02936,u901397311,1582895283,C++,C++14 (GCC 5.4.1),cpp,Wrong Answer,114,23680,1160,
s812846728,p02936,u184929210,1582895158,C++,C++14 (GCC 5.4.1),cpp,Accepted,599,18176,868,
s468723908,p02936,u042802884,1582894914,C++,C++14 (GCC 5.4.1),cpp,Accepted,306,15604,1337,
s658165650,p02936,u186838327,1582894814,Python,PyPy3 (2.4.0),py,Accepted,1863,106132,542,
s366228714,p02936,u242031676,1582894796,C++,C++14 (GCC 5.4.1),cpp,Accepted,146,19568,1048,
s455279568,p02936,u901397311,1582894775,C++,C++14 (GCC 5.4.1),cpp,Wrong Answer,113,23680,1148,
s641180798,p02936,u181719868,1582894744,C++,C++14 (GCC 5.4.1),cpp,Accepted,140,26624,9869,
s183676811,p02936,u312025627,1582894700,Python,PyPy3 (2.4.0),py,Accepted,670,100804,990,
s707898552,p02936,u620084012,1582894686,Python,Python (3.4.3),py,Accepted,1669,269992,718,
s763823146,p02936,u581625805,1582894664,Java,Java8 (OpenJDK 1.8.0),java,Accepted,1786,175916,19376,
s937762930,p02936,u414947284,1582894625,C++,C++14 (GCC 5.4.1),cpp,Accepted,140,18932,1161,
s352270194,p02936,u620084012,1582894616,Python,PyPy3 (2.4.0),py,Time Limit Exceeded,2153,710392,718,
s103614431,p02936,u555962250,1582894563,C++,C++14 (GCC 5.4.1),cpp,Accepted,318,17140,968,
s262020027,p02936,u041513069,1582894535,C++,C++14 (GCC 5.4.1),cpp,Accepted,561,54144,823,
s774714641,p02936,u414947284,1582894458,C++,C++14 (GCC 5.4.1),cpp,Wrong Answer,122,19700,1227,
s989538744,p02936,u119098168,1582894381,C++,C++14 (GCC 5.4.1),cpp,Accepted,296,24320,711,
s725911621,p02936,u941407962,1582894375,Python,PyPy3 (2.4.0),py,Accepted,981,153204,639,
s482982937,p02936,u941407962,1582894292,Python,PyPy3 (2.4.0),py,Time Limit Exceeded,2052,154628,601,
s617228332,p02936,u022138926,1582894291,Nim,Nim (0.13.0),nim,Accepted,293,66556,11423,
s661074007,p02936,u426683236,1582894263,C++,C++14 (GCC 5.4.1),cpp,Accepted,136,35200,5089,
s990969214,p02936,u041513069,1582894245,C++,C++14 (GCC 5.4.1),cpp,Wrong Answer,502,55680,870,
s477328746,p02936,u761320129,1582894230,Python,Python (3.4.3),py,Accepted,1619,328180,517,
s017064034,p02936,u761320129,1582894161,Python,Python (3.4.3),py,Time Limit Exceeded,2123,328108,490,
s521328105,p02936,u994988729,1582893962,Python,Python (3.4.3),py,Accepted,1300,104472,596,
s726462531,p02936,u504836877,1582893956,Python,Python (3.4.3),py,Accepted,1735,75340,511,
s126405144,p02936,u047796752,1582893914,Python,PyPy3 (2.4.0),py,Accepted,806,93716,623,
s720089627,p02936,u842939260,1582893854,C++,C++14 (GCC 5.4.1),cpp,Accepted,139,21120,1252,
s967862118,p02936,u756088996,1582893792,C++,C++14 (GCC 5.4.1),cpp,Accepted,144,30592,944,
s088314100,p02936,u828388155,1582893666,C++,C++14 (GCC 5.4.1),cpp,Accepted,295,24320,1529,
s581793096,p02936,u649915042,1582893647,C++,C++14 (GCC 5.4.1),cpp,Accepted,351,24320,1446,
s640055317,p02936,u495699318,1582893601,C++,C++14 (GCC 5.4.1),cpp,Accepted,133,24320,1872,
s385314627,p02936,u859396346,1582893593,C++,C++14 (GCC 5.4.1),cpp,Accepted,132,20864,2219,
s989954367,p02936,u973991908,1582874080,C++,C++14 (GCC 5.4.1),cpp,Accepted,415,24320,728,
s731330067,p02936,u973991908,1582873797,C++,C++14 (GCC 5.4.1),cpp,Wrong Answer,398,24320,736,
s242954348,p02936,u169501420,1582872974,Python,Python (3.4.3),py,Wrong Answer,2114,177624,1519,
s844145561,p02936,u489124637,1582862247,Python,PyPy3 (2.4.0),py,Wrong Answer,1937,94308,650,
s562968466,p02936,u489124637,1582861999,Python,PyPy3 (2.4.0),py,Wrong Answer,1819,127180,649,
s465996121,p02936,u489124637,1582861879,Python,PyPy3 (2.4.0),py,Wrong Answer,1732,127180,683,
s870790071,p02936,u575239123,1582856061,Python,Python (3.4.3),py,Accepted,1566,230960,411,
s197965972,p02936,u575239123,1582855991,Python,Python (3.4.3),py,Accepted,1633,236924,426,
s558268684,p02936,u575239123,1582855950,Python,Python (3.4.3),py,Time Limit Exceeded,2118,236924,399,
s182043967,p02936,u575239123,1582855681,Python,Python (3.4.3),py,Time Limit Exceeded,2119,230932,384,
s987416984,p02936,u575239123,1582855562,Python,Python (3.4.3),py,Time Limit Exceeded,2112,230920,400,
s544807040,p02936,u575239123,1582855364,Python,Python (3.4.3),py,Time Limit Exceeded,2118,232244,425,
s587243010,p02936,u575239123,1582855227,Python,Python (3.4.3),py,Runtime Error,1640,61740,384,
s505521726,p02936,u575239123,1582855179,Python,Python (3.4.3),py,Runtime Error,1657,61744,388,
s286656919,p02936,u575239123,1582855059,Python,Python (3.4.3),py,Runtime Error,1659,61712,383,
s749544327,p02936,u575239123,1582854453,Python,Python (3.4.3),py,Runtime Error,1515,54480,370,
s982582552,p02936,u575239123,1582854289,Python,Python (3.4.3),py,Runtime Error,1550,54480,372,
s599380963,p02936,u715366261,1582853110,C++,C++14 (GCC 5.4.1),cpp,Wrong Answer,988,30080,1135,
s266318625,p02936,u854161810,1582846551,C++,C++14 (GCC 5.4.1),cpp,Wrong Answer,2104,20992,537,
s018793354,p02936,u854161810,1582846340,C++,C++14 (GCC 5.4.1),cpp,Wrong Answer,2104,18176,543,
s574372256,p02936,u782278807,1582844068,C#,C# (Mono 4.6.2.0),cs,Wrong Answer,639,61108,3291,
s542480513,p02936,u782278807,1582842832,C#,C# (Mono 4.6.2.0),cs,Wrong Answer,680,61104,3257,
s115360513,p02936,u782278807,1582842759,C#,C# (Mono 4.6.2.0),cs,Wrong Answer,744,60876,3257,
s466515857,p02936,u782278807,1582841942,C#,C# (Mono 4.6.2.0),cs,Runtime Error,2110,49364,3241,
s282828600,p02936,u782278807,1582840887,C#,C# (Mono 4.6.2.0),cs,Runtime Error,2111,69312,3642,
s263397569,p02936,u782278807,1582840498,C#,C# (Mono 4.6.2.0),cs,Runtime Error,2111,71316,3836,
s700172010,p02936,u573754721,1582840100,Python,PyPy3 (2.4.0),py,Accepted,1811,105236,418,
s203817250,p02936,u782278807,1582839593,C#,C# (Mono 4.6.2.0),cs,Wrong Answer,2111,69312,3733,
s803467647,p02936,u782278807,1582839495,C#,C# (Mono 4.6.2.0),cs,Wrong Answer,2111,69396,3719,
s529624189,p02936,u782278807,1582839187,C#,C# (Mono 4.6.2.0),cs,Runtime Error,2111,71344,3677,
s411011465,p02936,u284795785,1582837003,Java,Java8 (OpenJDK 1.8.0),java,Wrong Answer,1992,170056,570,
s370220999,p02936,u284795785,1582836673,Java,Java8 (OpenJDK 1.8.0),java,Wrong Answer,1997,163280,567,
s410630867,p02936,u580258754,1582835938,C++,C++14 (GCC 5.4.1),cpp,Accepted,291,23424,1035,
s340218085,p02936,u260216890,1582835905,Python,Python (3.4.3),py,Wrong Answer,1540,262068,599,
s012759650,p02936,u260216890,1582835642,Python,PyPy3 (2.4.0),py,Time Limit Exceeded,2154,798840,564,
s480824937,p02936,u260216890,1582835513,Python,Python (3.4.3),py,Accepted,1789,268440,563,
s077044375,p02936,u260216890,1582835461,Python,PyPy3 (2.4.0),py,Time Limit Exceeded,2125,331512,513,
s314130207,p02936,u260216890,1582835426,Python,Python (3.4.3),py,Time Limit Exceeded,2121,268464,513,
s323017230,p02936,u619683748,1582828886,C++,C++14 (GCC 5.4.1),cpp,Accepted,292,17908,1402,
s960629806,p02936,u157195505,1582824008,C++,C++14 (GCC 5.4.1),cpp,Accepted,327,22640,1283,
s629941102,p02936,u038815010,1582823796,Python,Python (3.4.3),py,Accepted,1653,274440,417,
s180777439,p02936,u038815010,1582823409,Python,PyPy3 (2.4.0),py,Time Limit Exceeded,2158,897528,417,
s422632698,p02936,u038815010,1582823198,Python,PyPy3 (2.4.0),py,Time Limit Exceeded,2155,792312,459,
s765663809,p02936,u038815010,1582822838,Python,PyPy3 (2.4.0),py,Time Limit Exceeded,2159,921848,423,
s562028904,p02936,u038815010,1582822117,Python,PyPy3 (2.4.0),py,Runtime Error,1877,130764,356,
s026265875,p02936,u157195505,1582821468,C++,C++14 (GCC 5.4.1),cpp,Wrong Answer,312,22640,1134,
s367521159,p02936,u157195505,1582821121,C++,C++14 (GCC 5.4.1),cpp,Wrong Answer,310,22640,1319,
s518421609,p02936,u573754721,1582819999,Python,PyPy3 (2.4.0),py,Accepted,1937,105804,423,
s804256704,p02936,u746849814,1582819402,Python,Python (3.4.3),py,Runtime Error,2109,103780,423,
s419890501,p02936,u863537799,1582776228,C++,C++14 (GCC 5.4.1),cpp,Accepted,755,41472,3555,
s995231956,p02936,u863537799,1582776051,C++,C++14 (GCC 5.4.1),cpp,Wrong Answer,740,41472,3520,
s260860121,p02936,u863537799,1582775692,C++,C++14 (GCC 5.4.1),cpp,Accepted,310,24320,702,
s498419636,p02936,u863537799,1582775305,C++,C++14 (GCC 5.4.1),cpp,Wrong Answer,757,47744,3377,
s148778765,p02936,u509457191,1582774725,C++,C++14 (GCC 5.4.1),cpp,Accepted,397,23424,590,
s112366785,p02936,u404629709,1582773776,Python,Python (3.4.3),py,Time Limit Exceeded,2054,82916,527,
s346103280,p02936,u404629709,1582773699,Python,PyPy3 (2.4.0),py,Accepted,1956,126116,527,
s024414638,p02936,u404629709,1582773376,Python,PyPy3 (2.4.0),py,Wrong Answer,1891,126116,526,
s807286086,p02936,u386131832,1582772506,Python,Python (3.4.3),py,Time Limit Exceeded,2118,228812,619,
s235163118,p02936,u386131832,1582772402,Python,Python (3.4.3),py,Runtime Error,1846,54284,560,
s397917000,p02936,u386131832,1582771819,Python,Python (3.4.3),py,Wrong Answer,1465,49436,581,
s530088855,p02936,u386131832,1582771742,Python,Python (3.4.3),py,Runtime Error,1918,59980,564,
s867722121,p02936,u863537799,1582771218,C++,C++14 (GCC 5.4.1),cpp,Wrong Answer,2235,1643616,3661,
s353213427,p02936,u386131832,1582770442,Python,Python (3.4.3),py,Runtime Error,1729,59928,612,
s011065186,p02936,u386131832,1582770165,Python,Python (3.4.3),py,Runtime Error,1572,48876,528,
s190747916,p02936,u703950586,1582769520,Python,PyPy3 (2.4.0),py,Wrong Answer,804,81484,423,
s931938782,p02936,u264265458,1582769143,C++,C++14 (GCC 5.4.1),cpp,Accepted,139,25728,3590,
s514289254,p02936,u703950586,1582768763,Python,PyPy3 (2.4.0),py,Wrong Answer,2168,939896,478,
s073880411,p02936,u416773418,1582768318,C++,C++14 (GCC 5.4.1),cpp,Accepted,376,24192,792,
s628760092,p02936,u703950586,1582768060,Python,PyPy3 (2.4.0),py,Wrong Answer,2160,857208,461,
s541077598,p02936,u254187258,1582767828,C++,C++14 (GCC 5.4.1),cpp,Accepted,129,24192,2009,
s519725387,p02936,u703950586,1582767541,Python,Python (3.4.3),py,Runtime Error,2110,126960,461,
s121932557,p02936,u703950586,1582767408,Python,PyPy3 (2.4.0),py,Runtime Error,2176,1064188,460,
s628904232,p02936,u863537799,1582758899,C++,C++14 (GCC 5.4.1),cpp,Wrong Answer,2228,1717424,3719,
s801634538,p02936,u863537799,1582757290,C++,C++14 (GCC 5.4.1),cpp,Wrong Answer,2229,1729712,3742,
s237020341,p02936,u863537799,1582754598,C++,C++14 (GCC 5.4.1),cpp,Wrong Answer,2240,1783008,3577,
s287197740,p02936,u863537799,1582754561,C++,C++14 (GCC 5.4.1),cpp,Wrong Answer,2224,1648864,3570,
s516781605,p02936,u863537799,1582754501,C++,C++14 (GCC 5.4.1),cpp,Wrong Answer,2237,1807456,3594,
s864642269,p02936,u987267288,1582754484,C++,C++14 (GCC 5.4.1),cpp,Accepted,323,19568,7131,
s585272496,p02936,u573754721,1582753722,Python,PyPy3 (2.4.0),py,Accepted,1776,105236,418,
s006896277,p02936,u573754721,1582752026,Python,PyPy3 (2.4.0),py,Accepted,1926,105236,423,
s886911589,p02936,u573754721,1582751928,Python,PyPy3 (2.4.0),py,Runtime Error,164,38512,430,
s549893999,p02936,u747390421,1582751086,C++,C++14 (GCC 5.4.1),cpp,Accepted,369,23424,588,
s736238217,p02936,u573754721,1582747876,Python,PyPy3 (2.4.0),py,Accepted,1831,105236,423,
s953198446,p02936,u573754721,1582747803,Python,PyPy3 (2.4.0),py,Wrong Answer,1783,104748,433,
s460103774,p02936,u573754721,1582747656,Python,PyPy3 (2.4.0),py,Wrong Answer,1932,104724,418,
s368755907,p02936,u261538386,1582747459,C++,C++14 (GCC 5.4.1),cpp,Accepted,319,23552,1195,
s593652875,p02936,u261538386,1582747318,C++,C++14 (GCC 5.4.1),cpp,Wrong Answer,318,26624,1283,
s377850018,p02936,u575909439,1582746868,Java,Java8 (OpenJDK 1.8.0),java,Accepted,1804,225460,1057,
s778062942,p02936,u445624660,1582746209,Go,Go (1.6),go,Accepted,369,30336,3246,
s568183033,p02936,u445624660,1582745623,Go,Go (1.6),go,Runtime Error,4165,640,3397,
s899086223,p02936,u445624660,1582744753,Go,Go (1.6),go,Runtime Error,3141,640,3111,
s112632004,p02936,u573754721,1582743226,Python,PyPy3 (2.4.0),py,Accepted,1959,105236,469,
s005892555,p02936,u573754721,1582739644,Python,PyPy3 (2.4.0),py,Accepted,1794,105236,492,
s803100057,p02936,u929977034,1582732391,C++,C++14 (GCC 5.4.1),cpp,Accepted,310,20864,2228,
s358809649,p02936,u987594251,1582729465,C++,C++14 (GCC 5.4.1),cpp,Accepted,596,17140,1560,
s901064382,p02936,u261538386,1582693414,C++,C++14 (GCC 5.4.1),cpp,Wrong Answer,2105,29568,1283,
s023817674,p02936,u297109012,1582692249,Python,Python (3.4.3),py,Runtime Error,2109,198764,669,
s289149494,p02936,u686041468,1582692176,C++,C++14 (GCC 5.4.1),cpp,Accepted,121,23552,888,
s093607069,p02936,u686041468,1582692113,C++,C++14 (GCC 5.4.1),cpp,Wrong Answer,119,23296,887,
s786194532,p02936,u018872912,1582691957,C++,C++14 (GCC 5.4.1),cpp,Accepted,585,27648,3552,
s332675129,p02936,u959822889,1582691932,C++,C++14 (GCC 5.4.1),cpp,Wrong Answer,398,146816,1101,
s609955545,p02936,u018872912,1582691728,C++,C++14 (GCC 5.4.1),cpp,Wrong Answer,571,27392,3439,
s612526248,p02936,u959822889,1582691330,C++,C++14 (GCC 5.4.1),cpp,Accepted,357,22656,1636,
s854963462,p02936,u028973125,1582690279,Python,PyPy3 (2.4.0),py,Accepted,909,129756,735,
s352079404,p02936,u028973125,1582690143,Python,PyPy3 (2.4.0),py,Runtime Error,694,118272,629,
s673320369,p02936,u686041468,1582689607,C++,C++14 (GCC 5.4.1),cpp,Wrong Answer,2104,22144,796,
s062280279,p02936,u970197315,1582689592,Python,Python (3.4.3),py,Accepted,1797,56088,492,
s949221926,p02936,u686041468,1582688872,C++,C++14 (GCC 5.4.1),cpp,Wrong Answer,2104,22144,796,
s106286364,p02936,u686041468,1582688475,C++,C++14 (GCC 5.4.1),cpp,Wrong Answer,2104,24192,792,
s634592454,p02936,u895393304,1582688063,C++,C++14 (GCC 5.4.1),cpp,Accepted,656,24320,1091,
s118442818,p02936,u862412671,1582687861,C++,C++14 (GCC 5.4.1),cpp,Accepted,322,25856,812,
s152287386,p02936,u895393304,1582687495,C++,C++14 (GCC 5.4.1),cpp,Wrong Answer,649,23424,960,
s153464884,p02936,u813559924,1582686324,C++,C++14 (GCC 5.4.1),cpp,Wrong Answer,121,21120,1196,
s030446475,p02936,u813559924,1582686186,C++,C++14 (GCC 5.4.1),cpp,Accepted,145,24320,1265,
s885617030,p02936,u424110125,1582684810,C++,C++14 (GCC 5.4.1),cpp,Accepted,150,39936,3574,
s674522709,p02936,u813559924,1582684356,C++,C++14 (GCC 5.4.1),cpp,Wrong Answer,2105,25088,1303,
s214773147,p02936,u389007679,1582683658,C++,C++14 (GCC 5.4.1),cpp,Accepted,555,23552,696,
s266544520,p02936,u813559924,1582682886,C++,C++14 (GCC 5.4.1),cpp,Wrong Answer,2104,22784,1323,
s277779916,p02936,u813559924,1582682418,C++,C++14 (GCC 5.4.1),cpp,Wrong Answer,2104,22784,1293,
s469866215,p02936,u813559924,1582680731,C++,C++14 (GCC 5.4.1),cpp,Wrong Answer,2105,25856,1306,
s484611122,p02936,u755121033,1582680726,C++,C++14 (GCC 5.4.1),cpp,Accepted,308,24320,1488,
s058639175,p02936,u862412671,1582678686,C++,C++14 (GCC 5.4.1),cpp,Wrong Answer,2104,22656,768,
s413748075,p02936,u862412671,1582678393,C++,C++14 (GCC 5.4.1),cpp,Wrong Answer,283,22656,743,
s583882170,p02936,u894258749,1582675734,C++,C++14 (GCC 5.4.1),cpp,Accepted,312,16368,3593,
s129017041,p02936,u573754721,1582671125,Python,PyPy3 (2.4.0),py,Accepted,1935,125088,516,
s655282193,p02936,u644907318,1582655786,Python,PyPy3 (2.4.0),py,Accepted,1919,119188,474,
s201293099,p02936,u262403099,1582635133,Kotlin,Kotlin (1.0.0),kt,Accepted,1300,156620,922,
s413214763,p02936,u262403099,1582634789,Kotlin,Kotlin (1.0.0),kt,Time Limit Exceeded,2119,187292,921,
s125583709,p02936,u262403099,1582634587,Kotlin,Kotlin (1.0.0),kt,Time Limit Exceeded,2115,189348,930,
s423061075,p02936,u262403099,1582634191,Kotlin,Kotlin (1.0.0),kt,Time Limit Exceeded,2119,190076,947,
s457197847,p02936,u262403099,1582633326,Kotlin,Kotlin (1.0.0),kt,Time Limit Exceeded,2119,193860,1050,
s617855700,p02936,u262403099,1582632762,Kotlin,Kotlin (1.0.0),kt,Time Limit Exceeded,2119,208636,1081,
s291401494,p02936,u832995587,1582632107,C++,C++14 (GCC 5.4.1),cpp,Accepted,386,25728,3078,
s064406040,p02936,u262403099,1582631016,Kotlin,Kotlin (1.0.0),kt,Time Limit Exceeded,2119,215172,983,
s978929171,p02936,u832995587,1582630700,C++,C++14 (GCC 5.4.1),cpp,Wrong Answer,278,16512,2842,
s260746890,p02936,u606045429,1582629259,Python,Python (3.4.3),py,Accepted,842,94828,454,
s063120060,p02936,u606045429,1582629059,Python,Python (3.4.3),py,Accepted,1435,251188,467,
s969182266,p02936,u606045429,1582628798,Python,Python (3.4.3),py,Accepted,886,96524,556,
s374071589,p02936,u606045429,1582628486,Python,Python (3.4.3),py,Accepted,1421,269708,486,
s847200822,p02936,u912359563,1582607289,C++,C++14 (GCC 5.4.1),cpp,Accepted,707,57060,4800,
s814882670,p02936,u912359563,1582607078,C++,C++14 (GCC 5.4.1),cpp,Wrong Answer,635,53988,4742,
s158967015,p02936,u548992197,1582605908,Go,Go (1.6),go,Accepted,375,117632,1450,
s182073663,p02936,u462011322,1582605532,C++,C++14 (GCC 5.4.1),cpp,Accepted,333,25856,1018,
s509341427,p02936,u462011322,1582604751,C++,C++14 (GCC 5.4.1),cpp,Wrong Answer,315,25856,984,
s023709991,p02936,u823862638,1582601134,C++,C++14 (GCC 5.4.1),cpp,Accepted,319,24320,2731,
s315166526,p02936,u228295160,1582600612,C++,C++14 (GCC 5.4.1),cpp,Accepted,159,30592,5995,
s865045002,p02936,u103850114,1582597614,C++,C++14 (GCC 5.4.1),cpp,Accepted,580,17904,1625,
s966061419,p02936,u103850114,1582597204,C++,C++14 (GCC 5.4.1),cpp,Accepted,305,30464,1598,
s667790548,p02936,u103850114,1582597074,C++,C++14 (GCC 5.4.1),cpp,Wrong Answer,249,7424,1571,
s490063748,p02936,u103850114,1582596252,C++,C++14 (GCC 5.4.1),cpp,Wrong Answer,249,7424,1536,
s150804173,p02936,u103850114,1582596203,C++,C++14 (GCC 5.4.1),cpp,Runtime Error,492,277248,1563,
s350106345,p02936,u103850114,1582595940,C++,C++14 (GCC 5.4.1),cpp,Runtime Error,484,277248,1561,
s780248151,p02936,u103850114,1582595826,C++,C++14 (GCC 5.4.1),cpp,Runtime Error,499,277248,1561,
s596706078,p02936,u103850114,1582595772,C++,C++14 (GCC 5.4.1),cpp,Wrong Answer,247,7424,1537,
s758803878,p02936,u103850114,1582595753,C++,C++14 (GCC 5.4.1),cpp,Runtime Error,487,277248,1567,
s125530874,p02936,u103850114,1582595351,C++,C++14 (GCC 5.4.1),cpp,Runtime Error,492,277248,1567,
s676586219,p02936,u103850114,1582595306,C++,C++14 (GCC 5.4.1),cpp,Compile Error,,,1561,
s919069260,p02936,u103850114,1582595257,C++,C++14 (GCC 5.4.1),cpp,Wrong Answer,247,7424,1540,
s327175132,p02936,u103850114,1582595239,C++,C++14 (GCC 5.4.1),cpp,Runtime Error,272,262400,1555,
s503949163,p02936,u103850114,1582595101,C++,C++14 (GCC 5.4.1),cpp,Wrong Answer,137,7808,1368,
s070077786,p02936,u103850114,1582595035,C++,C++14 (GCC 5.4.1),cpp,Runtime Error,306,16000,1444,
s005866845,p02936,u103850114,1582595015,C++,C++14 (GCC 5.4.1),cpp,Runtime Error,290,16000,1554,
s855374047,p02936,u103850114,1582594763,C++,C++14 (GCC 5.4.1),cpp,Runtime Error,486,277248,1566,
s166459945,p02936,u951480280,1582594472,Python,Python (3.4.3),py,Runtime Error,1712,69768,477,
s339856235,p02936,u951480280,1582593053,Python,Python (3.4.3),py,Wrong Answer,1490,58976,373,
s118570693,p02936,u951480280,1582592256,Python,Python (3.4.3),py,Wrong Answer,1707,44780,355,
s982938829,p02936,u951480280,1582591961,Python,Python (3.4.3),py,Wrong Answer,1614,44720,370,
s937031514,p02936,u823862638,1582588641,C++,C++14 (GCC 5.4.1),cpp,Runtime Error,294,7408,2727,
s948843697,p02936,u634967948,1582588533,C++,C++14 (GCC 5.4.1),cpp,Wrong Answer,2103,4608,541,
s513055953,p02936,u634967948,1582587880,C++,C++14 (GCC 5.4.1),cpp,Wrong Answer,545,3968,404,
s185608090,p02936,u634967948,1582587628,C++,C++14 (GCC 5.4.1),cpp,Wrong Answer,553,3968,407,
s563336312,p02936,u711620077,1582577331,Java,Java8 (OpenJDK 1.8.0),java,Accepted,1520,151700,3520,
s937680096,p02936,u711620077,1582576858,Java,Java8 (OpenJDK 1.8.0),java,Time Limit Exceeded,2105,193024,1579,
s785226595,p02936,u711620077,1582576521,Java,Java8 (OpenJDK 1.8.0),java,Time Limit Exceeded,2068,252556,1489,
s590310398,p02936,u711620077,1582574265,Java,Java8 (OpenJDK 1.8.0),java,Wrong Answer,1248,200756,1277,
s692457338,p02936,u708042136,1582571787,C#,C# (Mono 4.6.2.0),cs,Accepted,607,57096,2800,
s817918951,p02936,u711620077,1582571764,Java,Java8 (OpenJDK 1.8.0),java,Wrong Answer,1137,183716,956,
s069166353,p02936,u711620077,1582570220,Java,Java8 (OpenJDK 1.8.0),java,Wrong Answer,2106,331044,1245,
s299924318,p02936,u843175622,1582555728,Haskell,Haskell (GHC 7.10.3),hs,Accepted,340,44540,1421,
s058444626,p02936,u843175622,1582555060,Haskell,Haskell (GHC 7.10.3),hs,Accepted,348,45052,1427,
s594031402,p02936,u843175622,1582554951,Haskell,Haskell (GHC 7.10.3),hs,Accepted,378,44540,1393,
s947408020,p02936,u631238602,1582534782,C++,C++14 (GCC 5.4.1),cpp,Accepted,133,34436,1374,
s845073781,p02936,u631238602,1582534592,C++,C++14 (GCC 5.4.1),cpp,Time Limit Exceeded,2249,1780312,1372,
s172540210,p02936,u631238602,1582534259,C++,C++14 (GCC 5.4.1),cpp,Time Limit Exceeded,2245,2096256,1447,
s377388570,p02936,u631238602,1582533412,C++,C++14 (GCC 5.4.1),cpp,Time Limit Exceeded,2238,2094080,1356,
s531050469,p02936,u631238602,1582532719,C++,C++14 (GCC 5.4.1),cpp,Time Limit Exceeded,2242,1451776,1344,
s313561701,p02936,u102602414,1582530977,C++,C++14 (GCC 5.4.1),cpp,Accepted,298,20480,1980,
s342709394,p02936,u644972721,1582526105,Python,Python (3.4.3),py,Wrong Answer,1289,36924,298,
s294140558,p02936,u376099073,1582523983,Python,Python (3.4.3),py,Wrong Answer,2107,223572,664,
s811720219,p02936,u764228018,1582523711,C++,C++14 (GCC 5.4.1),cpp,Accepted,299,23552,627,
s722616808,p02936,u376099073,1582521760,Python,Python (3.4.3),py,Time Limit Exceeded,2128,381468,666,
s232965624,p02936,u376099073,1582521155,Python,Python (3.4.3),py,Runtime Error,1490,51964,625,
s667828760,p02936,u376099073,1582521122,Python,PyPy3 (2.4.0),py,Runtime Error,1844,96076,625,
s308083244,p02936,u376099073,1582519424,Python,PyPy3 (2.4.0),py,Runtime Error,2112,144332,786,
s589788038,p02936,u250583425,1582519352,Python,Python (3.4.3),py,Accepted,1631,298700,686,
s618723678,p02936,u376099073,1582519347,Python,Python (3.4.3),py,Time Limit Exceeded,2115,159172,786,
s867299051,p02936,u250583425,1582518146,Python,Python (3.4.3),py,Wrong Answer,1441,282708,565,
s243073450,p02936,u250583425,1582517524,Python,Python (3.4.3),py,Wrong Answer,2120,275852,550,
s092679445,p02936,u250583425,1582517483,Python,Python (3.4.3),py,Runtime Error,18,3064,551,
s383788312,p02936,u250583425,1582517388,Python,Python (3.4.3),py,Runtime Error,2107,67508,519,
s360128822,p02936,u250583425,1582516917,Python,Python (3.4.3),py,Wrong Answer,2109,88592,627,
s989836423,p02936,u185034753,1582516195,Python,Python (3.4.3),py,Runtime Error,1612,67832,678,
s826921599,p02936,u185034753,1582516031,Python,Python (3.4.3),py,Runtime Error,1798,124056,773,
s107773381,p02936,u225581241,1582515968,C++,C++14 (GCC 5.4.1),cpp,Accepted,152,24320,1117,
s671401746,p02936,u225581241,1582515706,C++,C++14 (GCC 5.4.1),cpp,Wrong Answer,2104,22144,1075,
s870085606,p02936,u185034753,1582515521,Python,Python (3.4.3),py,Accepted,1970,103788,749,
s509603566,p02936,u755499606,1582510058,C++,C++14 (GCC 5.4.1),cpp,Wrong Answer,265,3968,529,
s012455440,p02936,u786944534,1582509697,C#,C# (Mono 4.6.2.0),cs,Accepted,1529,62104,4847,
s776330922,p02936,u477343425,1582509008,C++,C++14 (GCC 5.4.1),cpp,Accepted,371,24320,783,
s470818241,p02936,u581625805,1582507809,Java,Java8 (OpenJDK 1.8.0),java,Accepted,1536,167124,13696,
s519570108,p02936,u581625805,1582507311,Java,Java8 (OpenJDK 1.8.0),java,Wrong Answer,1210,140300,13414,
s323228896,p02936,u477343425,1582505500,C++,C++14 (GCC 5.4.1),cpp,Accepted,391,24320,760,
s656211452,p02936,u477343425,1582504841,C++,C++14 (GCC 5.4.1),cpp,Accepted,372,24320,592,
s241715712,p02936,u477343425,1582504673,C++,C++14 (GCC 5.4.1),cpp,Wrong Answer,248,3968,528,
s942589433,p02936,u477343425,1582504409,C++,C++14 (GCC 5.4.1),cpp,Wrong Answer,248,3968,526,
s803780143,p02936,u614128939,1582502319,C++,C++14 (GCC 5.4.1),cpp,Wrong Answer,2104,22656,947,
s492656529,p02936,u614128939,1582502075,C++,C++14 (GCC 5.4.1),cpp,Wrong Answer,2104,18048,946,
s098072063,p02936,u857510905,1582500911,Rust,Rust (1.15.1),rs,Accepted,173,34940,1475,
s962270990,p02936,u857510905,1582500631,Rust,Rust (1.15.1),rs,Wrong Answer,171,33020,1279,
s750830786,p02936,u968846084,1582500242,Python,PyPy3 (2.4.0),py,Accepted,1945,105804,568,
s121242479,p02936,u968846084,1582500102,Python,PyPy3 (2.4.0),py,Time Limit Exceeded,2109,111820,573,
s407283642,p02936,u968846084,1582500058,Python,Python (3.4.3),py,Time Limit Exceeded,2106,48280,573,
s685169538,p02936,u491550356,1582499396,C++,C++14 (GCC 5.4.1),cpp,Accepted,138,24320,4638,
s702070910,p02936,u139458416,1582498989,C++,C++14 (GCC 5.4.1),cpp,Accepted,295,24320,1055,
s693317876,p02936,u857510905,1582497457,Rust,Rust (1.15.1),rs,Wrong Answer,179,33148,1083,
s935571345,p02936,u471212175,1582495723,C++,C++14 (GCC 5.4.1),cpp,Accepted,339,24320,907,
s396934192,p02936,u471212175,1582495699,C++,C++14 (GCC 5.4.1),cpp,Compile Error,,,904,
s954265751,p02936,u314050667,1582495422,Python,Python (3.4.3),py,Accepted,1701,64356,461,
s474577867,p02936,u471212175,1582495287,C++,C++14 (GCC 5.4.1),cpp,Accepted,313,27392,931,
s766864835,p02936,u314050667,1582495217,Python,Python (3.4.3),py,Wrong Answer,1749,53384,358,
s800458056,p02936,u471212175,1582495208,C++,C++14 (GCC 5.4.1),cpp,Accepted,327,27392,951,
s104335792,p02936,u471212175,1582495114,C++,C++14 (GCC 5.4.1),cpp,Runtime Error,98,3456,951,
s040897589,p02936,u471212175,1582494998,C++,C++14 (GCC 5.4.1),cpp,Runtime Error,98,3328,951,
s383235517,p02936,u471212175,1582494751,C++,C++14 (GCC 5.4.1),cpp,Runtime Error,108,3456,929,
s621953365,p02936,u471212175,1582494141,C++,C++14 (GCC 5.4.1),cpp,Runtime Error,99,3456,937,
s341498271,p02936,u471212175,1582493981,C++,C++14 (GCC 5.4.1),cpp,Runtime Error,286,3328,859,
s245266616,p02936,u471212175,1582493795,C++,C++14 (GCC 5.4.1),cpp,Runtime Error,107,3328,860,
s353730315,p02936,u471212175,1582493601,C++,C++14 (GCC 5.4.1),cpp,Runtime Error,288,6904,838,
s532128180,p02936,u471212175,1582493258,C++,C++14 (GCC 5.4.1),cpp,Runtime Error,306,6520,830,
s336614862,p02936,u951480280,1582492040,Python,Python (3.4.3),py,Runtime Error,2106,37556,360,
s285969480,p02936,u210440747,1582491673,Python,Python (3.4.3),py,Accepted,1527,65532,833,
s876670414,p02936,u210440747,1582491581,Python,PyPy3 (2.4.0),py,Accepted,1876,130964,833,
s090685505,p02936,u638795007,1582491502,Python,Python (3.4.3),py,Accepted,1121,82776,10103,
s754548504,p02936,u210440747,1582488816,Python,PyPy3 (2.4.0),py,Wrong Answer,2111,156876,773,
s616762080,p02936,u043048943,1582488468,Python,PyPy3 (2.4.0),py,Accepted,835,116956,1399,
s996272012,p02936,u043048943,1582488234,Python,PyPy3 (2.4.0),py,Time Limit Exceeded,2149,760444,1224,
s449937063,p02936,u559765551,1582487909,C++,C++14 (GCC 5.4.1),cpp,Accepted,376,23424,748,
s197861451,p02936,u043048943,1582486053,Python,PyPy3 (2.4.0),py,Time Limit Exceeded,2110,135032,1362,
s970541109,p02936,u660444966,1582484540,Java,Java8 (OpenJDK 1.8.0),java,Accepted,1400,205972,1636,
s815474839,p02936,u951480280,1582483972,Python,Python (3.4.3),py,Runtime Error,2106,36236,360,
s776117489,p02936,u210440747,1582482973,Python,Python (3.4.3),py,Wrong Answer,2112,135896,921,
s949402352,p02936,u754651673,1582479093,C++,C++14 (GCC 5.4.1),cpp,Accepted,295,29696,1118,
s283425818,p02936,u908318580,1582474653,C++,C++14 (GCC 5.4.1),cpp,Wrong Answer,111,20096,2385,
s758478782,p02936,u908318580,1582473583,C++,C++14 (GCC 5.4.1),cpp,Accepted,134,21120,2773,
s321214852,p02936,u191874006,1582473238,Python,PyPy3 (2.4.0),py,Accepted,826,100044,934,
s781382502,p02936,u191874006,1582473066,Python,PyPy3 (2.4.0),py,Time Limit Exceeded,2150,785080,881,
s523932721,p02936,u050428930,1582471158,C++,C++14 (GCC 5.4.1),cpp,Accepted,295,24320,690,
s101905873,p02936,u050428930,1582471006,C++,C++14 (GCC 5.4.1),cpp,Runtime Error,505,275072,621,
s420431703,p02936,u644778646,1582470281,C++,C++14 (GCC 5.4.1),cpp,Accepted,358,43264,11849,
s332951882,p02936,u111600809,1582435192,C++,C++14 (GCC 5.4.1),cpp,Accepted,312,43392,1116,
s478993045,p02936,u024191315,1582421172,C++,C++14 (GCC 5.4.1),cpp,Accepted,365,23424,661,
s054705809,p02936,u971089878,1582420646,C++,C++14 (GCC 5.4.1),cpp,Accepted,320,17140,1166,
s150963527,p02936,u971089878,1582419483,C++,C++14 (GCC 5.4.1),cpp,Wrong Answer,2200,1543296,1002,
s220692192,p02936,u037430802,1582417563,Python,Python (3.4.3),py,Accepted,1708,56180,525,
s479794325,p02936,u037430802,1582417042,Python,Python (3.4.3),py,Wrong Answer,1512,47868,315,
s137811500,p02936,u902576227,1582416841,Java,Java8 (OpenJDK 1.8.0),java,Accepted,1768,217316,2508,
s318006555,p02936,u863442865,1582406074,Python,Python (3.4.3),py,Runtime Error,790,75264,734,
s115032259,p02936,u863442865,1582405596,Python,Python (3.4.3),py,Accepted,892,55824,674,
s109556839,p02936,u863442865,1582405535,Python,Python (3.4.3),py,Accepted,998,80672,731,
s330401059,p02936,u863442865,1582405519,Python,Python (3.4.3),py,Runtime Error,64,20528,728,
s031679322,p02936,u863442865,1582405454,Python,Python (3.4.3),py,Runtime Error,64,20528,728,
s173771624,p02936,u863442865,1582403776,Python,Python (3.4.3),py,Accepted,982,80544,670,
s117321705,p02936,u863442865,1582403614,Python,Python (3.4.3),py,Accepted,1303,80540,581,
s947989204,p02936,u863442865,1582403483,Python,Python (3.4.3),py,Accepted,1243,80544,555,
s265739722,p02936,u038084150,1582403238,C++,C++14 (GCC 5.4.1),cpp,Accepted,150,71040,1298,
s880017161,p02936,u863442865,1582402446,Python,Python (3.4.3),py,Accepted,1182,80544,564,
s106886610,p02936,u863442865,1582400725,Python,Python (3.4.3),py,Accepted,1877,80516,692,
s945076759,p02936,u863442865,1582400656,Python,Python (3.4.3),py,Accepted,1844,91508,720,
s659075360,p02936,u863442865,1582400628,Python,Python (3.4.3),py,Time Limit Exceeded,2122,255920,530,
s505773708,p02936,u777258731,1582400494,C++,C++14 (GCC 5.4.1),cpp,Accepted,286,16372,888,
s692410927,p02936,u777258731,1582400218,C++,C++14 (GCC 5.4.1),cpp,Wrong Answer,282,14976,813,
s474403529,p02936,u863442865,1582399951,Python,Python (3.4.3),py,Time Limit Exceeded,2118,242196,560,
s591012631,p02936,u863442865,1582399871,Python,Python (3.4.3),py,Runtime Error,215,52272,567,
s533351264,p02936,u863442865,1582399747,Python,Python (3.4.3),py,Time Limit Exceeded,2120,233748,564,
s229535176,p02936,u209713918,1582397623,C++,C++14 (GCC 5.4.1),cpp,Accepted,138,28928,1450,
s703587338,p02936,u863442865,1582393570,Python,Python (3.4.3),py,Wrong Answer,2117,217776,472,
s913904745,p02936,u863442865,1582393482,Python,Python (3.4.3),py,Runtime Error,2106,49912,434,
s282095960,p02936,u562935282,1582381526,Python,Python (3.4.3),py,Accepted,1079,80600,672,
s171082962,p02936,u562935282,1582381435,Python,Python (3.4.3),py,Accepted,1880,81920,481,
s052023103,p02936,u562935282,1582381223,Python,Python (3.4.3),py,Time Limit Exceeded,2047,80544,530,
s156130406,p02936,u562935282,1582380933,Python,Python (3.4.3),py,Accepted,1861,90496,451,
s915121441,p02936,u020390084,1582365891,Python,Python (3.4.3),py,Accepted,1652,308292,1408,
s912006566,p02936,u020390084,1582365747,Python,Python (3.4.3),py,Runtime Error,1021,92996,1412,
s209951192,p02936,u488401358,1582362364,Python,PyPy3 (2.4.0),py,Accepted,910,103684,969,
s431056246,p02936,u488401358,1582362025,Python,PyPy3 (2.4.0),py,Wrong Answer,2110,125460,655,
s970136853,p02936,u488401358,1582358734,Python,PyPy3 (2.4.0),py,Accepted,1917,111308,933,
s525812176,p02936,u488401358,1582358462,Python,PyPy3 (2.4.0),py,Accepted,1924,111388,933,
s505939693,p02936,u111365362,1582346256,Python,PyPy3 (2.4.0),py,Accepted,1776,121964,533,
s793837489,p02936,u089147470,1582344008,C++,C++14 (GCC 5.4.1),cpp,Accepted,363,24320,642,
s363802894,p02936,u089147470,1582343248,C++,C++14 (GCC 5.4.1),cpp,Wrong Answer,342,23424,562,
s855948882,p02936,u960653324,1582342674,Python,Python (3.4.3),py,Wrong Answer,2109,115904,709,
s267363704,p02936,u960653324,1582342334,Python,Python (3.4.3),py,Wrong Answer,2109,98864,703,
s887300208,p02936,u960653324,1582342290,Python,Python (3.4.3),py,Runtime Error,1946,89308,703,
s933984329,p02936,u960653324,1582341815,Python,Python (3.4.3),py,Wrong Answer,2109,98600,702,
s615446954,p02936,u960653324,1582341139,Python,Python (3.4.3),py,Wrong Answer,2112,147164,790,
s782883742,p02936,u169501420,1582341106,Python,Python (3.4.3),py,Wrong Answer,2113,163496,935,
s998921789,p02936,u490553751,1582338125,Python,PyPy3 (2.4.0),py,Accepted,1985,118884,617,
s809300964,p02936,u490553751,1582337904,Python,Python (3.4.3),py,Wrong Answer,1638,49812,594,
s789017743,p02936,u490553751,1582336979,Python,Python (3.4.3),py,Wrong Answer,1669,61864,449,
s144743848,p02936,u490553751,1582336735,Python,PyPy3 (2.4.0),py,Wrong Answer,1808,89548,403,
s129946302,p02936,u372144784,1582326753,Python,PyPy3 (2.4.0),py,Accepted,719,94464,781,
s418928072,p02936,u372144784,1582326069,Python,PyPy3 (2.4.0),py,Time Limit Exceeded,2108,107596,668,
s722653760,p02936,u372144784,1582325890,Python,PyPy3 (2.4.0),py,Wrong Answer,576,77260,611,
s689671244,p02936,u372144784,1582325809,Python,PyPy3 (2.4.0),py,Wrong Answer,630,86548,579,
s764775013,p02936,u372144784,1582325675,Python,PyPy3 (2.4.0),py,Wrong Answer,584,86036,575,
s978736748,p02936,u490553751,1582324452,Python,PyPy3 (2.4.0),py,Wrong Answer,2112,146992,729,
s741554445,p02936,u110996038,1582322788,C++,C++14 (GCC 5.4.1),cpp,Accepted,306,25412,1076,
s494692368,p02936,u493750228,1582322495,C++,C++14 (GCC 5.4.1),cpp,Accepted,151,20736,1437,
s061551147,p02936,u649915042,1582319444,C++,C++14 (GCC 5.4.1),cpp,Accepted,650,24320,1479,
s734248110,p02936,u540491484,1582316538,C++,C++14 (GCC 5.4.1),cpp,Accepted,138,26624,1695,
s821482781,p02936,u264265458,1582308815,C++,C++14 (GCC 5.4.1),cpp,Accepted,144,25728,3421,
s181160365,p02936,u264265458,1582308571,C++,C++14 (GCC 5.4.1),cpp,Accepted,132,25728,3394,
s686615041,p02936,u398437835,1582307204,C++,C++14 (GCC 5.4.1),cpp,Accepted,135,24320,1767,
s499957451,p02936,u332385682,1582306974,D,D (DMD64 v2.070.1),d,Accepted,325,37372,1821,
s132340881,p02936,u550014122,1582305211,C++,C++14 (GCC 5.4.1),cpp,Accepted,322,16372,1821,
s122318282,p02936,u389007679,1582294606,C++,C++14 (GCC 5.4.1),cpp,Accepted,924,20608,887,
s232964094,p02936,u868099754,1582289369,C++,C++14 (GCC 5.4.1),cpp,Accepted,321,16372,1547,
s184449426,p02936,u186838327,1582261677,Python,PyPy3 (2.4.0),py,Accepted,1852,105876,547,
s073020155,p02936,u186838327,1582261629,Python,Python (3.4.3),py,Accepted,1805,56176,548,
s421678778,p02936,u592686932,1582257933,C++,C++14 (GCC 5.4.1),cpp,Accepted,138,22528,2296,
s546436828,p02936,u350836088,1582257332,C++,C++14 (GCC 5.4.1),cpp,Accepted,322,27392,767,
s955340284,p02936,u761320129,1582235748,Python,Python (3.4.3),py,Accepted,1612,328152,504,
s731879317,p02936,u761320129,1582235709,Python,PyPy3 (2.4.0),py,Time Limit Exceeded,2152,772844,504,
s536386934,p02936,u761320129,1582235677,Python,PyPy3 (2.4.0),py,Time Limit Exceeded,2117,224028,477,
s941269851,p02936,u761320129,1582235589,Python,Python (3.4.3),py,Time Limit Exceeded,2123,328188,477,
s821182889,p02936,u377777817,1582209159,F#,F# (Mono 4.0),fs,Accepted,656,78328,1766,
s557657403,p02936,u224590796,1582180836,C++,C++14 (GCC 5.4.1),cpp,Accepted,654,23424,741,
s631970142,p02936,u224590796,1582179007,C++,C++14 (GCC 5.4.1),cpp,Time Limit Exceeded,2104,16756,1483,
s076588721,p02936,u411203878,1582172697,Python,PyPy3 (2.4.0),py,Accepted,1830,129704,509,
s245375625,p02936,u222252114,1582171787,C++,C++14 (GCC 5.4.1),cpp,Accepted,145,29184,2777,
s837378892,p02936,u411203878,1582171263,Python,PyPy3 (2.4.0),py,Wrong Answer,1642,108108,318,
s003242195,p02936,u411203878,1582171236,Python,PyPy3 (2.4.0),py,Wrong Answer,1682,123404,317,
s467948510,p02936,u094746828,1582168954,C++,C++14 (GCC 5.4.1),cpp,Accepted,372,26624,785,
s368159102,p02936,u888337853,1582168853,Python,Python (3.4.3),py,Accepted,1869,237724,1411,
s059715544,p02936,u888337853,1582168754,Python,Python (3.4.3),py,Time Limit Exceeded,2118,263840,1445,
s657785506,p02936,u888337853,1582168667,Python,Python (3.4.3),py,Time Limit Exceeded,2118,262200,1493,
s990326964,p02936,u888337853,1582168588,Python,Python (3.4.3),py,Runtime Error,1277,101916,1524,
s996447762,p02936,u411203878,1582168392,Python,PyPy3 (2.4.0),py,Wrong Answer,2109,86232,338,
s475624851,p02936,u888337853,1582168370,Python,Python (3.4.3),py,Time Limit Exceeded,2121,298584,1500,
s985127176,p02936,u888337853,1582168323,Python,Python (3.4.3),py,Time Limit Exceeded,2121,206964,1474,
s628108905,p02936,u888337853,1582168189,Python,Python (3.4.3),py,Time Limit Exceeded,2116,125012,1445,
s736009333,p02936,u888337853,1582165645,Python,Python (3.4.3),py,Accepted,1760,230932,639,
s293486310,p02936,u247366051,1582163855,C++,C++ (GCC 5.4.1),cpp,Accepted,128,38400,758,
s057189406,p02936,u254871849,1582152843,Python,Python (3.4.3),py,Accepted,878,74680,665,
s157211110,p02936,u835534008,1582127330,C++,C++14 (GCC 5.4.1),cpp,Accepted,593,15604,776,
s793365869,p02936,u646118499,1582093135,C,C (GCC 5.4.1),c,Wrong Answer,116,28416,931,
s163091611,p02936,u888337853,1582093064,Python,PyPy3 (2.4.0),py,Runtime Error,287,63980,1261,
s309073865,p02936,u888337853,1582092931,Python,Python (3.4.3),py,Wrong Answer,2113,88320,1261,
s916021514,p02936,u888337853,1582092579,Python,Python (3.4.3),py,Wrong Answer,2113,86428,1303,
s479733011,p02936,u888337853,1582091345,Python,Python (3.4.3),py,Wrong Answer,2113,85528,1293,
s426619893,p02936,u888337853,1582091302,Python,PyPy3 (2.4.0),py,Runtime Error,270,63340,1293,
s244264017,p02936,u888337853,1582091147,Python,Python (3.4.3),py,Wrong Answer,2114,87484,1293,
s828272171,p02936,u427984570,1582089414,Python,Python (3.4.3),py,Accepted,1729,56160,470,
s952321339,p02936,u427984570,1582087083,Python,Python (3.4.3),py,Wrong Answer,2243,3064,320,
s470846949,p02936,u891346638,1582067794,C++,C++14 (GCC 5.4.1),cpp,Accepted,355,23552,711,
s253248776,p02936,u303039933,1582058070,Python,PyPy3 (2.4.0),py,Accepted,854,97096,3240,
s429182685,p02936,u894339989,1582051633,C++,C++14 (GCC 5.4.1),cpp,Accepted,424,24320,678,
s399160890,p02936,u071019032,1582017093,C++,C++14 (GCC 5.4.1),cpp,Accepted,354,24276,1441,
s760094024,p02936,u071019032,1582016924,C++,C++14 (GCC 5.4.1),cpp,Accepted,298,25328,1430,
s010168948,p02936,u617515020,1582002128,Python,Python (3.4.3),py,Accepted,1742,56080,416,
s931995941,p02936,u617515020,1582001790,Python,Python (3.4.3),py,Wrong Answer,1556,49824,398,
s867403472,p02936,u411427373,1581996415,C++,C++14 (GCC 5.4.1),cpp,Accepted,310,26240,810,
s810219397,p02936,u411427373,1581996149,C++,C++14 (GCC 5.4.1),cpp,Wrong Answer,301,23040,745,
s920769265,p02936,u434872492,1581995558,Python,Python (3.4.3),py,Accepted,1822,64504,659,
s858996736,p02936,u434872492,1581995326,Python,Python (3.4.3),py,Runtime Error,1421,50804,732,
s091525148,p02936,u411427373,1581994389,C++,C++14 (GCC 5.4.1),cpp,Wrong Answer,279,22272,738,
s743927375,p02936,u108617242,1581984779,Python,PyPy3 (2.4.0),py,Time Limit Exceeded,2122,315572,650,
s941183996,p02936,u108617242,1581984626,Python,PyPy3 (2.4.0),py,Time Limit Exceeded,2126,374128,664,
s719853629,p02936,u108617242,1581984499,Python,PyPy3 (2.4.0),py,Runtime Error,2111,150924,623,
s237916037,p02936,u108617242,1581983443,Python,PyPy3 (2.4.0),py,Wrong Answer,1866,131212,600,
s483585375,p02936,u891346638,1581983007,C++,C++14 (GCC 5.4.1),cpp,Wrong Answer,2109,38832,1006,
s559871457,p02936,u108617242,1581982694,Python,PyPy3 (2.4.0),py,Wrong Answer,1800,123212,372,
s381128582,p02936,u891346638,1581982434,C++,C++14 (GCC 5.4.1),cpp,Wrong Answer,2104,24764,874,
s299355840,p02936,u108617242,1581982367,Python,PyPy3 (2.4.0),py,Wrong Answer,2109,97480,511,
s217771059,p02936,u098968285,1581982071,Scala,Scala (2.11.7),scala,Accepted,1510,128208,1424,
s611365101,p02936,u703511577,1581981732,C++,C++14 (Clang 3.8.0),cpp,Accepted,137,17652,1023,
s761798497,p02936,u358254559,1581963989,Python,PyPy3 (2.4.0),py,Accepted,1003,128112,700,
s573063511,p02936,u358254559,1581963817,Python,Python (3.4.3),py,Time Limit Exceeded,2109,104104,663,
s937710823,p02936,u358254559,1581963681,Python,PyPy3 (2.4.0),py,Time Limit Exceeded,2110,139248,663,
s226981515,p02936,u358254559,1581963521,Python,PyPy3 (2.4.0),py,Time Limit Exceeded,2111,139248,636,
s146043527,p02936,u358254559,1581963118,Python,PyPy3 (2.4.0),py,Time Limit Exceeded,2110,135116,647,
s572104925,p02936,u358254559,1581963016,Python,PyPy3 (2.4.0),py,Time Limit Exceeded,2110,144172,681,
s429666668,p02936,u358254559,1581962553,Python,PyPy3 (2.4.0),py,Time Limit Exceeded,2079,145896,720,
s671512657,p02936,u358254559,1581962359,Python,PyPy3 (2.4.0),py,Wrong Answer,1988,138684,608,
s128145450,p02936,u358254559,1581962332,Python,PyPy3 (2.4.0),py,Runtime Error,193,38256,490,
s874606267,p02936,u358254559,1581959252,Python,PyPy3 (2.4.0),py,Wrong Answer,2114,133872,630,
s002104401,p02936,u071019032,1581937740,C++,C++14 (GCC 5.4.1),cpp,Accepted,333,24148,1385,
s706940037,p02936,u258183816,1581930722,C++,C++14 (GCC 5.4.1),cpp,Accepted,302,30464,842,
s974312449,p02936,u258183816,1581929529,C++,C++14 (GCC 5.4.1),cpp,Runtime Error,3418,1780,868,
s333549840,p02936,u258183816,1581926124,C++,C++14 (GCC 5.4.1),cpp,Runtime Error,3186,1780,779,
s381086747,p02936,u170324846,1581915192,Python,PyPy3 (2.4.0),py,Accepted,1859,105780,706,
s872775342,p02936,u369212307,1581904131,C++,C++14 (GCC 5.4.1),cpp,Accepted,292,24320,1472,
s572445957,p02936,u369212307,1581902862,C++,C++14 (GCC 5.4.1),cpp,Wrong Answer,275,22656,1373,
s840090048,p02936,u369212307,1581901969,C++,C++14 (GCC 5.4.1),cpp,Runtime Error,258,5504,1221,
s851357174,p02936,u483992368,1581901571,C++,C++14 (GCC 5.4.1),cpp,Accepted,619,26752,817,
s247931237,p02936,u369212307,1581901210,C++,C++14 (GCC 5.4.1),cpp,Wrong Answer,2103,5376,1370,
s161487953,p02936,u617515020,1581898411,Python,Python (3.4.3),py,Wrong Answer,2112,128716,473,
s955311327,p02936,u202894455,1581890846,Rust,Rust (1.15.1),rs,Accepted,138,54048,159306,
s390754533,p02936,u574189773,1581871355,Rust,Rust (1.15.1),rs,Accepted,268,52732,1527,
s668699005,p02936,u809967037,1581869181,C++,C++14 (GCC 5.4.1),cpp,Accepted,434,24320,5115,
s074473162,p02936,u574189773,1581867614,Rust,Rust (1.15.1),rs,Wrong Answer,210,40444,1388,
s404913055,p02936,u574189773,1581867206,Rust,Rust (1.15.1),rs,Wrong Answer,261,40444,1379,
s838487722,p02936,u310790595,1581802430,C++,C++14 (GCC 5.4.1),cpp,Accepted,418,21376,1037,
s811696472,p02936,u461336793,1581802130,C++,C++14 (GCC 5.4.1),cpp,Accepted,131,21360,2622,
s980218327,p02936,u446795710,1581799639,C++,C++14 (GCC 5.4.1),cpp,Accepted,725,15604,1029,
s237459502,p02936,u796877631,1581791063,C++,C++14 (GCC 5.4.1),cpp,Accepted,314,15604,893,
s050161431,p02936,u796877631,1581790895,C++,C++14 (GCC 5.4.1),cpp,Wrong Answer,294,14080,747,
s838727308,p02936,u275786410,1581781152,C++,C++14 (GCC 5.4.1),cpp,Accepted,133,24320,1229,
s231794962,p02936,u018679195,1581759126,C++,C++14 (GCC 5.4.1),cpp,Accepted,279,39680,3285,
s130995519,p02936,u769965655,1581759088,C++,C++14 (GCC 5.4.1),cpp,Accepted,276,39680,3285,
s357151047,p02936,u769965655,1581758999,C++,C++14 (GCC 5.4.1),cpp,Wrong Answer,277,39680,3290,
s155519242,p02936,u769965655,1581758941,C++,C++14 (GCC 5.4.1),cpp,Wrong Answer,270,39680,3285,
s474497515,p02936,u769965655,1581758622,C++,C++14 (GCC 5.4.1),cpp,Wrong Answer,274,38272,3182,
s093648387,p02936,u353919145,1581757070,C++,C++14 (GCC 5.4.1),cpp,Wrong Answer,273,38272,3293,
s776768095,p02936,u769965655,1581757052,C++,C++14 (GCC 5.4.1),cpp,Wrong Answer,273,38272,3293,
s333793988,p02936,u863370423,1581756178,C++,C++14 (GCC 5.4.1),cpp,Wrong Answer,251,41472,3182,
s106470926,p02936,u769965655,1581755663,C++,C++14 (GCC 5.4.1),cpp,Wrong Answer,278,41472,3178,
s539524687,p02936,u089230684,1581755637,C++,C++14 (GCC 5.4.1),cpp,Wrong Answer,309,41472,3178,
s784058826,p02936,u516525290,1581750627,C++,C++14 (GCC 5.4.1),cpp,Accepted,371,23424,1434,
s730744980,p02936,u516525290,1581749580,C++,C++14 (GCC 5.4.1),cpp,Wrong Answer,2237,2072832,1578,
s787832159,p02936,u516525290,1581749347,C++,C++14 (GCC 5.4.1),cpp,Wrong Answer,2235,2079488,1537,
s384803135,p02936,u516525290,1581748267,C++,C++14 (GCC 5.4.1),cpp,Wrong Answer,2254,2093696,1513,
s804688059,p02936,u470560351,1581720290,Python,PyPy3 (2.4.0),py,Accepted,787,123084,553,
s607166724,p02936,u426964396,1581710883,C++,C++ (GCC 5.4.1),cpp,Accepted,138,26368,773,
s110087822,p02936,u476418095,1581710326,C++,C++ (GCC 5.4.1),cpp,Accepted,162,80000,808,
s569691735,p02936,u751537640,1581702687,C++,C++14 (GCC 5.4.1),cpp,Accepted,638,41884,1014,
s831572284,p02936,u263933075,1581700630,C++,C++ (GCC 5.4.1),cpp,Wrong Answer,164,80000,774,
s032556399,p02936,u089230684,1581700450,C++,C++14 (Clang 3.8.0),cpp,Wrong Answer,151,27904,768,
s012548484,p02936,u263933075,1581700254,C++,C++ (GCC 5.4.1),cpp,Wrong Answer,146,27904,768,
s606440193,p02936,u426964396,1581700145,C++,C++ (GCC 5.4.1),cpp,Wrong Answer,148,26368,737,
s985080728,p02936,u595289165,1581656698,Python,Python (3.4.3),py,Accepted,1805,64228,546,
s887704451,p02936,u595289165,1581656442,Python,Python (3.4.3),py,Wrong Answer,1731,57856,524,
s641134047,p02936,u426764965,1581655185,Python,Python (3.4.3),py,Wrong Answer,2120,246164,554,
s085751669,p02936,u932066890,1581652369,C++,C++14 (GCC 5.4.1),cpp,Accepted,131,29696,1108,
s087663360,p02936,u521293705,1581638368,Java,Java8 (OpenJDK 1.8.0),java,Accepted,945,134300,5877,
s539566394,p02936,u521293705,1581638013,Java,Java8 (OpenJDK 1.8.0),java,Time Limit Exceeded,2105,147304,5814,
s633576816,p02936,u477343425,1581633503,C++,C++14 (GCC 5.4.1),cpp,Accepted,656,23424,597,
s457561713,p02936,u139458416,1581625650,C++,C++14 (GCC 5.4.1),cpp,Accepted,286,24320,747,
s005304304,p02936,u139458416,1581622437,C++,C++14 (GCC 5.4.1),cpp,Wrong Answer,507,23916,1084,
s749299671,p02936,u139458416,1581621489,C++,C++14 (GCC 5.4.1),cpp,Wrong Answer,474,20204,940,
s749501587,p02936,u139458416,1581621013,C++,C++14 (GCC 5.4.1),cpp,Wrong Answer,465,20204,934,
s248438156,p02936,u139458416,1581618954,C++,C++14 (GCC 5.4.1),cpp,Wrong Answer,423,16512,710,
s773706425,p02936,u285358283,1581615313,C++,C++14 (GCC 5.4.1),cpp,Accepted,288,15604,758,
s073666663,p02936,u285358283,1581614938,C++,C++14 (GCC 5.4.1),cpp,Wrong Answer,282,14848,639,
s754910211,p02936,u285358283,1581614686,C++,C++14 (GCC 5.4.1),cpp,Wrong Answer,295,14080,627,
s103254052,p02936,u285358283,1581614342,C++,C++14 (GCC 5.4.1),cpp,Wrong Answer,2104,13952,607,
s435536738,p02936,u211544300,1581600552,C++,C++14 (GCC 5.4.1),cpp,Accepted,147,25472,689,
s877529134,p02936,u600402037,1581578959,Python,Python (3.4.3),py,Accepted,1893,238868,589,
s805992430,p02936,u600402037,1581578446,Python,Python (3.4.3),py,Accepted,1920,238996,569,
s667084196,p02936,u244203620,1581576383,C,C (GCC 5.4.1),c,Wrong Answer,96,9600,1128,
s238391013,p02936,u244203620,1581574353,C,C (GCC 5.4.1),c,Wrong Answer,97,8576,1122,
s514444405,p02936,u508688268,1581542703,C++,C++14 (GCC 5.4.1),cpp,Accepted,353,24320,477,
s332280378,p02936,u170319289,1581541954,Python,PyPy3 (2.4.0),py,Runtime Error,2110,114092,421,
s101572422,p02936,u798665594,1581541472,C++,C++14 (GCC 5.4.1),cpp,Accepted,289,15604,892,
s943988207,p02936,u170319289,1581541404,Python,Python (3.4.3),py,Runtime Error,2106,49908,420,
s594934265,p02936,u107555502,1581540650,C++,C++14 (GCC 5.4.1),cpp,Accepted,615,18672,1315,
s341989434,p02936,u170319289,1581540294,Python,Python (3.4.3),py,Wrong Answer,2106,17696,272,
s773577580,p02936,u170319289,1581539955,Python,Python (3.4.3),py,Wrong Answer,2104,12968,253,
s284689787,p02936,u819048695,1581539694,Python,PyPy3 (2.4.0),py,Accepted,1977,125088,540,
s259801296,p02936,u176567747,1581539404,C++,C++14 (GCC 5.4.1),cpp,Accepted,124,21104,1829,
s212871472,p02936,u107555502,1581538697,C++,C++14 (GCC 5.4.1),cpp,Wrong Answer,2104,16512,1308,
s860248228,p02936,u798665594,1581537374,C++,C++14 (GCC 5.4.1),cpp,Wrong Answer,281,14080,764,
s367868911,p02936,u798665594,1581536357,C++,C++14 (GCC 5.4.1),cpp,Wrong Answer,280,14080,650,
s746292279,p02936,u043150661,1581535838,Kotlin,Kotlin (1.0.0),kt,Time Limit Exceeded,2111,157360,683,
s493068686,p02936,u043150661,1581535657,Kotlin,Kotlin (1.0.0),kt,Time Limit Exceeded,2111,159076,666,
s773071097,p02936,u043150661,1581535413,Kotlin,Kotlin (1.0.0),kt,Time Limit Exceeded,2111,157624,674,
s031981998,p02936,u264265458,1581530667,C++,C++14 (GCC 5.4.1),cpp,Accepted,126,26240,3039,
s640192655,p02936,u043150661,1581529728,Kotlin,Kotlin (1.0.0),kt,Time Limit Exceeded,2111,159376,701,
s492335198,p02936,u221580805,1581529515,Python,Python (3.4.3),py,Wrong Answer,1503,112280,282,
s871856338,p02936,u043150661,1581527782,Kotlin,Kotlin (1.0.0),kt,Time Limit Exceeded,2111,158912,698,
s408489384,p02936,u043150661,1581525424,C++,C++14 (GCC 5.4.1),cpp,Accepted,650,23424,596,
s374304870,p02936,u043150661,1581524816,Kotlin,Kotlin (1.0.0),kt,Wrong Answer,1101,151672,606,
s922632240,p02936,u108577768,1581523122,C++,C++ (GCC 5.4.1),cpp,Accepted,188,58880,2584,
s328389191,p02936,u043150661,1581522989,Kotlin,Kotlin (1.0.0),kt,Runtime Error,1377,166100,645,
s637418123,p02936,u043150661,1581522911,Kotlin,Kotlin (1.0.0),kt,Runtime Error,1094,150780,534,
s734710014,p02936,u768937125,1581522484,C++,C++ (GCC 5.4.1),cpp,Accepted,114,18048,851,
s314063236,p02936,u214724132,1581517219,Pascal,Pascal (FPC 2.6.2),pas,Accepted,299,24960,2641,
s683468684,p02936,u347640436,1581486632,Python,Python (3.4.3),py,Accepted,1523,62236,588,
s522694886,p02936,u347640436,1581486500,Python,Python (3.4.3),py,Time Limit Exceeded,2107,56792,556,
s139231630,p02936,u347640436,1581486449,Python,Python (3.4.3),py,Accepted,1541,60392,555,
s338574203,p02936,u347640436,1581486387,Python,Python (3.4.3),py,Time Limit Exceeded,2108,56812,461,
s762001058,p02936,u788068140,1581483136,Python,Python (3.4.3),py,Accepted,1959,131628,1268,
s517064657,p02936,u788068140,1581480952,Python,Python (3.4.3),py,Runtime Error,2060,209656,1196,
s332852635,p02936,u887563701,1581480053,C++,C++14 (GCC 5.4.1),cpp,Wrong Answer,397,30592,970,
s964099030,p02936,u887563701,1581477349,C++,C++14 (GCC 5.4.1),cpp,Wrong Answer,408,22528,1100,
s495586421,p02936,u887563701,1581476541,C++,C++14 (GCC 5.4.1),cpp,Wrong Answer,2104,24448,1001,
s713564484,p02936,u887563701,1581475810,C++,C++14 (GCC 5.4.1),cpp,Runtime Error,98,256,999,
s706814959,p02936,u671257784,1581473911,C++,C++14 (GCC 5.4.1),cpp,Accepted,147,31104,4721,
s360034077,p02936,u433254839,1581470172,Scala,Scala (2.11.7),scala,Accepted,1901,152004,1582,
s170426580,p02936,u433254839,1581469423,Scala,Scala (2.11.7),scala,Runtime Error,1763,149944,773,
s257625569,p02936,u433254839,1581468936,Scala,Scala (2.11.7),scala,Runtime Error,1642,145964,821,
s583723114,p02936,u433254839,1581468651,Scala,Scala (2.11.7),scala,Runtime Error,2111,150452,945,
s072286387,p02936,u433254839,1581468543,Scala,Scala (2.11.7),scala,Runtime Error,1723,148204,860,
s785926448,p02936,u433254839,1581468422,Scala,Scala (2.11.7),scala,Runtime Error,1745,150216,771,
s164168891,p02936,u433254839,1581468351,Scala,Scala (2.11.7),scala,Compile Error,,,865,
s249778195,p02936,u788068140,1581462386,Python,Python (3.4.3),py,Runtime Error,2068,209672,1223,
s901714544,p02936,u788068140,1581462319,Python,Python (3.4.3),py,Runtime Error,1862,136820,1162,
s251297063,p02936,u379959788,1581461475,Python,PyPy3 (2.4.0),py,Accepted,1910,132728,741,
s741342837,p02936,u379959788,1581461295,Python,Python (3.4.3),py,Accepted,1677,67168,741,
s443447422,p02936,u379959788,1581461236,Python,Python (3.4.3),py,Wrong Answer,1702,67184,729,
s277502591,p02936,u379959788,1581460167,Python,Python (3.4.3),py,Wrong Answer,1585,60844,706,
s585336268,p02936,u623468376,1581456045,C++,C++14 (GCC 5.4.1),cpp,Accepted,139,24448,1263,
s389619285,p02936,u102602414,1581454653,C++,C++14 (GCC 5.4.1),cpp,Accepted,327,20480,1992,
s227121882,p02936,u902409225,1581445853,Go,Go (1.6),go,Accepted,355,79872,805,
s274309547,p02936,u623468376,1581445628,C++,C++14 (GCC 5.4.1),cpp,Wrong Answer,125,24320,1211,
s665838908,p02936,u902409225,1581445152,Go,Go (1.6),go,Runtime Error,3149,640,848,
s579252865,p02936,u902409225,1581440870,Go,Go (1.6),go,Wrong Answer,408,119680,851,
s003331131,p02936,u902409225,1581439569,Go,Go (1.6),go,Wrong Answer,324,78336,744,
s701798330,p02936,u902409225,1581437138,Go,Go (1.6),go,Wrong Answer,2108,15104,557,
s802621225,p02936,u211544300,1581436887,C++,C++14 (GCC 5.4.1),cpp,Wrong Answer,124,26240,635,
s711345045,p02936,u623468376,1581435115,C++,C++14 (GCC 5.4.1),cpp,Wrong Answer,125,24320,1172,
s623819397,p02936,u211544300,1581435053,C++,C++14 (GCC 5.4.1),cpp,Wrong Answer,126,24576,606,
s017613308,p02936,u623468376,1581434506,C++,C++14 (GCC 5.4.1),cpp,Wrong Answer,2104,23680,1152,
s387451792,p02936,u519194615,1581401564,C++,C++14 (GCC 5.4.1),cpp,Accepted,380,23552,682,
s053574944,p02936,u519194615,1581398218,C++,C++14 (GCC 5.4.1),cpp,Wrong Answer,270,4736,753,
s094092263,p02936,u893584578,1581397852,C++,C++14 (GCC 5.4.1),cpp,Accepted,287,24176,801,
s664362945,p02936,u519194615,1581397747,C++,C++14 (GCC 5.4.1),cpp,Wrong Answer,269,4736,577,
s503161415,p02936,u893584578,1581396531,C++,C++14 (GCC 5.4.1),cpp,Wrong Answer,2104,22644,962,
s096976258,p02936,u464244643,1581392076,Python,Python (3.4.3),py,Accepted,1591,268428,682,
s787291996,p02936,u464244643,1581391985,Python,Python (3.4.3),py,Time Limit Exceeded,2100,268436,628,
s123620852,p02936,u464244643,1581391913,Python,Python (3.4.3),py,Wrong Answer,1984,271660,627,
s439801902,p02936,u464244643,1581391891,Python,Python (3.4.3),py,Wrong Answer,2003,269996,623,
s692247054,p02936,u551243477,1581375416,C++,C++14 (GCC 5.4.1),cpp,Wrong Answer,430,37504,2661,
s850996614,p02936,u551243477,1581374961,C++,C++14 (GCC 5.4.1),cpp,Accepted,458,37504,2989,
s173245250,p02936,u551243477,1581374811,C++,C++14 (GCC 5.4.1),cpp,Runtime Error,2104,272384,2469,
s228922811,p02936,u551243477,1581374312,C++,C++14 (GCC 5.4.1),cpp,Runtime Error,2104,273152,2498,
s988335420,p02936,u551243477,1581373981,C++,C++14 (GCC 5.4.1),cpp,Runtime Error,2104,273280,2498,
s127877511,p02936,u551243477,1581373537,C++,C++14 (GCC 5.4.1),cpp,Runtime Error,2104,274048,2545,
s061660311,p02936,u551243477,1581372984,C++,C++14 (GCC 5.4.1),cpp,Runtime Error,2103,293120,2546,
s183017650,p02936,u551243477,1581372826,C++,C++14 (GCC 5.4.1),cpp,Runtime Error,121,8448,2546,
s634378741,p02936,u551243477,1581372696,C++,C++14 (GCC 5.4.1),cpp,Runtime Error,117,8448,2537,
s828821844,p02936,u136342563,1581311379,C++,C++14 (GCC 5.4.1),cpp,Wrong Answer,606,31744,919,
s438554212,p02936,u136342563,1581311364,C++,C++14 (GCC 5.4.1),cpp,Accepted,615,32896,919,
s831399624,p02936,u987164499,1581297941,Python,Python (3.4.3),py,Accepted,1976,300156,629,
s995616314,p02936,u987164499,1581297679,Python,Python (3.4.3),py,Accepted,1989,312772,669,
s763018462,p02936,u987164499,1581297601,Python,PyPy3 (2.4.0),py,Time Limit Exceeded,2152,752108,670,
s659953100,p02936,u987164499,1581297422,Python,PyPy3 (2.4.0),py,Wrong Answer,2160,881580,889,
s654755319,p02936,u987164499,1581297285,Python,Python (3.4.3),py,Wrong Answer,2136,508336,889,
s969986589,p02936,u047655753,1581285870,C++,C++14 (GCC 5.4.1),cpp,Accepted,139,26624,981,
s355527792,p02936,u047655753,1581285803,C++,C++14 (GCC 5.4.1),cpp,Wrong Answer,149,26624,982,
s199434112,p02936,u047655753,1581285777,C++,C++14 (GCC 5.4.1),cpp,Compile Error,,,974,
s587774159,p02936,u047655753,1581285501,C++,C++14 (GCC 5.4.1),cpp,Wrong Answer,146,25088,952,
s486907001,p02936,u708255304,1581279293,Python,Python (3.4.3),py,Accepted,1744,67208,663,
s965878052,p02936,u240348415,1581274201,Rust,Rust (1.15.1),rs,Accepted,277,69072,331008,
s454437420,p02936,u240348415,1581272678,Rust,Rust (1.15.1),rs,Wrong Answer,231,44880,319554,
s118699300,p02936,u617826263,1581268220,C++,C++14 (GCC 5.4.1),cpp,Accepted,653,23424,678,
s783264652,p02936,u489108157,1581260707,C++,C++14 (GCC 5.4.1),cpp,Accepted,318,19440,1288,
s699634830,p02936,u489108157,1581260318,C++,C++14 (GCC 5.4.1),cpp,Wrong Answer,283,16512,1209,
s652044213,p02936,u489108157,1581260113,C++,C++14 (GCC 5.4.1),cpp,Runtime Error,324,7284,1209,
s185620902,p02936,u696486967,1581226026,C++,C++14 (GCC 5.4.1),cpp,Time Limit Exceeded,2104,7808,1723,
s960861074,p02936,u696486967,1581224920,C++,C++14 (GCC 5.4.1),cpp,Runtime Error,101,256,1694,
s331530429,p02936,u465669072,1581222206,C++,C++14 (GCC 5.4.1),cpp,Accepted,288,18676,1185,
s975402582,p02936,u465669072,1581218487,C++,C++14 (GCC 5.4.1),cpp,Wrong Answer,263,4736,854,
s321007404,p02936,u761529120,1581217825,Python,PyPy3 (2.4.0),py,Accepted,751,93588,736,
s896353918,p02936,u761529120,1581217637,Python,PyPy3 (2.4.0),py,Wrong Answer,1783,93388,573,
s297332423,p02936,u465669072,1581203835,C++,C++14 (GCC 5.4.1),cpp,Wrong Answer,266,4736,1071,
s476850995,p02936,u465669072,1581203477,C++,C++14 (GCC 5.4.1),cpp,Wrong Answer,243,4608,826,
s420906815,p02936,u085430333,1581194482,C++,C++14 (GCC 5.4.1),cpp,Accepted,365,23552,1159,
s927105381,p02936,u085430333,1581194320,C++,C++14 (GCC 5.4.1),cpp,Wrong Answer,371,23296,1155,
s216272167,p02936,u971113766,1581188860,C++,C++14 (GCC 5.4.1),cpp,Wrong Answer,286,28928,914,
s302922798,p02936,u971113766,1581188817,C++,C++14 (GCC 5.4.1),cpp,Accepted,298,32128,1027,
s368673002,p02936,u971113766,1581188728,C++,C++14 (GCC 5.4.1),cpp,Accepted,304,32128,1027,
s790848910,p02936,u971113766,1581188442,C++,C++14 (GCC 5.4.1),cpp,Runtime Error,2299,1852048,1026,
s689457106,p02936,u971113766,1581188117,C++,C++14 (GCC 5.4.1),cpp,Runtime Error,3526,1943620,969,
s731061285,p02936,u971113766,1581187916,C++,C++14 (GCC 5.4.1),cpp,Wrong Answer,2244,2089600,946,
s984452018,p02936,u690536347,1581186432,Python,PyPy3 (2.4.0),py,Accepted,1873,118744,498,
s636220770,p02936,u690536347,1581186340,Python,Python (3.4.3),py,Accepted,1926,66848,498,
s357384822,p02936,u971113766,1581185609,C++,C++14 (GCC 5.4.1),cpp,Wrong Answer,2259,2025728,910,
s502756921,p02936,u971113766,1581185204,C++,C++14 (GCC 5.4.1),cpp,Wrong Answer,2110,46336,791,
s266745773,p02936,u046432236,1581180817,Python,PyPy3 (2.4.0),py,Wrong Answer,2122,311992,575,
s239586334,p02936,u046432236,1581180343,Python,PyPy3 (2.4.0),py,Wrong Answer,2124,290104,608,
s571178460,p02936,u046432236,1581180263,Python,PyPy3 (2.4.0),py,Runtime Error,1861,130956,596,
s509879958,p02936,u796877631,1581170681,C++,C++14 (GCC 5.4.1),cpp,Accepted,296,15604,870,
s583133992,p02936,u093170535,1581143065,C++,C++14 (GCC 5.4.1),cpp,Accepted,138,21120,492,
s644664566,p02936,u627214330,1581126336,C++,C++14 (GCC 5.4.1),cpp,Accepted,583,16372,1056,
s860742412,p02936,u627214330,1581126319,C++,C++14 (GCC 5.4.1),cpp,Compile Error,,,1057,
s456700887,p02936,u018679195,1581125105,C++,C++14 (GCC 5.4.1),cpp,Accepted,322,24320,584,
s345173332,p02936,u984276646,1581123930,Python,Python (3.4.3),py,Wrong Answer,1760,59020,387,
s736395567,p02936,u029587648,1581109832,Go,Go (1.6),go,Runtime Error,3129,512,620,
s692549135,p02936,u561231954,1581099280,Python,Python (3.4.3),py,Accepted,1201,54616,454,
s128906219,p02936,u561231954,1581098309,Python,Python (3.4.3),py,Wrong Answer,923,47920,341,
s508806092,p02936,u561231954,1581097618,Python,Python (3.4.3),py,Wrong Answer,950,47920,337,
s105698476,p02936,u036778255,1581096125,Rust,Rust (1.15.1),rs,Accepted,136,47320,319720,
s862493736,p02936,u777258731,1581094196,C++,C++14 (GCC 5.4.1),cpp,Accepted,293,16372,882,
s509716265,p02936,u777258731,1581089737,C++,C++14 (GCC 5.4.1),cpp,Wrong Answer,284,14976,855,
s351326106,p02936,u941753895,1581074108,Python,Python (3.4.3),py,Accepted,1788,240448,888,
s673427735,p02936,u941753895,1581072326,Python,Python (3.4.3),py,Wrong Answer,1484,225312,755,
s151580209,p02936,u916002037,1581057664,C++,C++14 (GCC 5.4.1),cpp,Accepted,141,26240,891,
s291337619,p02936,u288101512,1581051278,C++,C++14 (GCC 5.4.1),cpp,Accepted,428,17904,978,
s461958490,p02936,u521652313,1581049406,C++,C++14 (GCC 5.4.1),cpp,Accepted,305,19440,871,
s912905925,p02936,u903311413,1581049356,C++,C++14 (GCC 5.4.1),cpp,Accepted,300,20992,2405,
s711966539,p02936,u288101512,1581048579,C++,C++14 (GCC 5.4.1),cpp,Wrong Answer,2104,15220,1308,
s151304260,p02936,u493750228,1581048351,C++,C++14 (GCC 5.4.1),cpp,Accepted,164,24320,1327,
s212802721,p02936,u846041485,1581048289,C#,C# (Mono 4.6.2.0),cs,Accepted,1625,59284,1114,
s060570640,p02936,u564847900,1581047937,C#,C# (Mono 4.6.2.0),cs,Accepted,686,52676,1430,
s552141598,p02936,u288101512,1581047267,C++,C++14 (GCC 5.4.1),cpp,Wrong Answer,2104,15220,1260,
s923369731,p02936,u561143568,1581043090,C++,C++14 (GCC 5.4.1),cpp,Accepted,599,25984,949,
s495725837,p02936,u809967037,1581035418,C++,C++14 (GCC 5.4.1),cpp,Accepted,427,27392,3294,
s890946074,p02936,u858670323,1581034173,C++,C++14 (GCC 5.4.1),cpp,Accepted,372,42368,3101,
s021145977,p02936,u858670323,1581034123,C++,C++14 (GCC 5.4.1),cpp,Compile Error,,,3095,
s187553224,p02936,u858670323,1581033909,C++,C++14 (GCC 5.4.1),cpp,Wrong Answer,235,42240,2950,
s669564173,p02936,u858670323,1581033105,C++,C++14 (GCC 5.4.1),cpp,Wrong Answer,2106,40064,2805,
s492899491,p02936,u915369024,1581025812,C++,C++14 (GCC 5.4.1),cpp,Accepted,376,24320,907,
s333604528,p02936,u705974985,1581024572,Go,Go (1.6),go,Accepted,337,81536,6760,
s769196811,p02936,u809967037,1581019873,C++,C++14 (GCC 5.4.1),cpp,Accepted,434,27392,3387,
s406548180,p02936,u952289831,1581018816,C++,C++14 (GCC 5.4.1),cpp,Wrong Answer,299,14848,781,
s962618693,p02936,u952289831,1581018776,C++,C++14 (GCC 5.4.1),cpp,Compile Error,,,206,
s458996773,p02936,u952289831,1581017089,C++,C++14 (GCC 5.4.1),cpp,Wrong Answer,2103,5376,695,
s217258400,p02936,u828388155,1581014958,C++,C++14 (GCC 5.4.1),cpp,Accepted,316,24320,1517,
s343338549,p02936,u828388155,1581014736,C++,C++14 (GCC 5.4.1),cpp,Wrong Answer,597,24320,1489,
s641881965,p02936,u790272146,1581011272,C++,C++14 (GCC 5.4.1),cpp,Accepted,318,25856,1458,
s568419070,p02936,u506846578,1581001978,C++,C++14 (GCC 5.4.1),cpp,Accepted,286,15732,920,
s784186620,p02936,u790272146,1581000797,C++,C++14 (GCC 5.4.1),cpp,Wrong Answer,284,22656,1208,
s133646372,p02936,u790272146,1580999536,C++,C++14 (GCC 5.4.1),cpp,Wrong Answer,279,18048,951,
s059761058,p02936,u790272146,1580999351,C++,C++14 (GCC 5.4.1),cpp,Wrong Answer,271,16512,953,
s479001948,p02936,u790272146,1580997674,C++,C++14 (GCC 5.4.1),cpp,Wrong Answer,2108,22144,770,
s641650762,p02936,u278057806,1580990594,C++,C++14 (GCC 5.4.1),cpp,Wrong Answer,2104,13952,793,
s209318271,p02936,u021648187,1580970254,C++,C++14 (GCC 5.4.1),cpp,Accepted,132,21376,1715,
s162992197,p02936,u021648187,1580968365,C++,C++14 (GCC 5.4.1),cpp,Wrong Answer,113,16512,1783,
s269718533,p02936,u021648187,1580967881,C++,C++14 (GCC 5.4.1),cpp,Wrong Answer,114,22656,1670,
s862971331,p02936,u213006031,1580958981,C++,C++14 (GCC 5.4.1),cpp,Accepted,322,29696,748,
s309840108,p02936,u701556979,1580958300,C++,C++14 (GCC 5.4.1),cpp,Accepted,363,23552,819,
s170633033,p02936,u213006031,1580957398,C++,C++14 (GCC 5.4.1),cpp,Wrong Answer,602,49280,1113,
s275802217,p02936,u213006031,1580956410,C++,C++14 (GCC 5.4.1),cpp,Wrong Answer,535,41472,983,
s895215551,p02936,u213006031,1580956135,C++,C++14 (GCC 5.4.1),cpp,Wrong Answer,565,41472,976,
s517801374,p02936,u866310595,1580951218,C++,C++14 (GCC 5.4.1),cpp,Runtime Error,323,4736,3744,
s045676285,p02936,u866310595,1580950963,C++,C++14 (GCC 5.4.1),cpp,Time Limit Exceeded,2103,4480,3812,
s438477327,p02936,u866310595,1580950838,C++,C++14 (GCC 5.4.1),cpp,Time Limit Exceeded,2103,4480,3815,
s780753853,p02936,u866310595,1580950215,C++,C++14 (GCC 5.4.1),cpp,Runtime Error,320,3968,3722,
s842698094,p02936,u296518383,1580946078,Python,PyPy3 (2.4.0),py,Accepted,743,126632,560,
s759457429,p02936,u296518383,1580946049,Python,Python (3.4.3),py,Accepted,1440,130216,560,
s707032791,p02936,u238205921,1580925155,C++,C++14 (GCC 5.4.1),cpp,Wrong Answer,349,21376,876,
s381335149,p02936,u280096880,1580920859,C++,C++14 (GCC 5.4.1),cpp,Accepted,297,16372,1744,
s161531810,p02936,u280096880,1580916691,C++,C++14 (GCC 5.4.1),cpp,Accepted,306,16372,1449,
s881822848,p02936,u238205921,1580915959,C++,C++14 (GCC 5.4.1),cpp,Wrong Answer,345,21120,735,
s734106569,p02936,u777258731,1580915630,C++,C++14 (GCC 5.4.1),cpp,Wrong Answer,2104,13184,851,
s327658767,p02936,u777258731,1580915566,C++,C++14 (GCC 5.4.1),cpp,Wrong Answer,2104,12416,851,
s287977509,p02936,u221119670,1580879800,C++,C++14 (GCC 5.4.1),cpp,Accepted,149,25600,801,
s606874233,p02936,u221119670,1580879747,C++,C++14 (GCC 5.4.1),cpp,Accepted,305,25600,752,
s707204548,p02936,u221119670,1580879651,C++,C++14 (GCC 5.4.1),cpp,Accepted,309,25600,752,
s801637154,p02936,u221119670,1580879574,C++,C++14 (GCC 5.4.1),cpp,Accepted,620,25856,714,
s900511934,p02936,u822130495,1580878635,C++,C++14 (GCC 5.4.1),cpp,Accepted,682,23552,698,
s887177617,p02936,u961136005,1580875207,C++,C++14 (GCC 5.4.1),cpp,Accepted,322,23552,917,
s944586893,p02936,u961136005,1580874715,C++,C++14 (GCC 5.4.1),cpp,Wrong Answer,284,21120,909,
s094114165,p02936,u961136005,1580874271,C++,C++14 (GCC 5.4.1),cpp,Wrong Answer,290,24320,1007,
s911188464,p02936,u652633828,1580874013,C++,C++14 (GCC 5.4.1),cpp,Accepted,123,20096,2512,
s257529760,p02936,u468440139,1580873712,C++,C++14 (GCC 5.4.1),cpp,Accepted,305,26624,826,
s755840054,p02936,u961136005,1580873058,C++,C++14 (GCC 5.4.1),cpp,Wrong Answer,283,14848,858,
s150460692,p02936,u961136005,1580872306,C++,C++14 (GCC 5.4.1),cpp,Wrong Answer,253,4736,738,
s738862201,p02936,u083959835,1580841701,C++,C++14 (GCC 5.4.1),cpp,Accepted,101,21136,1250,
s868498500,p02936,u083959835,1580841554,C++,C++14 (GCC 5.4.1),cpp,Runtime Error,129,14336,1256,
s489306703,p02936,u365917065,1580817826,C++,C++14 (GCC 5.4.1),cpp,Accepted,378,24320,623,
s765899302,p02936,u291766461,1580790341,Python,Python (3.4.3),py,Accepted,1661,268436,532,
s911211315,p02936,u291766461,1580790245,Python,Python (3.4.3),py,Runtime Error,1716,52296,428,
s289312282,p02936,u291766461,1580790129,Python,Python (3.4.3),py,Runtime Error,1735,52296,433,
s447640116,p02936,u291766461,1580789964,Python,Python (3.4.3),py,Accepted,1632,230960,639,
s956448062,p02936,u291766461,1580789769,Python,Python (3.4.3),py,Runtime Error,1802,49596,468,
s734233110,p02936,u291766461,1580789515,Python,Python (3.4.3),py,Runtime Error,31,6108,437,
s488254780,p02936,u291766461,1580789262,Python,PyPy3 (2.4.0),py,Runtime Error,1890,129740,438,
s026276591,p02936,u291766461,1580788488,Python,Python (3.4.3),py,Runtime Error,1837,52284,424,
s872030670,p02936,u753391427,1580785986,C++,C++14 (GCC 5.4.1),cpp,Accepted,132,23552,703,
s814981429,p02936,u921168761,1580775015,Python,Python (3.4.3),py,Accepted,1893,159484,608,
s408837051,p02936,u921168761,1580773337,Python,PyPy3 (2.4.0),py,Time Limit Exceeded,2119,254968,452,
s110786194,p02936,u921168761,1580773308,Python,Python (3.4.3),py,Time Limit Exceeded,2118,243308,452,
s857835753,p02936,u921168761,1580773186,Python,Python (3.4.3),py,Runtime Error,1745,59608,409,
s836702174,p02936,u042802884,1580762990,C++,C++14 (GCC 5.4.1),cpp,Accepted,415,31872,944,
s836377446,p02936,u042802884,1580762490,C++,C++14 (GCC 5.4.1),cpp,Wrong Answer,276,14080,893,
s799474393,p02936,u388530723,1580760913,C++,C++14 (GCC 5.4.1),cpp,Wrong Answer,2104,13952,688,
s454433632,p02936,u372144784,1580756152,Python,PyPy3 (2.4.0),py,Accepted,690,119640,955,
s066133904,p02936,u611777990,1580728386,C++,C++14 (GCC 5.4.1),cpp,Accepted,316,19444,1555,
s204509428,p02936,u611777990,1580724390,C++,C++14 (GCC 5.4.1),cpp,Time Limit Exceeded,2104,17140,1142,
s553691782,p02936,u611777990,1580723691,C++,C++14 (GCC 5.4.1),cpp,Time Limit Exceeded,2104,15988,1409,
s528343167,p02936,u419877586,1580697877,Python,Python (3.4.3),py,Wrong Answer,1940,125412,417,
s344194616,p02936,u419877586,1580697857,Python,PyPy3 (2.4.0),py,Wrong Answer,1998,129644,417,
s144625282,p02936,u419877586,1580697689,Python,Python (3.4.3),py,Time Limit Exceeded,2125,349964,484,
s006205797,p02936,u419877586,1580697299,Python,PyPy3 (2.4.0),py,Wrong Answer,2110,124504,291,
s120321368,p02936,u419877586,1580697212,Python,PyPy3 (2.4.0),py,Wrong Answer,2082,124360,273,
s362765421,p02936,u419877586,1580697121,Python,PyPy3 (2.4.0),py,Wrong Answer,2000,124300,273,
s309355919,p02936,u419877586,1580696663,Python,PyPy3 (2.4.0),py,Time Limit Exceeded,2122,266560,483,
s239797272,p02936,u419877586,1580696332,Python,PyPy3 (2.4.0),py,Runtime Error,1982,142780,441,
s250883680,p02936,u419877586,1580696272,Python,PyPy3 (2.4.0),py,Runtime Error,2063,147684,440,
s470492493,p02936,u863370423,1580693693,C++,C++14 (GCC 5.4.1),cpp,Accepted,152,36352,1941,
s757505872,p02936,u018679195,1580693174,C++,C++14 (GCC 5.4.1),cpp,Wrong Answer,125,33152,1878,
s816711853,p02936,u353919145,1580693047,C++,C++14 (GCC 5.4.1),cpp,Wrong Answer,128,36352,1882,
s944020737,p02936,u863370423,1580692827,C++,C++14 (GCC 5.4.1),cpp,Wrong Answer,126,33152,1852,
s892848496,p02936,u018679195,1580692730,C++,C++14 (GCC 5.4.1),cpp,Wrong Answer,134,33152,1853,
s213749013,p02936,u795978684,1580683015,Java,Java8 (OpenJDK 1.8.0),java,Accepted,1723,226380,1309,
s989643442,p02936,u795978684,1580682837,Java,Java8 (OpenJDK 1.8.0),java,Accepted,1986,228896,1308,
s671301603,p02936,u795978684,1580682727,Java,Java8 (OpenJDK 1.8.0),java,Wrong Answer,1903,224064,1273,
s491533215,p02936,u795978684,1580682602,Java,Java8 (OpenJDK 1.8.0),java,Time Limit Exceeded,2110,232636,1145,
s613996744,p02936,u831161882,1580682461,C++,C++14 (GCC 5.4.1),cpp,Wrong Answer,353,247040,593,
s393218243,p02936,u795978684,1580682413,Java,Java8 (OpenJDK 1.8.0),java,Time Limit Exceeded,2110,232632,1177,
s005689331,p02936,u795978684,1580682257,Java,Java8 (OpenJDK 1.8.0),java,Time Limit Exceeded,2110,227552,1143,
s338603100,p02936,u831161882,1580682149,C++,C++14 (GCC 5.4.1),cpp,Wrong Answer,348,247040,579,
s179331981,p02936,u795978684,1580682128,Java,Java8 (OpenJDK 1.8.0),java,Time Limit Exceeded,2113,226360,1132,
s713105193,p02936,u831161882,1580681931,C++,C++14 (GCC 5.4.1),cpp,Runtime Error,332,10740,577,
s365394443,p02936,u795978684,1580681759,Java,Java8 (OpenJDK 1.8.0),java,Time Limit Exceeded,2110,232712,1149,
s717414415,p02936,u169138653,1580681473,Python,PyPy3 (2.4.0),py,Accepted,1841,106124,591,
s537809491,p02936,u169138653,1580681195,Python,Python (3.4.3),py,Accepted,1749,56184,590,
s860311078,p02936,u291766461,1580670139,Python,Python (3.4.3),py,Runtime Error,2109,91144,666,
s036936685,p02936,u596311864,1580665034,C++,C++14 (GCC 5.4.1),cpp,Accepted,675,23552,676,
s233715907,p02936,u596311864,1580664987,C++,C++14 (GCC 5.4.1),cpp,Compile Error,,,676,
s925305320,p02936,u818349438,1580663456,C++,C++14 (GCC 5.4.1),cpp,Accepted,657,23424,755,
s379485738,p02936,u782387599,1580622218,C++,C++14 (GCC 5.4.1),cpp,Accepted,148,29684,1563,
s415871129,p02936,u395117343,1580611338,Python,PyPy3 (2.4.0),py,Wrong Answer,1785,127512,1884,
s075310781,p02936,u395117343,1580611070,Python,PyPy3 (2.4.0),py,Wrong Answer,1726,127512,1883,
s289004849,p02936,u395117343,1580610999,Python,PyPy3 (2.4.0),py,Wrong Answer,1846,127512,1904,
s524751924,p02936,u395117343,1580610931,Python,PyPy3 (2.4.0),py,Wrong Answer,1746,127512,1904,
s701662843,p02936,u395117343,1580610503,Python,PyPy3 (2.4.0),py,Wrong Answer,2110,116820,1784,
s777405498,p02936,u395117343,1580610441,Python,PyPy3 (2.4.0),py,Runtime Error,185,40172,1783,
s209990420,p02936,u883323885,1580603272,C++,C++14 (GCC 5.4.1),cpp,Accepted,374,26624,1032,
s189839583,p02936,u552847961,1580602955,C++,C++14 (GCC 5.4.1),cpp,Accepted,293,24320,836,
s631475161,p02936,u202894455,1580577657,Rust,Rust (1.15.1),rs,Accepted,139,53340,159125,
s032278531,p02936,u139255323,1580527411,C++,C++14 (GCC 5.4.1),cpp,Accepted,657,23552,629,
s558290623,p02936,u139255323,1580527211,C++,C++14 (GCC 5.4.1),cpp,Accepted,645,23424,605,
s085905377,p02936,u782098901,1580519400,C++,C++14 (GCC 5.4.1),cpp,Accepted,124,15604,816,
s427596549,p02936,u657353833,1580519093,C++,C++14 (GCC 5.4.1),cpp,Accepted,360,23424,669,
s369117273,p02936,u813098295,1580512400,C++,C++14 (GCC 5.4.1),cpp,Accepted,130,24320,828,
s137414102,p02936,u048904090,1580508114,C++,C++14 (GCC 5.4.1),cpp,Accepted,364,27392,786,
s138068935,p02936,u131340563,1580497748,C++,C++14 (GCC 5.4.1),cpp,Accepted,372,36720,1608,
s920437899,p02936,u025394570,1580470998,C++,C++14 (GCC 5.4.1),cpp,Accepted,509,39936,1305,
s939061229,p02936,u395117343,1580442085,Python,Python (3.4.3),py,Wrong Answer,2114,109860,1783,
s214656256,p02936,u395117343,1580441960,Python,Python (3.4.3),py,Wrong Answer,1887,106532,1784,
s469855777,p02936,u395117343,1580441437,Python,Python (3.4.3),py,Wrong Answer,1831,106532,1784,
s100437261,p02936,u395117343,1580440612,Python,Python (3.4.3),py,Wrong Answer,2115,109848,1870,
s390493975,p02936,u395117343,1580440236,Python,Python (3.4.3),py,Wrong Answer,2114,104944,1901,
s371251870,p02936,u395117343,1580439916,Python,Python (3.4.3),py,Wrong Answer,2114,99552,1838,
s185987830,p02936,u395117343,1580439741,Python,Python (3.4.3),py,Wrong Answer,2114,99552,1741,
s758674338,p02936,u414568024,1580426095,C++,C++14 (GCC 5.4.1),cpp,Accepted,429,43008,947,
s788086969,p02936,u293838812,1580424636,Python,PyPy3 (2.4.0),py,Wrong Answer,2141,557792,577,
s609348115,p02936,u293838812,1580423952,Python,PyPy3 (2.4.0),py,Wrong Answer,2133,490744,696,
s944657300,p02936,u293838812,1580423827,Python,Python (3.4.3),py,Runtime Error,2134,708980,740,
s278742272,p02936,u293838812,1580422905,Python,Python (3.4.3),py,Wrong Answer,2110,119696,822,
s800001803,p02936,u293838812,1580422394,Python,PyPy3 (2.4.0),py,Wrong Answer,2112,140156,779,
s822378504,p02936,u344959886,1580419806,Python,Python (3.4.3),py,Wrong Answer,2121,293380,450,
s582746625,p02936,u344959886,1580419665,Python,PyPy3 (2.4.0),py,Runtime Error,2110,121176,390,
s393160945,p02936,u179169725,1580396904,Python,PyPy3 (2.4.0),py,Time Limit Exceeded,2151,783100,1355,
s824995105,p02936,u179169725,1580396840,Python,Python (3.4.3),py,Accepted,1951,255904,1355,
s714954563,p02936,u179169725,1580396411,Python,PyPy3 (2.4.0),py,Wrong Answer,2150,772476,1349,
s607262371,p02936,u179169725,1580395876,Python,Python (3.4.3),py,Wrong Answer,1710,261828,1311,
s028586608,p02936,u170183831,1580361188,Python,Python (3.4.3),py,Accepted,1789,65292,532,
s172334533,p02936,u170183831,1580361118,Python,PyPy3 (2.4.0),py,Accepted,1946,107028,532,
s299006475,p02936,u537234062,1580360927,Python,Python (3.4.3),py,Time Limit Exceeded,2072,96464,534,
s445343690,p02936,u537234062,1580360171,Python,PyPy3 (2.4.0),py,Accepted,1895,108748,570,
s759793019,p02936,u537234062,1580360068,Python,Python (3.4.3),py,Accepted,1743,65256,569,
s977257877,p02936,u170183831,1580359359,Python,PyPy3 (2.4.0),py,Time Limit Exceeded,2109,128840,545,
s273237516,p02936,u170183831,1580358727,Python,PyPy3 (2.4.0),py,Time Limit Exceeded,2110,128968,534,
s141970360,p02936,u170183831,1580358576,Python,PyPy3 (2.4.0),py,Wrong Answer,2030,121816,489,
s965360635,p02936,u131625544,1580358182,C++,C++14 (GCC 5.4.1),cpp,Accepted,380,24320,592,
s206575242,p02936,u170183831,1580357969,Python,PyPy3 (2.4.0),py,Wrong Answer,2054,121008,506,
s669746084,p02936,u170183831,1580357910,Python,PyPy3 (2.4.0),py,Wrong Answer,2006,121084,483,
s036055424,p02936,u170183831,1580357773,Python,Python (3.4.3),py,Wrong Answer,2108,92304,517,
s333804901,p02936,u170183831,1580357590,Python,PyPy3 (2.4.0),py,Wrong Answer,2112,126168,540,
s461876727,p02936,u170183831,1580356860,Python,PyPy3 (2.4.0),py,Runtime Error,180,38540,509,
s687340263,p02936,u170183831,1580356483,Python,PyPy3 (2.4.0),py,Runtime Error,207,38892,658,
s640513268,p02936,u170183831,1580355841,Python,PyPy3 (2.4.0),py,Time Limit Exceeded,2111,146576,733,
s295099381,p02936,u170183831,1580355400,Python,Python (3.4.3),py,Wrong Answer,2119,225976,629,
s753248745,p02936,u170183831,1580354652,Python,Python (3.4.3),py,Time Limit Exceeded,2112,165024,733,
s436919311,p02936,u627214330,1580354383,C++,C++14 (GCC 5.4.1),cpp,Wrong Answer,2108,22960,933,
s501344913,p02936,u627214330,1580354343,C++,C++ (GCC 5.4.1),cpp,Compile Error,,,933,
s089668835,p02936,u348231925,1580317652,C++,C++14 (GCC 5.4.1),cpp,Wrong Answer,2105,26752,1138,
s914907941,p02936,u348231925,1580317572,C++,C++14 (GCC 5.4.1),cpp,Runtime Error,104,4096,1137,
s155692831,p02936,u798818115,1580317456,Python,Python (3.4.3),py,Accepted,1576,230992,659,
s117590397,p02936,u677121387,1580312200,Python,Python (3.4.3),py,Accepted,1770,62232,520,
s154439841,p02936,u798818115,1580302042,Python,PyPy3 (2.4.0),py,Time Limit Exceeded,2126,367464,634,
s614251594,p02936,u798818115,1580302003,Python,Python (3.4.3),py,Time Limit Exceeded,2118,230988,634,
s315976871,p02936,u798818115,1580301950,Python,Python (3.4.3),py,Runtime Error,17,3064,636,
s213762565,p02936,u798818115,1580301862,Python,Python (3.4.3),py,Runtime Error,1958,95760,630,
s976832417,p02936,u798818115,1580272820,Python,Python (3.4.3),py,Runtime Error,1905,61652,568,
s028846741,p02936,u798818115,1580271080,Python,PyPy3 (2.4.0),py,Wrong Answer,2744,66048,581,
s151603223,p02936,u798818115,1580270989,Python,Python (3.4.3),py,Wrong Answer,2237,3064,581,
s051324882,p02936,u899220667,1580262805,C++,C++14 (GCC 5.4.1),cpp,Accepted,289,22528,7815,
s425714001,p02936,u899220667,1580262656,C++,C++14 (GCC 5.4.1),cpp,Accepted,307,25600,7848,
s751400270,p02936,u899220667,1580262425,C++,C++14 (GCC 5.4.1),cpp,Accepted,303,28672,7895,
s426427104,p02936,u899220667,1580261518,C++,C++14 (GCC 5.4.1),cpp,Accepted,298,35200,7885,
s694060972,p02936,u899220667,1580260608,C++,C++14 (GCC 5.4.1),cpp,Accepted,288,38272,7923,
s808209253,p02936,u899220667,1580259985,C++,C++14 (GCC 5.4.1),cpp,Wrong Answer,277,35200,7849,
s257972963,p02936,u513000862,1580179479,C++,C++14 (GCC 5.4.1),cpp,Accepted,365,28288,651,
s284168183,p02936,u722628899,1580175314,C++,C++14 (GCC 5.4.1),cpp,Accepted,593,24320,669,
s305035644,p02936,u318127926,1580172075,Python,Python (3.4.3),py,Accepted,1769,56168,566,
s910766270,p02936,u318127926,1580171836,Python,Python (3.4.3),py,Runtime Error,1465,48136,536,
s453510859,p02936,u318127926,1580171026,Python,Python (3.4.3),py,Time Limit Exceeded,2120,268464,499,
s968090414,p02936,u457901067,1580170154,Python,PyPy3 (2.4.0),py,Time Limit Exceeded,2069,126244,821,
s597722223,p02936,u457901067,1580170084,Python,Python (3.4.3),py,Accepted,1997,85824,821,
s723311904,p02936,u318127926,1580169026,Python,Python (3.4.3),py,Time Limit Exceeded,2134,494312,655,
s458205562,p02936,u037276799,1580160279,C++,C++14 (GCC 5.4.1),cpp,Accepted,283,17652,1676,
s455823089,p02936,u037276799,1580158977,C++,C++14 (GCC 5.4.1),cpp,Accepted,297,17652,1314,
s379746507,p02936,u445401544,1580146533,C++,C++14 (GCC 5.4.1),cpp,Accepted,291,16372,892,
s524661843,p02936,u973991908,1580088419,C++,C++14 (GCC 5.4.1),cpp,Wrong Answer,83,3712,628,
s651501797,p02936,u973991908,1580088338,C++,C++14 (GCC 5.4.1),cpp,Wrong Answer,84,3712,630,
s045586910,p02936,u973991908,1580087279,C++,C++14 (GCC 5.4.1),cpp,Wrong Answer,129,23424,833,
s995448624,p02936,u161323909,1580081290,Awk,Awk (mawk 1.3.3),awk,Wrong Answer,2108,74112,2357,
s909221034,p02936,u161323909,1580080739,Awk,Awk (mawk 1.3.3),awk,Runtime Error,2109,104576,1768,
s042052266,p02936,u581262359,1580080609,C++,C++14 (GCC 5.4.1),cpp,Accepted,193,50300,7632,
s046719749,p02936,u161323909,1580080443,Awk,Awk (mawk 1.3.3),awk,Wrong Answer,730,59136,1495,
s672450349,p02936,u161323909,1580080216,Awk,Awk (mawk 1.3.3),awk,Wrong Answer,2110,117376,1124,
s796199452,p02936,u581262359,1580080198,C++,C++14 (GCC 5.4.1),cpp,Wrong Answer,132,33256,7476,
s610424941,p02936,u161323909,1580080155,Awk,Awk (mawk 1.3.3),awk,Wrong Answer,2110,117120,1116,
s093356727,p02936,u161323909,1580079926,Awk,Awk (mawk 1.3.3),awk,Wrong Answer,1468,84096,880,
s457790945,p02936,u161323909,1580079868,Awk,Awk (mawk 1.3.3),awk,Wrong Answer,1425,84096,879,
s011542874,p02936,u161323909,1580079802,Awk,Awk (mawk 1.3.3),awk,Runtime Error,1414,65408,867,
s035420796,p02936,u581262359,1580079588,C++,C++14 (GCC 5.4.1),cpp,Time Limit Exceeded,2107,43664,7454,
s950839719,p02936,u161323909,1580079170,Awk,Awk (mawk 1.3.3),awk,Time Limit Exceeded,2109,83584,1210,
s762839605,p02936,u655777757,1580076929,C++,C++14 (GCC 5.4.1),cpp,Accepted,294,22144,1549,
s493017808,p02936,u655777757,1580076236,C++,C++14 (GCC 5.4.1),cpp,Time Limit Exceeded,2105,23040,1651,
s010198551,p02936,u655777757,1580075908,C++,C++14 (GCC 5.4.1),cpp,Time Limit Exceeded,2105,24960,1664,
s728625054,p02936,u945181840,1580062170,Python,Python (3.4.3),py,Accepted,889,76216,611,
s323687970,p02936,u559578080,1580036435,C++,C++14 (GCC 5.4.1),cpp,Accepted,292,18676,993,
s294128138,p02936,u624645160,1580020404,C++,C++14 (GCC 5.4.1),cpp,Wrong Answer,270,14848,2003,
s617723808,p02936,u794921280,1580019398,Python,Python (3.4.3),py,Runtime Error,2107,61984,518,
s144184111,p02936,u794921280,1580015149,Swift,Swift (swift-2.2-RELEASE),swift,Compile Error,,,876,
s446919557,p02936,u794921280,1580014394,Python,Python (3.4.3),py,Runtime Error,17,3064,839,
s531248366,p02936,u845608451,1579999344,C++,C++14 (GCC 5.4.1),cpp,Accepted,706,23424,1279,
s914230885,p02936,u687053495,1579998789,Python,Python (3.4.3),py,Accepted,1906,95012,615,
s925458321,p02936,u794921280,1579994970,Python,Python (3.4.3),py,Wrong Answer,2106,38004,511,
s883331035,p02936,u794921280,1579994871,Python,Python (3.4.3),py,Wrong Answer,2108,22644,623,
s696312759,p02936,u794921280,1579994681,Python,Python (3.4.3),py,Wrong Answer,2105,22388,623,
s072063409,p02936,u794921280,1579994365,Python,Python (3.4.3),py,Wrong Answer,2105,20596,594,
s729890529,p02936,u158995862,1579987563,C++,C++14 (GCC 5.4.1),cpp,Accepted,321,30464,780,
s443928335,p02936,u898967808,1579986693,Python,Python (3.4.3),py,Runtime Error,2107,75720,469,
s133743994,p02936,u322714721,1579986644,C++,C++14 (GCC 5.4.1),cpp,Accepted,359,23680,1068,
s708670039,p02936,u729294108,1579986493,Python,Python (3.4.3),py,Accepted,1785,195700,1045,
s183989370,p02936,u729294108,1579986435,Python,Python (3.4.3),py,Runtime Error,2112,182984,1041,
s703505085,p02936,u729294108,1579985189,Python,Python (3.4.3),py,Time Limit Exceeded,2113,190136,888,
s123319809,p02936,u898967808,1579985133,Python,Python (3.4.3),py,Accepted,1671,56060,493,
s577923712,p02936,u898967808,1579985090,Python,Python (3.4.3),py,Wrong Answer,1714,56156,489,
s650501831,p02936,u729294108,1579984476,Python,Python (3.4.3),py,Time Limit Exceeded,2113,182700,860,
s170902704,p02936,u729294108,1579984090,Python,Python (3.4.3),py,Time Limit Exceeded,2112,171892,892,
s844780355,p02936,u904833081,1579981197,C++,C++14 (GCC 5.4.1),cpp,Wrong Answer,119,24320,854,
s676587023,p02936,u019258613,1579934800,Python,PyPy3 (2.4.0),py,Accepted,941,122280,650,
s575705406,p02936,u863370423,1579930745,C++,C++14 (GCC 5.4.1),cpp,Accepted,296,61568,1314,
s701325897,p02936,u353919145,1579929498,C++,C++14 (GCC 5.4.1),cpp,Time Limit Exceeded,2165,1083636,1526,
s481868698,p02936,u018679195,1579929303,C++,C++14 (GCC 5.4.1),cpp,Wrong Answer,2140,675188,1580,
s103821657,p02936,u089230684,1579926697,C++,C++14 (GCC 5.4.1),cpp,Time Limit Exceeded,2106,62720,1433,
s210245162,p02936,u353919145,1579926341,C++,C++14 (GCC 5.4.1),cpp,Time Limit Exceeded,2104,42368,1416,
s939389484,p02936,u816631826,1579923528,C++,C++14 (GCC 5.4.1),cpp,Wrong Answer,2104,39552,1218,
s065388587,p02936,u816631826,1579922960,C++,C++14 (GCC 5.4.1),cpp,Wrong Answer,2104,40064,1218,
s544000585,p02936,u816631826,1579922109,C++,C++14 (GCC 5.4.1),cpp,Accepted,160,41472,1549,
s178253580,p02936,u816631826,1579921642,C++,C++14 (GCC 5.4.1),cpp,Accepted,375,28672,575,
s145508120,p02936,u353919145,1579921595,C++,C++14 (GCC 5.4.1),cpp,Runtime Error,99,2560,575,
s527780996,p02936,u816631826,1579921191,C++,C++14 (GCC 5.4.1),cpp,Accepted,148,21376,952,
s366017281,p02936,u353919145,1579921024,C++,C++14 (GCC 5.4.1),cpp,Accepted,122,16500,1311,
s632896967,p02936,u863370423,1579920668,C++,C++14 (GCC 5.4.1),cpp,Accepted,275,38016,2071,
s842690446,p02936,u816631826,1579920604,C++,C++14 (GCC 5.4.1),cpp,Runtime Error,2107,60148,2071,
s790040327,p02936,u018679195,1579920595,C++,C++14 (GCC 5.4.1),cpp,Wrong Answer,119,21376,823,
s100780712,p02936,u863370423,1579920253,C++,C++14 (GCC 5.4.1),cpp,Accepted,134,26240,893,
s384178556,p02936,u018679195,1579920218,Python,PyPy3 (2.4.0),py,Accepted,952,122280,651,
s927349022,p02936,u863370423,1579920104,C++,C++14 (GCC 5.4.1),cpp,Wrong Answer,153,26624,1205,
s982618841,p02936,u863370423,1579919298,C++,C++14 (GCC 5.4.1),cpp,Accepted,134,23552,1026,
s716335405,p02936,u018679195,1579919221,C++,C++14 (GCC 5.4.1),cpp,Accepted,132,25088,879,
s497824117,p02936,u863370423,1579919045,C++,C++14 (GCC 5.4.1),cpp,Wrong Answer,144,26624,831,
s631923636,p02936,u353919145,1579918991,C++,C++14 (GCC 5.4.1),cpp,Runtime Error,141,25976,905,
s194071582,p02936,u089230684,1579918914,C++,C++14 (GCC 5.4.1),cpp,Accepted,151,26240,686,
s277635557,p02936,u863370423,1579918614,C++,C++14 (GCC 5.4.1),cpp,Accepted,150,24320,670,
s679117340,p02936,u353919145,1579918436,C++,C++14 (GCC 5.4.1),cpp,Accepted,126,25600,1522,
s801425207,p02936,u302000346,1579909480,C++,C++14 (GCC 5.4.1),cpp,Accepted,282,17652,1313,
s584355259,p02936,u302000346,1579909457,C++,C++14 (GCC 5.4.1),cpp,Wrong Answer,275,16000,1283,
s654158949,p02936,u302000346,1579908655,C++,C++14 (GCC 5.4.1),cpp,Accepted,293,17652,1313,
s668084665,p02936,u302000346,1579908385,C++,C++14 (GCC 5.4.1),cpp,Wrong Answer,285,17652,1316,
s807027502,p02936,u302000346,1579908215,C++,C++14 (GCC 5.4.1),cpp,Wrong Answer,282,17652,1316,
s766339234,p02936,u302000346,1579908010,C++,C++14 (GCC 5.4.1),cpp,Wrong Answer,278,16000,1286,
s949615084,p02936,u504256702,1579907995,Python,Python (3.4.3),py,Wrong Answer,1993,150848,601,
s499378143,p02936,u302000346,1579905267,C++,C++14 (GCC 5.4.1),cpp,Wrong Answer,279,16000,1274,
s205108688,p02936,u302000346,1579904451,C++,C++14 (GCC 5.4.1),cpp,Wrong Answer,269,16128,1280,
s346493020,p02936,u302000346,1579904340,C++,C++14 (GCC 5.4.1),cpp,Wrong Answer,272,16000,1274,
s918738350,p02936,u302000346,1579903778,C++,C++14 (GCC 5.4.1),cpp,Wrong Answer,269,16000,1302,
s221965856,p02936,u302000346,1579903007,C++,C++14 (GCC 5.4.1),cpp,Wrong Answer,278,16000,1253,
s107003774,p02936,u302000346,1579902187,C++,C++14 (GCC 5.4.1),cpp,Wrong Answer,288,17652,1283,
s060997547,p02936,u302000346,1579902011,C++,C++14 (GCC 5.4.1),cpp,Wrong Answer,268,16000,1253,
s430576306,p02936,u302000346,1579900903,C++,C++14 (GCC 5.4.1),cpp,Wrong Answer,273,16000,1253,
s232806318,p02936,u677121387,1579898287,Python,PyPy3 (2.4.0),py,Time Limit Exceeded,2126,358776,462,
s887334890,p02936,u677121387,1579898206,Python,Python (3.4.3),py,Time Limit Exceeded,2118,227760,462,
s799501893,p02936,u677121387,1579893540,Python,Python (3.4.3),py,Runtime Error,1786,49188,423,
s226492716,p02936,u677121387,1579893120,Python,Python (3.4.3),py,Runtime Error,1749,49212,422,
s945053051,p02936,u161323909,1579853407,Awk,Awk (mawk 1.3.3),awk,Time Limit Exceeded,2107,60800,2390,
s665962249,p02936,u161323909,1579852289,Awk,Awk (mawk 1.3.3),awk,Runtime Error,1554,65408,1233,
s932100379,p02936,u161323909,1579852150,Awk,Awk (mawk 1.3.3),awk,Runtime Error,1352,53888,1149,
s435660563,p02936,u161323909,1579851975,Awk,Awk (mawk 1.3.3),awk,Runtime Error,1468,53760,1148,
s452493762,p02936,u161323909,1579851846,Awk,Awk (mawk 1.3.3),awk,Runtime Error,1404,53760,1138,
s760076686,p02936,u161323909,1579851681,Awk,Awk (mawk 1.3.3),awk,Wrong Answer,2108,71808,1120,
s062810777,p02936,u161323909,1579850149,Awk,Awk (mawk 1.3.3),awk,Runtime Error,2106,45184,1149,
s777952779,p02936,u211109468,1579848748,C++,C++14 (GCC 5.4.1),cpp,Accepted,298,15604,807,
s587508409,p02936,u211109468,1579848482,C++,C++14 (GCC 5.4.1),cpp,Wrong Answer,285,14080,675,
s655940838,p02936,u264265458,1579845414,C++,C++14 (GCC 5.4.1),cpp,Accepted,140,26240,3080,
s597689832,p02936,u264265458,1579844703,C++,C++14 (GCC 5.4.1),cpp,Wrong Answer,126,25984,3079,
s856703243,p02936,u762160119,1579838662,Java,Java8 (OpenJDK 1.8.0),java,Accepted,1880,180272,3996,
s099467683,p02936,u762160119,1579836641,Java,Java8 (OpenJDK 1.8.0),java,Time Limit Exceeded,2110,52540,4064,
s672361341,p02936,u491153752,1579831180,C++,C++14 (GCC 5.4.1),cpp,Accepted,143,43136,2556,
s733119674,p02936,u752146446,1579818141,Java,Java8 (OpenJDK 1.8.0),java,Accepted,1700,158556,11716,
s501053168,p02936,u752146446,1579818049,Java,Java8 (OpenJDK 1.8.0),java,Time Limit Exceeded,2109,179632,11719,
s520588722,p02936,u752146446,1579817274,Java,Java8 (OpenJDK 1.8.0),java,Accepted,1207,135920,11657,
s194322700,p02936,u752146446,1579815970,Java,Java8 (OpenJDK 1.8.0),java,Accepted,1703,140316,10843,
s837197018,p02936,u752146446,1579815697,Java,Java8 (OpenJDK 1.8.0),java,Time Limit Exceeded,2109,179600,10616,
s773566387,p02936,u752146446,1579815518,Java,Java8 (OpenJDK 1.8.0),java,Time Limit Exceeded,2109,204968,10616,
s236168451,p02936,u752146446,1579814899,Java,Java8 (OpenJDK 1.8.0),java,Time Limit Exceeded,2109,207612,10555,
s719258668,p02936,u898999125,1579814890,Python,PyPy3 (2.4.0),py,Time Limit Exceeded,2152,788856,468,
s504353684,p02936,u898999125,1579814807,Python,Python (3.4.3),py,Accepted,1665,230932,468,
s716699369,p02936,u752146446,1579814743,Java,Java8 (OpenJDK 1.8.0),java,Time Limit Exceeded,2109,181244,10555,
s897405424,p02936,u898999125,1579814640,Python,Python (3.4.3),py,Time Limit Exceeded,2112,230932,433,
s881064302,p02936,u752146446,1579814561,Java,Java8 (OpenJDK 1.8.0),java,Time Limit Exceeded,2109,179852,10563,
s852292230,p02936,u898999125,1579814472,Python,Python (3.4.3),py,Time Limit Exceeded,2112,230932,421,
s444122341,p02936,u752146446,1579814461,Java,Java8 (OpenJDK 1.8.0),java,Time Limit Exceeded,2113,180472,10561,
s671248777,p02936,u752146446,1579814331,Java,Java8 (OpenJDK 1.8.0),java,Time Limit Exceeded,2114,185804,10559,
s448617316,p02936,u898999125,1579814095,Python,Python (3.4.3),py,Time Limit Exceeded,2123,256532,445,
s642646824,p02936,u898999125,1579813821,Python,Python (3.4.3),py,Time Limit Exceeded,2119,256400,442,
s803957931,p02936,u898999125,1579813414,Python,Python (3.4.3),py,Time Limit Exceeded,2119,256500,429,
s452856205,p02936,u898999125,1579812127,Python,Python (3.4.3),py,Wrong Answer,866,68516,207,
s324931143,p02936,u898999125,1579812011,Python,Python (3.4.3),py,Time Limit Exceeded,2122,257676,453,
s726522504,p02936,u898999125,1579811916,Python,Python (3.4.3),py,Runtime Error,1528,73600,441,
s798817125,p02936,u898999125,1579810940,Python,Python (3.4.3),py,Time Limit Exceeded,2119,257692,443,
s476799771,p02936,u898999125,1579810752,Python,Python (3.4.3),py,Runtime Error,1744,88320,400,
s391944912,p02936,u898999125,1579810140,Python,Python (3.4.3),py,Runtime Error,2108,86804,404,
s786717023,p02936,u752146446,1579783509,Java,Java8 (OpenJDK 1.8.0),java,Time Limit Exceeded,2117,196116,10431,
s866006288,p02936,u752146446,1579782247,Java,Java8 (OpenJDK 1.8.0),java,Time Limit Exceeded,2109,215976,10452,
s607018215,p02936,u752146446,1579782033,Java,Java8 (OpenJDK 1.8.0),java,Time Limit Exceeded,2109,204944,10453,
s343910397,p02936,u868099754,1579761416,C++,C++14 (GCC 5.4.1),cpp,Accepted,298,17140,1505,
s913048356,p02936,u584139221,1579734333,C++,C++14 (GCC 5.4.1),cpp,Accepted,649,23552,810,
s264160960,p02936,u227976892,1579719661,C++,C++14 (GCC 5.4.1),cpp,Accepted,126,24320,1025,
s044930056,p02936,u132364782,1579715877,C++,C++14 (GCC 5.4.1),cpp,Accepted,353,23552,563,
s890863121,p02936,u132364782,1579715694,C++,C++14 (GCC 5.4.1),cpp,Wrong Answer,343,20352,501,
s566624394,p02936,u846820729,1579713643,C++,C++14 (GCC 5.4.1),cpp,Accepted,300,27392,891,
s552807485,p02936,u846820729,1579711937,C++,C++14 (GCC 5.4.1),cpp,Wrong Answer,283,27392,842,
s757391651,p02936,u846820729,1579711827,C++,C++14 (GCC 5.4.1),cpp,Runtime Error,296,3444,842,
s383176185,p02936,u934788990,1579711737,Python,Python (3.4.3),py,Accepted,1772,55832,360,
s666690540,p02936,u934788990,1579710054,Python,Python (3.4.3),py,Wrong Answer,1339,25828,258,
s040736280,p02936,u934788990,1579709840,Python,Python (3.4.3),py,Wrong Answer,1855,113604,260,
s360640136,p02936,u690781906,1579707944,Python,PyPy3 (2.4.0),py,Time Limit Exceeded,2111,128796,989,
s430199556,p02936,u690781906,1579706941,Python,Python (3.4.3),py,Time Limit Exceeded,2113,185772,988,
s224024511,p02936,u690781906,1579706133,Python,Python (3.4.3),py,Wrong Answer,2029,173268,973,
s731808424,p02936,u690781906,1579703713,Python,Python (3.4.3),py,Wrong Answer,1841,152148,479,
s896515755,p02936,u690781906,1579703048,Python,Python (3.4.3),py,Wrong Answer,1712,135840,393,
s355291868,p02936,u690781906,1579702442,Python,Python (3.4.3),py,Wrong Answer,2111,137252,411,
s191542935,p02936,u690781906,1579702253,Python,Python (3.4.3),py,Wrong Answer,1901,135228,395,
s359828433,p02936,u762420987,1579700916,Python,Python (3.4.3),py,Runtime Error,169,15720,654,
s860622614,p02936,u545305086,1579660322,C++,C++14 (GCC 5.4.1),cpp,Accepted,378,49024,1179,
s843808678,p02936,u615194706,1579650054,C++,C++14 (GCC 5.4.1),cpp,Wrong Answer,282,22656,750,
s780615348,p02936,u331197998,1579649832,C++,C++14 (GCC 5.4.1),cpp,Accepted,742,62000,2458,
s068715159,p02936,u331197998,1579649719,C++,C++14 (GCC 5.4.1),cpp,Time Limit Exceeded,2300,80500,3251,
s489596024,p02936,u242679311,1579639156,C++,C++14 (GCC 5.4.1),cpp,Accepted,291,25856,1600,
s046419430,p02936,u430209651,1579631306,C++,C++14 (GCC 5.4.1),cpp,Wrong Answer,2104,23424,695,
s110825854,p02936,u259469866,1579629107,Python,Python (3.4.3),py,Wrong Answer,1637,137792,506,
s822625565,p02936,u704284486,1579619004,Python,Python (3.4.3),py,Accepted,1878,81536,552,
s508737164,p02936,u704284486,1579618390,Python,Python (3.4.3),py,Wrong Answer,2107,59384,404,
s140234973,p02936,u543933043,1579574312,Go,Go (1.6),go,Accepted,338,73108,1350,
s508366766,p02936,u676155658,1579572552,C++,C++14 (GCC 5.4.1),cpp,Accepted,135,22656,1727,
s006476613,p02936,u676155658,1579572007,C++,C++14 (GCC 5.4.1),cpp,Wrong Answer,121,22528,1592,
s487661454,p02936,u543933043,1579571889,Go,Go (1.6),go,Accepted,324,77568,1367,
s130543236,p02936,u721316601,1579564511,Python,Python (3.4.3),py,Runtime Error,1015,49232,591,
s173091078,p02936,u721316601,1579563751,Python,Python (3.4.3),py,Runtime Error,978,49228,586,
s927482024,p02936,u721316601,1579561939,Python,Python (3.4.3),py,Runtime Error,990,61768,594,
s161726508,p02936,u721316601,1579559668,Python,Python (3.4.3),py,Wrong Answer,2107,77536,576,
s211502832,p02936,u129220625,1579558471,C++,C++14 (GCC 5.4.1),cpp,Accepted,294,19632,1988,
s267283018,p02936,u129220625,1579556760,C++,C++14 (GCC 5.4.1),cpp,Wrong Answer,282,15744,1574,
s964825666,p02936,u978109511,1579514791,C++,C++14 (GCC 5.4.1),cpp,Accepted,312,23948,2720,
s934410082,p02936,u978109511,1579514468,C++,C++14 (GCC 5.4.1),cpp,Wrong Answer,302,21004,2576,
s032546719,p02936,u978109511,1579513714,C++,C++14 (GCC 5.4.1),cpp,Wrong Answer,2104,20472,2524,
s438916369,p02936,u071019032,1579505985,C++,C++14 (GCC 5.4.1),cpp,Accepted,295,24148,1789,
s167743086,p02936,u521723672,1579484027,C++,C++14 (GCC 5.4.1),cpp,Accepted,535,177408,1748,
s823344251,p02936,u521723672,1579483942,C++,C++14 (GCC 5.4.1),cpp,Accepted,532,177408,1737,
s131323771,p02936,u360564214,1579483138,C++,C++14 (GCC 5.4.1),cpp,Accepted,182,45568,5657,
s995252992,p02936,u521723672,1579482993,C++,C++14 (GCC 5.4.1),cpp,Runtime Error,424,22272,1711,
s321597891,p02936,u048791623,1579471831,C++,C++14 (GCC 5.4.1),cpp,Accepted,308,28416,1082,
s268071020,p02936,u924691798,1579468456,Go,Go (1.6),go,Accepted,381,73984,2686,
s477723946,p02936,u924691798,1579466458,Go,Go (1.6),go,Wrong Answer,230,12440,2470,
s244800945,p02936,u356701928,1579450114,C++,C++14 (GCC 5.4.1),cpp,Accepted,607,16500,717,
s371547853,p02936,u356701928,1579414958,C++,C++14 (GCC 5.4.1),cpp,Wrong Answer,571,14848,554,
s529918898,p02936,u356701928,1579414659,C++,C++14 (GCC 5.4.1),cpp,Wrong Answer,554,14848,546,
s545609457,p02936,u253759478,1579412689,Go,Go (1.6),go,Wrong Answer,2108,24576,848,
s080722102,p02936,u687053495,1579406058,Python,Python (3.4.3),py,Accepted,1766,56008,584,
s229396699,p02936,u687053495,1579405125,Python,Python (3.4.3),py,Wrong Answer,2106,42732,543,
s178722128,p02936,u687053495,1579404225,Python,Python (3.4.3),py,Wrong Answer,2106,42416,481,
s096843564,p02936,u513434790,1579398094,Python,Python (3.4.3),py,Accepted,1529,84052,634,
s827385139,p02936,u513434790,1579398012,Python,Python (3.4.3),py,Accepted,1851,83960,596,
s087321663,p02936,u681869152,1579392947,C++,C++14 (GCC 5.4.1),cpp,Accepted,148,23680,1681,
s454060285,p02936,u235107623,1579387867,C++,C++14 (GCC 5.4.1),cpp,Accepted,394,38600,809,
s446641953,p02936,u235107623,1579387427,C++,C++14 (GCC 5.4.1),cpp,Time Limit Exceeded,2105,29952,958,
s790008079,p02936,u075012704,1579375888,Python,Python (3.4.3),py,Accepted,1811,70700,502,
s220242753,p02936,u075012704,1579371634,Python,Python (3.4.3),py,Wrong Answer,1741,70960,534,
s377570525,p02936,u243407720,1579370550,C++,C++14 (GCC 5.4.1),cpp,Wrong Answer,620,24320,631,
s705141156,p02936,u243407720,1579370511,C++,C++14 (GCC 5.4.1),cpp,Accepted,629,24320,629,
s095029510,p02936,u243407720,1579370322,C++,C++14 (GCC 5.4.1),cpp,Wrong Answer,614,24320,631,
s355332847,p02936,u243407720,1579370173,C++,C++14 (GCC 5.4.1),cpp,Wrong Answer,330,24320,658,
s566521063,p02936,u243407720,1579370066,C++,C++14 (GCC 5.4.1),cpp,Wrong Answer,312,24320,680,
s104380582,p02936,u243407720,1579369685,C++,C++14 (GCC 5.4.1),cpp,Runtime Error,315,3188,699,
s381917939,p02936,u243407720,1579369520,C++,C++14 (GCC 5.4.1),cpp,Runtime Error,324,3188,679,
s443829600,p02936,u243407720,1579369060,C++,C++14 (GCC 5.4.1),cpp,Runtime Error,316,3188,653,
s196216306,p02936,u243407720,1579368896,C++,C++14 (GCC 5.4.1),cpp,Runtime Error,99,768,651,
s886561452,p02936,u243407720,1579368749,C++,C++14 (GCC 5.4.1),cpp,Runtime Error,318,3188,654,
s631262306,p02936,u243407720,1579368661,C++,C++14 (GCC 5.4.1),cpp,Runtime Error,341,2420,656,
s355212950,p02936,u179778090,1579309478,C++,C++14 (GCC 5.4.1),cpp,Accepted,365,30464,883,
s880600416,p02936,u179778090,1579308066,C++,C++14 (GCC 5.4.1),cpp,Wrong Answer,275,14976,557,
s851348355,p02936,u540761833,1579277519,Python,Python (3.4.3),py,Time Limit Exceeded,2107,58352,582,
s891894570,p02936,u540761833,1579277415,Python,Python (3.4.3),py,Accepted,1997,71368,579,
s231991813,p02936,u540761833,1579277349,Python,Python (3.4.3),py,Time Limit Exceeded,2047,71392,548,
s815770041,p02936,u540761833,1579277178,Python,PyPy3 (2.4.0),py,Time Limit Exceeded,2109,97100,538,
s478522726,p02936,u540761833,1579276682,Python,Python (3.4.3),py,Wrong Answer,2107,57888,518,
s135101291,p02936,u540761833,1579276618,Python,Python (3.4.3),py,Time Limit Exceeded,2108,57192,538,
s481334320,p02936,u540761833,1579276549,Python,Python (3.4.3),py,Time Limit Exceeded,2112,58988,590,
s096391482,p02936,u540761833,1579276494,Python,Python (3.4.3),py,Time Limit Exceeded,2107,58956,574,
s076560926,p02936,u071019032,1579239211,C++,C++14 (GCC 5.4.1),cpp,Accepted,298,24148,1586,
s312224078,p02936,u956298021,1579239208,C++,C++14 (GCC 5.4.1),cpp,Accepted,358,24064,649,
s755412679,p02936,u276517671,1579233429,Ruby,Ruby (2.3.3),rb,Accepted,1162,45284,434,
s839149283,p02936,u010090035,1579230472,Python,Python (3.4.3),py,Accepted,1894,70232,702,
s119482082,p02936,u010090035,1579229946,Python,Python (3.4.3),py,Wrong Answer,1659,56440,660,
s566747860,p02936,u259469866,1579225864,Python,Python (3.4.3),py,Wrong Answer,2112,132188,1481,
s366726339,p02936,u423624748,1579209241,C++,C++14 (GCC 5.4.1),cpp,Accepted,679,35952,2331,
s695385150,p02936,u423624748,1579208692,C++,C++14 (GCC 5.4.1),cpp,Compile Error,,,2258,
s579311406,p02936,u673361376,1579207978,Python,Python (3.4.3),py,Accepted,1982,88144,759,
s192737540,p02936,u502772848,1579182021,C++,C++14 (GCC 5.4.1),cpp,Accepted,403,17140,1516,
s038392469,p02936,u002459665,1579152020,Python,PyPy3 (2.4.0),py,Time Limit Exceeded,2126,363128,671,
s003540959,p02936,u151625340,1579150559,Python,PyPy3 (2.4.0),py,Accepted,1861,105236,476,
s197388922,p02936,u151625340,1579150522,Python,PyPy3 (2.4.0),py,Runtime Error,1805,89932,476,
s016229093,p02936,u502772848,1579146922,C++,C++14 (GCC 5.4.1),cpp,Wrong Answer,381,3968,1261,
s478979062,p02936,u832095504,1579140400,C++,C++14 (GCC 5.4.1),cpp,Accepted,598,24448,1310,
s038545571,p02936,u276517671,1579118566,Ruby,Ruby (2.3.3),rb,Time Limit Exceeded,2118,157972,584,
s210621368,p02936,u303039933,1579112651,C++,C++14 (GCC 5.4.1),cpp,Wrong Answer,373,10240,3347,
s816901403,p02936,u994521204,1579101776,Python,Python (3.4.3),py,Accepted,1632,61372,554,
s559897218,p02936,u994521204,1579101269,Python,Python (3.4.3),py,Wrong Answer,1485,54236,535,
s451295703,p02936,u994521204,1579101159,Python,Python (3.4.3),py,Accepted,1708,61048,529,
s225360433,p02936,u994521204,1579100972,Python,Python (3.4.3),py,Wrong Answer,1547,53888,476,
s936783354,p02936,u065456707,1579100956,C++,C++14 (GCC 5.4.1),cpp,Accepted,314,16372,855,
s937845324,p02936,u994521204,1579100467,Python,Python (3.4.3),py,Wrong Answer,1565,54240,497,
s797727801,p02936,u785578220,1579052857,Python,PyPy3 (2.4.0),py,Accepted,1968,122712,503,
s893380637,p02936,u785578220,1579052839,Python,Python (3.4.3),py,Accepted,1862,73236,503,
s756828416,p02936,u785578220,1579052607,Python,Python (3.4.3),py,Accepted,1966,74784,527,
s093165968,p02936,u785578220,1579052597,Python,PyPy3 (2.4.0),py,Accepted,1885,119512,527,
s963752939,p02936,u785578220,1579052218,Python,PyPy3 (2.4.0),py,Wrong Answer,1650,63724,258,
s246817213,p02936,u785578220,1579051993,Python,PyPy3 (2.4.0),py,Wrong Answer,1705,65184,383,
s516021242,p02936,u785578220,1579051792,Python,PyPy3 (2.4.0),py,Wrong Answer,1923,123040,424,
s641440288,p02936,u785578220,1579051781,Python,Python (3.4.3),py,Wrong Answer,1836,82716,424,
s555420915,p02936,u645250356,1579026348,Python,Python (3.4.3),py,Accepted,1971,237760,809,
s263965378,p02936,u645250356,1579026309,Python,Python (3.4.3),py,Wrong Answer,2122,301184,811,
s688058661,p02936,u645250356,1579026218,Python,Python (3.4.3),py,Accepted,1953,244436,800,
s073396905,p02936,u645250356,1579026137,Python,PyPy3 (2.4.0),py,Time Limit Exceeded,2151,780764,800,
s272699316,p02936,u645250356,1579025814,Python,PyPy3 (2.4.0),py,Time Limit Exceeded,2152,803292,785,
s451088872,p02936,u677121387,1578980980,Python,Python (3.4.3),py,Wrong Answer,1601,64376,356,
s779736460,p02936,u677121387,1578978537,Python,Python (3.4.3),py,Wrong Answer,1839,65048,389,
s850737564,p02936,u895409580,1578977384,C++,C++14 (GCC 5.4.1),cpp,Accepted,301,24320,859,
s329851508,p02936,u799691369,1578976735,Python,Python (3.4.3),py,Accepted,1768,62456,567,
s604965245,p02936,u799691369,1578975711,Python,Python (3.4.3),py,Runtime Error,2106,50488,584,
s748347711,p02936,u799691369,1578975239,Python,Python (3.4.3),py,Runtime Error,1571,48536,463,
s996949033,p02936,u799691369,1578974338,Python,Python (3.4.3),py,Wrong Answer,1407,25840,327,
s466399166,p02936,u799691369,1578974305,Python,Python (3.4.3),py,Wrong Answer,1362,25852,339,
s737625051,p02936,u799691369,1578974179,Python,Python (3.4.3),py,Wrong Answer,1643,45612,315,
s228833180,p02936,u799691369,1578973865,Python,Python (3.4.3),py,Wrong Answer,1388,42448,302,
s069341431,p02936,u799691369,1578973479,Python,Python (3.4.3),py,Wrong Answer,1383,50136,352,
s989464587,p02936,u539582125,1578971710,C++,C++14 (GCC 5.4.1),cpp,Accepted,135,16372,1333,
s503449879,p02936,u244372042,1578970096,C,C (GCC 5.4.1),c,Wrong Answer,2103,4096,944,
s066105151,p02936,u244372042,1578967369,C,C (GCC 5.4.1),c,Wrong Answer,90,6016,1007,
s202559613,p02936,u244372042,1578966727,C,C (GCC 5.4.1),c,Wrong Answer,94,6016,987,
s660208836,p02936,u571173211,1578962021,C++,C++14 (GCC 5.4.1),cpp,Accepted,450,32128,1805,
s525201647,p02936,u571173211,1578961796,C++,C++14 (GCC 5.4.1),cpp,Wrong Answer,418,32128,1726,
s091327958,p02936,u280978334,1578954693,Python,Python (3.4.3),py,Accepted,1813,103520,621,
s843062509,p02936,u280978334,1578954299,Python,Python (3.4.3),py,Accepted,1860,103396,621,
s542654578,p02936,u244372042,1578953846,C,C (GCC 5.4.1),c,Wrong Answer,2103,4096,1000,
s879366730,p02936,u244372042,1578952679,C,C (GCC 5.4.1),c,Wrong Answer,92,6016,664,
s313986663,p02936,u045368371,1578942913,C++,C++14 (GCC 5.4.1),cpp,Accepted,589,18676,1151,
s473165855,p02936,u264265458,1578880640,C++,C++14 (GCC 5.4.1),cpp,Accepted,130,26240,3015,
s998918967,p02936,u895515293,1578861449,Python,PyPy3 (2.4.0),py,Accepted,1930,113280,1116,
s001311800,p02936,u895515293,1578861359,Python,Python (3.4.3),py,Time Limit Exceeded,2080,65952,1116,
s129299794,p02936,u895515293,1578860793,Python,Python (3.4.3),py,Wrong Answer,1897,56532,1058,
s763259718,p02936,u555498801,1578855907,C++,C++14 (GCC 5.4.1),cpp,Accepted,289,17140,1194,
s523867897,p02936,u555498801,1578853546,C++,C++14 (GCC 5.4.1),cpp,Wrong Answer,276,4736,845,
s911877342,p02936,u176979814,1578849478,C++,C++14 (GCC 5.4.1),cpp,Accepted,345,30592,730,
s156498579,p02936,u997641430,1578817275,Python,Python (3.4.3),py,Accepted,1736,66336,540,
s259290327,p02936,u521652313,1578801423,C++,C++14 (GCC 5.4.1),cpp,Accepted,298,19440,905,
s295680489,p02936,u890870565,1578798762,C++,C++14 (GCC 5.4.1),cpp,Accepted,327,26668,1780,
s586805180,p02936,u890870565,1578798282,C++,C++14 (GCC 5.4.1),cpp,Wrong Answer,1494,39168,95205,
s407194192,p02936,u890870565,1578797039,C++,C++14 (GCC 5.4.1),cpp,Accepted,1549,42112,95248,
s776490363,p02936,u890870565,1578796068,C++,C++14 (GCC 5.4.1),cpp,Time Limit Exceeded,2106,53384,95277,
s420699783,p02936,u890870565,1578795949,C++,C++14 (GCC 5.4.1),cpp,Time Limit Exceeded,2106,53128,95399,
s281232378,p02936,u890870565,1578794975,C++,C++14 (GCC 5.4.1),cpp,Wrong Answer,2106,46792,95356,
s539207558,p02936,u890870565,1578794689,C++,C++14 (GCC 5.4.1),cpp,Wrong Answer,2105,39168,95356,
s418816693,p02936,u961753201,1578781942,C++,C++14 (GCC 5.4.1),cpp,Wrong Answer,320,8704,889,
s668634572,p02936,u961753201,1578781783,C++,C++14 (GCC 5.4.1),cpp,Wrong Answer,2105,22144,913,
s190763444,p02936,u961753201,1578781449,C++,C++14 (GCC 5.4.1),cpp,Runtime Error,257,6136,912,
s464038746,p02936,u871980676,1578777148,Python,Python (3.4.3),py,Accepted,1527,290500,691,
s642356800,p02936,u871980676,1578777010,Python,Python (3.4.3),py,Runtime Error,930,111752,662,
s179561499,p02936,u871980676,1578776581,Python,Python (3.4.3),py,Accepted,1976,265372,754,
s930225952,p02936,u871980676,1578776233,Python,Python (3.4.3),py,Wrong Answer,1527,252364,635,
s389437920,p02936,u871980676,1578776003,Python,Python (3.4.3),py,Runtime Error,1661,245856,634,
s592130274,p02936,u871980676,1578775724,Python,PyPy3 (2.4.0),py,Wrong Answer,2155,821072,634,
s231927324,p02936,u871980676,1578775281,Python,PyPy3 (2.4.0),py,Wrong Answer,2158,826008,654,
s625165449,p02936,u871980676,1578775221,Python,PyPy3 (2.4.0),py,Runtime Error,719,135452,647,
s700517863,p02936,u871980676,1578774818,Python,PyPy3 (2.4.0),py,Wrong Answer,2120,292548,697,
s491716861,p02936,u871980676,1578774637,Python,PyPy3 (2.4.0),py,Runtime Error,2119,272140,663,
s969423664,p02936,u871980676,1578774450,Python,PyPy3 (2.4.0),py,Runtime Error,1987,172972,684,
s607219311,p02936,u372177994,1578772995,C++,C++14 (GCC 5.4.1),cpp,Accepted,364,27392,1128,
s261657237,p02936,u372177994,1578772933,C++,C++14 (GCC 5.4.1),cpp,Wrong Answer,618,27392,1096,
s278508469,p02936,u372177994,1578772873,C++,C++14 (GCC 5.4.1),cpp,Wrong Answer,606,27392,1155,
s662221732,p02936,u089151327,1578731102,C++,C++14 (GCC 5.4.1),cpp,Wrong Answer,2105,28416,568,
s457303799,p02936,u779455925,1578714750,Python,PyPy3 (2.4.0),py,Accepted,1995,157492,559,
s402316120,p02936,u779455925,1578714417,Python,PyPy3 (2.4.0),py,Time Limit Exceeded,2113,167992,587,
s467799782,p02936,u779455925,1578713611,Python,PyPy3 (2.4.0),py,Wrong Answer,1964,175548,497,
s721045446,p02936,u779455925,1578712618,Python,PyPy3 (2.4.0),py,Wrong Answer,1987,154428,399,
s369735374,p02936,u863044225,1578707636,C++,C++14 (GCC 5.4.1),cpp,Wrong Answer,113,21120,2466,
s477344810,p02936,u660258448,1578707032,C++,C++14 (GCC 5.4.1),cpp,Wrong Answer,311,6912,497,
s838850969,p02936,u459294359,1578702692,C++,C++14 (GCC 5.4.1),cpp,Wrong Answer,275,8320,1519,
s599031672,p02936,u779455925,1578702644,Python,PyPy3 (2.4.0),py,Wrong Answer,1860,138300,369,
s446106022,p02936,u779455925,1578702519,Python,PyPy3 (2.4.0),py,Wrong Answer,1983,159036,369,
s625509753,p02936,u779455925,1578702301,Python,PyPy3 (2.4.0),py,Wrong Answer,2112,138864,421,
s377030326,p02936,u768204022,1578698688,C++,C++14 (GCC 5.4.1),cpp,Accepted,593,24320,1864,
s756886087,p02936,u226912938,1578691312,Python,Python (3.4.3),py,Accepted,1783,63772,654,
s493251125,p02936,u865500049,1578688965,C++,C++14 (GCC 5.4.1),cpp,Accepted,445,46080,948,
s292706647,p02936,u459294359,1578683882,C++,C++14 (GCC 5.4.1),cpp,Time Limit Exceeded,2103,8960,1718,
s103276924,p02936,u459294359,1578682014,C++,C++14 (GCC 5.4.1),cpp,Wrong Answer,273,8192,847,
s205082635,p02936,u071416928,1578681321,Python,Python (3.4.3),py,Runtime Error,1671,172212,637,
s803373590,p02936,u071416928,1578680146,Python,PyPy3 (2.4.0),py,Runtime Error,1766,128300,624,
s870246510,p02936,u071416928,1578679665,Python,Python (3.4.3),py,Runtime Error,1656,135704,582,
s133632043,p02936,u653981267,1578666450,Java,Java8 (OpenJDK 1.8.0),java,Accepted,1978,227304,1249,
s528335213,p02936,u653981267,1578666412,Java,Java8 (OpenJDK 1.8.0),java,Compile Error,,,1248,
s969824648,p02936,u653981267,1578666379,Java,Java8 (OpenJDK 1.8.0),java,Compile Error,,,1246,
s411286198,p02936,u653981267,1578665981,Java,Java8 (OpenJDK 1.8.0),java,Compile Error,,,3286,
s732710565,p02936,u653981267,1578665419,Java,Java8 (OpenJDK 1.8.0),java,Wrong Answer,2110,208448,1248,
s641132984,p02936,u653981267,1578665236,Java,Java8 (OpenJDK 1.8.0),java,Wrong Answer,2003,166116,1245,
s572733007,p02936,u132687480,1578660120,C++,C++14 (GCC 5.4.1),cpp,Wrong Answer,250,6144,944,
s379100754,p02936,u264265458,1578640293,C++,C++14 (GCC 5.4.1),cpp,Accepted,128,24320,596,
s075010336,p02936,u264265458,1578640246,C++,C++14 (GCC 5.4.1),cpp,Accepted,307,24320,527,
s779943894,p02936,u264265458,1578640079,C++,C++14 (GCC 5.4.1),cpp,Wrong Answer,3,4992,514,
s747104000,p02936,u264265458,1578640049,C++,C++14 (GCC 5.4.1),cpp,Compile Error,,,518,
s182118309,p02936,u815813121,1578634727,C++,C++14 (GCC 5.4.1),cpp,Accepted,126,27264,1204,
s941756813,p02936,u815813121,1578634651,C++,C++14 (GCC 5.4.1),cpp,Wrong Answer,117,27264,1184,
s452507969,p02936,u815813121,1578633602,C++,C++14 (GCC 5.4.1),cpp,Wrong Answer,2104,17152,1224,
s936622238,p02936,u799691369,1578633283,Python,Python (3.4.3),py,Wrong Answer,2106,42908,675,
s145065463,p02936,u015679112,1578632981,Java,Java8 (OpenJDK 1.8.0),java,Accepted,1779,210664,1306,
s842982863,p02936,u015679112,1578632934,Java,Java8 (OpenJDK 1.8.0),java,Compile Error,,,1274,
s991177243,p02936,u015679112,1578632673,Java,Java8 (OpenJDK 1.8.0),java,Time Limit Exceeded,2089,207256,1213,
s171868212,p02936,u015679112,1578632523,Java,Java8 (OpenJDK 1.8.0),java,Wrong Answer,2057,218064,1159,
s473870858,p02936,u815813121,1578632300,C++,C++14 (GCC 5.4.1),cpp,Wrong Answer,2103,15744,1225,
s804672164,p02936,u264265458,1578631705,C++,C++14 (GCC 5.4.1),cpp,Accepted,372,24320,574,
s422757256,p02936,u418785081,1578630951,C++,C++14 (GCC 5.4.1),cpp,Accepted,314,29824,799,
s396133938,p02936,u418785081,1578630826,C++,C++14 (GCC 5.4.1),cpp,Compile Error,,,798,
s277285832,p02936,u418785081,1578630643,C++,C++14 (GCC 5.4.1),cpp,Accepted,309,29696,772,
s474220484,p02936,u418785081,1578630529,C++,C++14 (GCC 5.4.1),cpp,Time Limit Exceeded,2224,1542632,771,
s763853602,p02936,u418785081,1578630008,C++,C++14 (GCC 5.4.1),cpp,Time Limit Exceeded,2226,1533032,823,
s718721975,p02936,u418785081,1578629591,C++,C++14 (GCC 5.4.1),cpp,Time Limit Exceeded,2240,1500008,877,
s312341122,p02936,u653981267,1578624916,Java,Java8 (OpenJDK 1.8.0),java,Time Limit Exceeded,2109,222256,1179,
s480723244,p02936,u653981267,1578624621,Java,Java8 (OpenJDK 1.8.0),java,Wrong Answer,2059,193876,1050,
s825667159,p02936,u886790158,1578623390,Java,Java8 (OpenJDK 1.8.0),java,Wrong Answer,2110,216392,1043,
s603413493,p02936,u886790158,1578623159,Java,Java8 (OpenJDK 1.8.0),java,Time Limit Exceeded,2109,228484,1081,
s817480175,p02936,u653981267,1578622747,Java,Java8 (OpenJDK 1.8.0),java,Time Limit Exceeded,2110,220888,1038,
s001574133,p02936,u653981267,1578622506,Java,Java8 (OpenJDK 1.8.0),java,Wrong Answer,2110,219652,1105,
s625189470,p02936,u653981267,1578622414,Java,Java8 (OpenJDK 1.8.0),java,Runtime Error,1389,427828,1080,
s205212067,p02936,u653981267,1578621999,Java,Java8 (OpenJDK 1.8.0),java,Runtime Error,1399,430632,1044,
s271262053,p02936,u653981267,1578621747,Java,Java8 (OpenJDK 1.8.0),java,Wrong Answer,2072,217508,1030,
s343879774,p02936,u653981267,1578621601,Java,Java8 (OpenJDK 1.8.0),java,Runtime Error,1376,429876,1035,
s699853373,p02936,u886790158,1578618600,Java,Java8 (OpenJDK 1.8.0),java,Wrong Answer,2000,220360,1069,
s667858105,p02936,u886790158,1578618355,Java,Java8 (OpenJDK 1.8.0),java,Wrong Answer,1994,219564,1093,
s719360853,p02936,u347057617,1578616936,C++,C++14 (GCC 5.4.1),cpp,Accepted,300,19440,1014,
s672347073,p02936,u347057617,1578616905,C++,C++14 (GCC 5.4.1),cpp,Compile Error,,,1015,
s168412659,p02936,u347057617,1578616878,C++,C++14 (GCC 5.4.1),cpp,Compile Error,,,1015,
s505021558,p02936,u653981267,1578612275,Java,Java8 (OpenJDK 1.8.0),java,Runtime Error,1387,436708,1033,
s024689055,p02936,u636387751,1578612251,C++,C++14 (GCC 5.4.1),cpp,Accepted,624,42112,705,
s243759356,p02936,u636387751,1578611892,C++,C++14 (GCC 5.4.1),cpp,Wrong Answer,2119,214048,703,
s310561649,p02936,u153390822,1578601489,C++,C++14 (GCC 5.4.1),cpp,Accepted,315,26880,4904,
s506620820,p02936,u432088501,1578600384,C++,C++14 (GCC 5.4.1),cpp,Accepted,357,24320,760,
s468553361,p02936,u432088501,1578599766,C++,C++14 (GCC 5.4.1),cpp,Time Limit Exceeded,2224,1540852,791,
s753725247,p02936,u432088501,1578598669,C++,C++14 (GCC 5.4.1),cpp,Wrong Answer,2240,1688620,784,
s667720606,p02936,u432088501,1578598534,C++,C++14 (GCC 5.4.1),cpp,Time Limit Exceeded,2225,1548648,782,
s544529282,p02936,u445624660,1578597419,Python,Python (3.4.3),py,Accepted,1811,73476,1265,
s770195228,p02936,u445624660,1578592121,Python,Python (3.4.3),py,Wrong Answer,1638,58952,757,
s448680161,p02936,u655567640,1578546946,C++,C++14 (GCC 5.4.1),cpp,Wrong Answer,2104,24704,818,
s358664786,p02936,u222822036,1578544170,Java,Java8 (OpenJDK 1.8.0),java,Wrong Answer,1671,223468,2148,
s939012467,p02936,u174463135,1578544036,C++,C++14 (GCC 5.4.1),cpp,Accepted,319,17908,917,
s957658024,p02936,u506846578,1578543759,C++,C++14 (GCC 5.4.1),cpp,Wrong Answer,326,5504,585,
s624046061,p02936,u506846578,1578543676,C++,C++14 (GCC 5.4.1),cpp,Wrong Answer,319,3968,584,
s096978134,p02936,u886790158,1578543438,Java,Java8 (OpenJDK 1.8.0),java,Wrong Answer,2046,216740,1027,
s946432876,p02936,u886790158,1578542997,Java,Java7 (OpenJDK 1.7.0),java,Wrong Answer,2110,181444,1134,
s044999692,p02936,u886790158,1578542987,C++,C++14 (Clang 3.8.0),cpp,Compile Error,,,1134,
s146255472,p02936,u653981267,1578539629,Java,Java8 (OpenJDK 1.8.0),java,Runtime Error,1421,436416,1017,
s080659920,p02936,u653981267,1578539535,Java,Java8 (OpenJDK 1.8.0),java,Wrong Answer,1586,184680,1019,
s137039640,p02936,u653981267,1578539437,Java,Java8 (OpenJDK 1.8.0),java,Wrong Answer,1609,186820,1022,
s287585088,p02936,u894339989,1578535340,C++,C++14 (GCC 5.4.1),cpp,Accepted,142,24320,724,
s523570722,p02936,u895382169,1578533193,C++,C++14 (GCC 5.4.1),cpp,Accepted,385,23424,1891,
s647083965,p02936,u895382169,1578533029,C++,C++14 (GCC 5.4.1),cpp,Time Limit Exceeded,2226,1527528,1953,
s217536900,p02936,u183971632,1578532791,C++,C++14 (GCC 5.4.1),cpp,Accepted,293,24320,1230,
s463200678,p02936,u653981267,1578529123,Java,Java8 (OpenJDK 1.8.0),java,Runtime Error,1444,438860,1013,
s760026700,p02936,u653981267,1578529041,Java,Java8 (OpenJDK 1.8.0),java,Wrong Answer,1925,177552,1015,
s269401890,p02936,u653981267,1578528793,Java,Java8 (OpenJDK 1.8.0),java,Wrong Answer,2110,194492,985,
s309186991,p02936,u653981267,1578525958,Java,Java8 (OpenJDK 1.8.0),java,Time Limit Exceeded,2110,217012,984,
s757953159,p02936,u506846578,1578523983,C++,C++14 (GCC 5.4.1),cpp,Wrong Answer,2104,22144,743,
s477444362,p02936,u748577909,1578522222,C++,C++14 (GCC 5.4.1),cpp,Accepted,684,23424,637,
s224476455,p02936,u454524105,1578520308,Python,Python (3.4.3),py,Runtime Error,2105,131056,468,
s176239832,p02936,u094191970,1578519659,Python,Python (3.4.3),py,Accepted,1550,62728,514,
s144360782,p02936,u094191970,1578519541,Python,Python (3.4.3),py,Accepted,1587,62804,530,
s368376425,p02936,u094191970,1578519386,Python,Python (3.4.3),py,Accepted,1794,62780,460,
s514605196,p02936,u454524105,1578519204,Python,Python (3.4.3),py,Wrong Answer,2111,131060,531,
s466417913,p02936,u094191970,1578519187,Python,Python (3.4.3),py,Accepted,1789,70248,513,
s499413125,p02936,u094191970,1578518969,Python,Python (3.4.3),py,Accepted,1799,70236,543,
s111700690,p02936,u094191970,1578518930,Python,Python (3.4.3),py,Runtime Error,1417,49908,540,
s394069679,p02936,u094191970,1578518903,Python,Python (3.4.3),py,Time Limit Exceeded,2107,50036,543,
s088990163,p02936,u094191970,1578518767,Python,Python (3.4.3),py,Time Limit Exceeded,2107,51304,532,
s099278015,p02936,u094191970,1578518742,Python,Python (3.4.3),py,Runtime Error,1465,49876,529,
s881774715,p02936,u094191970,1578518674,Python,Python (3.4.3),py,Accepted,1814,70248,522,
s092301535,p02936,u094191970,1578517650,Python,Python (3.4.3),py,Wrong Answer,2106,61968,460,
s524479891,p02936,u454524105,1578517295,Python,Python (3.4.3),py,Wrong Answer,2111,128480,570,
s930478145,p02936,u948524308,1578517266,Python,Python (3.4.3),py,Accepted,1588,268464,462,
s875366939,p02936,u454524105,1578517094,Python,Python (3.4.3),py,Wrong Answer,2111,128476,570,
s481174965,p02936,u454524105,1578516931,Python,Python (3.4.3),py,Wrong Answer,2111,128480,550,
s412227462,p02936,u948524308,1578516836,Python,Python (3.4.3),py,Time Limit Exceeded,2118,268464,437,
s717174675,p02936,u948524308,1578500213,Python,Python (3.4.3),py,Wrong Answer,1553,47920,291,
s845947044,p02936,u948524308,1578499464,Python,Python (3.4.3),py,Wrong Answer,1608,58316,292,
s574093996,p02936,u948524308,1578497945,Python,Python (3.4.3),py,Wrong Answer,2107,58504,343,
s633143522,p02936,u814986259,1578481521,Python,Python (3.4.3),py,Accepted,1761,92540,593,
s552187791,p02936,u771541325,1578473721,C++,C++14 (GCC 5.4.1),cpp,Accepted,369,32128,2138,
s414064603,p02936,u894339989,1578467920,C++,C++14 (GCC 5.4.1),cpp,Wrong Answer,83,5504,515,
s601759557,p02936,u894339989,1578467792,C++,C++14 (GCC 5.4.1),cpp,Wrong Answer,82,5504,472,
s467896807,p02936,u894339989,1578467273,C++,C++14 (GCC 5.4.1),cpp,Wrong Answer,232,25856,494,
s288315737,p02936,u894339989,1578466997,C++,C++14 (GCC 5.4.1),cpp,Wrong Answer,513,25856,475,
s641535281,p02936,u894339989,1578466643,C++,C++14 (GCC 5.4.1),cpp,Wrong Answer,516,25856,478,
s065189142,p02936,u833549197,1578460367,C++,C++14 (GCC 5.4.1),cpp,Accepted,606,24320,910,
s407674553,p02936,u094191970,1578460045,Python,Python (3.4.3),py,Wrong Answer,2107,62068,460,
s612775746,p02936,u094191970,1578459855,Python,Python (3.4.3),py,Wrong Answer,2107,61984,486,
s311769917,p02936,u094191970,1578459266,Python,Python (3.4.3),py,Wrong Answer,2107,61984,461,
s720642452,p02936,u094191970,1578458035,Python,Python (3.4.3),py,Wrong Answer,1597,54248,438,
s419345476,p02936,u094191970,1578457865,Python,Python (3.4.3),py,Wrong Answer,1415,46860,439,
s405004964,p02936,u094191970,1578457178,Python,Python (3.4.3),py,Wrong Answer,1931,143628,478,
s491314896,p02936,u010090035,1578457014,Python,Python (3.4.3),py,Wrong Answer,1538,48252,566,
s863854912,p02936,u094191970,1578456945,Python,Python (3.4.3),py,Wrong Answer,1584,54224,440,
s326315242,p02936,u010090035,1578456843,Python,Python (3.4.3),py,Wrong Answer,1673,45128,608,
s004202855,p02936,u094191970,1578456272,Python,Python (3.4.3),py,Wrong Answer,2112,134828,506,
s194051382,p02936,u010090035,1578456230,Python,Python (3.4.3),py,Wrong Answer,1662,44788,534,
s362086002,p02936,u010090035,1578455189,Python,Python (3.4.3),py,Wrong Answer,1420,22720,413,
s616682373,p02936,u010090035,1578454998,Python,Python (3.4.3),py,Runtime Error,1759,45408,478,
s664447501,p02936,u636137609,1578450356,C++,C++14 (GCC 5.4.1),cpp,Accepted,294,27392,1460,
s451906212,p02936,u917282863,1578438613,C++,C++14 (GCC 5.4.1),cpp,Accepted,318,26624,1227,
s100062149,p02936,u580258754,1578436362,C++,C++14 (GCC 5.4.1),cpp,Accepted,316,15588,1961,
s770093736,p02936,u580258754,1578435583,C++,C++14 (GCC 5.4.1),cpp,Accepted,315,15588,1961,
s428626216,p02936,u027685417,1578434696,Python,Python (3.4.3),py,Accepted,1617,232312,624,
s894487153,p02936,u580258754,1578434635,C++,C++14 (GCC 5.4.1),cpp,Accepted,319,23424,718,
s957573132,p02936,u027685417,1578434290,Python,Python (3.4.3),py,Runtime Error,1762,227240,628,
s028084260,p02936,u580258754,1578433749,Python,Python (3.4.3),py,Accepted,1623,230928,639,
s582600076,p02936,u580258754,1578433670,Python,Python (3.4.3),py,Time Limit Exceeded,2135,507824,731,
s505136898,p02936,u027685417,1578433141,Python,Python (3.4.3),py,Time Limit Exceeded,2117,227596,583,
s389350466,p02936,u535423069,1578427990,C++,C++14 (Clang 3.8.0),cpp,Wrong Answer,2105,22900,980,
s417668266,p02936,u027685417,1578390369,Python,Python (3.4.3),py,Wrong Answer,2219,1877608,573,
s068136123,p02936,u941251324,1578334302,C++,C++14 (GCC 5.4.1),cpp,Accepted,297,27392,1369,
s254175259,p02936,u941251324,1578334005,C++,C++14 (GCC 5.4.1),cpp,Wrong Answer,291,27392,1322,
s462547104,p02936,u941251324,1578333949,C++,C++14 (GCC 5.4.1),cpp,Compile Error,,,1326,
s078167919,p02936,u941251324,1578333427,C++,C++14 (GCC 5.4.1),cpp,Wrong Answer,289,25856,1215,
s837036240,p02936,u900848911,1578333281,Python,Python (3.4.3),py,Wrong Answer,1676,43908,401,
s762327185,p02936,u941251324,1578333118,C++,C++14 (GCC 5.4.1),cpp,Wrong Answer,515,49280,1240,
s508395479,p02936,u900848911,1578332509,Python,Python (3.4.3),py,Wrong Answer,1604,43816,388,
s438935300,p02936,u095021077,1578327442,Python,PyPy3 (2.4.0),py,Time Limit Exceeded,2152,793464,550,
s656934312,p02936,u095021077,1578327311,Python,Python (3.4.3),py,Accepted,1904,310864,550,
s249367192,p02936,u095021077,1578327256,Python,PyPy3 (2.4.0),py,Time Limit Exceeded,2122,307960,501,
s968833141,p02936,u095021077,1578327191,Python,Python (3.4.3),py,Time Limit Exceeded,2122,310864,501,
s634745884,p02936,u095021077,1578323450,Python,Python (3.4.3),py,Runtime Error,2100,128192,525,
s537787582,p02936,u675343092,1578284097,C++,C++14 (GCC 5.4.1),cpp,Accepted,155,25972,1361,
s231288351,p02936,u675343092,1578282826,C++,C++14 (GCC 5.4.1),cpp,Wrong Answer,112,22900,1297,
s460973330,p02936,u654470292,1578282034,Python,PyPy3 (2.4.0),py,Accepted,898,150380,875,
s394536885,p02936,u675343092,1578281739,C++,C++14 (GCC 5.4.1),cpp,Wrong Answer,2104,20724,1312,
s213154696,p02936,u654470292,1578281628,Python,PyPy3 (2.4.0),py,Time Limit Exceeded,2151,773356,638,
s147842917,p02936,u654470292,1578281386,Python,PyPy3 (2.4.0),py,Time Limit Exceeded,2155,804588,635,
s090290544,p02936,u654470292,1578281181,Python,PyPy3 (2.4.0),py,Time Limit Exceeded,2154,805100,635,
s875018910,p02936,u654470292,1578279855,Python,PyPy3 (2.4.0),py,Wrong Answer,1370,122460,402,
s818095381,p02936,u482226328,1578277511,Java,Java8 (OpenJDK 1.8.0),java,Time Limit Exceeded,2110,141080,3617,
s229594562,p02936,u482226328,1578277490,Java,Java8 (OpenJDK 1.8.0),java,Runtime Error,79,22996,3663,
s664124221,p02936,u482226328,1578276976,Java,Java8 (OpenJDK 1.8.0),java,Accepted,1541,152112,3572,
s690587871,p02936,u482226328,1578276566,Java,Java8 (OpenJDK 1.8.0),java,Accepted,1949,150728,4421,
s799469395,p02936,u482226328,1578276506,Java,Java8 (OpenJDK 1.8.0),java,Runtime Error,83,21460,4466,
s289025078,p02936,u482226328,1578275612,Java,Java8 (OpenJDK 1.8.0),java,Accepted,1574,151732,3401,
s667775604,p02936,u482226328,1578274848,Java,Java8 (OpenJDK 1.8.0),java,Accepted,1551,155132,3410,
s288537263,p02936,u482226328,1578274649,Java,Java8 (OpenJDK 1.8.0),java,Time Limit Exceeded,2110,257648,1390,
s534871473,p02936,u482226328,1578274477,Java,Java8 (OpenJDK 1.8.0),java,Time Limit Exceeded,2109,231896,1433,
s797828887,p02936,u482226328,1578274287,Java,Java8 (OpenJDK 1.8.0),java,Time Limit Exceeded,2110,235740,1608,
s716556155,p02936,u153390822,1578274078,C++,C++14 (GCC 5.4.1),cpp,Accepted,299,26880,4877,
s719134721,p02936,u482226328,1578273640,Java,Java8 (OpenJDK 1.8.0),java,Time Limit Exceeded,2111,281796,1909,
s792059384,p02936,u798818115,1578272845,Python,Python (3.4.3),py,Accepted,1152,63248,697,
s324318363,p02936,u304862095,1578272599,C++,C++14 (GCC 5.4.1),cpp,Accepted,434,46080,696,
s419303344,p02936,u347057617,1578272181,C++,C++14 (GCC 5.4.1),cpp,Wrong Answer,2254,1847504,922,
s155813686,p02936,u482226328,1578271966,Java,Java8 (OpenJDK 1.8.0),java,Wrong Answer,1957,229752,1320,
s179738657,p02936,u482226328,1578271878,Java,Java8 (OpenJDK 1.8.0),java,Wrong Answer,1993,226552,1317,
s767044824,p02936,u304862095,1578271439,C++,C++14 (GCC 5.4.1),cpp,Time Limit Exceeded,2106,38528,978,
s412878060,p02936,u153390822,1578270794,C++,C++14 (GCC 5.4.1),cpp,Accepted,297,26880,4678,
s428993868,p02936,u153390822,1578270635,C++,C++14 (GCC 5.4.1),cpp,Accepted,306,26880,5675,
s819006069,p02936,u798818115,1578268397,Python,PyPy3 (2.4.0),py,Runtime Error,2107,66128,614,
s214145101,p02936,u347057617,1578266608,C++,C++14 (GCC 5.4.1),cpp,Wrong Answer,2251,1865808,952,
s213930045,p02936,u347057617,1578266247,C++,C++14 (GCC 5.4.1),cpp,Wrong Answer,2105,28164,943,
s374100334,p02936,u425351967,1578253754,C++,C++14 (Clang 3.8.0),cpp,Accepted,748,17140,855,
s268377900,p02936,u982591663,1578253713,Python,Python (3.4.3),py,Accepted,1893,124240,1655,
s593870373,p02936,u002459665,1578253389,Python,Python (3.4.3),py,Time Limit Exceeded,2096,271252,670,
s865095138,p02936,u002459665,1578253204,Python,Python (3.4.3),py,Time Limit Exceeded,2111,271252,688,
s067378049,p02936,u002459665,1578250701,Python,Python (3.4.3),py,Time Limit Exceeded,2114,271356,730,
s254723629,p02936,u002459665,1578249818,Python,Python (3.4.3),py,Time Limit Exceeded,2243,2066420,710,
s327422385,p02936,u002459665,1578247512,Python,Python (3.4.3),py,Wrong Answer,1993,279248,681,
s827443931,p02936,u002459665,1578247412,Python,Python (3.4.3),py,Wrong Answer,2081,227408,530,
s755269409,p02936,u002459665,1578247295,Python,Python (3.4.3),py,Runtime Error,1495,56020,593,
s968061505,p02936,u524019694,1578198850,Ruby,Ruby (2.3.3),rb,Accepted,1058,46588,558,
s512992001,p02936,u818349438,1578197168,C++,C++14 (GCC 5.4.1),cpp,Accepted,425,24320,948,
s969706144,p02936,u818349438,1578191079,Python,Python (3.4.3),py,Time Limit Exceeded,2118,230960,476,
s693458927,p02936,u498487134,1578188509,Python,PyPy3 (2.4.0),py,Accepted,1297,128244,574,
s430149715,p02936,u498487134,1578187886,Python,Python (3.4.3),py,Time Limit Exceeded,2107,66180,574,
s065739433,p02936,u498487134,1578187454,Python,PyPy3 (2.4.0),py,Time Limit Exceeded,2111,140788,615,
s012360660,p02936,u747602774,1578182254,Python,Python (3.4.3),py,Time Limit Exceeded,2110,129356,1033,
s322972611,p02936,u747602774,1578182199,Python,PyPy3 (2.4.0),py,Accepted,1324,129952,1094,
s600921434,p02936,u747602774,1578182084,Python,Python (3.4.3),py,Time Limit Exceeded,2111,128088,1051,
s199730468,p02936,u747602774,1578181946,Python,Python (3.4.3),py,Time Limit Exceeded,2110,128864,1104,
s939121191,p02936,u747602774,1578181876,Python,PyPy3 (2.4.0),py,Accepted,966,129824,1104,
s710978609,p02936,u747602774,1578181637,Python,PyPy3 (2.4.0),py,Time Limit Exceeded,2115,198688,818,
s489693798,p02936,u747602774,1578181417,Python,PyPy3 (2.4.0),py,Time Limit Exceeded,2113,168992,847,
s419862180,p02936,u747602774,1578181313,Python,PyPy3 (2.4.0),py,Time Limit Exceeded,2114,168992,861,
s130408264,p02936,u747602774,1578181260,Python,PyPy3 (2.4.0),py,Time Limit Exceeded,2113,156576,888,
s747822048,p02936,u747602774,1578181022,Python,PyPy3 (2.4.0),py,Time Limit Exceeded,2113,156576,880,
s581649645,p02936,u747602774,1578180929,Python,PyPy3 (2.4.0),py,Time Limit Exceeded,2116,200864,851,
s841215301,p02936,u747602774,1578180830,Python,PyPy3 (2.4.0),py,Time Limit Exceeded,2113,159776,861,
s372364243,p02936,u747602774,1578180707,Python,PyPy3 (2.4.0),py,Time Limit Exceeded,2112,136984,985,
s675828526,p02936,u747602774,1578180467,Python,Python (3.4.3),py,Time Limit Exceeded,2113,126316,979,
s626932828,p02936,u747602774,1578178491,Python,Python (3.4.3),py,Wrong Answer,1389,133552,636,
s827599814,p02936,u747602774,1578178266,Python,Python (3.4.3),py,Wrong Answer,2070,132896,473,
s364638733,p02936,u639297580,1578178239,C++,C++14 (GCC 5.4.1),cpp,Accepted,307,24320,1539,
s968085003,p02936,u639297580,1578178092,C++,C++14 (GCC 5.4.1),cpp,Wrong Answer,298,24320,1670,
s261210176,p02936,u639297580,1578178042,C++,C++14 (GCC 5.4.1),cpp,Compile Error,,,1511,
s290534015,p02936,u639297580,1578177914,C++,C++14 (GCC 5.4.1),cpp,Wrong Answer,278,24320,1671,
s048898921,p02936,u747602774,1578177823,Python,Python (3.4.3),py,Wrong Answer,2021,134152,550,
s043379682,p02936,u747602774,1578177699,Python,PyPy3 (2.4.0),py,Wrong Answer,1838,139244,540,
s314145352,p02936,u639297580,1578177596,C++,C++14 (GCC 5.4.1),cpp,Wrong Answer,366,21120,1525,
s234775399,p02936,u747602774,1578177548,Python,PyPy3 (2.4.0),py,Time Limit Exceeded,2111,118232,550,
s934071855,p02936,u747602774,1578177498,Python,PyPy3 (2.4.0),py,Time Limit Exceeded,2111,118744,554,
s206884319,p02936,u747602774,1578177457,Python,Python (3.4.3),py,Time Limit Exceeded,2108,134152,554,
s682881868,p02936,u639297580,1578177437,C++,C++14 (GCC 5.4.1),cpp,Accepted,304,23552,915,
s432272539,p02936,u639297580,1578177327,C++,C++14 (GCC 5.4.1),cpp,Wrong Answer,357,22656,1566,
s616069245,p02936,u639297580,1578176787,C++,C++14 (GCC 5.4.1),cpp,Wrong Answer,283,16512,1395,
s710914279,p02936,u639297580,1578176659,C++,C++14 (GCC 5.4.1),cpp,Wrong Answer,273,14848,1396,
s299007272,p02936,u347057617,1578173532,C++,C++14 (GCC 5.4.1),cpp,Wrong Answer,2249,1839824,920,
s073535096,p02936,u347057617,1578172722,C++,C++14 (GCC 5.4.1),cpp,Wrong Answer,2108,13184,922,
s678538677,p02936,u299761130,1578171522,Go,Go (1.6),go,Accepted,704,55424,2380,
s557690350,p02936,u299761130,1578171274,Go,Go (1.6),go,Accepted,1447,49920,2394,
s245041243,p02936,u299761130,1578170868,Go,Go (1.6),go,Accepted,1426,53524,2462,
s870304855,p02936,u161904081,1578166424,C++,C++14 (Clang 3.8.0),cpp,Accepted,760,17012,1628,
s285917739,p02936,u800591358,1578159740,C#,C# (Mono 4.6.2.0),cs,Accepted,873,82348,9883,
s692471464,p02936,u800591358,1578158305,C#,C# (Mono 4.6.2.0),cs,Time Limit Exceeded,2111,87524,9819,
s864067503,p02936,u747602774,1578118897,Python,Python (3.4.3),py,Wrong Answer,2112,138780,607,
s508939065,p02936,u747602774,1578117050,Python,Python (3.4.3),py,Wrong Answer,1855,125496,370,
s462391756,p02936,u747602774,1578116867,Python,Python (3.4.3),py,Wrong Answer,1913,125324,353,
s228508016,p02936,u747602774,1578115560,Python,Python (3.4.3),py,Wrong Answer,1595,122232,331,
s919540672,p02936,u440566786,1578113639,Python,PyPy3 (2.4.0),py,Accepted,917,123008,989,
s915278437,p02936,u440566786,1578113493,Python,PyPy3 (2.4.0),py,Wrong Answer,1025,118632,994,
s003235795,p02936,u477977638,1578112190,Python,Python (3.4.3),py,Accepted,945,64220,677,
s397700580,p02936,u477977638,1578112180,Python,PyPy3 (2.4.0),py,Accepted,613,99652,677,
s366203515,p02936,u477977638,1578112027,Python,PyPy3 (2.4.0),py,Accepted,1851,116204,456,
s118971745,p02936,u477977638,1578112002,Python,Python (3.4.3),py,Accepted,1688,64128,457,
s924200420,p02936,u167931717,1578111107,C++,C++14 (GCC 5.4.1),cpp,Accepted,327,39916,20140,
s734605334,p02936,u477977638,1578111004,Python,Python (3.4.3),py,Wrong Answer,1984,90200,303,
s000096583,p02936,u477977638,1578110930,Python,Python (3.4.3),py,Wrong Answer,1560,52584,262,
s862825810,p02936,u476383383,1578097076,C++,C++14 (GCC 5.4.1),cpp,Accepted,624,39024,2995,
s075392821,p02936,u476383383,1578096779,C++,C++14 (GCC 5.4.1),cpp,Wrong Answer,394,27392,2898,
s874429017,p02936,u161904081,1578094832,Python,Python (3.4.3),py,Time Limit Exceeded,2111,61148,1117,
s188246230,p02936,u320241053,1578091625,C++,C++14 (GCC 5.4.1),cpp,Accepted,126,16372,809,
s635196371,p02936,u320241053,1578091442,C++,C++14 (GCC 5.4.1),cpp,Accepted,140,16372,814,
s722909260,p02936,u320241053,1578091026,C++,C++14 (GCC 5.4.1),cpp,Wrong Answer,281,14080,490,
s349017074,p02936,u320241053,1578090449,C++,C++14 (GCC 5.4.1),cpp,Accepted,321,16372,734,
s234945155,p02936,u320241053,1578089693,C++,C++14 (GCC 5.4.1),cpp,Accepted,701,31644,632,
s331434075,p02936,u192912097,1578078767,C++,C++14 (GCC 5.4.1),cpp,Accepted,359,29952,1937,
s290869374,p02936,u192912097,1578077782,C++,C++14 (GCC 5.4.1),cpp,Wrong Answer,349,29952,1931,
s075602768,p02936,u814715203,1578074365,C++,C++14 (GCC 5.4.1),cpp,Accepted,637,27520,681,
s873144373,p02936,u814715203,1578074305,C++,C++14 (GCC 5.4.1),cpp,Wrong Answer,575,27392,648,
s120986129,p02936,u814715203,1578073913,C++,C++14 (GCC 5.4.1),cpp,Accepted,661,23552,596,
s340050142,p02936,u814715203,1578073841,C++,C++14 (GCC 5.4.1),cpp,Wrong Answer,297,27392,665,
s961734762,p02936,u814715203,1578073558,C++,C++14 (GCC 5.4.1),cpp,Wrong Answer,297,27392,668,
s236826224,p02936,u814715203,1578073249,C++,C++14 (GCC 5.4.1),cpp,Wrong Answer,292,24320,638,
s640635249,p02936,u814715203,1578073030,C++,C++14 (GCC 5.4.1),cpp,Wrong Answer,289,22016,617,
s074770877,p02936,u091659432,1578071434,C++,C++14 (GCC 5.4.1),cpp,Accepted,600,29696,729,
s964522630,p02936,u818349438,1578033480,Python,PyPy3 (2.4.0),py,Accepted,1882,107084,548,
s692898987,p02936,u818349438,1578032427,Python,PyPy3 (2.4.0),py,Wrong Answer,1860,107084,564,
s801279630,p02936,u720483676,1578025266,C++,C++14 (GCC 5.4.1),cpp,Accepted,297,16372,949,
s848058884,p02936,u923732485,1578016728,C++,C++14 (GCC 5.4.1),cpp,Accepted,138,24320,707,
s082238073,p02936,u923732485,1578016594,C++,C++14 (GCC 5.4.1),cpp,Wrong Answer,165,24320,728,
s572521880,p02936,u923732485,1578016509,C++,C++14 (GCC 5.4.1),cpp,Wrong Answer,146,23552,716,
s129566553,p02936,u923732485,1578016364,C++,C++14 (GCC 5.4.1),cpp,Wrong Answer,142,23552,674,
s551137068,p02936,u345932819,1578007243,Java,Java8 (OpenJDK 1.8.0),java,Accepted,1352,148048,10828,
s780140316,p02936,u345932819,1578007155,Java,Java8 (OpenJDK 1.8.0),java,Wrong Answer,2109,223708,10935,
s615607172,p02936,u345932819,1578007013,Java,Java8 (OpenJDK 1.8.0),java,Accepted,1709,165576,10949,
s383894124,p02936,u345932819,1578006035,Java,Java8 (OpenJDK 1.8.0),java,Wrong Answer,1597,164340,11272,
s785906174,p02936,u298628832,1578005795,C++,C++14 (GCC 5.4.1),cpp,Accepted,377,23680,672,
s442977282,p02936,u298628832,1578000003,C++,C++14 (GCC 5.4.1),cpp,Wrong Answer,376,23552,598,
s044527745,p02936,u162126904,1577998648,C++,C++14 (GCC 5.4.1),cpp,Accepted,157,21376,947,
s636310009,p02936,u345932819,1577998191,Java,Java8 (OpenJDK 1.8.0),java,Wrong Answer,1109,139996,8783,
s407632777,p02936,u345932819,1577997879,Java,Java8 (OpenJDK 1.8.0),java,Wrong Answer,1878,244788,1234,
s433196730,p02936,u345932819,1577997798,Java,Java8 (OpenJDK 1.8.0),java,Wrong Answer,2110,265012,9750,
s956180783,p02936,u345932819,1577997737,Java,Java8 (OpenJDK 1.8.0),java,Wrong Answer,1399,144772,9632,
s802379535,p02936,u345932819,1577997572,Java,Java8 (OpenJDK 1.8.0),java,Wrong Answer,1111,138444,8716,
s995354995,p02936,u345932819,1577995501,Java,Java8 (OpenJDK 1.8.0),java,Wrong Answer,2110,381852,8691,
s033317898,p02936,u345932819,1577995160,Java,Java8 (OpenJDK 1.8.0),java,Wrong Answer,2110,381188,8681,
s683751025,p02936,u614734359,1577994663,Python,Python (3.4.3),py,Wrong Answer,1989,102032,446,
s205786007,p02936,u138879272,1577989159,C++,C++14 (GCC 5.4.1),cpp,Accepted,165,23424,541,
s596327304,p02936,u156778176,1577987295,C++,C++14 (GCC 5.4.1),cpp,Accepted,334,25856,1068,
s754176060,p02936,u156778176,1577986456,C++,C++14 (GCC 5.4.1),cpp,Time Limit Exceeded,2104,16372,872,
s188972293,p02936,u156778176,1577985937,C++,C++14 (GCC 5.4.1),cpp,Time Limit Exceeded,2104,15348,964,
s593831376,p02936,u957872856,1577984820,Python,Python (3.4.3),py,Accepted,1665,230960,638,
s488575429,p02936,u364555831,1577942480,C#,C# (Mono 4.6.2.0),cs,Time Limit Exceeded,2114,61004,2703,
s246187621,p02936,u704284486,1577938575,Python,Python (3.4.3),py,Wrong Answer,2107,57708,400,
s663580058,p02936,u796999111,1577933472,C++,C++14 (GCC 5.4.1),cpp,Accepted,366,24320,806,
s367769370,p02936,u796999111,1577932348,C++,C++14 (GCC 5.4.1),cpp,Time Limit Exceeded,2172,1082368,1342,
s871595404,p02936,u532086793,1577932211,C++,C++14 (GCC 5.4.1),cpp,Wrong Answer,249,5504,615,
s255476207,p02936,u796999111,1577930256,C++,C++14 (GCC 5.4.1),cpp,Time Limit Exceeded,2169,1094400,1251,
s827379973,p02936,u185050799,1577921789,C++,C++14 (GCC 5.4.1),cpp,Accepted,595,21104,1238,
s812273263,p02936,u459590249,1577921450,Python,PyPy3 (2.4.0),py,Accepted,1906,106572,1542,
s470861545,p02936,u417365712,1577920546,Python,Python (3.4.3),py,Accepted,1254,137116,587,
s169201531,p02936,u459590249,1577920384,Python,Python (3.4.3),py,Time Limit Exceeded,2109,63464,1126,
s623017051,p02936,u459590249,1577920316,Python,PyPy3 (2.4.0),py,Time Limit Exceeded,2109,92888,1126,
s580405317,p02936,u417365712,1577919431,Python,Python (3.4.3),py,Wrong Answer,1074,122080,475,
s617750115,p02936,u417365712,1577918081,Python,Python (3.4.3),py,Accepted,783,85876,641,
s336461981,p02936,u417365712,1577917705,Python,Python (3.4.3),py,Wrong Answer,2109,87788,585,
s159122317,p02936,u302149106,1577917472,C++,C++14 (GCC 5.4.1),cpp,Accepted,360,25088,1023,
s336311367,p02936,u417365712,1577916050,Python,Python (3.4.3),py,Wrong Answer,2111,149472,4064,
s667872434,p02936,u417365712,1577914801,Python,Python (3.4.3),py,Wrong Answer,2111,149480,4208,
s577031641,p02936,u417365712,1577911182,Python,Python (3.4.3),py,Wrong Answer,2111,149576,3818,
s101575047,p02936,u417365712,1577911110,Python,Python (3.4.3),py,Wrong Answer,2111,149432,3818,
s920764943,p02936,u306537042,1577899717,C++,C++14 (GCC 5.4.1),cpp,Accepted,123,24832,1303,
s378554290,p02936,u306537042,1577898953,C++,C++14 (GCC 5.4.1),cpp,Wrong Answer,112,24832,1269,
s075505450,p02936,u306537042,1577898678,C++,C++14 (GCC 5.4.1),cpp,Wrong Answer,116,24832,1263,
s225905624,p02936,u417365712,1577892239,Python,Python (3.4.3),py,Wrong Answer,2110,143232,3707,
s583316276,p02936,u459590249,1577873459,Python,PyPy3 (2.4.0),py,Wrong Answer,2110,88944,548,
s294763889,p02936,u264265458,1577860390,C++,C++14 (GCC 5.4.1),cpp,Compile Error,,,1,
s196632704,p02936,u368796742,1577856145,Python,Python (3.4.3),py,Accepted,1767,62236,614,
s220369982,p02936,u368796742,1577856021,Python,Python (3.4.3),py,Accepted,1739,61768,618,
s888336663,p02936,u368796742,1577855197,Python,Python (3.4.3),py,Wrong Answer,1566,48224,516,
s826389171,p02936,u368796742,1577854548,Python,Python (3.4.3),py,Wrong Answer,1557,52404,534,
s774019156,p02936,u385825353,1577825888,C++,C++14 (GCC 5.4.1),cpp,Accepted,155,23424,2209,
s452280642,p02936,u280175105,1577813513,C++,C++14 (GCC 5.4.1),cpp,Accepted,388,45312,646,
s867272682,p02936,u280175105,1577813371,C++,C++14 (GCC 5.4.1),cpp,Runtime Error,594,296692,646,
s656949594,p02936,u280175105,1577813046,C++,C++14 (GCC 5.4.1),cpp,Runtime Error,572,296692,624,
s740281631,p02936,u280175105,1577812594,C++,C++14 (GCC 5.4.1),cpp,Runtime Error,584,296312,680,
s814661711,p02936,u280175105,1577812036,C++,C++14 (GCC 5.4.1),cpp,Runtime Error,603,300280,745,
s113177777,p02936,u970308980,1577780505,Python,Python (3.4.3),py,Accepted,1653,232240,589,
s353163728,p02936,u970308980,1577780407,Python,Python (3.4.3),py,Accepted,1604,233776,579,
s497404126,p02936,u970308980,1577780372,Python,Python (3.4.3),py,Time Limit Exceeded,2117,232240,545,
s152440171,p02936,u970308980,1577779370,Python,PyPy3 (2.4.0),py,Time Limit Exceeded,2113,165880,580,
s916232189,p02936,u970308980,1577778845,Python,Python (3.4.3),py,Time Limit Exceeded,2119,287704,580,
s719205101,p02936,u970308980,1577778467,Python,Python (3.4.3),py,Time Limit Exceeded,2119,263028,581,
s749512208,p02936,u970308980,1577778263,Python,PyPy3 (2.4.0),py,Time Limit Exceeded,2124,339704,557,
s538451321,p02936,u970308980,1577778243,Python,Python (3.4.3),py,Time Limit Exceeded,2118,241060,557,
s968262623,p02936,u970308980,1577778169,Python,Python (3.4.3),py,Runtime Error,1729,69024,515,
s421316898,p02936,u683134447,1577770431,Python,PyPy3 (2.4.0),py,Accepted,1999,120524,557,
s633904404,p02936,u796269639,1577770310,C++,C++14 (GCC 5.4.1),cpp,Wrong Answer,2103,21120,1732,
s521496693,p02936,u683134447,1577770291,Python,PyPy3 (2.4.0),py,Time Limit Exceeded,2110,120396,558,
s511929874,p02936,u683134447,1577770266,Python,Python (3.4.3),py,Time Limit Exceeded,2108,76212,558,
s618142672,p02936,u275797573,1577769061,C++,C++14 (GCC 5.4.1),cpp,Accepted,331,22656,6325,
s996367629,p02936,u275797573,1577766552,C++,C++14 (GCC 5.4.1),cpp,Time Limit Exceeded,2104,20992,6435,
s903039361,p02936,u401900157,1577744755,C++,C++14 (GCC 5.4.1),cpp,Accepted,136,23552,1099,
s806148165,p02936,u954176652,1577742472,C++,C++14 (GCC 5.4.1),cpp,Accepted,146,24320,1094,
s832413023,p02936,u954176652,1577742283,C++,C++14 (GCC 5.4.1),cpp,Accepted,367,24320,1061,
s732514878,p02936,u954176652,1577741675,C++,C++14 (GCC 5.4.1),cpp,Wrong Answer,268,15616,1276,
s458259664,p02936,u954176652,1577741260,C++,C++14 (GCC 5.4.1),cpp,Wrong Answer,281,14976,1288,
s688504134,p02936,u954176652,1577741179,C++,C++14 (GCC 5.4.1),cpp,Wrong Answer,272,14976,1260,
s243628728,p02936,u954176652,1577740404,C++,C++14 (GCC 5.4.1),cpp,Wrong Answer,271,14976,1252,
s842694830,p02936,u954176652,1577739984,C++,C++14 (GCC 5.4.1),cpp,Wrong Answer,269,14848,1137,
s680680023,p02936,u954176652,1577739917,C++,C++14 (GCC 5.4.1),cpp,Wrong Answer,290,14848,1181,
s146898903,p02936,u954176652,1577739322,C++,C++14 (GCC 5.4.1),cpp,Wrong Answer,276,14848,945,
s832653532,p02936,u954176652,1577738137,C++,C++14 (GCC 5.4.1),cpp,Wrong Answer,2104,12288,951,
s770478273,p02936,u865119809,1577737020,Python,Python (3.4.3),py,Time Limit Exceeded,2105,100336,768,
s257940775,p02936,u401900157,1577736864,C++,C++14 (GCC 5.4.1),cpp,Wrong Answer,320,3968,434,
s451978388,p02936,u401900157,1577736790,C++,C++14 (GCC 5.4.1),cpp,Wrong Answer,89,5504,918,
s820279787,p02936,u401900157,1577736666,C++,C++14 (GCC 5.4.1),cpp,Wrong Answer,82,3968,917,
s435878424,p02936,u885630173,1577736205,Python,Python (3.4.3),py,Accepted,1543,233776,578,
s399698433,p02936,u885630173,1577736137,Python,Python (3.4.3),py,Runtime Error,1659,64188,473,
s705653799,p02936,u374929478,1577735696,C++,C++14 (GCC 5.4.1),cpp,Accepted,301,21120,1402,
s188825418,p02936,u374929478,1577735145,C++,C++14 (GCC 5.4.1),cpp,Wrong Answer,285,20480,1326,
s201238831,p02936,u374929478,1577735087,C++,C++14 (GCC 5.4.1),cpp,Wrong Answer,296,19712,1327,
s246386715,p02936,u885630173,1577734809,Python,Python (3.4.3),py,Runtime Error,1609,63612,425,
s495913164,p02936,u756388720,1577733089,C++,C++14 (GCC 5.4.1),cpp,Accepted,299,21504,784,
s057833147,p02936,u756388720,1577732987,C++,C++14 (GCC 5.4.1),cpp,Wrong Answer,294,21504,754,
s032761695,p02936,u885630173,1577732959,Python,Python (3.4.3),py,Runtime Error,2107,62088,426,
s362936846,p02936,u885630173,1577731021,Python,Python (3.4.3),py,Runtime Error,2106,49992,363,
s622730008,p02936,u675509234,1577730881,C++,C++14 (GCC 5.4.1),cpp,Accepted,670,23680,615,
s726191293,p02936,u925940521,1577719515,C++,C++14 (GCC 5.4.1),cpp,Accepted,164,38400,8949,
s526369172,p02936,u925940521,1577719065,C++,C++14 (GCC 5.4.1),cpp,Wrong Answer,131,35200,8774,
s509810605,p02936,u724687935,1577703422,Python,PyPy3 (2.4.0),py,Accepted,1908,106828,691,
s277422928,p02936,u724687935,1577703216,Python,Python (3.4.3),py,Accepted,1965,58516,691,
s410410731,p02936,u724687935,1577695140,Python,Python (3.4.3),py,Time Limit Exceeded,2125,252060,584,
s850650730,p02936,u724687935,1577695042,Python,Python (3.4.3),py,Time Limit Exceeded,2120,250208,585,
s423141035,p02936,u724687935,1577694729,Python,Python (3.4.3),py,Time Limit Exceeded,2118,231728,585,
s703018564,p02936,u088552457,1577681782,Python,Python (3.4.3),py,Accepted,1720,230960,542,
s830028001,p02936,u088552457,1577681541,Python,Python (3.4.3),py,Runtime Error,1743,52300,438,
s688258701,p02936,u088552457,1577681482,Python,Python (3.4.3),py,Accepted,1658,230928,542,
s856390749,p02936,u088552457,1577679908,Python,Python (3.4.3),py,Accepted,1664,230960,639,
s416489077,p02936,u088552457,1577679800,Python,Python (3.4.3),py,Accepted,1655,56160,904,
s574616326,p02936,u088552457,1577679140,Python,Python (3.4.3),py,Runtime Error,1704,52300,438,
s389300387,p02936,u920212194,1577676944,Java,Java8 (OpenJDK 1.8.0),java,Time Limit Exceeded,2109,155100,1199,
s484683718,p02936,u518378780,1577670152,Python,Python (3.4.3),py,Accepted,1989,126620,677,
s576042723,p02936,u518378780,1577669993,Python,PyPy3 (2.4.0),py,Time Limit Exceeded,2108,139480,677,
s361991587,p02936,u518378780,1577669588,Python,PyPy3 (2.4.0),py,Time Limit Exceeded,2083,139480,677,
s117661424,p02936,u317713173,1577660920,Python,PyPy3 (2.4.0),py,Accepted,1812,106272,554,
s316133731,p02936,u317713173,1577658125,Python,PyPy3 (2.4.0),py,Time Limit Exceeded,2123,327800,560,
s555058253,p02936,u317713173,1577658081,Python,Python (3.4.3),py,Time Limit Exceeded,2116,232956,560,
s929584769,p02936,u317713173,1577656975,Python,Python (3.4.3),py,Time Limit Exceeded,2138,560380,814,
s340738761,p02936,u317713173,1577656941,Python,PyPy3 (2.4.0),py,Time Limit Exceeded,2168,971768,814,
s668576621,p02936,u317713173,1577656900,Python,PyPy3 (2.4.0),py,Runtime Error,2111,240760,773,
s373711889,p02936,u045289115,1577652777,C++,C++14 (GCC 5.4.1),cpp,Accepted,143,23552,530,
s407843607,p02936,u045289115,1577652135,C++,C++14 (GCC 5.4.1),cpp,Accepted,129,26624,586,
s752434515,p02936,u045289115,1577651494,C++,C++14 (GCC 5.4.1),cpp,Accepted,129,23552,572,
s740581760,p02936,u045289115,1577649347,C++,C++14 (GCC 5.4.1),cpp,Accepted,147,26624,607,
s267395161,p02936,u045289115,1577649088,C++,C++14 (GCC 5.4.1),cpp,Wrong Answer,133,26624,611,
s450225928,p02936,u045289115,1577649006,C++,C++14 (GCC 5.4.1),cpp,Wrong Answer,158,26624,606,
s999385331,p02936,u045289115,1577642628,C++,C++14 (GCC 5.4.1),cpp,Wrong Answer,87,3968,426,
s047120074,p02936,u442485163,1577640798,C++,C++14 (GCC 5.4.1),cpp,Accepted,290,15604,804,
s433607619,p02936,u970133396,1577612112,Python,Python (3.4.3),py,Accepted,1988,52656,1005,
s490354396,p02936,u970133396,1577604735,Python,Python (3.4.3),py,Runtime Error,1659,61712,744,
s322086661,p02936,u970133396,1577604655,Python,Python (3.4.3),py,Time Limit Exceeded,2118,269716,783,
s293916563,p02936,u970133396,1577604399,Python,Python (3.4.3),py,Time Limit Exceeded,2120,269716,800,
s665217660,p02936,u970133396,1577604366,Python,PyPy3 (2.4.0),py,Time Limit Exceeded,2125,346232,800,
s999941417,p02936,u970133396,1577604227,Python,PyPy3 (2.4.0),py,Time Limit Exceeded,2128,353144,809,
s787329784,p02936,u139255323,1577603905,C++,C++14 (GCC 5.4.1),cpp,Accepted,646,23424,621,
s335934119,p02936,u139255323,1577603663,C++,C++14 (GCC 5.4.1),cpp,Runtime Error,102,256,606,
s527770909,p02936,u970133396,1577603607,Python,PyPy3 (2.4.0),py,Time Limit Exceeded,2124,339448,673,
s995711550,p02936,u970133396,1577603416,Python,Python (3.4.3),py,Time Limit Exceeded,2124,263856,703,
s681497790,p02936,u970133396,1577603274,Python,PyPy3 (2.4.0),py,Time Limit Exceeded,2122,327212,703,
s153874499,p02936,u139255323,1577603252,C++,C++14 (GCC 5.4.1),cpp,Accepted,663,23424,582,
s803693704,p02936,u970133396,1577602921,Python,PyPy3 (2.4.0),py,Time Limit Exceeded,2125,356472,804,
s016720040,p02936,u970133396,1577602841,Python,Python (3.4.3),py,Time Limit Exceeded,2120,262960,804,
s949502249,p02936,u970133396,1577602583,Python,Python (3.4.3),py,Time Limit Exceeded,2121,269436,887,
s582702015,p02936,u157887852,1577594104,Ruby,Ruby (2.3.3),rb,Wrong Answer,893,18428,294,
s705870587,p02936,u157887852,1577590524,Ruby,Ruby (2.3.3),rb,Wrong Answer,1012,24080,294,
s445135118,p02936,u157887852,1577588993,Ruby,Ruby (2.3.3),rb,Wrong Answer,2111,53128,349,
s170816826,p02936,u157887852,1577588919,Ruby,Ruby (2.3.3),rb,Wrong Answer,2111,53128,349,
s400990313,p02936,u861020408,1577588519,Python,Python (3.4.3),py,Wrong Answer,1491,43820,377,
s894108402,p02936,u157887852,1577588475,Ruby,Ruby (2.3.3),rb,Wrong Answer,1884,41616,312,
s112521921,p02936,u157887852,1577588225,Ruby,Ruby (2.3.3),rb,Wrong Answer,1563,22892,283,
s170649207,p02936,u157887852,1577588072,Ruby,Ruby (2.3.3),rb,Wrong Answer,942,25324,268,
s915747872,p02936,u970133396,1577583833,Python,PyPy3 (2.4.0),py,Time Limit Exceeded,2122,303352,900,
s683704811,p02936,u970133396,1577583721,Python,Python (3.4.3),py,Time Limit Exceeded,2121,291504,900,
s876127645,p02936,u492447501,1577582043,Python,Python (3.4.3),py,Runtime Error,2110,105168,645,
s547809690,p02936,u587202199,1577581527,C++,C++14 (GCC 5.4.1),cpp,Accepted,130,24448,1163,
s597179100,p02936,u237620737,1577578366,C++,C++14 (GCC 5.4.1),cpp,Accepted,584,30592,2380,
s768406389,p02936,u587202199,1577577957,C++,C++14 (GCC 5.4.1),cpp,Wrong Answer,2104,5376,1233,
s199668176,p02936,u604896914,1577569814,C++,C++14 (GCC 5.4.1),cpp,Accepted,147,23552,1307,
s000530472,p02936,u836939578,1577569375,Python,PyPy3 (2.4.0),py,Accepted,1860,109440,439,
s796161986,p02936,u836939578,1577567864,Python,PyPy3 (2.4.0),py,Runtime Error,1868,129228,457,
s009454340,p02936,u203033720,1577564123,C++,C++14 (GCC 5.4.1),cpp,Accepted,130,16372,981,
s948896800,p02936,u203033720,1577563938,C++,C++14 (GCC 5.4.1),cpp,Accepted,139,16372,980,
s275155093,p02936,u836939578,1577563656,C++,C++14 (GCC 5.4.1),cpp,Compile Error,,,10,
s357504739,p02936,u168774513,1577562725,C++,C++14 (GCC 5.4.1),cpp,Accepted,419,16372,980,
s587780569,p02936,u503640463,1577550540,C++,C++14 (GCC 5.4.1),cpp,Accepted,300,15604,931,
s628605975,p02936,u024191315,1577550230,C++,C++14 (GCC 5.4.1),cpp,Accepted,661,23552,685,
s275339131,p02936,u523698212,1577519380,C++,C++14 (GCC 5.4.1),cpp,Accepted,388,32768,626,
s140367890,p02936,u523698212,1577516537,C++,C++14 (GCC 5.4.1),cpp,Wrong Answer,302,23296,528,
s837443915,p02936,u523698212,1577516469,C++,C++14 (GCC 5.4.1),cpp,Compile Error,,,536,
s745961048,p02936,u523698212,1577516194,C++,C++14 (GCC 5.4.1),cpp,Wrong Answer,315,23068,526,
s200979690,p02936,u523698212,1577516064,C++,C++14 (GCC 5.4.1),cpp,Wrong Answer,313,22300,525,
s885409412,p02936,u431602218,1577511020,C++,C++14 (GCC 5.4.1),cpp,Accepted,305,19440,794,
s984619332,p02936,u431602218,1577510932,C++,C++14 (GCC 5.4.1),cpp,Compile Error,,,795,
s319419557,p02936,u431602218,1577510373,C++,C++14 (GCC 5.4.1),cpp,Compile Error,,,760,
s500531006,p02936,u431602218,1577510351,C++,C++14 (GCC 5.4.1),cpp,Compile Error,,,762,
s802475683,p02936,u431602218,1577510259,C++,C++14 (GCC 5.4.1),cpp,Compile Error,,,762,
s847639381,p02936,u235210692,1577505698,Python,Python (3.4.3),py,Time Limit Exceeded,2118,224484,3149,
s243601676,p02936,u235210692,1577505305,Python,Python (3.4.3),py,Time Limit Exceeded,2114,164880,3107,
s419455375,p02936,u235210692,1577503808,Python,Python (3.4.3),py,Time Limit Exceeded,2113,150792,3093,
s350688175,p02936,u458798873,1577503702,C++,C++14 (GCC 5.4.1),cpp,Accepted,127,24320,1149,
s408245359,p02936,u235210692,1577503665,Python,Python (3.4.3),py,Runtime Error,1086,111892,3064,
s333029909,p02936,u657913472,1577500786,Awk,Awk (mawk 1.3.3),awk,Accepted,1825,131072,594,
s904612000,p02936,u657913472,1577500490,Awk,Awk (mawk 1.3.3),awk,Accepted,1870,147072,387,
s314231862,p02936,u235210692,1577495741,Python,Python (3.4.3),py,Time Limit Exceeded,2113,150512,2661,
s450811866,p02936,u235210692,1577489899,Python,Python (3.4.3),py,Wrong Answer,2112,128268,2301,
s406605914,p02936,u235210692,1577489729,Python,Python (3.4.3),py,Wrong Answer,2111,128524,2236,
s625457852,p02936,u615194706,1577481409,C++,C++14 (GCC 5.4.1),cpp,Accepted,331,24320,792,
s265711475,p02936,u615194706,1577481302,C++,C++14 (GCC 5.4.1),cpp,Wrong Answer,291,24320,766,
s270971813,p02936,u615194706,1577480961,C++,C++14 (GCC 5.4.1),cpp,Wrong Answer,358,24320,718,
s929329383,p02936,u615194706,1577480639,C++,C++14 (GCC 5.4.1),cpp,Wrong Answer,354,24320,735,
s029939014,p02936,u615194706,1577480131,C++,C++14 (GCC 5.4.1),cpp,Wrong Answer,355,24320,683,
s145721289,p02936,u615194706,1577479901,C++,C++14 (GCC 5.4.1),cpp,Wrong Answer,354,21120,630,
s291619885,p02936,u762183504,1577479708,C++,C++14 (GCC 5.4.1),cpp,Accepted,668,23424,790,
s454289430,p02936,u762183504,1577479566,C++,C++14 (GCC 5.4.1),cpp,Accepted,300,30464,903,
s329176163,p02936,u762183504,1577479435,C++,C++14 (GCC 5.4.1),cpp,Accepted,329,30464,944,
s491696303,p02936,u600153083,1577477174,Ruby,Ruby (2.3.3),rb,Runtime Error,651,11388,336,
s405468890,p02936,u600153083,1577477051,Ruby,Ruby (2.3.3),rb,Runtime Error,631,9212,302,
s102756151,p02936,u515019830,1577474345,C++,C++14 (GCC 5.4.1),cpp,Accepted,400,24320,1098,
s218869125,p02936,u922449550,1577469574,Python,Python (3.4.3),py,Accepted,1826,84172,588,
s690158154,p02936,u922449550,1577469178,Python,Python (3.4.3),py,Wrong Answer,1565,77876,502,
s704921566,p02936,u922449550,1577468238,Python,Python (3.4.3),py,Wrong Answer,2106,67320,426,
s863207732,p02936,u961135803,1577466181,C++,C++14 (GCC 5.4.1),cpp,Accepted,361,22656,1005,
s674209557,p02936,u836939578,1577462932,Python,Python (3.4.3),py,Runtime Error,1688,61976,457,
s800252266,p02936,u502813058,1577425623,Go,Go (1.6),go,Accepted,666,48000,817,
s263297989,p02936,u502813058,1577422737,Go,Go (1.6),go,Time Limit Exceeded,2108,20224,654,
s329848754,p02936,u502813058,1577422439,Go,Go (1.6),go,Time Limit Exceeded,2108,20096,723,
s885220226,p02936,u502813058,1577422351,Go,Go (1.6),go,Wrong Answer,2108,15616,691,
s636568447,p02936,u502813058,1577421122,Go,Go (1.6),go,Wrong Answer,2108,18432,735,
s212855623,p02936,u502813058,1577420461,Go,Go (1.6),go,Wrong Answer,2108,17924,742,
s688368929,p02936,u905582793,1577418028,Python,Python (3.4.3),py,Accepted,1478,139576,663,
s582469428,p02936,u905582793,1577417899,Python,Python (3.4.3),py,Accepted,1503,139564,727,
s351113261,p02936,u202260176,1577406651,C++,C++14 (GCC 5.4.1),cpp,Accepted,338,24824,1197,
s917520055,p02936,u202260176,1577406109,C++,C++14 (GCC 5.4.1),cpp,Wrong Answer,135,14848,1037,
s976926087,p02936,u202260176,1577405769,C++,C++14 (GCC 5.4.1),cpp,Wrong Answer,114,14848,971,
s853495938,p02936,u202260176,1577405631,C++,C++14 (GCC 5.4.1),cpp,Wrong Answer,131,14848,1046,
s419080522,p02936,u202260176,1577405243,C++,C++14 (GCC 5.4.1),cpp,Wrong Answer,111,14848,765,
s581229910,p02936,u202260176,1577405142,C++,C++14 (GCC 5.4.1),cpp,Wrong Answer,145,14848,1005,
s676743054,p02936,u202260176,1577404501,C++,C++14 (GCC 5.4.1),cpp,Wrong Answer,123,14848,690,
s398152210,p02936,u296518383,1577393043,Python,PyPy3 (2.4.0),py,Accepted,1993,128160,598,
s890416559,p02936,u296518383,1577393019,Python,PyPy3 (2.4.0),py,Wrong Answer,2112,182220,597,
s171089041,p02936,u296518383,1577392672,Python,PyPy3 (2.4.0),py,Time Limit Exceeded,2046,126624,577,
s038064538,p02936,u220904910,1577385416,Python,Python (3.4.3),py,Accepted,1638,65276,414,
s750038406,p02936,u466332671,1577379311,Ruby,Ruby (2.3.3),rb,Accepted,876,28924,509,
s109572722,p02936,u752146446,1577314709,Java,Java8 (OpenJDK 1.8.0),java,Time Limit Exceeded,2114,332940,2525,
s686444658,p02936,u958224692,1577310981,Python,Python (3.4.3),py,Runtime Error,2108,20916,855,
s578948768,p02936,u603234915,1577293658,C++,C++14 (GCC 5.4.1),cpp,Accepted,291,16372,1125,
s642844984,p02936,u226912938,1577286401,Python,PyPy3 (2.4.0),py,Time Limit Exceeded,2113,160420,1003,
s025747195,p02936,u226912938,1577286272,Python,Python (3.4.3),py,Time Limit Exceeded,2120,282596,1003,
s923299395,p02936,u466332671,1577254234,Ruby,Ruby (2.3.3),rb,Wrong Answer,791,25212,367,
s489488598,p02936,u521723672,1577250196,C++,C++14 (GCC 5.4.1),cpp,Accepted,549,177408,1780,
s150036631,p02936,u258862116,1577242991,Python,Python (3.4.3),py,Accepted,1749,56204,541,
s444877185,p02936,u532966492,1577239093,Python,Python (3.4.3),py,Accepted,1557,170564,908,
s196626326,p02936,u532966492,1577239052,Python,PyPy3 (2.4.0),py,Accepted,1147,133480,908,
s150066130,p02936,u532966492,1577238987,Python,PyPy3 (2.4.0),py,Time Limit Exceeded,2112,138016,851,
s746676165,p02936,u532966492,1577238030,Python,Python (3.4.3),py,Wrong Answer,2108,169032,852,
s619759013,p02936,u223160139,1577226679,C++,C++14 (GCC 5.4.1),cpp,Accepted,664,23424,597,
s207864238,p02936,u118340517,1577224806,C++,C++14 (GCC 5.4.1),cpp,Runtime Error,419,54144,945,
s795441473,p02936,u598073939,1577217666,Fortran,Fortran (gfortran v4.8.4),f,Accepted,425,39936,2739,
s357390717,p02936,u598073939,1577216243,Fortran,Fortran (gfortran v4.8.4),f,Accepted,445,38868,8794,
s737196193,p02936,u598073939,1577216201,Fortran,Fortran (gfortran v4.8.4),f,Runtime Error,582,292532,8791,
s667092176,p02936,u598073939,1577215395,Fortran,Fortran (gfortran v4.8.4),f,Wrong Answer,440,38868,8438,
s701059565,p02936,u598073939,1577213787,Fortran,Fortran (gfortran v4.8.4),f,Wrong Answer,2105,38996,8425,
s017206825,p02936,u598073939,1577213569,Fortran,Fortran (gfortran v4.8.4),f,Wrong Answer,2105,36948,8425,
s425980688,p02936,u598073939,1577211880,Fortran,Fortran (gfortran v4.8.4),f,Wrong Answer,331,3968,377,
s006590635,p02936,u168293447,1577205401,C++,C++14 (GCC 5.4.1),cpp,Accepted,364,26624,522,
s312937872,p02936,u987913144,1577173941,C++,C++14 (GCC 5.4.1),cpp,Accepted,235,36736,1507,
s531744229,p02936,u987913144,1577172858,C++,C++14 (GCC 5.4.1),cpp,Wrong Answer,181,37504,1706,
s001606890,p02936,u987913144,1577172799,C++,C++14 (GCC 5.4.1),cpp,Wrong Answer,174,36608,1684,
s185863901,p02936,u532966492,1577168636,Python,Python (3.4.3),py,Wrong Answer,2112,139756,789,
s837498293,p02936,u532966492,1577168578,Python,Python (3.4.3),py,Wrong Answer,1460,140320,994,
s878869926,p02936,u532966492,1577168501,Python,Python (3.4.3),py,Wrong Answer,1538,140324,1053,
s873050465,p02936,u153390822,1577168367,C++,C++14 (GCC 5.4.1),cpp,Accepted,317,44544,4463,
s701817745,p02936,u272028993,1577167806,C++,C++14 (GCC 5.4.1),cpp,Accepted,138,24320,3929,
s692017705,p02936,u153390822,1577166954,C++,C++14 (GCC 5.4.1),cpp,Accepted,314,44544,4164,
s996096844,p02936,u678146855,1577162844,C++,C++14 (GCC 5.4.1),cpp,Accepted,133,22784,1778,
s082298458,p02936,u530329977,1577135881,C++,C++14 (GCC 5.4.1),cpp,Accepted,366,23424,575,
s517436269,p02936,u530329977,1577135854,C++,C++14 (GCC 5.4.1),cpp,Compile Error,,,573,
s517074571,p02936,u530329977,1577135800,C++,C++14 (GCC 5.4.1),cpp,Compile Error,,,559,
s488833593,p02936,u958224692,1577134610,Python,Python (3.4.3),py,Runtime Error,2108,13292,780,
s192810389,p02936,u497601987,1577081558,C++,C++14 (GCC 5.4.1),cpp,Wrong Answer,2105,33920,2514,
s657373122,p02936,u319625425,1577080331,C++,C++14 (GCC 5.4.1),cpp,Accepted,161,45312,686,
s823836352,p02936,u347057617,1577064311,C++,C++14 (GCC 5.4.1),cpp,Wrong Answer,2104,13184,1027,
s083886425,p02936,u347057617,1577064266,C++,C++14 (GCC 5.4.1),cpp,Compile Error,,,1019,
s187848190,p02936,u960997735,1577054874,C++,C++14 (GCC 5.4.1),cpp,Wrong Answer,304,4736,634,
s538842308,p02936,u960997735,1577053355,C++,C++14 (GCC 5.4.1),cpp,Wrong Answer,2104,24192,758,
s358720565,p02936,u141723848,1577051748,C++,C++14 (GCC 5.4.1),cpp,Accepted,588,28020,1068,
s772608968,p02936,u141723848,1577051260,C++,C++14 (GCC 5.4.1),cpp,Time Limit Exceeded,2105,28020,1284,
s787425289,p02936,u442591725,1577049522,C++,C++14 (GCC 5.4.1),cpp,Accepted,296,16500,979,
s796597100,p02936,u440566786,1577040318,Python,PyPy3 (2.4.0),py,Accepted,811,97024,651,
s139163446,p02936,u790614328,1577010601,C++,C++14 (GCC 5.4.1),cpp,Accepted,332,24320,911,
s160799297,p02936,u790614328,1577010487,C++,C++14 (GCC 5.4.1),cpp,Wrong Answer,292,24320,886,
s773496263,p02936,u790614328,1577010120,C++,C++14 (GCC 5.4.1),cpp,Wrong Answer,298,24320,885,
s778329973,p02936,u790614328,1577009841,C++,C++14 (GCC 5.4.1),cpp,Wrong Answer,2105,23680,926,
s277023817,p02936,u672956630,1577002985,Lisp,Common Lisp (SBCL 1.1.14),l,Accepted,1788,91160,1157,
s977813447,p02936,u672956630,1577002728,Lisp,Common Lisp (SBCL 1.1.14),l,Runtime Error,1833,76580,719,
s117451447,p02936,u532966492,1577001999,Python,Python (3.4.3),py,Wrong Answer,1538,140324,1003,
s895988028,p02936,u799443198,1577001647,C++,C++14 (GCC 5.4.1),cpp,Accepted,137,26624,680,
s788371386,p02936,u799443198,1577001538,C++,C++14 (GCC 5.4.1),cpp,Compile Error,,,681,
s857756735,p02936,u799443198,1576998942,Python,Python (3.4.3),py,Accepted,1452,269636,515,
s537544865,p02936,u799443198,1576998799,Python,Python (3.4.3),py,Runtime Error,907,104700,471,
s698799964,p02936,u153390822,1576988722,C++,C++14 (GCC 5.4.1),cpp,Accepted,321,44544,4166,
s807970023,p02936,u829859091,1576984928,Python,Python (3.4.3),py,Accepted,1866,68328,707,
s953618998,p02936,u829859091,1576983950,Python,Python (3.4.3),py,Time Limit Exceeded,2107,76664,625,
s962500390,p02936,u829859091,1576983869,Python,Python (3.4.3),py,Time Limit Exceeded,2106,60912,650,
s819913575,p02936,u829859091,1576983638,Python,Python (3.4.3),py,Time Limit Exceeded,2107,84840,687,
s556122127,p02936,u185948224,1576973548,Python,Python (3.4.3),py,Accepted,1359,96852,653,
s440087375,p02936,u284124505,1576963645,C++,C++14 (GCC 5.4.1),cpp,Accepted,152,44928,2837,
s031720130,p02936,u667135132,1576952597,Python,PyPy3 (2.4.0),py,Accepted,1859,122304,715,
s951508305,p02936,u667135132,1576952475,Python,PyPy3 (2.4.0),py,Accepted,828,120084,754,
s502500411,p02936,u667135132,1576952424,Python,PyPy3 (2.4.0),py,Runtime Error,661,81100,725,
s635787690,p02936,u667135132,1576951880,Python,PyPy3 (2.4.0),py,Accepted,1891,121236,535,
s899199130,p02936,u667135132,1576951794,Python,PyPy3 (2.4.0),py,Accepted,1947,124180,775,
s148060200,p02936,u667135132,1576951322,Python,PyPy3 (2.4.0),py,Accepted,1849,124436,577,
s832037279,p02936,u667135132,1576951263,Python,Python (3.4.3),py,Accepted,1986,75812,577,
s126570139,p02936,u667135132,1576951177,Python,Python (3.4.3),py,Accepted,1921,75796,778,
s338590504,p02936,u667135132,1576950852,Python,Python (3.4.3),py,Time Limit Exceeded,2072,89796,803,
s517827805,p02936,u667135132,1576949911,Python,Python (3.4.3),py,Time Limit Exceeded,2118,243504,604,
s055021202,p02936,u780962115,1576949557,Python,PyPy3 (2.4.0),py,Accepted,1858,116940,767,
s537176870,p02936,u780962115,1576949509,Python,Python (3.4.3),py,Accepted,1877,74648,767,
s825649214,p02936,u667135132,1576949465,Python,Python (3.4.3),py,Time Limit Exceeded,2123,243504,617,
s105213439,p02936,u667135132,1576948901,Python,Python (3.4.3),py,Runtime Error,1872,84668,588,
s643061441,p02936,u667135132,1576948207,Python,Python (3.4.3),py,Runtime Error,1991,97464,639,
s930191728,p02936,u999803454,1576946977,C#,C# (Mono 4.6.2.0),cs,Accepted,693,75008,3951,
s004772190,p02936,u231541008,1576946623,C++,C++14 (GCC 5.4.1),cpp,Accepted,316,28928,940,
s497174861,p02936,u667135132,1576946421,Python,PyPy3 (2.4.0),py,Runtime Error,1935,153492,626,
s134021249,p02936,u667135132,1576945446,Python,Python (3.4.3),py,Runtime Error,1739,96480,623,
s108578046,p02936,u667135132,1576944922,Python,Python (3.4.3),py,Runtime Error,1759,96480,645,
s694443015,p02936,u675509234,1576920551,C++,C++14 (GCC 5.4.1),cpp,Wrong Answer,640,23552,508,
s757194403,p02936,u237620737,1576908794,C++,C++14 (GCC 5.4.1),cpp,Accepted,580,30592,2315,
s956667591,p02936,u237620737,1576908415,C++,C++14 (GCC 5.4.1),cpp,Time Limit Exceeded,2401,1976552,2328,
s192931841,p02936,u237620737,1576907912,C++,C++14 (GCC 5.4.1),cpp,Wrong Answer,568,24320,2150,
s271978593,p02936,u237620737,1576907627,C++,C++14 (GCC 5.4.1),cpp,Runtime Error,2883,1780,2302,
s356409117,p02936,u491550356,1576906621,C++,C++14 (GCC 5.4.1),cpp,Accepted,131,25856,4423,
s117854951,p02936,u196030116,1576904016,Go,Go (1.6),go,Accepted,338,50304,1020,
s374276187,p02936,u196030116,1576903708,Go,Go (1.6),go,Accepted,729,48128,971,
s037830409,p02936,u196030116,1576895448,Go,Go (1.6),go,Wrong Answer,741,45312,954,
s161993507,p02936,u893478938,1576892403,Python,Python (3.4.3),py,Accepted,1839,56168,562,
s695344662,p02936,u893478938,1576892278,Python,Python (3.4.3),py,Wrong Answer,1703,50732,548,
s347322471,p02936,u083959835,1576890540,C++,C++14 (GCC 5.4.1),cpp,Wrong Answer,306,13312,689,
s643179621,p02936,u083959835,1576890465,C++,C++14 (GCC 5.4.1),cpp,Wrong Answer,305,13312,690,
s279914887,p02936,u632953742,1576890362,Java,Java8 (OpenJDK 1.8.0),java,Accepted,1832,225260,1509,
s888795687,p02936,u083959835,1576890219,C++,C++14 (GCC 5.4.1),cpp,Wrong Answer,301,13312,660,
s470189387,p02936,u083959835,1576890189,C++,C++14 (GCC 5.4.1),cpp,Wrong Answer,306,13312,660,
s601417896,p02936,u264405855,1576889980,C++,C++14 (GCC 5.4.1),cpp,Accepted,130,23680,2962,
s920247530,p02936,u083959835,1576889916,C++,C++14 (GCC 5.4.1),cpp,Wrong Answer,329,13312,657,
s573580045,p02936,u264405855,1576889915,C++,C++14 (GCC 5.4.1),cpp,Wrong Answer,127,23680,2964,
s325261675,p02936,u083959835,1576889808,C++,C++14 (GCC 5.4.1),cpp,Wrong Answer,308,13312,613,
s260722674,p02936,u264405855,1576889739,C++,C++14 (GCC 5.4.1),cpp,Wrong Answer,125,23424,2960,
s637659530,p02936,u083959835,1576889119,C++,C++14 (GCC 5.4.1),cpp,Wrong Answer,252,13312,505,
s492791045,p02936,u083959835,1576889080,C++,C++14 (GCC 5.4.1),cpp,Wrong Answer,263,13312,504,
s195536101,p02936,u083959835,1576888770,C++,C++14 (GCC 5.4.1),cpp,Wrong Answer,286,16384,437,
s438518549,p02936,u083959835,1576888655,C++,C++14 (GCC 5.4.1),cpp,Wrong Answer,294,16384,463,
s571551259,p02936,u083959835,1576888594,C++,C++14 (GCC 5.4.1),cpp,Wrong Answer,333,13184,461,
s954918440,p02936,u934272719,1576883765,C++,C++14 (GCC 5.4.1),cpp,Accepted,362,22656,2355,
s546058280,p02936,u934272719,1576883606,C++,C++14 (GCC 5.4.1),cpp,Wrong Answer,341,21888,2238,
s807682450,p02936,u934272719,1576883329,C++,C++14 (GCC 5.4.1),cpp,Wrong Answer,359,21888,2239,
s038543319,p02936,u118340517,1576879386,C++,C++14 (GCC 5.4.1),cpp,Wrong Answer,2105,37760,808,
s387586964,p02936,u118340517,1576878553,C++,C++14 (GCC 5.4.1),cpp,Wrong Answer,2105,37760,811,
s466699988,p02936,u196030116,1576877443,Go,Go (1.6),go,Wrong Answer,2109,47764,1039,
s311685985,p02936,u147556624,1576875096,C++,C++14 (GCC 5.4.1),cpp,Accepted,671,23552,603,
s774505934,p02936,u581489014,1576873902,C++,C++14 (GCC 5.4.1),cpp,Accepted,381,24320,839,
s518903043,p02936,u936985471,1576869819,Python,Python (3.4.3),py,Accepted,1836,64332,482,
s490723437,p02936,u828388155,1576861880,C++,C++14 (GCC 5.4.1),cpp,Accepted,615,24320,1203,
s309995721,p02936,u685892567,1576852892,C++,C++14 (GCC 5.4.1),cpp,Accepted,292,24832,1185,
s221776147,p02936,u943294442,1576851818,Python,Python (3.4.3),py,Wrong Answer,2107,60100,603,
s854017952,p02936,u718774863,1576818504,C++,C++14 (GCC 5.4.1),cpp,Wrong Answer,249,7040,1859,
s189591226,p02936,u714642969,1576808988,Python,Python (3.4.3),py,Accepted,1796,283696,737,
s569109247,p02936,u714642969,1576808927,Python,PyPy3 (2.4.0),py,Time Limit Exceeded,2151,776568,737,
s617482089,p02936,u952130512,1576805029,C++,C++14 (GCC 5.4.1),cpp,Accepted,332,27392,2714,
s481157835,p02936,u371763408,1576803957,Python,Python (3.4.3),py,Wrong Answer,2198,1371428,477,
s188530967,p02936,u714642969,1576799118,Python,PyPy3 (2.4.0),py,Wrong Answer,2157,861692,915,
s949811921,p02936,u714642969,1576797318,Python,PyPy3 (2.4.0),py,Runtime Error,762,104364,589,
s415686556,p02936,u364618491,1576792580,C++,C++14 (GCC 5.4.1),cpp,Accepted,168,28388,3110,
s604690216,p02936,u718774863,1576789254,C++,C++14 (GCC 5.4.1),cpp,Wrong Answer,249,9984,1707,
s105226166,p02936,u718774863,1576789158,C++,C++14 (GCC 5.4.1),cpp,Runtime Error,343,9984,1709,
s056234464,p02936,u943294442,1576778467,Python,Python (3.4.3),py,Wrong Answer,2109,33972,959,
s586616123,p02936,u225649725,1576757104,C++,C++14 (GCC 5.4.1),cpp,Accepted,125,24320,687,
s807741234,p02936,u225649725,1576756838,C++,C++14 (GCC 5.4.1),cpp,Wrong Answer,150,27392,1573,
s809307910,p02936,u225649725,1576756780,C++,C++14 (GCC 5.4.1),cpp,Wrong Answer,145,27392,1573,
s425440023,p02936,u225649725,1576756659,C++,C++14 (GCC 5.4.1),cpp,Wrong Answer,163,27392,1574,
s209963688,p02936,u652712806,1576731949,C++,C++14 (GCC 5.4.1),cpp,Accepted,144,24320,1195,
s155337045,p02936,u757628628,1576730531,C++,C++14 (GCC 5.4.1),cpp,Accepted,490,43008,1856,
s418114288,p02936,u757628628,1576729233,C++,C++14 (GCC 5.4.1),cpp,Time Limit Exceeded,2108,78464,2342,
s342434901,p02936,u757628628,1576728172,C++,C++14 (GCC 5.4.1),cpp,Time Limit Exceeded,2108,76800,2284,
s490537266,p02936,u799443198,1576719680,Python,Python (3.4.3),py,Runtime Error,878,91632,419,
s582282236,p02936,u799443198,1576719346,Python,Python (3.4.3),py,Runtime Error,852,94828,447,
s806182242,p02936,u799443198,1576719144,Python,Python (3.4.3),py,Runtime Error,669,91372,356,
s634353532,p02936,u489316980,1576702203,Java,Java8 (OpenJDK 1.8.0),java,Compile Error,,,929,
s219051939,p02936,u489316980,1576702119,Java,Java8 (OpenJDK 1.8.0),java,Wrong Answer,1713,293828,925,
s911854988,p02936,u656771711,1576693511,C++,C++14 (GCC 5.4.1),cpp,Accepted,306,29696,625,
s323406590,p02936,u314960567,1576678485,C++,C++14 (GCC 5.4.1),cpp,Accepted,591,23896,995,
s960168307,p02936,u846634344,1576645636,Python,PyPy3 (2.4.0),py,Wrong Answer,1153,128076,775,
s705682421,p02936,u846634344,1576645352,Python,PyPy3 (2.4.0),py,Wrong Answer,791,128076,740,
s875648194,p02936,u846634344,1576642539,Python,PyPy3 (2.4.0),py,Wrong Answer,2114,174576,857,
s023493268,p02936,u167988719,1576633636,C++,C++14 (GCC 5.4.1),cpp,Accepted,135,20340,1951,
s994068283,p02936,u167988719,1576633276,C++,C++14 (GCC 5.4.1),cpp,Wrong Answer,2194,1178672,1868,
s122839272,p02936,u167988719,1576632999,C++,C++14 (GCC 5.4.1),cpp,Wrong Answer,2168,1059260,1822,
s752954343,p02936,u083254278,1576632116,C++,C++14 (GCC 5.4.1),cpp,Accepted,592,17124,1040,
s917370558,p02936,u083254278,1576629464,C++,C++14 (GCC 5.4.1),cpp,Wrong Answer,560,15744,895,
s729077102,p02936,u204973596,1576620970,C++,C++14 (GCC 5.4.1),cpp,Accepted,302,18032,1175,
s304200345,p02936,u374929478,1576613854,C++,C++14 (GCC 5.4.1),cpp,Accepted,304,21504,899,
s361572039,p02936,u374929478,1576613769,C++,C++14 (GCC 5.4.1),cpp,Wrong Answer,286,20480,810,
s701438924,p02936,u374929478,1576613703,C++,C++14 (GCC 5.4.1),cpp,Wrong Answer,285,19712,811,
s043425299,p02936,u935984175,1576602137,Python,Python (3.4.3),py,Accepted,1470,56124,686,
s739559779,p02936,u935984175,1576601768,Python,PyPy3 (2.4.0),py,Accepted,1988,126140,812,
s392233560,p02936,u935984175,1576601627,Python,Python (3.4.3),py,Time Limit Exceeded,2002,131024,812,
s587996225,p02936,u115106582,1576599887,C++,C++14 (GCC 5.4.1),cpp,Accepted,311,17140,798,
s654453155,p02936,u115106582,1576599639,C++,C++14 (GCC 5.4.1),cpp,Wrong Answer,275,14848,674,
s307294743,p02936,u943070796,1576552452,C++,C++14 (GCC 5.4.1),cpp,Accepted,293,24448,3707,
s459737658,p02936,u280097533,1576536966,C++,C++14 (GCC 5.4.1),cpp,Wrong Answer,325,27392,845,
s447975160,p02936,u280097533,1576536858,C++,C++14 (GCC 5.4.1),cpp,Wrong Answer,320,27392,886,
s443981096,p02936,u280097533,1576535137,C++,C++14 (GCC 5.4.1),cpp,Accepted,329,24320,881,
s395299762,p02936,u280097533,1576534405,C++,C++14 (GCC 5.4.1),cpp,Wrong Answer,325,27392,827,
s268653362,p02936,u786944534,1576533514,C#,C# (Mono 4.6.2.0),cs,Accepted,1514,66324,4827,
s703046987,p02936,u280097533,1576533118,C++,C++14 (GCC 5.4.1),cpp,Wrong Answer,365,23424,618,
s768448928,p02936,u280097533,1576532806,C++,C++14 (GCC 5.4.1),cpp,Accepted,385,23424,612,
s901618781,p02936,u280097533,1576531096,C++,C++14 (GCC 5.4.1),cpp,Wrong Answer,280,24320,748,
s165522524,p02936,u280097533,1576531030,C++,C++14 (GCC 5.4.1),cpp,Wrong Answer,359,34432,745,
s018438112,p02936,u280097533,1576529946,C++,C++14 (GCC 5.4.1),cpp,Wrong Answer,282,24320,736,
s516968147,p02936,u071019032,1576529119,C++,C++14 (GCC 5.4.1),cpp,Accepted,310,36736,856,
s144148388,p02936,u280097533,1576528829,C++,C++14 (GCC 5.4.1),cpp,Runtime Error,2250,1856720,774,
s729634720,p02936,u071019032,1576527192,C++,C++14 (GCC 5.4.1),cpp,Accepted,298,36736,868,
s749372161,p02936,u071019032,1576527147,C++,C++14 (GCC 5.4.1),cpp,Time Limit Exceeded,2231,1567724,867,
s987398170,p02936,u071019032,1576523806,C++,C++14 (GCC 5.4.1),cpp,Time Limit Exceeded,2213,1533928,908,
s103624693,p02936,u071019032,1576519454,C++,C++14 (GCC 5.4.1),cpp,Wrong Answer,2237,1692172,840,
s551017960,p02936,u241190159,1576505503,Python,PyPy3 (2.4.0),py,Accepted,1346,153480,988,
s125755919,p02936,u241190159,1576504558,Python,PyPy3 (2.4.0),py,Wrong Answer,1482,159880,1115,
s200442747,p02936,u241190159,1576504212,Python,Python (3.4.3),py,Wrong Answer,2111,150996,1159,
s880780599,p02936,u431602218,1576473343,C++,C++14 (GCC 5.4.1),cpp,Compile Error,,,692,
s092026958,p02936,u834267793,1576472066,C++,C++14 (GCC 5.4.1),cpp,Accepted,130,25856,1732,
s596027394,p02936,u902409103,1576458291,C++,C++14 (GCC 5.4.1),cpp,Wrong Answer,103,16512,656,
s637782110,p02936,u902409103,1576458278,C++,C++14 (GCC 5.4.1),cpp,Wrong Answer,104,16512,656,
s035472674,p02936,u902409103,1576458092,C++,C++14 (GCC 5.4.1),cpp,Wrong Answer,95,12416,652,
s707484126,p02936,u083254278,1576456561,C++,C++14 (GCC 5.4.1),cpp,Wrong Answer,2104,20552,1092,
s960393171,p02936,u083254278,1576456228,C++,C++14 (GCC 5.4.1),cpp,Wrong Answer,2105,22216,1076,
s384917932,p02936,u083254278,1576455984,C++,C++14 (GCC 5.4.1),cpp,Wrong Answer,2105,29000,1152,
s937343359,p02936,u543584809,1576442155,C++,C++14 (GCC 5.4.1),cpp,Accepted,290,15604,816,
s857058063,p02936,u241190159,1576437115,Python,Python (3.4.3),py,Wrong Answer,1265,160364,1090,
s004457807,p02936,u241190159,1576436685,Python,Python (3.4.3),py,Wrong Answer,1238,160416,1051,
s460883519,p02936,u241190159,1576436602,Python,Python (3.4.3),py,Wrong Answer,1297,160364,1051,
s401907410,p02936,u241190159,1576436505,Python,Python (3.4.3),py,Wrong Answer,1342,168216,1004,
s918622328,p02936,u241190159,1576435525,Python,Python (3.4.3),py,Wrong Answer,966,94536,681,
s489579096,p02936,u241190159,1576434991,Python,Python (3.4.3),py,Wrong Answer,852,94544,665,
s583955469,p02936,u241190159,1576434670,Python,Python (3.4.3),py,Wrong Answer,778,85220,609,
s230576424,p02936,u374929478,1576428883,C++,C++14 (GCC 5.4.1),cpp,Accepted,299,15604,1089,
s005756800,p02936,u828388155,1576428372,C++,C++14 (GCC 5.4.1),cpp,Accepted,595,24320,1186,
s149867420,p02936,u828388155,1576428293,C++,C++14 (GCC 5.4.1),cpp,Accepted,585,24320,1174,
s157365820,p02936,u875408597,1576423906,D,D (DMD64 v2.070.1),d,Accepted,602,61052,1646,
s604920114,p02936,u316464887,1576381945,Python,PyPy3 (2.4.0),py,Time Limit Exceeded,2110,156400,846,
s781923665,p02936,u316464887,1576381930,Python,Python (3.4.3),py,Accepted,1887,128504,846,
s003592495,p02936,u858742833,1576381797,Python,Python (3.4.3),py,Accepted,1492,65308,537,
s837343482,p02936,u858742833,1576381716,Python,Python (3.4.3),py,Accepted,1648,65308,549,
s138940453,p02936,u858742833,1576381593,Python,Python (3.4.3),py,Accepted,1700,88736,536,
s158746975,p02936,u316464887,1576381448,Python,Python (3.4.3),py,Time Limit Exceeded,2121,313768,768,
s564001110,p02936,u858742833,1576381177,Python,PyPy3 (2.4.0),py,Accepted,2000,146936,628,
s642329788,p02936,u316464887,1576380866,Python,PyPy3 (2.4.0),py,Time Limit Exceeded,2115,216432,800,
s735148136,p02936,u316464887,1576380833,Python,Python (3.4.3),py,Time Limit Exceeded,2121,314784,800,
s746569243,p02936,u858742833,1576380757,Python,PyPy3 (2.4.0),py,Time Limit Exceeded,2122,311544,551,
s376239697,p02936,u858742833,1576380634,Python,PyPy3 (2.4.0),py,Time Limit Exceeded,2123,323060,542,
s959709782,p02936,u316464887,1576380604,Python,Python (3.4.3),py,Wrong Answer,2117,241800,824,
s974124134,p02936,u316464887,1576380595,Python,PyPy3 (2.4.0),py,Wrong Answer,2111,145144,824,
s027000827,p02936,u858742833,1576380138,Python,PyPy3 (2.4.0),py,Time Limit Exceeded,2119,252316,575,
s588022087,p02936,u858742833,1576380014,Python,Python (3.4.3),py,Time Limit Exceeded,2122,307708,575,
s802022111,p02936,u858742833,1576379980,Python,Python (3.4.3),py,Runtime Error,1968,134356,534,
s472412561,p02936,u632953742,1576364678,Java,Java8 (OpenJDK 1.8.0),java,Runtime Error,1999,190000,3805,
s984119167,p02936,u632953742,1576364477,Java,Java8 (OpenJDK 1.8.0),java,Runtime Error,1953,187960,3801,
s592738721,p02936,u632953742,1576364293,Java,Java8 (OpenJDK 1.8.0),java,Runtime Error,1983,190092,1041,
s728010480,p02936,u632953742,1576364249,Java,Java8 (OpenJDK 1.8.0),java,Compile Error,,,1162,
s610046229,p02936,u632953742,1576363994,Java,Java8 (OpenJDK 1.8.0),java,Runtime Error,1998,190892,3805,
s529572688,p02936,u632953742,1576363941,Java,Java8 (OpenJDK 1.8.0),java,Runtime Error,1962,188496,3820,
s056030268,p02936,u632953742,1576363873,Java,Java8 (OpenJDK 1.8.0),java,Runtime Error,1999,183496,3818,
s068777907,p02936,u632953742,1576363620,Java,Java8 (OpenJDK 1.8.0),java,Runtime Error,1973,185240,3804,
s907869423,p02936,u374929478,1576349141,C++,C++14 (GCC 5.4.1),cpp,Accepted,310,16372,1028,
s430344144,p02936,u374929478,1576348498,C++,C++14 (GCC 5.4.1),cpp,Wrong Answer,306,14848,938,
s161177350,p02936,u374929478,1576348425,C++,C++14 (GCC 5.4.1),cpp,Wrong Answer,278,14080,939,
s474705448,p02936,u064359585,1576307633,C++,C++14 (GCC 5.4.1),cpp,Accepted,344,24320,750,
s855337397,p02936,u513960802,1576304382,Java,Java8 (OpenJDK 1.8.0),java,Accepted,1863,218528,1509,
s739258811,p02936,u921518222,1576297139,Python,PyPy3 (2.4.0),py,Accepted,1889,105600,510,
s778405382,p02936,u921518222,1576296723,Python,PyPy3 (2.4.0),py,Wrong Answer,1750,88960,380,
s222329975,p02936,u921518222,1576296239,Python,PyPy3 (2.4.0),py,Wrong Answer,2111,123596,409,
s943542021,p02936,u921518222,1576296023,Python,PyPy3 (2.4.0),py,Wrong Answer,1893,85652,349,
s606116532,p02936,u921518222,1576295955,Python,PyPy3 (2.4.0),py,Runtime Error,988,68300,356,
s283423180,p02936,u921518222,1576295302,Python,Python (3.4.3),py,Wrong Answer,2106,40880,378,
s631835878,p02936,u921518222,1576295237,Python,PyPy3 (2.4.0),py,Runtime Error,986,69452,378,
s627486675,p02936,u921518222,1576295204,Python,PyPy3 (2.4.0),py,Runtime Error,1030,68428,423,
s639746858,p02936,u335384647,1576293792,C++,C++14 (GCC 5.4.1),cpp,Time Limit Exceeded,2105,25216,951,
s097863592,p02936,u061912210,1576269234,C++,C++14 (GCC 5.4.1),cpp,Accepted,138,20352,1670,
s343926086,p02936,u061912210,1576268682,C++,C++14 (GCC 5.4.1),cpp,Wrong Answer,119,20352,1565,
s111229500,p02936,u302684639,1576213795,Java,Java8 (OpenJDK 1.8.0),java,Accepted,1684,153264,5294,
s166913913,p02936,u302684639,1576213790,Java,Java8 (OpenJDK 1.8.0),java,Time Limit Exceeded,2109,163260,5294,
s850493650,p02936,u302684639,1576213686,Java,Java8 (OpenJDK 1.8.0),java,Wrong Answer,1762,134840,5156,
s183830507,p02936,u732412551,1576205188,Python,Python (3.4.3),py,Accepted,1780,100372,496,
s318885466,p02936,u732412551,1576204289,Python,Python (3.4.3),py,Time Limit Exceeded,2117,303224,494,
s404014784,p02936,u732412551,1576204190,Python,Python (3.4.3),py,Runtime Error,1844,93512,433,
s986420413,p02936,u061071198,1576196817,C++,C++14 (GCC 5.4.1),cpp,Accepted,423,38016,10697,
s425976160,p02936,u008829811,1576185059,C,C (GCC 5.4.1),c,Wrong Answer,94,6784,1587,
s242175999,p02936,u008829811,1576184703,C,C (GCC 5.4.1),c,Wrong Answer,95,5248,1578,
s783826351,p02936,u008829811,1576184411,C,C (GCC 5.4.1),c,Wrong Answer,96,5248,1578,
s832409984,p02936,u008829811,1576184220,C,C (GCC 5.4.1),c,Wrong Answer,97,4480,1575,
s096558677,p02936,u184929210,1576184198,C++,C++14 (GCC 5.4.1),cpp,Accepted,295,19440,1178,
s774197325,p02936,u184929210,1576183973,C++,C++14 (GCC 5.4.1),cpp,Accepted,311,19440,1153,
s814262018,p02936,u184929210,1576183926,C++,C++14 (GCC 5.4.1),cpp,Wrong Answer,309,17464,1155,
s642030045,p02936,u992779443,1576182876,C++,C++14 (GCC 5.4.1),cpp,Accepted,309,18816,1428,
s787230133,p02936,u992779443,1576182505,C++,C++14 (GCC 5.4.1),cpp,Wrong Answer,2104,16504,1468,
s001285971,p02936,u632953742,1576137599,Java,Java8 (OpenJDK 1.8.0),java,Wrong Answer,1793,157188,2495,
s662424885,p02936,u632953742,1576137520,Java,Java8 (OpenJDK 1.8.0),java,Wrong Answer,1787,155404,3717,
s703048072,p02936,u632953742,1576137430,Java,Java8 (OpenJDK 1.8.0),java,Wrong Answer,1792,155028,3711,
s257221374,p02936,u632953742,1576137272,Java,Java8 (OpenJDK 1.8.0),java,Wrong Answer,1762,156168,3705,
s040793911,p02936,u632953742,1576137245,Java,Java8 (OpenJDK 1.8.0),java,Runtime Error,675,94484,3703,
s454754843,p02936,u632953742,1576137202,Java,Java8 (OpenJDK 1.8.0),java,Runtime Error,216,21844,3715,
s884734376,p02936,u632953742,1576137140,Java,Java8 (OpenJDK 1.8.0),java,Wrong Answer,1684,146064,3707,
s896147687,p02936,u632953742,1576137044,Java,Java8 (OpenJDK 1.8.0),java,Wrong Answer,1794,166728,3703,
s202936708,p02936,u632953742,1576137012,Java,Java8 (OpenJDK 1.8.0),java,Runtime Error,2112,472624,3701,
s279674513,p02936,u632953742,1576136726,Java,Java8 (OpenJDK 1.8.0),java,Wrong Answer,2096,192624,3691,
s763872278,p02936,u632953742,1576136467,Java,Java8 (OpenJDK 1.8.0),java,Runtime Error,2117,677600,3689,
s009576224,p02936,u632953742,1576135201,Java,Java8 (OpenJDK 1.8.0),java,Wrong Answer,2110,312656,3750,
s032072849,p02936,u632953742,1576115216,Java,Java8 (OpenJDK 1.8.0),java,Time Limit Exceeded,2110,275148,3689,
s822162551,p02936,u632953742,1576114466,Java,Java8 (OpenJDK 1.8.0),java,Wrong Answer,2110,220604,3512,
s048289344,p02936,u632953742,1576113606,Java,Java8 (OpenJDK 1.8.0),java,Wrong Answer,2109,222012,3502,
s897426835,p02936,u184929210,1576103872,C++,C++14 (GCC 5.4.1),cpp,Wrong Answer,296,17464,1131,
s952099466,p02936,u184929210,1576103500,C++,C++14 (GCC 5.4.1),cpp,Wrong Answer,291,17464,1111,
s069312697,p02936,u184929210,1576103485,C++,C++14 (GCC 5.4.1),cpp,Wrong Answer,300,16696,1112,
s307253354,p02936,u184929210,1576103406,C++,C++14 (GCC 5.4.1),cpp,Wrong Answer,285,15516,1121,
s202548958,p02936,u531718792,1576095559,C++,C++14 (GCC 5.4.1),cpp,Accepted,313,26624,684,
s884339867,p02936,u454557108,1576081973,Python,Python (3.4.3),py,Time Limit Exceeded,2118,232456,503,
s069610141,p02936,u454557108,1576081902,Python,Python (3.4.3),py,Accepted,1626,232468,530,
s292247201,p02936,u454557108,1576081438,Python,PyPy3 (2.4.0),py,Time Limit Exceeded,2160,861844,517,
s509584170,p02936,u454557108,1576081281,Python,Python (3.4.3),py,Time Limit Exceeded,2138,504880,517,
s951191060,p02936,u287226050,1576078327,C++,C++14 (GCC 5.4.1),cpp,Accepted,173,24320,952,
s411714019,p02936,u572142121,1576074013,Python,Python (3.4.3),py,Runtime Error,18,3064,469,
s853377337,p02936,u572142121,1576073739,Python,Python (3.4.3),py,Runtime Error,2111,123932,468,
s579926228,p02936,u572142121,1576044446,Python,Python (3.4.3),py,Accepted,1761,55856,415,
s762956139,p02936,u572142121,1576044344,Python,Python (3.4.3),py,Runtime Error,18,3064,302,
s489288023,p02936,u572142121,1576043313,Python,Python (3.4.3),py,Runtime Error,2111,126164,395,
s646999874,p02936,u823339702,1576041096,C++,C++14 (GCC 5.4.1),cpp,Accepted,456,35968,1218,
s372806397,p02936,u016119075,1576037213,C++,C++14 (GCC 5.4.1),cpp,Accepted,391,25856,1140,
s933957325,p02936,u016119075,1576037138,C++,C++14 (GCC 5.4.1),cpp,Runtime Error,101,4096,1140,
s365113441,p02936,u016119075,1576036969,C++,C++14 (GCC 5.4.1),cpp,Runtime Error,99,4096,1125,
s503895158,p02936,u823339702,1576033576,C++,C++14 (GCC 5.4.1),cpp,Wrong Answer,2106,48640,1139,
s483706410,p02936,u823339702,1576033354,C++,C++14 (GCC 5.4.1),cpp,Compile Error,,,1152,
s902864971,p02936,u729337236,1576029925,C++,C++14 (GCC 5.4.1),cpp,Accepted,361,27264,627,
s073004567,p02936,u729337236,1576029913,C++,C++14 (GCC 5.4.1),cpp,Compile Error,,,1,
s843180712,p02936,u255943004,1575998125,Python,Python (3.4.3),py,Wrong Answer,1307,130196,772,
s436435342,p02936,u255943004,1575993812,Python,Python (3.4.3),py,Accepted,1512,130196,627,
s133501929,p02936,u255943004,1575993766,Python,Python (3.4.3),py,Runtime Error,17,3064,616,
s635443330,p02936,u623687794,1575992890,C++,C++14 (GCC 5.4.1),cpp,Accepted,583,15604,985,
s766198628,p02936,u255943004,1575992557,Python,PyPy3 (2.4.0),py,Accepted,1981,132940,589,
s503303711,p02936,u255943004,1575992528,Python,Python (3.4.3),py,Runtime Error,1902,124880,593,
s893256694,p02936,u255943004,1575991969,Python,Python (3.4.3),py,Accepted,886,77564,663,
s485334235,p02936,u255943004,1575991836,Python,Python (3.4.3),py,Accepted,847,77692,622,
s201936072,p02936,u255943004,1575990382,Python,Python (3.4.3),py,Accepted,818,85876,642,
s636509512,p02936,u255943004,1575990338,Python,PyPy3 (2.4.0),py,Accepted,492,124116,642,
s093644768,p02936,u255943004,1575990260,Python,PyPy3 (2.4.0),py,Accepted,1977,133036,630,
s604355247,p02936,u255943004,1575989811,Python,Python (3.4.3),py,Time Limit Exceeded,2111,131184,629,
s388513743,p02936,u255943004,1575989250,Python,Python (3.4.3),py,Time Limit Exceeded,2109,130192,588,
s497712427,p02936,u255943004,1575989124,Python,Python (3.4.3),py,Time Limit Exceeded,2108,131180,625,
s558634733,p02936,u255943004,1575989064,Python,Python (3.4.3),py,Wrong Answer,1988,131180,598,
s013132757,p02936,u148959786,1575987301,C++,C++14 (GCC 5.4.1),cpp,Accepted,308,17140,947,
s738033087,p02936,u538774896,1575960844,C++,C++14 (GCC 5.4.1),cpp,Accepted,322,39936,1034,
s249437423,p02936,u538774896,1575960821,C++,C++14 (GCC 5.4.1),cpp,Compile Error,,,1049,
s212585433,p02936,u538774896,1575958589,Python,Python (3.4.3),py,Time Limit Exceeded,2111,109132,1306,
s155274074,p02936,u120967809,1575957911,C++,C++14 (GCC 5.4.1),cpp,Accepted,644,24320,798,
s714928769,p02936,u893188242,1575949768,Java,Java8 (OpenJDK 1.8.0),java,Accepted,1594,133376,4652,
s708066929,p02936,u538774896,1575947084,Python,PyPy3 (2.4.0),py,Time Limit Exceeded,2111,122832,1306,
s831872464,p02936,u255943004,1575944198,Python,PyPy3 (2.4.0),py,Wrong Answer,2114,115808,763,
s480830602,p02936,u255943004,1575943644,Python,PyPy3 (2.4.0),py,Runtime Error,1983,156692,681,
s278692272,p02936,u255943004,1575943524,Python,PyPy3 (2.4.0),py,Runtime Error,1987,156692,651,
s264725772,p02936,u255943004,1575942701,Python,PyPy3 (2.4.0),py,Wrong Answer,2006,155540,589,
s690407807,p02936,u255943004,1575942551,Python,Python (3.4.3),py,Wrong Answer,2112,158620,589,
s153083205,p02936,u548992197,1575935929,Go,Go (1.6),go,Accepted,377,79616,1136,
s997894120,p02936,u620806894,1575866596,Python,Python (3.4.3),py,Wrong Answer,2108,122200,1016,
s905086900,p02936,u620806894,1575866263,Python,Python (3.4.3),py,Wrong Answer,1956,103280,811,
s860542882,p02936,u620806894,1575863868,Python,Python (3.4.3),py,Runtime Error,1838,90980,706,
s575026247,p02936,u620806894,1575863617,Python,PyPy3 (2.4.0),py,Runtime Error,2106,115132,693,
s373807703,p02936,u620806894,1575863302,Python,Python (3.4.3),py,Runtime Error,2106,65756,693,
s807684627,p02936,u656299685,1575862429,C++,C++14 (GCC 5.4.1),cpp,Accepted,169,80512,1192,
s208959945,p02936,u147556624,1575858407,C++,C++14 (GCC 5.4.1),cpp,Accepted,658,23424,583,
s436754887,p02936,u147556624,1575858373,C++,C++14 (GCC 5.4.1),cpp,Compile Error,,,582,
s530083802,p02936,u311636831,1575855549,Python,PyPy3 (2.4.0),py,Accepted,855,126988,750,
s098175684,p02936,u153607901,1575845623,C++,C++14 (GCC 5.4.1),cpp,Accepted,325,32896,1054,
s082903911,p02936,u771541325,1575844804,C++,C++14 (GCC 5.4.1),cpp,Wrong Answer,376,139008,991,
s929307914,p02936,u094932051,1575844690,C++,C++14 (GCC 5.4.1),cpp,Accepted,142,25600,879,
s453395067,p02936,u771541325,1575844600,C++,C++14 (GCC 5.4.1),cpp,Wrong Answer,378,138240,904,
s433146808,p02936,u881141729,1575844559,C++,C++14 (GCC 5.4.1),cpp,Accepted,359,24192,680,
s672432637,p02936,u771541325,1575844538,C++,C++14 (GCC 5.4.1),cpp,Wrong Answer,375,138240,912,
s019149896,p02936,u881141729,1575844519,C++,C++14 (GCC 5.4.1),cpp,Runtime Error,357,18304,681,
s514840735,p02936,u881141729,1575844389,C++,C++ (GCC 5.4.1),cpp,Runtime Error,2104,12672,681,
s565673373,p02936,u881141729,1575844324,C++,C++ (GCC 5.4.1),cpp,Compile Error,,,695,
s754186610,p02936,u153607901,1575843825,C++,C++14 (GCC 5.4.1),cpp,Wrong Answer,2105,30720,1011,
s765312703,p02936,u086672186,1575843286,C++,C++14 (GCC 5.4.1),cpp,Accepted,631,25856,1850,
s034955006,p02936,u681557252,1575843141,C++,C++14 (GCC 5.4.1),cpp,Accepted,605,20468,903,
s209776596,p02936,u086672186,1575842691,C++,C++14 (GCC 5.4.1),cpp,Time Limit Exceeded,2104,24960,1710,
s324046166,p02936,u771541325,1575841817,C++,C++14 (GCC 5.4.1),cpp,Wrong Answer,363,138240,847,
s718345112,p02936,u771541325,1575841469,C++,C++14 (GCC 5.4.1),cpp,Wrong Answer,367,138240,808,
s545710978,p02936,u740284863,1575839177,Python,PyPy3 (2.4.0),py,Time Limit Exceeded,2148,720376,497,
s322560080,p02936,u740284863,1575839127,Python,Python (3.4.3),py,Accepted,1635,230960,497,
s468435868,p02936,u740284863,1575839102,Python,PyPy3 (2.4.0),py,Runtime Error,904,122444,497,
s721955759,p02936,u147556624,1575838783,C++,C++14 (GCC 5.4.1),cpp,Compile Error,,,550,
s268274838,p02936,u771541325,1575838558,C++,C++14 (GCC 5.4.1),cpp,Wrong Answer,2111,138048,831,
s916813341,p02936,u970197315,1575837493,Python,Python (3.4.3),py,Accepted,1756,56056,472,
s212881083,p02936,u918601425,1575829729,Python,Python (3.4.3),py,Accepted,1860,68952,553,
s104736215,p02936,u599114793,1575824562,Python,Python (3.4.3),py,Accepted,1761,63876,509,
s124304273,p02936,u901582103,1575822729,Python,Python (3.4.3),py,Accepted,1676,263668,418,
s982847501,p02936,u144913062,1575819828,Python,Python (3.4.3),py,Accepted,1815,84120,610,
s455421223,p02936,u144913062,1575819540,Python,Python (3.4.3),py,Time Limit Exceeded,2118,244508,588,
s063566228,p02936,u144913062,1575819458,Python,Python (3.4.3),py,Runtime Error,1969,80544,546,
s181371290,p02936,u144913062,1575818854,Python,Python (3.4.3),py,Wrong Answer,1661,76284,494,
s427248712,p02936,u144913062,1575818415,Python,Python (3.4.3),py,Wrong Answer,1845,77796,570,
s310244053,p02936,u255943004,1575781826,Python,Python (3.4.3),py,Wrong Answer,2112,143184,544,
s949952085,p02936,u599114793,1575781466,Python,Python (3.4.3),py,Wrong Answer,2233,2083572,694,
s913908151,p02936,u599114793,1575781417,Python,Python (3.4.3),py,Wrong Answer,2246,2083572,710,
s813833382,p02936,u598812605,1575776051,Python,Python (3.4.3),py,Accepted,1807,52656,476,
s059631965,p02936,u598812605,1575775921,Python,Python (3.4.3),py,Runtime Error,1779,49216,417,
s150427966,p02936,u236193715,1575775703,C++,C++14 (GCC 5.4.1),cpp,Accepted,311,19456,769,
s659290852,p02936,u901582103,1575773109,Python,Python (3.4.3),py,Accepted,1702,269236,469,
s177168157,p02936,u901582103,1575772788,Python,Python (3.4.3),py,Accepted,1630,269172,440,
s725230792,p02936,u901582103,1575772601,Python,PyPy3 (2.4.0),py,Time Limit Exceeded,2155,794988,469,
s655787267,p02936,u010090035,1575771392,Python,Python (3.4.3),py,Runtime Error,1741,45428,478,
s813032368,p02936,u763881112,1575771193,C++,C++14 (GCC 5.4.1),cpp,Accepted,162,27520,1474,
s931249489,p02936,u936985471,1575771186,Python,Python (3.4.3),py,Accepted,1825,64300,529,
s859430208,p02936,u598812605,1575770402,Python,Python (3.4.3),py,Wrong Answer,2111,101148,748,
s646444296,p02936,u010090035,1575770215,Python,Python (3.4.3),py,Runtime Error,1686,45500,482,
s930719382,p02936,u901582103,1575769691,Python,Python (3.4.3),py,Time Limit Exceeded,2116,233748,382,
s516068148,p02936,u901582103,1575762915,Python,PyPy3 (2.4.0),py,Time Limit Exceeded,2127,390136,453,
s266048952,p02936,u901582103,1575762836,Python,Python (3.4.3),py,Time Limit Exceeded,2118,239388,453,
s829481863,p02936,u901582103,1575762690,Python,Python (3.4.3),py,Runtime Error,1956,143508,452,
s031446637,p02936,u901582103,1575762594,Python,Python (3.4.3),py,Runtime Error,17,3064,457,
s390492670,p02936,u901582103,1575758521,Python,Python (3.4.3),py,Runtime Error,1782,70572,410,
s405256131,p02936,u405660020,1575755085,Python,Python (3.4.3),py,Accepted,1682,285828,623,
s491722185,p02936,u405660020,1575754875,Python,Python (3.4.3),py,Runtime Error,1910,121852,503,
s025641447,p02936,u405660020,1575754819,Python,Python (3.4.3),py,Runtime Error,1690,285856,1188,
s180487033,p02936,u405660020,1575754623,Python,Python (3.4.3),py,Runtime Error,1996,137888,531,
s537371757,p02936,u405660020,1575754531,Python,Python (3.4.3),py,Runtime Error,1330,137892,570,
s246243157,p02936,u902149880,1575752722,Python,Python (3.4.3),py,Accepted,787,85876,642,
s397895973,p02936,u902149880,1575752671,Python,Python (3.4.3),py,Runtime Error,779,78196,642,
s405859740,p02936,u902149880,1575752648,Python,Python (3.4.3),py,Runtime Error,777,78336,642,
s816788972,p02936,u043263787,1575751995,Java,Java8 (OpenJDK 1.8.0),java,Wrong Answer,1123,114168,1410,
s727746667,p02936,u043263787,1575751918,Java,Java8 (OpenJDK 1.8.0),java,Accepted,1142,117544,1516,
s968332151,p02936,u902149880,1575751786,C++,C++14 (GCC 5.4.1),cpp,Accepted,310,17136,1135,
s398860295,p02936,u043263787,1575751777,Java,Java8 (OpenJDK 1.8.0),java,Accepted,1232,118244,1536,
s945618841,p02936,u043263787,1575751683,Java,Java8 (OpenJDK 1.8.0),java,Wrong Answer,1123,111900,1493,
s689209311,p02936,u043263787,1575751423,Java,Java8 (OpenJDK 1.8.0),java,Runtime Error,733,879428,1464,
s613228606,p02936,u902149880,1575751177,C++,C++14 (GCC 5.4.1),cpp,Wrong Answer,292,16000,1120,
s675612160,p02936,u043263787,1575751143,Java,Java8 (OpenJDK 1.8.0),java,Runtime Error,567,881736,1378,
s448220392,p02936,u043263787,1575751070,Java,Java8 (OpenJDK 1.8.0),java,Runtime Error,750,882260,1385,
s081505297,p02936,u043263787,1575750802,Java,Java8 (OpenJDK 1.8.0),java,Runtime Error,594,943700,1277,
s629979898,p02936,u043263787,1575750708,Java,Java8 (OpenJDK 1.8.0),java,Runtime Error,562,877136,1277,
s736459725,p02936,u902149880,1575750691,C++,C++14 (GCC 5.4.1),cpp,Compile Error,,,1120,
s669349928,p02936,u902149880,1575750115,C++,C++14 (GCC 5.4.1),cpp,Accepted,330,24320,942,
s200424444,p02936,u043263787,1575749946,Java,Java8 (OpenJDK 1.8.0),java,Runtime Error,643,879828,1246,
s695159776,p02936,u043263787,1575748895,Java,Java8 (OpenJDK 1.8.0),java,Runtime Error,562,881356,1292,
s166330683,p02936,u043263787,1575748755,Java,Java8 (OpenJDK 1.8.0),java,Runtime Error,558,879572,1286,
s834495649,p02936,u255943004,1575747021,Python,Python (3.4.3),py,Wrong Answer,2112,143172,559,
s558903704,p02936,u255943004,1575746892,Python,Python (3.4.3),py,Wrong Answer,2111,143132,533,
s946034717,p02936,u229235826,1575741033,C++,C++14 (GCC 5.4.1),cpp,Accepted,310,33860,1303,
s707714155,p02936,u229235826,1575740991,C++,C++14 (GCC 5.4.1),cpp,Wrong Answer,646,35140,1301,
s900194977,p02936,u229235826,1575740936,C++,C++14 (GCC 5.4.1),cpp,Wrong Answer,933,36420,1299,
s451268002,p02936,u229235826,1575740147,C++,C++14 (GCC 5.4.1),cpp,Wrong Answer,306,30920,1237,
s429505496,p02936,u229235826,1575739577,C++,C++14 (GCC 5.4.1),cpp,Wrong Answer,2104,28000,1094,
s268277173,p02936,u561976793,1575734857,C++,C++14 (GCC 5.4.1),cpp,Runtime Error,134,256,4943,
s419982118,p02936,u768104057,1575728230,C++,C++14 (GCC 5.4.1),cpp,Accepted,137,16244,780,
s224238862,p02936,u917972976,1575700227,C++,C++14 (Clang 3.8.0),cpp,Wrong Answer,2214,1751400,2828,
s783134590,p02936,u917972976,1575699740,C++,C++14 (Clang 3.8.0),cpp,Runtime Error,2219,2078080,2754,
s743368272,p02936,u370534468,1575699122,C#,C# (Mono 4.6.2.0),cs,Accepted,238,67056,2441,
s777854601,p02936,u370534468,1575698587,C#,C# (Mono 4.6.2.0),cs,Runtime Error,153,40172,2407,
s100646341,p02936,u370534468,1575697782,C#,C# (Mono 4.6.2.0),cs,Accepted,309,66420,3770,
s163233539,p02936,u561083515,1575694883,Python,Python (3.4.3),py,Wrong Answer,1442,233792,693,
s678497306,p02936,u720384347,1575690968,C++,C++14 (GCC 5.4.1),cpp,Accepted,317,19668,1661,
s744177960,p02936,u918601425,1575682098,Python,PyPy3 (2.4.0),py,Time Limit Exceeded,2110,121292,427,
s840926286,p02936,u918601425,1575681907,Python,PyPy3 (2.4.0),py,Time Limit Exceeded,2110,121036,401,
s118541123,p02936,u989345508,1575676918,C++,C++14 (GCC 5.4.1),cpp,Accepted,303,15604,1184,
s067653293,p02936,u989345508,1575676889,Python,Python (3.4.3),py,Runtime Error,17,2940,1184,
s810529518,p02936,u311636831,1575674571,Python,PyPy3 (2.4.0),py,Time Limit Exceeded,2109,105856,727,
s470819184,p02936,u311636831,1575674283,Python,Python (3.4.3),py,Time Limit Exceeded,2108,76852,721,
s586212926,p02936,u311636831,1575673684,Python,Python (3.4.3),py,Time Limit Exceeded,2112,76868,646,
s923481449,p02936,u311636831,1575673374,Python,Python (3.4.3),py,Time Limit Exceeded,2108,76852,684,
s513472360,p02936,u720384347,1575673340,C++,C++14 (GCC 5.4.1),cpp,Accepted,300,20024,1661,
s307106323,p02936,u720384347,1575672393,C++,C++14 (GCC 5.4.1),cpp,Time Limit Exceeded,2104,15040,1648,
s484430121,p02936,u720384347,1575672216,C++,C++14 (GCC 5.4.1),cpp,Wrong Answer,2104,14324,1646,
s489308318,p02936,u720384347,1575672147,C++,C++14 (GCC 5.4.1),cpp,Wrong Answer,2104,15608,1657,
s545003063,p02936,u311636831,1575670885,Python,Python (3.4.3),py,Wrong Answer,1960,82456,367,
s750354940,p02936,u311636831,1575670716,Python,Python (3.4.3),py,Wrong Answer,2084,82484,418,
s367583098,p02936,u918601425,1575670671,Python,PyPy3 (2.4.0),py,Time Limit Exceeded,2110,120948,460,
s387257443,p02936,u918601425,1575670577,Python,Python (3.4.3),py,Time Limit Exceeded,2108,81220,459,
s178760713,p02936,u311636831,1575670456,Python,PyPy3 (2.4.0),py,Wrong Answer,2110,119220,418,
s405061090,p02936,u311636831,1575670280,Python,PyPy3 (2.4.0),py,Wrong Answer,2110,122476,445,
s200103755,p02936,u217344789,1575667988,C++,C++14 (GCC 5.4.1),cpp,Accepted,289,15604,941,
s967300088,p02936,u197175300,1575660029,C++,C++14 (GCC 5.4.1),cpp,Accepted,300,27904,1043,
s092829546,p02936,u754022296,1575648795,Python,PyPy3 (2.4.0),py,Accepted,1880,111616,531,
s332490749,p02936,u754022296,1575648575,Python,PyPy3 (2.4.0),py,Time Limit Exceeded,2125,358824,550,
s747696584,p02936,u754022296,1575648548,Python,Python (3.4.3),py,Time Limit Exceeded,2118,235308,550,
s215699408,p02936,u754022296,1575647997,Python,Python (3.4.3),py,Runtime Error,1945,61864,570,
s143533466,p02936,u979181068,1575645709,C++,C++14 (GCC 5.4.1),cpp,Runtime Error,98,256,1616,
s849067031,p02936,u979181068,1575644556,C++,C++14 (GCC 5.4.1),cpp,Runtime Error,97,256,1541,
s167710685,p02936,u979181068,1575643552,C++,C++14 (GCC 5.4.1),cpp,Runtime Error,100,256,1534,
s415616414,p02936,u774417629,1575642136,C++,C++14 (GCC 5.4.1),cpp,Accepted,145,49536,898,
s134900194,p02936,u506295831,1575616794,C++,C++14 (GCC 5.4.1),cpp,Accepted,166,42624,3012,
s548523287,p02936,u550014122,1575596784,C++,C++14 (GCC 5.4.1),cpp,Accepted,300,16372,1049,
s721846309,p02936,u550014122,1575595754,C++,C++14 (GCC 5.4.1),cpp,Time Limit Exceeded,2104,17128,1405,
s161687015,p02936,u550014122,1575594987,C++,C++14 (GCC 5.4.1),cpp,Time Limit Exceeded,2121,293348,1507,
s345687826,p02936,u846634344,1575594594,Python,PyPy3 (2.4.0),py,Wrong Answer,2116,155628,543,
s146797362,p02936,u550014122,1575594501,C++,C++14 (GCC 5.4.1),cpp,Time Limit Exceeded,2104,18020,1392,
s467007202,p02936,u846634344,1575594319,Python,PyPy3 (2.4.0),py,Wrong Answer,2112,145116,565,
s861908398,p02936,u264405855,1575594156,C++,C++14 (GCC 5.4.1),cpp,Time Limit Exceeded,2220,1864948,1470,
s552610118,p02936,u846634344,1575593820,Python,Python (3.4.3),py,Wrong Answer,2111,122460,540,
s311420484,p02936,u133038626,1575593732,Nim,Nim (0.13.0),nim,Accepted,293,46076,1106,
s517657431,p02936,u264405855,1575591753,C++,C++14 (GCC 5.4.1),cpp,Wrong Answer,2116,42496,1791,
s120480195,p02936,u510015767,1575589200,Python,PyPy3 (2.4.0),py,Time Limit Exceeded,2109,114816,640,
s708891148,p02936,u510015767,1575589040,Python,Python (3.4.3),py,Time Limit Exceeded,2107,62584,640,
s327781459,p02936,u510015767,1575583480,Python,Python (3.4.3),py,Wrong Answer,2107,54968,617,
s046860446,p02936,u103850114,1575582262,C++,C++14 (GCC 5.4.1),cpp,Accepted,302,30592,667,
s863053394,p02936,u103850114,1575582220,C++,C++14 (GCC 5.4.1),cpp,Wrong Answer,291,30592,642,
s825216605,p02936,u103850114,1575582189,C++,C++14 (GCC 5.4.1),cpp,Compile Error,,,637,
s229538615,p02936,u598795006,1575582183,JavaScript,JavaScript (node.js v5.12),js,Wrong Answer,844,186164,2116,
s423102943,p02936,u030314915,1575581854,Python,Python (3.4.3),py,Wrong Answer,1904,54236,507,
s501417987,p02936,u103850114,1575581797,C++,C++14 (GCC 5.4.1),cpp,Wrong Answer,349,21120,659,
s650297614,p02936,u588744968,1575581153,C++,C++14 (GCC 5.4.1),cpp,Wrong Answer,276,14848,572,
s152103038,p02936,u598795006,1575581112,JavaScript,JavaScript (node.js v5.12),js,Wrong Answer,878,185652,2314,
s342048944,p02936,u103850114,1575579532,C++,C++14 (GCC 5.4.1),cpp,Wrong Answer,296,24320,543,
s257121340,p02936,u103850114,1575578658,C++,C++14 (GCC 5.4.1),cpp,Runtime Error,352,12800,520,
s751707575,p02936,u103850114,1575578617,C++,C++14 (GCC 5.4.1),cpp,Compile Error,,,516,
s996261663,p02936,u103850114,1575577571,C++,C++14 (GCC 5.4.1),cpp,Runtime Error,2104,274552,685,
s458107482,p02936,u103850114,1575577411,C++,C++14 (GCC 5.4.1),cpp,Runtime Error,2104,274176,677,
s981787279,p02936,u103850114,1575577136,C++,C++14 (GCC 5.4.1),cpp,Runtime Error,2105,274176,627,
s290779996,p02936,u103850114,1575577072,C++,C++14 (GCC 5.4.1),cpp,Runtime Error,2105,274176,588,
s785560912,p02936,u427571081,1575576035,C++,C++14 (GCC 5.4.1),cpp,Accepted,142,27392,725,
s778349008,p02936,u180716041,1575561179,C++,C++14 (GCC 5.4.1),cpp,Accepted,298,19432,1132,
s969171943,p02936,u845442981,1575526911,Java,Java8 (OpenJDK 1.8.0),java,Wrong Answer,1158,177828,1360,
s153179411,p02936,u190406011,1575520225,Python,PyPy3 (2.4.0),py,Accepted,860,126988,749,
s596146187,p02936,u190406011,1575520182,Python,Python (3.4.3),py,Accepted,1309,99800,749,
s883071237,p02936,u190406011,1575520097,Python,Python (3.4.3),py,Time Limit Exceeded,2108,99812,740,
s690252706,p02936,u190406011,1575520006,Python,PyPy3 (2.4.0),py,Time Limit Exceeded,2110,124512,740,
s990645682,p02936,u190406011,1575519768,Python,PyPy3 (2.4.0),py,Time Limit Exceeded,2110,155020,763,
s475409403,p02936,u190406011,1575519204,Python,PyPy3 (2.4.0),py,Time Limit Exceeded,2109,126304,724,
s162572914,p02936,u818349438,1575510182,Python,Python (3.4.3),py,Accepted,1764,297164,544,
s773892063,p02936,u818349438,1575510097,Python,Python (3.4.3),py,Runtime Error,1964,124824,475,
s662889629,p02936,u818349438,1575509337,Python,Python (3.4.3),py,Runtime Error,1992,124824,475,
s674590841,p02936,u818349438,1575509199,Python,Python (3.4.3),py,Runtime Error,1990,124824,479,
s900409399,p02936,u813102292,1575506968,Python,PyPy3 (2.4.0),py,Accepted,1835,108544,490,
s461871939,p02936,u813102292,1575505586,Python,PyPy3 (2.4.0),py,Wrong Answer,2109,84696,398,
s395321738,p02936,u813102292,1575501579,Python,PyPy3 (2.4.0),py,Wrong Answer,2109,106328,440,
s638972275,p02936,u929199273,1575491106,C++,C++14 (GCC 5.4.1),cpp,Accepted,590,30464,1326,
s728984670,p02936,u834267793,1575490471,C++,C++14 (GCC 5.4.1),cpp,Accepted,135,25856,1726,
s442564653,p02936,u929199273,1575489860,C++,C++14 (GCC 5.4.1),cpp,Accepted,134,21888,707,
s534941713,p02936,u716529032,1575479254,Python,Python (3.4.3),py,Accepted,1797,55856,414,
s306538321,p02936,u716529032,1575478722,Python,PyPy3 (2.4.0),py,Time Limit Exceeded,2111,124748,685,
s535469312,p02936,u716529032,1575478163,Python,PyPy3 (2.4.0),py,Time Limit Exceeded,2110,123136,571,
s419589929,p02936,u716529032,1575478083,Python,Python (3.4.3),py,Time Limit Exceeded,2108,88324,571,
s932300974,p02936,u989345508,1575477844,C++,C++14 (GCC 5.4.1),cpp,Accepted,311,16372,1157,
s062808580,p02936,u989345508,1575477749,C++,C++14 (GCC 5.4.1),cpp,Wrong Answer,325,15348,1154,
s567777579,p02936,u989345508,1575477718,Python,Python (3.4.3),py,Runtime Error,17,2940,1154,
s804506215,p02936,u989345508,1575472228,Python,Python (3.4.3),py,Time Limit Exceeded,2108,76696,776,
s184553015,p02936,u548992197,1575439610,Go,Go (1.6),go,Accepted,1089,81536,891,
s988729644,p02936,u222866518,1575432045,C++,C++14 (GCC 5.4.1),cpp,Accepted,596,16500,1149,
s075265989,p02936,u222866518,1575431627,C++,C++14 (GCC 5.4.1),cpp,Wrong Answer,597,16500,918,
s878123416,p02936,u440566786,1575388087,Python,PyPy3 (2.4.0),py,Accepted,813,97024,606,
s672545927,p02936,u440566786,1575387571,Python,PyPy3 (2.4.0),py,Wrong Answer,761,81484,581,
s059563816,p02936,u440566786,1575387407,Python,PyPy3 (2.4.0),py,Wrong Answer,735,78336,544,
s742995416,p02936,u268554510,1575352626,Python,PyPy3 (2.4.0),py,Accepted,1973,153324,508,
s895330153,p02936,u268554510,1575351671,Python,PyPy3 (2.4.0),py,Runtime Error,1811,120792,476,
s217802087,p02936,u268554510,1575350869,Python,Python (3.4.3),py,Wrong Answer,2166,1021680,476,
s540219796,p02936,u268554510,1575350386,Python,Python (3.4.3),py,Wrong Answer,2116,215604,408,
s714927092,p02936,u268554510,1575349724,Python,Python (3.4.3),py,Wrong Answer,2112,141808,398,
s328295489,p02936,u976045502,1575348547,C++,C++14 (GCC 5.4.1),cpp,Accepted,678,23424,775,
s050861070,p02936,u976045502,1575348489,C++,C++14 (GCC 5.4.1),cpp,Runtime Error,99,768,774,
s547208890,p02936,u343935874,1575338631,C++,C++14 (GCC 5.4.1),cpp,Accepted,300,17140,936,
s634427244,p02936,u011492570,1575332868,C++,C++14 (GCC 5.4.1),cpp,Accepted,102,17280,820,
s946563869,p02936,u831161882,1575321860,C++,C++14 (GCC 5.4.1),cpp,Wrong Answer,117,14572,1623,
s123491380,p02936,u849975039,1575321493,Java,Java8 (OpenJDK 1.8.0),java,Accepted,1777,218056,1200,
s722166005,p02936,u831161882,1575321301,C++,C++14 (GCC 5.4.1),cpp,Wrong Answer,117,14444,1569,
s473916801,p02936,u849975039,1575319431,Java,Java8 (OpenJDK 1.8.0),java,Time Limit Exceeded,2109,231684,1123,
s736051770,p02936,u849975039,1575318437,Java,Java8 (OpenJDK 1.8.0),java,Wrong Answer,2039,227140,959,
s643615011,p02936,u849975039,1575318124,Java,Java8 (OpenJDK 1.8.0),java,Wrong Answer,2014,223632,957,
s088740532,p02936,u831161882,1575292540,C++,C++14 (GCC 5.4.1),cpp,Compile Error,,,720,
s558646026,p02936,u971089878,1575271621,C++,C++14 (GCC 5.4.1),cpp,Accepted,315,17140,1118,
s912973406,p02936,u971089878,1575270498,C++,C++14 (GCC 5.4.1),cpp,Wrong Answer,282,14976,1083,
s510512232,p02936,u971089878,1575269640,C++,C++14 (GCC 5.4.1),cpp,Wrong Answer,2104,40932,1147,
s468556807,p02936,u971089878,1575267585,C++,C++14 (GCC 5.4.1),cpp,Wrong Answer,2246,18144,1280,
s746552821,p02936,u269963329,1575267268,C++,C++14 (GCC 5.4.1),cpp,Wrong Answer,279,14976,896,
s629846080,p02936,u744305661,1575266076,C++,C++14 (GCC 5.4.1),cpp,Wrong Answer,2241,18176,1209,
s555281853,p02936,u744305661,1575265999,C++,C++14 (GCC 5.4.1),cpp,Compile Error,,,1210,
s058374756,p02936,u971089878,1575265979,C++,C++14 (GCC 5.4.1),cpp,Wrong Answer,2238,16384,1214,
s786132554,p02936,u744305661,1575265948,C++,C++14 (GCC 5.4.1),cpp,Compile Error,,,1188,
s132287297,p02936,u971089878,1575260367,C++,C++14 (GCC 5.4.1),cpp,Wrong Answer,2198,1541416,1056,
s914039111,p02936,u811004127,1575258138,C++,C++14 (GCC 5.4.1),cpp,Accepted,294,21104,2970,
s431110244,p02936,u831161882,1575250009,C++,C++14 (GCC 5.4.1),cpp,Wrong Answer,279,14316,706,
s876000307,p02936,u971089878,1575249639,C++,C++14 (GCC 5.4.1),cpp,Wrong Answer,2195,1536972,1071,
s083960954,p02936,u924527074,1575242218,C++,C++14 (GCC 5.4.1),cpp,Accepted,145,25856,1265,
s681633247,p02936,u273816974,1575240691,Java,Java8 (OpenJDK 1.8.0),java,Wrong Answer,1976,187152,1512,
s065413323,p02936,u273816974,1575239475,Java,Java8 (OpenJDK 1.8.0),java,Wrong Answer,2076,190728,1488,
s286293293,p02936,u273816974,1575237939,Java,Java8 (OpenJDK 1.8.0),java,Wrong Answer,1981,198632,1217,
s335851267,p02936,u273816974,1575237552,Java,Java8 (OpenJDK 1.8.0),java,Wrong Answer,2110,357128,1239,
s516856859,p02936,u117348081,1575236212,Python,Python (3.4.3),py,Accepted,1831,55896,485,
s429972071,p02936,u117348081,1575235620,Python,Python (3.4.3),py,Wrong Answer,1364,25888,286,
s424952298,p02936,u117348081,1575235127,Python,Python (3.4.3),py,Runtime Error,2105,40840,337,
s328448540,p02936,u415325136,1575233186,C++,C++14 (GCC 5.4.1),cpp,Accepted,313,27904,785,
s872442898,p02936,u299377613,1575232751,C++,C++14 (GCC 5.4.1),cpp,Accepted,366,23424,1439,
s000628064,p02936,u168333670,1575232172,Python,Python (3.4.3),py,Accepted,1658,67200,597,
s759813112,p02936,u168333670,1575231899,Python,Python (3.4.3),py,Time Limit Exceeded,2111,233876,566,
s733364513,p02936,u168333670,1575231420,Python,Python (3.4.3),py,Wrong Answer,1940,225784,446,
s081386992,p02936,u168333670,1575230793,Python,Python (3.4.3),py,Wrong Answer,1424,58952,413,
s152463087,p02936,u168333670,1575230132,Python,Python (3.4.3),py,Wrong Answer,2117,217776,453,
s212515105,p02936,u168333670,1575230089,Python,Python (3.4.3),py,Runtime Error,2117,217752,443,
s942056128,p02936,u168333670,1575229917,Python,Python (3.4.3),py,Runtime Error,2106,49964,410,
s210667884,p02936,u829859091,1575227542,Python,Python (3.4.3),py,Time Limit Exceeded,2111,141780,1825,
s166790921,p02936,u979605701,1575215644,C++,C++14 (GCC 5.4.1),cpp,Accepted,127,24548,1128,
s263332503,p02936,u979605701,1575215339,C++,C++14 (GCC 5.4.1),cpp,Wrong Answer,113,24320,1099,
s045251917,p02936,u979605701,1575214741,C++,C++14 (GCC 5.4.1),cpp,Wrong Answer,136,23552,1077,
s893546346,p02936,u979605701,1575213407,C++,C++14 (GCC 5.4.1),cpp,Wrong Answer,2104,21376,1223,
s425920293,p02936,u671257784,1575174619,C++,C++14 (GCC 5.4.1),cpp,Accepted,143,24320,1553,
s755946660,p02936,u671257784,1575172664,C++,C++14 (GCC 5.4.1),cpp,Wrong Answer,107,21120,1387,
s257008627,p02936,u480130675,1575172402,Python,Python (3.4.3),py,Accepted,1750,64224,513,
s851233508,p02936,u480130675,1575172124,Python,Python (3.4.3),py,Time Limit Exceeded,2106,49628,514,
s954939265,p02936,u610192658,1575171756,Python,Python (3.4.3),py,Wrong Answer,1115,49444,559,
s593384175,p02936,u610192658,1575170304,Python,Python (3.4.3),py,Accepted,1311,55856,576,
s837914176,p02936,u434282696,1575149442,C++,C++14 (GCC 5.4.1),cpp,Accepted,313,16372,842,
s291177121,p02936,u882039496,1575147182,C++,C++14 (GCC 5.4.1),cpp,Accepted,656,23424,564,
s659516665,p02936,u882039496,1575147154,C++,C++14 (GCC 5.4.1),cpp,Compile Error,,,563,
s083263601,p02936,u349091349,1575090159,Python,PyPy3 (2.4.0),py,Wrong Answer,1732,122444,361,
s394513748,p02936,u705974985,1575086325,Go,Go (1.6),go,Time Limit Exceeded,2108,22148,805,
s658979389,p02936,u705974985,1575086021,Go,Go (1.6),go,Accepted,314,56832,5045,
s785598576,p02936,u852449189,1575084884,C++,C++14 (GCC 5.4.1),cpp,Wrong Answer,269,12544,2188,
s412755118,p02936,u803754262,1575084859,C++,C++14 (GCC 5.4.1),cpp,Accepted,145,24320,1511,
s673070529,p02936,u852449189,1575083746,C++,C++14 (GCC 5.4.1),cpp,Wrong Answer,267,9728,2196,
s080995889,p02936,u852449189,1575083572,C++,C++14 (GCC 5.4.1),cpp,Wrong Answer,272,9728,2188,
s840411330,p02936,u852449189,1575082452,C++,C++14 (GCC 5.4.1),cpp,Wrong Answer,267,9472,2093,
s071580498,p02936,u852449189,1575078750,C++,C++14 (GCC 5.4.1),cpp,Wrong Answer,2104,13568,2150,
s457605896,p02936,u642120132,1575045782,C++,C++14 (GCC 5.4.1),cpp,Accepted,370,24320,707,
s358382573,p02936,u294683729,1575040054,C++,C++14 (GCC 5.4.1),cpp,Accepted,312,31360,1255,
s584036819,p02936,u937642029,1575039756,Python,PyPy3 (2.4.0),py,Accepted,867,121260,1801,
s070986434,p02936,u761917533,1575022112,C++,C++14 (GCC 5.4.1),cpp,Accepted,135,24320,681,
s117332397,p02936,u842939260,1575011863,C++,C++14 (GCC 5.4.1),cpp,Accepted,293,17140,773,
s261267397,p02936,u842939260,1575010759,C++,C++14 (GCC 5.4.1),cpp,Wrong Answer,273,14848,694,
s312486226,p02936,u370608397,1575010430,C#,C# (Mono 4.6.2.0),cs,Accepted,688,73520,6421,
s336391772,p02936,u591503175,1575009327,Python,PyPy3 (2.4.0),py,Accepted,1973,181096,1424,
s981660335,p02936,u591503175,1575009237,Python,Python (3.4.3),py,Time Limit Exceeded,2116,196324,1424,
s647080719,p02936,u591503175,1575008752,Python,Python (3.4.3),py,Time Limit Exceeded,2116,195288,1393,
s421408320,p02936,u591503175,1575007863,Python,Python (3.4.3),py,Wrong Answer,1725,200580,1716,
s400963726,p02936,u591503175,1575007584,Python,Python (3.4.3),py,Wrong Answer,2110,194484,1110,
s523919185,p02936,u591503175,1575007367,Python,Python (3.4.3),py,Wrong Answer,2111,194876,1308,
s120865533,p02936,u427344224,1575003621,C++,C++14 (GCC 5.4.1),cpp,Accepted,144,29184,1477,
s020743151,p02936,u586759271,1575003311,Python,PyPy3 (2.4.0),py,Accepted,914,129100,916,
s252731297,p02936,u586759271,1575003235,Python,PyPy3 (2.4.0),py,Runtime Error,166,38384,915,
s919621224,p02936,u586759271,1575003006,Python,PyPy3 (2.4.0),py,Wrong Answer,2114,176980,731,
s869961730,p02936,u586759271,1575002901,Python,PyPy3 (2.4.0),py,Runtime Error,167,38256,729,
s999109799,p02936,u586759271,1575002441,Python,PyPy3 (2.4.0),py,Wrong Answer,1918,124620,604,
s096903013,p02936,u427344224,1575000157,C++,C++14 (GCC 5.4.1),cpp,Accepted,137,29184,1477,
s551257100,p02936,u427344224,1574999720,C++,C++14 (GCC 5.4.1),cpp,Wrong Answer,147,29184,1568,
s266385282,p02936,u427344224,1574999703,C++,C++14 (GCC 5.4.1),cpp,Accepted,155,32128,1452,
s440982353,p02936,u614734359,1574993366,Python,PyPy3 (2.4.0),py,Wrong Answer,2035,160788,491,
s606675030,p02936,u614734359,1574991696,Python,Python (3.4.3),py,Wrong Answer,2028,161640,498,
s627502776,p02936,u365364616,1574984450,Python,Python (3.4.3),py,Accepted,1750,56140,615,
s744631711,p02936,u365364616,1574984348,Python,Python (3.4.3),py,Accepted,1728,56140,622,
s959159148,p02936,u365364616,1574984265,Python,Python (3.4.3),py,Accepted,1855,68284,613,
s817686142,p02936,u411637381,1574983598,C++,C++14 (GCC 5.4.1),cpp,Wrong Answer,562,8816,1196,
s564709035,p02936,u411637381,1574976606,C++,C++14 (GCC 5.4.1),cpp,Wrong Answer,526,7552,812,
s681898482,p02936,u521723672,1574974904,C++,C++14 (GCC 5.4.1),cpp,Accepted,134,24320,1248,
s181421691,p02936,u923105140,1574969969,C++,C++14 (GCC 5.4.1),cpp,Wrong Answer,270,14080,828,
s566343026,p02936,u212083331,1574962754,C++,C++14 (GCC 5.4.1),cpp,Wrong Answer,296,27392,1630,
s724658518,p02936,u682686221,1574962367,C++,C++14 (GCC 5.4.1),cpp,Accepted,141,24320,1265,
s449089639,p02936,u556799364,1574962117,Python,PyPy3 (2.4.0),py,Accepted,1811,121728,597,
s271389678,p02936,u682686221,1574961954,C++,C++14 (GCC 5.4.1),cpp,Wrong Answer,155,24320,1239,
s616088549,p02936,u729133443,1574948830,Python,Python (3.4.3),py,Accepted,1261,55856,576,
s641642166,p02936,u729133443,1574948682,Python,Python (3.4.3),py,Accepted,1054,55844,719,
s243159640,p02936,u729133443,1574948328,Python,Python (3.4.3),py,Accepted,1072,55764,1198,
s045295873,p02936,u153390822,1574946871,C++,C++14 (GCC 5.4.1),cpp,Accepted,297,35712,3709,
s251340254,p02936,u153390822,1574946390,C++,C++14 (GCC 5.4.1),cpp,Accepted,309,35712,3385,
s011349641,p02936,u816587940,1574934196,Python,Python (3.4.3),py,Accepted,1882,63180,717,
s540953192,p02936,u816587940,1574934184,Python,PyPy3 (2.4.0),py,Time Limit Exceeded,2030,123084,717,
s615291828,p02936,u816587940,1574934013,Python,PyPy3 (2.4.0),py,Time Limit Exceeded,2110,123084,793,
s805512321,p02936,u816587940,1574933845,Python,PyPy3 (2.4.0),py,Time Limit Exceeded,2007,123084,751,
s740163296,p02936,u816587940,1574933682,Python,PyPy3 (2.4.0),py,Time Limit Exceeded,2013,124880,608,
s044992857,p02936,u816587940,1574933397,Python,Python (3.4.3),py,Wrong Answer,1763,63244,623,
s447381030,p02936,u816587940,1574933335,Python,Python (3.4.3),py,Time Limit Exceeded,2108,63252,607,
s791018369,p02936,u816587940,1574933126,Python,Python (3.4.3),py,Wrong Answer,1384,47928,633,
s887470182,p02936,u816587940,1574933027,Python,Python (3.4.3),py,Time Limit Exceeded,2110,62928,627,
s248912856,p02936,u467826805,1574921896,C++,C++14 (GCC 5.4.1),cpp,Wrong Answer,284,16620,1009,
s250291005,p02936,u222822036,1574915085,Java,Java8 (OpenJDK 1.8.0),java,Wrong Answer,1744,222888,1958,
s721994840,p02936,u586759271,1574914147,Python,PyPy3 (2.4.0),py,Wrong Answer,1996,128588,688,
s750203186,p02936,u427344224,1574912971,C++,C++14 (GCC 5.4.1),cpp,Wrong Answer,131,29184,1568,
s646941644,p02936,u427344224,1574912875,C++,C++14 (GCC 5.4.1),cpp,Wrong Answer,133,29184,1477,
s656924308,p02936,u427344224,1574912823,C++,C++14 (GCC 5.4.1),cpp,Wrong Answer,158,29184,1477,
s644065947,p02936,u378419207,1574912071,C++,C++14 (GCC 5.4.1),cpp,Accepted,142,24320,1548,
s002608552,p02936,u932465688,1574910852,Python,Python (3.4.3),py,Accepted,1686,65284,469,
s886208936,p02936,u260216890,1574908352,Python,Python (3.4.3),py,Wrong Answer,1668,61980,603,
s671469565,p02936,u932465688,1574907451,Python,PyPy3 (2.4.0),py,Time Limit Exceeded,2107,107340,401,
s433266165,p02936,u932465688,1574907426,Python,Python (3.4.3),py,Time Limit Exceeded,2105,34064,401,
s486342758,p02936,u941434715,1574905345,Python,Python (3.4.3),py,Time Limit Exceeded,2111,52824,557,
s660065124,p02936,u941434715,1574905276,Python,Python (3.4.3),py,Accepted,1801,52824,556,
s837346420,p02936,u803893892,1574893907,C++,C++14 (GCC 5.4.1),cpp,Accepted,372,23552,1465,
s205898220,p02936,u971166345,1574889243,C++,C++14 (GCC 5.4.1),cpp,Accepted,603,25088,954,
s299679626,p02936,u941434715,1574886475,Python,Python (3.4.3),py,Time Limit Exceeded,2118,228900,607,
s387144210,p02936,u941434715,1574886311,Python,Python (3.4.3),py,Runtime Error,1843,50796,566,
s425694859,p02936,u941434715,1574885726,Python,Python (3.4.3),py,Runtime Error,1558,42064,446,
s170315062,p02936,u941434715,1574884397,Python,Python (3.4.3),py,Wrong Answer,2106,42916,490,
s693002793,p02936,u941434715,1574884011,Python,Python (3.4.3),py,Wrong Answer,2110,42916,489,
s849499513,p02936,u816587940,1574883890,Python,Python (3.4.3),py,Runtime Error,2106,56668,639,
s859401698,p02936,u816587940,1574883769,Python,Python (3.4.3),py,Runtime Error,2106,56736,552,
s853595716,p02936,u816587940,1574883684,Python,PyPy3 (2.4.0),py,Runtime Error,2110,132044,552,
s618219420,p02936,u816587940,1574883548,Python,PyPy3 (2.4.0),py,Runtime Error,2109,132172,547,
s137089317,p02936,u816587940,1574883516,Python,Python (3.4.3),py,Runtime Error,2058,56736,547,
s699323368,p02936,u126232616,1574880524,Python,PyPy3 (2.4.0),py,Accepted,845,125404,579,
s744672736,p02936,u126232616,1574880505,Python,Python (3.4.3),py,Accepted,1990,116496,581,
s282604406,p02936,u126232616,1574880462,Python,Python (3.4.3),py,Accepted,1290,116492,579,
s025348523,p02936,u905203728,1574873946,Python,Python (3.4.3),py,Runtime Error,1324,155912,496,
s081515354,p02936,u905203728,1574873544,Python,Python (3.4.3),py,Runtime Error,1252,155908,465,
s041908141,p02936,u905203728,1574873471,Python,Python (3.4.3),py,Runtime Error,1260,155904,469,
s742885859,p02936,u905203728,1574872906,Python,Python (3.4.3),py,Runtime Error,1235,155908,469,
s665246348,p02936,u905203728,1574872659,Python,Python (3.4.3),py,Accepted,1612,236920,655,
s623246419,p02936,u905203728,1574872605,Python,PyPy3 (2.4.0),py,Time Limit Exceeded,2152,803192,655,
s733880375,p02936,u905203728,1574872396,Python,PyPy3 (2.4.0),py,Time Limit Exceeded,2124,351408,443,
s552947165,p02936,u905203728,1574872188,Python,PyPy3 (2.4.0),py,Time Limit Exceeded,2125,363896,444,
s295229252,p02936,u905203728,1574870279,Python,Python (3.4.3),py,Time Limit Exceeded,2119,268464,444,
s464801529,p02936,u905203728,1574870197,Python,Python (3.4.3),py,Time Limit Exceeded,2120,268468,444,
s945774227,p02936,u708255304,1574870163,Python,PyPy3 (2.4.0),py,Accepted,1818,106772,734,
s633895348,p02936,u905203728,1574870163,Python,Python (3.4.3),py,Runtime Error,1799,53712,402,
s287020407,p02936,u708255304,1574870113,Python,Python (3.4.3),py,Accepted,1811,56168,734,
s909059023,p02936,u905203728,1574868384,Python,Python (3.4.3),py,Wrong Answer,1530,53924,335,
s906724821,p02936,u905203728,1574867015,Python,Python (3.4.3),py,Wrong Answer,2121,267288,515,
s114156910,p02936,u834415466,1574865327,C++,C++14 (GCC 5.4.1),cpp,Accepted,315,40320,3267,
s008376923,p02936,u834415466,1574865064,C++,C++14 (GCC 5.4.1),cpp,Wrong Answer,312,40320,3257,
s211623504,p02936,u106964380,1574861425,Ruby,Ruby (2.3.3),rb,Accepted,858,36036,441,
s161035142,p02936,u106964380,1574861257,Ruby,Ruby (2.3.3),rb,Wrong Answer,870,36036,443,
s071757962,p02936,u280175105,1574861083,C++,C++14 (GCC 5.4.1),cpp,Wrong Answer,578,24320,574,
s473717662,p02936,u591503175,1574837718,Python,Python (3.4.3),py,Accepted,1919,208132,762,
s691401314,p02936,u591503175,1574837683,Python,Python (3.4.3),py,Wrong Answer,2120,249296,779,
s464772119,p02936,u591503175,1574837657,Python,Python (3.4.3),py,Wrong Answer,2117,251348,777,
s785892231,p02936,u591503175,1574836114,Python,Python (3.4.3),py,Runtime Error,1731,202908,739,
s919321119,p02936,u591503175,1574836037,Python,Python (3.4.3),py,Runtime Error,1881,205148,741,
s238451020,p02936,u591503175,1574835849,Python,Python (3.4.3),py,Runtime Error,1961,205208,747,
s691174622,p02936,u711539583,1574835067,Python,PyPy3 (2.4.0),py,Accepted,790,128376,690,
s891377953,p02936,u591503175,1574833408,Python,Python (3.4.3),py,Runtime Error,1931,205212,749,
s306086251,p02936,u905203728,1574833282,Python,Python (3.4.3),py,Runtime Error,2114,186568,524,
s923374021,p02936,u905203728,1574832688,Python,Python (3.4.3),py,Runtime Error,2108,103708,620,
s382512351,p02936,u929199273,1574832121,C++,C++14 (GCC 5.4.1),cpp,Wrong Answer,289,25088,1422,
s019381699,p02936,u521723672,1574831750,C++,C++14 (GCC 5.4.1),cpp,Accepted,556,176640,1861,
s429341155,p02936,u929199273,1574831720,C++,C++14 (GCC 5.4.1),cpp,Wrong Answer,295,25088,1367,
s397672168,p02936,u521723672,1574831551,C++,C++14 (GCC 5.4.1),cpp,Accepted,543,177408,1859,
s605632534,p02936,u521723672,1574831402,C++,C++14 (GCC 5.4.1),cpp,Accepted,541,177408,1839,
s506257266,p02936,u929199273,1574831188,C++,C++14 (GCC 5.4.1),cpp,Wrong Answer,2105,22912,1356,
s452412752,p02936,u521723672,1574830526,C++,C++14 (GCC 5.4.1),cpp,Accepted,571,180608,1801,
s441779214,p02936,u280175105,1574829618,C++,C++14 (GCC 5.4.1),cpp,Wrong Answer,2240,1726340,559,
s918579645,p02936,u255001744,1574829066,C++,C++14 (GCC 5.4.1),cpp,Accepted,377,24320,1078,
s079118946,p02936,u255001744,1574828083,C++,C++14 (GCC 5.4.1),cpp,Compile Error,,,952,
s743630929,p02936,u753803401,1574827190,Python,PyPy3 (2.4.0),py,Accepted,867,122204,906,
s532618553,p02936,u280175105,1574826493,C++,C++14 (GCC 5.4.1),cpp,Wrong Answer,2104,24212,577,
s223296608,p02936,u260216890,1574821276,Python,Python (3.4.3),py,Runtime Error,748,69068,741,
s021107192,p02936,u260216890,1574821146,Python,Python (3.4.3),py,Runtime Error,1814,52264,844,
s792660694,p02936,u168774513,1574809148,C++,C++14 (GCC 5.4.1),cpp,Accepted,126,16372,704,
s352214477,p02936,u518042385,1574792470,Python,PyPy3 (2.4.0),py,Wrong Answer,2123,319432,667,
s062931137,p02936,u518042385,1574792398,Python,Python (3.4.3),py,Wrong Answer,2118,240932,667,
s704703956,p02936,u591503175,1574791656,Python,Python (3.4.3),py,Runtime Error,1797,198092,837,
s514616199,p02936,u591503175,1574791440,Python,Python (3.4.3),py,Runtime Error,2108,203372,851,
s653104439,p02936,u741134767,1574790893,C++,C++14 (GCC 5.4.1),cpp,Wrong Answer,2104,24192,647,
s872057355,p02936,u741134767,1574790805,C++,C++14 (GCC 5.4.1),cpp,Compile Error,,,646,
s822242731,p02936,u741134767,1574790632,C++,C++14 (GCC 5.4.1),cpp,Wrong Answer,2104,21376,645,
s786851659,p02936,u412073904,1574783379,C++,C++14 (GCC 5.4.1),cpp,Accepted,351,30720,933,
s689235308,p02936,u625963200,1574781067,Python,Python (3.4.3),py,Accepted,1499,150656,509,
s351692488,p02936,u251779460,1574777533,C++,C++14 (GCC 5.4.1),cpp,Wrong Answer,266,8192,1464,
s830590989,p02936,u251779460,1574777490,C++,C++14 (GCC 5.4.1),cpp,Wrong Answer,270,7936,1487,
s895604581,p02936,u222682687,1574777052,C++,C++14 (GCC 5.4.1),cpp,Wrong Answer,276,15616,1419,
s809833846,p02936,u251779460,1574774934,C++,C++14 (GCC 5.4.1),cpp,Wrong Answer,250,8448,1083,
s059950676,p02936,u251779460,1574774541,C++,C++14 (GCC 5.4.1),cpp,Wrong Answer,266,7936,1125,
s955270755,p02936,u251779460,1574772892,C++,C++14 (GCC 5.4.1),cpp,Wrong Answer,268,7936,1014,
s273827031,p02936,u174434198,1574769676,C++,C++14 (GCC 5.4.1),cpp,Accepted,375,26624,923,
s428304457,p02936,u591503175,1574753339,Python,Python (3.4.3),py,Runtime Error,1767,151756,811,
s315892670,p02936,u591503175,1574753260,Python,Python (3.4.3),py,Runtime Error,1788,151756,1195,
s687292544,p02936,u591503175,1574753083,Python,Python (3.4.3),py,Runtime Error,1840,151728,1181,
s342849575,p02936,u591503175,1574752975,Python,Python (3.4.3),py,Runtime Error,1792,151716,1180,
s811828348,p02936,u903396129,1574750334,C++,C++14 (GCC 5.4.1),cpp,Accepted,325,31360,1106,
s195839370,p02936,u908372127,1574749082,Python,Python (3.4.3),py,Wrong Answer,757,80564,748,
s196194986,p02936,u806999568,1574748817,C++,C++14 (GCC 5.4.1),cpp,Accepted,140,17140,1635,
s564581696,p02936,u674395364,1574748804,Rust,Rust (1.15.1),rs,Accepted,196,35324,1181,
s489745931,p02936,u591503175,1574748791,Python,Python (3.4.3),py,Wrong Answer,2028,178804,999,
s483838353,p02936,u674395364,1574748721,Rust,Rust (1.15.1),rs,Wrong Answer,534,49148,1178,
s251089718,p02936,u591503175,1574748679,Python,Python (3.4.3),py,Wrong Answer,1931,184464,980,
s152639417,p02936,u908372127,1574748666,Python,Python (3.4.3),py,Time Limit Exceeded,2108,73188,699,
s423976136,p02936,u908372127,1574748381,Python,Python (3.4.3),py,Wrong Answer,612,56952,712,
s171282529,p02936,u908372127,1574748357,Python,Python (3.4.3),py,Time Limit Exceeded,2108,73184,749,
s887511028,p02936,u908372127,1574748168,Python,Python (3.4.3),py,Wrong Answer,2107,65748,630,
s757842509,p02936,u908372127,1574748112,Python,Python (3.4.3),py,Wrong Answer,964,56952,641,
s433365122,p02936,u908372127,1574747741,Python,Python (3.4.3),py,Time Limit Exceeded,2108,66952,679,
s837481593,p02936,u806999568,1574746012,C++,C++14 (GCC 5.4.1),cpp,Wrong Answer,97,7040,1645,
s798357916,p02936,u806999568,1574745914,C++,C++14 (GCC 5.4.1),cpp,Wrong Answer,87,4736,1645,
s452938248,p02936,u182791129,1574745108,C++,C++14 (GCC 5.4.1),cpp,Accepted,332,35956,934,
s012507554,p02936,u219157465,1574743517,Python,Python (3.4.3),py,Accepted,1910,68852,756,
s518896833,p02936,u219157465,1574743356,Python,PyPy3 (2.4.0),py,Time Limit Exceeded,2114,123840,756,
s207411971,p02936,u251779460,1574743140,C++,C++14 (GCC 5.4.1),cpp,Wrong Answer,280,8704,916,
s457164637,p02936,u219157465,1574742946,Python,Python (3.4.3),py,Accepted,1920,68532,716,
s883742646,p02936,u219157465,1574742688,Python,PyPy3 (2.4.0),py,Time Limit Exceeded,2111,124916,716,
s887734513,p02936,u778204640,1574742398,C#,C# (Mono 4.6.2.0),cs,Accepted,695,75108,7958,
s697473061,p02936,u251779460,1574741666,C++,C++14 (GCC 5.4.1),cpp,Wrong Answer,276,7936,910,
s807809224,p02936,u251779460,1574741612,C++,C++14 (GCC 5.4.1),cpp,Wrong Answer,588,10368,1000,
s993803487,p02936,u182791129,1574741097,C++,C++14 (GCC 5.4.1),cpp,Time Limit Exceeded,2220,1939328,933,
s473454986,p02936,u182791129,1574739475,C++,C++14 (GCC 5.4.1),cpp,Time Limit Exceeded,2216,1567596,838,
s303715524,p02936,u182791129,1574738520,C++,C++14 (GCC 5.4.1),cpp,Time Limit Exceeded,9328,1924608,904,
s116291323,p02936,u182791129,1574737666,C++,C++14 (GCC 5.4.1),cpp,Time Limit Exceeded,2173,1453332,828,
s513135062,p02936,u251779460,1574735309,C++,C++14 (GCC 5.4.1),cpp,Wrong Answer,271,7680,672,
s913542489,p02936,u251779460,1574734914,C++,C++14 (GCC 5.4.1),cpp,Wrong Answer,267,7680,664,
s597637304,p02936,u251779460,1574734530,C++,C++14 (GCC 5.4.1),cpp,Wrong Answer,255,6144,515,
s852636898,p02936,u251779460,1574734352,C++,C++14 (GCC 5.4.1),cpp,Wrong Answer,258,6144,513,
s149070523,p02936,u211160392,1574732331,Python,Python (3.4.3),py,Accepted,1958,52992,545,
s488856725,p02936,u211160392,1574732234,Python,PyPy3 (2.4.0),py,Time Limit Exceeded,2014,105036,545,
s021127391,p02936,u251779460,1574730308,C++,C++14 (GCC 5.4.1),cpp,Wrong Answer,250,6272,505,
s112466372,p02936,u759721333,1574726076,C++,C++14 (GCC 5.4.1),cpp,Accepted,370,20608,982,
s674543855,p02936,u863370423,1574725691,C++,C++14 (GCC 5.4.1),cpp,Accepted,132,25856,1726,
s143198532,p02936,u089230684,1574725604,C++,C++14 (GCC 5.4.1),cpp,Runtime Error,104,4224,1726,
s384203809,p02936,u771662691,1574712434,C++,C++14 (GCC 5.4.1),cpp,Accepted,312,25856,1103,
s085067770,p02936,u798086274,1574711510,C++,C++14 (GCC 5.4.1),cpp,Accepted,327,29824,867,
s128051134,p02936,u468862268,1574711494,C++,C++14 (GCC 5.4.1),cpp,Accepted,390,23424,893,
s375071795,p02936,u691896522,1574708182,Python,PyPy3 (2.4.0),py,Time Limit Exceeded,2155,845940,678,
s297178920,p02936,u691896522,1574708079,Python,PyPy3 (2.4.0),py,Accepted,1567,98760,912,
s923422045,p02936,u691896522,1574707655,Python,PyPy3 (2.4.0),py,Time Limit Exceeded,2110,104392,874,
s962939138,p02936,u691896522,1574706817,Python,PyPy3 (2.4.0),py,Time Limit Exceeded,2127,387448,620,
s678082593,p02936,u691896522,1574706631,Python,PyPy3 (2.4.0),py,Time Limit Exceeded,2125,363128,620,
s155142812,p02936,u786944534,1574700307,C#,C# (Mono 4.6.2.0),cs,Accepted,1571,61704,5616,
s626504216,p02936,u786944534,1574700244,C#,C# (Mono 4.6.2.0),cs,Runtime Error,237,26668,5623,
s169201790,p02936,u786944534,1574699430,C#,C# (Mono 4.6.2.0),cs,Runtime Error,231,26676,5627,
s904106116,p02936,u390883247,1574683040,Python,PyPy3 (2.4.0),py,Wrong Answer,2124,336760,467,
s116430000,p02936,u390883247,1574682938,Python,Python (3.4.3),py,Wrong Answer,2118,233716,467,
s567308926,p02936,u390883247,1574679533,Python,PyPy3 (2.4.0),py,Wrong Answer,2152,803064,407,
s789112358,p02936,u390883247,1574679175,Python,Python (3.4.3),py,Wrong Answer,2117,217776,407,
s836459862,p02936,u591503175,1574646832,Python,Python (3.4.3),py,Runtime Error,2115,181856,1033,
s618055860,p02936,u390883247,1574646775,Python,Python (3.4.3),py,Runtime Error,2105,38168,369,
s016847915,p02936,u591503175,1574646605,Python,Python (3.4.3),py,Runtime Error,2115,181868,1022,
s277513023,p02936,u591503175,1574646378,Python,Python (3.4.3),py,Wrong Answer,2115,190244,1030,
s583475436,p02936,u644332191,1574631894,C++,C++14 (GCC 5.4.1),cpp,Accepted,313,24192,1261,
s625166809,p02936,u644332191,1574630858,C++,C++14 (GCC 5.4.1),cpp,Wrong Answer,289,24064,1125,
s664993476,p02936,u644332191,1574630125,C++,C++14 (GCC 5.4.1),cpp,Wrong Answer,2226,1728872,1124,
s923314494,p02936,u002539468,1574627870,Python,Python (3.4.3),py,Wrong Answer,1298,36920,461,
s058492026,p02936,u002539468,1574627761,Python,Python (3.4.3),py,Wrong Answer,1273,27372,441,
s345234195,p02936,u538125576,1574623166,C++,C++14 (GCC 5.4.1),cpp,Accepted,378,24320,1018,
s980007696,p02936,u664394831,1574570022,C++,C++14 (GCC 5.4.1),cpp,Accepted,131,16500,2083,
s537921243,p02936,u664394831,1574569774,C++,C++14 (GCC 5.4.1),cpp,Wrong Answer,110,15104,2063,
s155958676,p02936,u843522325,1574560665,C++,C++14 (GCC 5.4.1),cpp,Accepted,306,15732,920,
s210585534,p02936,u666198201,1574541692,Python,Python (3.4.3),py,Wrong Answer,1728,78608,355,
s470334100,p02936,u094932051,1574538156,C++,C++14 (GCC 5.4.1),cpp,Time Limit Exceeded,2105,40960,1395,
s447385914,p02936,u881141729,1574536767,C++,C++ (GCC 5.4.1),cpp,Time Limit Exceeded,2304,0,1417,
s278128905,p02936,u225806616,1574536325,Python,Python (3.4.3),py,Runtime Error,2106,49964,460,
s431275646,p02936,u225806616,1574536222,Python,Python (3.4.3),py,Runtime Error,2105,37564,444,
s307237312,p02936,u225806616,1574536061,Python,Python (3.4.3),py,Runtime Error,2106,39672,424,
s371960599,p02936,u094932051,1574535832,C++,C++14 (GCC 5.4.1),cpp,Time Limit Exceeded,2104,25728,1494,
s615841734,p02936,u691896522,1574531370,Python,Python (3.4.3),py,Time Limit Exceeded,2117,235680,595,
s513757233,p02936,u691896522,1574531288,Python,Python (3.4.3),py,Runtime Error,1869,141340,595,
s107396470,p02936,u691896522,1574531130,Python,PyPy3 (2.4.0),py,Time Limit Exceeded,2126,362872,595,
s735150930,p02936,u691896522,1574531096,Python,PyPy3 (2.4.0),py,Runtime Error,1986,131020,554,
s554923361,p02936,u691896522,1574531064,Python,PyPy3 (2.4.0),py,Runtime Error,1973,130892,552,
s290941879,p02936,u256031597,1574524908,Python,Python (3.4.3),py,Accepted,1755,66948,1294,
s432798769,p02936,u256031597,1574520423,Python,Python (3.4.3),py,Accepted,1663,66880,508,
s576858368,p02936,u256031597,1574519706,Python,Python (3.4.3),py,Accepted,887,85876,640,
s303659223,p02936,u727787724,1574489044,Python,PyPy3 (2.4.0),py,Wrong Answer,1338,121756,538,
s315177284,p02936,u727787724,1574488069,Python,PyPy3 (2.4.0),py,Wrong Answer,2110,94552,516,
s129007541,p02936,u727787724,1574487981,Python,PyPy3 (2.4.0),py,Wrong Answer,1781,135220,506,
s674336852,p02936,u727787724,1574487553,Python,Python (3.4.3),py,Wrong Answer,1595,64600,505,
s822771894,p02936,u727787724,1574486442,Python,Python (3.4.3),py,Wrong Answer,1387,63860,487,
s272815563,p02936,u256031597,1574485725,Python,Python (3.4.3),py,Runtime Error,1683,59608,419,
s597393771,p02936,u256031597,1574485544,Python,Python (3.4.3),py,Runtime Error,1783,59736,422,
s770532622,p02936,u256031597,1574485412,Python,Python (3.4.3),py,Runtime Error,1730,59608,433,
s326673872,p02936,u904019018,1574480349,C++,C++14 (GCC 5.4.1),cpp,Wrong Answer,290,27392,948,
s013665534,p02936,u121921603,1574478155,Python,PyPy3 (2.4.0),py,Accepted,1963,105236,456,
s566565187,p02936,u974214237,1574472900,C++,C++14 (GCC 5.4.1),cpp,Wrong Answer,257,5376,573,
s960519560,p02936,u974214237,1574472709,C++,C++14 (GCC 5.4.1),cpp,Wrong Answer,251,5376,547,
s474488747,p02936,u930737792,1574457765,C++,C++14 (GCC 5.4.1),cpp,Accepted,323,24320,861,
s581781388,p02936,u930737792,1574440528,C++,C++14 (GCC 5.4.1),cpp,Wrong Answer,286,14848,815,
s873124590,p02936,u457901067,1574440124,Python,Python (3.4.3),py,Wrong Answer,1938,78392,319,
s002086139,p02936,u121921603,1574429013,Python,PyPy3 (2.4.0),py,Wrong Answer,2880,66172,458,
s051066028,p02936,u488636998,1574425484,Python,Python (3.4.3),py,Wrong Answer,1794,30228,525,
s030617840,p02936,u488636998,1574424974,Python,Python (3.4.3),py,Runtime Error,1718,28744,525,
s945288296,p02936,u488636998,1574424623,Python,Python (3.4.3),py,Runtime Error,1683,28744,525,
s636418146,p02936,u842939260,1574423070,C++,C++14 (GCC 5.4.1),cpp,Runtime Error,2546,34280,854,
s650737588,p02936,u116018262,1574401877,C++,C++14 (GCC 5.4.1),cpp,Accepted,131,26624,548,
s358922955,p02936,u431615124,1574398154,C++,C++14 (GCC 5.4.1),cpp,Accepted,157,24320,2663,
s257301639,p02936,u431615124,1574397104,C++,C++14 (GCC 5.4.1),cpp,Runtime Error,2509,64016,2492,
s361418965,p02936,u288783056,1574395864,C++,C++14 (GCC 5.4.1),cpp,Accepted,1186,71168,1124,
s626496733,p02936,u861141787,1574393523,Python,Python (3.4.3),py,Accepted,1734,285828,582,
s955093432,p02936,u861141787,1574393459,Python,PyPy3 (2.4.0),py,Time Limit Exceeded,2155,816364,582,
s338482926,p02936,u861141787,1574393259,Python,Python (3.4.3),py,Runtime Error,1888,121852,512,
s359335993,p02936,u861141787,1574392830,Python,PyPy3 (2.4.0),py,Runtime Error,1975,150028,507,
s691516260,p02936,u356701928,1574390750,Python,Python (3.4.3),py,Runtime Error,2110,111004,400,
s440098544,p02936,u680456854,1574389571,C++,C++14 (GCC 5.4.1),cpp,Wrong Answer,111,14848,901,
s973306561,p02936,u176979814,1574367187,C++,C++14 (GCC 5.4.1),cpp,Accepted,320,29824,732,
s303966671,p02936,u680456854,1574365930,C++,C++14 (GCC 5.4.1),cpp,Wrong Answer,128,21120,966,
s185208630,p02936,u133718147,1574364524,C#,C# (Mono 4.6.2.0),cs,Runtime Error,2108,30348,2191,
s387563428,p02936,u133718147,1574364411,C#,C# (Mono 4.6.2.0),cs,Runtime Error,2108,29584,2177,
s727412518,p02936,u133718147,1574364089,C#,C# (Mono 4.6.2.0),cs,Runtime Error,2108,27536,2378,
s535574971,p02936,u680456854,1574363507,C++,C++14 (GCC 5.4.1),cpp,Wrong Answer,121,21120,845,
s878375070,p02936,u133718147,1574363142,C#,C# (Mono 4.6.2.0),cs,Runtime Error,2108,29584,1962,
s401291107,p02936,u680456854,1574362941,C++,C++14 (GCC 5.4.1),cpp,Wrong Answer,120,20352,824,
s727514582,p02936,u133718147,1574362607,C#,C# (Mono 4.6.2.0),cs,Runtime Error,2109,25488,1958,
s053915103,p02936,u862412671,1574361846,C++,C++14 (GCC 5.4.1),cpp,Accepted,419,23552,789,
s261201867,p02936,u115106582,1574359613,C++,C++14 (GCC 5.4.1),cpp,Wrong Answer,323,5504,456,
s317372743,p02936,u731291894,1574356408,C++,C++14 (GCC 5.4.1),cpp,Accepted,330,27392,1346,
s425581391,p02936,u148425972,1574356037,Python,PyPy3 (2.4.0),py,Accepted,1911,112080,679,
s478807399,p02936,u148425972,1574355818,Python,PyPy3 (2.4.0),py,Time Limit Exceeded,2124,336080,635,
s458068976,p02936,u148425972,1574355781,Python,PyPy3 (2.4.0),py,Runtime Error,1880,133284,592,
s557889985,p02936,u754022296,1574354990,Python,PyPy3 (2.4.0),py,Wrong Answer,2151,685556,338,
s335600342,p02936,u754022296,1574354520,Python,PyPy3 (2.4.0),py,Wrong Answer,2120,329188,440,
s435107646,p02936,u754022296,1574354491,Python,Python (3.4.3),py,Wrong Answer,2112,131408,440,
s375206422,p02936,u901408472,1574323291,C++,C++14 (GCC 5.4.1),cpp,Accepted,614,25332,731,
s874346924,p02936,u901408472,1574322655,C++,C++14 (GCC 5.4.1),cpp,Time Limit Exceeded,2232,1548792,640,
s387455072,p02936,u901408472,1574322319,C++,C++14 (GCC 5.4.1),cpp,Wrong Answer,2227,1694584,697,
s312409489,p02936,u901408472,1574321149,C++,C++14 (GCC 5.4.1),cpp,Wrong Answer,2227,1731348,662,
s862325595,p02936,u553129408,1574312563,C++,C++14 (GCC 5.4.1),cpp,Accepted,150,23424,771,
s729862801,p02936,u553129408,1574312430,C++,C++14 (GCC 5.4.1),cpp,Runtime Error,100,768,769,
s709173181,p02936,u422558819,1574312122,C++,C++14 (GCC 5.4.1),cpp,Accepted,307,17140,1005,
s230724487,p02936,u809457879,1574311363,Python,Python (3.4.3),py,Accepted,1734,56148,473,
s773829859,p02936,u701199820,1574307943,Python,PyPy3 (2.4.0),py,Accepted,1846,132216,620,
s497401111,p02936,u731291894,1574303951,C++,C++14 (GCC 5.4.1),cpp,Wrong Answer,308,24320,1087,
s388115230,p02936,u731291894,1574301501,C++,C++14 (GCC 5.4.1),cpp,Wrong Answer,248,5504,947,
s611241992,p02936,u294683729,1574277466,C++,C++14 (GCC 5.4.1),cpp,Wrong Answer,315,15744,711,
s840881110,p02936,u294683729,1574272343,C++,C++14 (GCC 5.4.1),cpp,Wrong Answer,309,17280,734,
s330895329,p02936,u920254817,1574271478,C++,C++14 (GCC 5.4.1),cpp,Accepted,463,33664,740,
s822321754,p02936,u920254817,1574271208,C++,C++14 (GCC 5.4.1),cpp,Wrong Answer,277,21120,638,
s975576682,p02936,u176979814,1574268351,C++,C++14 (GCC 5.4.1),cpp,Time Limit Exceeded,2104,33792,848,
s233235787,p02936,u176979814,1574268220,C++,C++14 (GCC 5.4.1),cpp,Time Limit Exceeded,2221,2082548,847,
s691461916,p02936,u176979814,1574267765,C++,C++14 (GCC 5.4.1),cpp,Wrong Answer,2243,1679552,678,
s418716454,p02936,u237620737,1574225502,C++,C++14 (GCC 5.4.1),cpp,Accepted,303,30592,1714,
s137271709,p02936,u237620737,1574225288,C++,C++14 (GCC 5.4.1),cpp,Accepted,335,30592,1744,
s159918512,p02936,u874947858,1574225159,C++,C++14 (GCC 5.4.1),cpp,Accepted,126,24320,1732,
s014689144,p02936,u237620737,1574224778,C++,C++14 (GCC 5.4.1),cpp,Runtime Error,3520,1780,1803,
s686317605,p02936,u757628628,1574221724,C++,C++14 (GCC 5.4.1),cpp,Wrong Answer,649,43008,1910,
s624312050,p02936,u757628628,1574219561,C++,C++14 (GCC 5.4.1),cpp,Wrong Answer,2120,272256,2153,
s453400509,p02936,u051181337,1574219464,Python,PyPy3 (2.4.0),py,Accepted,1978,123660,520,
s466447767,p02936,u141968173,1574219099,C++,C++14 (GCC 5.4.1),cpp,Accepted,337,23808,762,
s920519794,p02936,u051181337,1574218588,Python,PyPy3 (2.4.0),py,Runtime Error,1951,152140,661,
s466357033,p02936,u757628628,1574216675,C++,C++14 (GCC 5.4.1),cpp,Wrong Answer,246,7040,1633,
s367156668,p02936,u757628628,1574211997,C++,C++14 (GCC 5.4.1),cpp,Wrong Answer,2113,162856,1736,
s955371824,p02936,u464617727,1574209695,C++,C++14 (GCC 5.4.1),cpp,Accepted,142,23680,860,
s277245945,p02936,u205369691,1574205904,D,D (DMD64 v2.070.1),d,Accepted,369,27900,1733,
s579423064,p02936,u294683729,1574204132,C++,C++14 (GCC 5.4.1),cpp,Runtime Error,259,7808,811,
s182309153,p02936,u294683729,1574203993,C++,C++14 (GCC 5.4.1),cpp,Compile Error,,,805,
s142156551,p02936,u176979814,1574201920,C++,C++14 (GCC 5.4.1),cpp,Wrong Answer,2225,1707652,709,
s672581195,p02936,u176979814,1574201011,C++,C++14 (GCC 5.4.1),cpp,Wrong Answer,2257,1640452,628,
s190810340,p02936,u243714267,1574199156,Python,Python (3.4.3),py,Wrong Answer,2106,44792,432,
s071045854,p02936,u243714267,1574198910,Python,Python (3.4.3),py,Wrong Answer,1595,44784,367,
s726966317,p02936,u243714267,1574198605,Python,Python (3.4.3),py,Wrong Answer,1783,51100,423,
s425588124,p02936,u243714267,1574198569,Python,Python (3.4.3),py,Wrong Answer,1677,44784,396,
s786973687,p02936,u243714267,1574198304,Python,Python (3.4.3),py,Wrong Answer,1713,44704,360,
s456677872,p02936,u314050667,1574196100,Python,Python (3.4.3),py,Accepted,1906,64560,509,
s770156378,p02936,u314050667,1574195827,Python,Python (3.4.3),py,Wrong Answer,1643,46344,446,
s931914492,p02936,u314050667,1574195195,Python,Python (3.4.3),py,Wrong Answer,2111,210360,454,
s517792759,p02936,u314050667,1574195032,Python,Python (3.4.3),py,Runtime Error,1568,42060,413,
s448649356,p02936,u314050667,1574194031,Python,Python (3.4.3),py,Wrong Answer,1595,44784,347,
s632741977,p02936,u693953100,1574185675,C++,C++14 (GCC 5.4.1),cpp,Accepted,296,21120,773,
s854875629,p02936,u187453157,1574162342,C++,C++14 (GCC 5.4.1),cpp,Accepted,300,30592,2570,
s582340315,p02936,u187453157,1574162307,C++,C++14 (GCC 5.4.1),cpp,Wrong Answer,290,27392,2574,
s908657783,p02936,u187453157,1574162256,C++,C++14 (GCC 5.4.1),cpp,Accepted,306,30592,2570,
s308061435,p02936,u187453157,1574161711,C++,C++14 (GCC 5.4.1),cpp,Wrong Answer,289,23552,2396,
s841074056,p02936,u110383054,1574138703,C++,C++ (GCC 5.4.1),cpp,Accepted,308,24320,770,
s582867329,p02936,u110383054,1574138192,C++,C++ (GCC 5.4.1),cpp,Accepted,361,21120,730,
s690793481,p02936,u110383054,1574137266,C++,C++ (GCC 5.4.1),cpp,Time Limit Exceeded,2215,1554664,912,
s502810965,p02936,u110383054,1574135484,C++,C++ (Clang 3.8.0),cpp,Time Limit Exceeded,2188,1692032,915,
s367572909,p02936,u110383054,1574133715,C++,C++ (Clang 3.8.0),cpp,Time Limit Exceeded,2182,1675520,926,
s521999019,p02936,u110383054,1574133618,C++,C++ (Clang 3.8.0),cpp,Wrong Answer,2183,1670656,925,
s618436688,p02936,u757628628,1574126513,C++,C++14 (GCC 5.4.1),cpp,Runtime Error,3526,1780,1818,
s373921692,p02936,u757628628,1574126073,C++,C++14 (GCC 5.4.1),cpp,Runtime Error,2641,1780,1867,
s554978501,p02936,u757628628,1574124662,C++,C++14 (GCC 5.4.1),cpp,Time Limit Exceeded,2104,17380,2044,
s315297339,p02936,u184659204,1574117461,C++,C++14 (GCC 5.4.1),cpp,Accepted,292,17776,1298,
s054836707,p02936,u132324749,1574110448,Scala,Scala (2.11.7),scala,Accepted,1332,105068,1716,
s755724397,p02936,u132324749,1574110269,Scala,Scala (2.11.7),scala,Time Limit Exceeded,2035,151764,777,
s114596426,p02936,u132324749,1574109523,Scala,Scala (2.11.7),scala,Wrong Answer,1578,145376,716,
s319045536,p02936,u132324749,1574108953,Scala,Scala (2.11.7),scala,Wrong Answer,1540,142976,586,
s051101767,p02936,u042802884,1574107201,Python,PyPy3 (2.4.0),py,Accepted,1946,129740,541,
s618031221,p02936,u042802884,1574090617,Python,PyPy3 (2.4.0),py,Time Limit Exceeded,2026,124492,601,
s048214201,p02936,u312025627,1574086378,Python,PyPy3 (2.4.0),py,Accepted,617,90960,878,
s228336152,p02936,u312025627,1574086089,Python,PyPy3 (2.4.0),py,Time Limit Exceeded,2109,99532,1394,
s856077279,p02936,u042802884,1574085284,Python,PyPy3 (2.4.0),py,Wrong Answer,1930,116684,479,
s488288783,p02936,u312025627,1574085158,Python,PyPy3 (2.4.0),py,Time Limit Exceeded,2112,143004,1361,
s096075107,p02936,u312025627,1574084866,Python,PyPy3 (2.4.0),py,Time Limit Exceeded,2112,162740,1743,
s772305207,p02936,u035566695,1574067457,C++,C++14 (GCC 5.4.1),cpp,Accepted,127,25984,1312,
s891783554,p02936,u035566695,1574066517,C++,C++14 (GCC 5.4.1),cpp,Wrong Answer,121,25856,1222,
s433395860,p02936,u620806894,1574053888,Python,Python (3.4.3),py,Runtime Error,1684,72616,424,
s487810926,p02936,u702462808,1574048470,C++,C++14 (GCC 5.4.1),cpp,Wrong Answer,2241,1776404,1107,
s659706188,p02936,u168579419,1574032389,C++,C++14 (GCC 5.4.1),cpp,Accepted,138,23424,5728,
s657329509,p02936,u254871849,1574029111,Python,Python (3.4.3),py,Wrong Answer,844,59016,980,
s057919369,p02936,u254871849,1574029043,Python,Python (3.4.3),py,Wrong Answer,878,59008,1040,
s241225761,p02936,u070343125,1574022752,C++,C++14 (GCC 5.4.1),cpp,Accepted,663,23552,790,
s054798279,p02936,u070343125,1574022507,C++,C++14 (GCC 5.4.1),cpp,Wrong Answer,642,24960,762,
s162249588,p02936,u499381410,1574017117,Python,PyPy3 (2.4.0),py,Accepted,854,124620,1385,
s844746542,p02936,u499381410,1574017055,Python,PyPy3 (2.4.0),py,Accepted,852,124620,1374,
s370090780,p02936,u499381410,1574016827,Python,PyPy3 (2.4.0),py,Accepted,847,124620,1360,
s059124886,p02936,u254871849,1574014565,Python,Python (3.4.3),py,Wrong Answer,912,59016,1078,
s797808787,p02936,u740836226,1574013976,Ruby,Ruby (2.3.3),rb,Accepted,1302,62972,577,
s663800324,p02936,u740836226,1574013862,Ruby,Ruby (2.3.3),rb,Wrong Answer,952,49264,481,
s311535546,p02936,u254871849,1574013658,Python,Python (3.4.3),py,Accepted,969,66864,1190,
s535365316,p02936,u254871849,1574012575,Python,Python (3.4.3),py,Wrong Answer,816,59020,915,
s151933710,p02936,u254871849,1574009111,Python,Python (3.4.3),py,Wrong Answer,1013,44764,937,
s490473611,p02936,u254871849,1574009081,Python,Python (3.4.3),py,Wrong Answer,1001,44768,922,
s722846831,p02936,u254871849,1574009008,Python,Python (3.4.3),py,Wrong Answer,798,49700,886,
s536632033,p02936,u877399296,1573979803,C++,C++14 (GCC 5.4.1),cpp,Accepted,137,19584,2020,
s504332386,p02936,u006576567,1573974776,C++,C++14 (GCC 5.4.1),cpp,Accepted,448,17124,1118,
s860684497,p02936,u006576567,1573971685,C++,C++14 (GCC 5.4.1),cpp,Time Limit Exceeded,2105,37888,1384,
s443680554,p02936,u006576567,1573969531,C++,C++14 (GCC 5.4.1),cpp,Time Limit Exceeded,2104,16628,1443,
s179638328,p02936,u006576567,1573969350,C++,C++14 (GCC 5.4.1),cpp,Time Limit Exceeded,2105,26468,1453,
s240668065,p02936,u006576567,1573968948,C++,C++14 (GCC 5.4.1),cpp,Wrong Answer,395,14848,1456,
s713594033,p02936,u006576567,1573968805,C++,C++14 (GCC 5.4.1),cpp,Wrong Answer,2104,23552,1583,
s660828532,p02936,u639032323,1573968667,C++,C++14 (GCC 5.4.1),cpp,Accepted,656,23552,586,
s510852817,p02936,u639032323,1573968493,C++,C++14 (GCC 5.4.1),cpp,Wrong Answer,664,23296,585,
s681301296,p02936,u006576567,1573967510,C++,C++14 (GCC 5.4.1),cpp,Wrong Answer,412,14080,931,
s839820267,p02936,u002539468,1573953431,Python,Python (3.4.3),py,Runtime Error,2106,49944,563,
s764406211,p02936,u947304300,1573953348,C++,C++14 (GCC 5.4.1),cpp,Accepted,140,21232,1272,
s967697615,p02936,u489959379,1573951408,Python,Python (3.4.3),py,Accepted,1628,230920,512,
s490355564,p02936,u489959379,1573951283,Python,Python (3.4.3),py,Time Limit Exceeded,2118,230904,485,
s018845203,p02936,u489959379,1573951239,Python,Python (3.4.3),py,Wrong Answer,2120,225096,502,
s065085840,p02936,u305052967,1573939948,Nim,Nim (0.13.0),nim,Accepted,452,32508,914,
s238527389,p02936,u350836088,1573937104,C++,C++14 (GCC 5.4.1),cpp,Accepted,674,26624,616,
s664122806,p02936,u351265848,1573936403,C++,C++14 (GCC 5.4.1),cpp,Accepted,303,27392,732,
s662609659,p02936,u351265848,1573935942,C++,C++14 (GCC 5.4.1),cpp,Wrong Answer,301,27392,737,
s930677816,p02936,u351265848,1573935454,C++,C++14 (GCC 5.4.1),cpp,Wrong Answer,289,27392,714,
s233961794,p02936,u351265848,1573935298,C++,C++14 (GCC 5.4.1),cpp,Wrong Answer,2231,1687708,713,
s740374819,p02936,u071680334,1573934694,C,C (GCC 5.4.1),c,Accepted,143,32000,1372,
s125247952,p02936,u351265848,1573934547,C++,C++14 (GCC 5.4.1),cpp,Wrong Answer,2105,25216,708,
s693959864,p02936,u351265848,1573934361,C++,C++14 (GCC 5.4.1),cpp,Wrong Answer,2229,1726348,706,
s053303995,p02936,u636614373,1573934197,C#,C# (Mono 4.6.2.0),cs,Accepted,693,82192,3808,
s260475793,p02936,u636614373,1573934039,C#,C# (Mono 4.6.2.0),cs,Wrong Answer,680,76440,3623,
s141340171,p02936,u305052967,1573884133,Nim,Nim (0.13.0),nim,Time Limit Exceeded,2105,30844,898,
s379489824,p02936,u089230684,1573879355,C++,C++14 (GCC 5.4.1),cpp,Accepted,145,25856,695,
s075225751,p02936,u592686932,1573877939,C++,C++14 (GCC 5.4.1),cpp,Time Limit Exceeded,2171,1133528,2515,
s752406586,p02936,u592686932,1573877857,C++,C++14 (GCC 5.4.1),cpp,Accepted,147,21104,2519,
s233038794,p02936,u592686932,1573877792,C++,C++14 (GCC 5.4.1),cpp,Time Limit Exceeded,2171,1142972,2512,
s282619988,p02936,u061071198,1573877202,C++,C++14 (GCC 5.4.1),cpp,Accepted,459,38016,9286,
s192583275,p02936,u592686932,1573876888,C++,C++14 (GCC 5.4.1),cpp,Time Limit Exceeded,2200,1401860,2508,
s227046161,p02936,u489959379,1573870172,Python,Python (3.4.3),py,Wrong Answer,1413,31844,340,
s191184488,p02936,u061071198,1573858337,C++,C++14 (GCC 5.4.1),cpp,Accepted,970,65008,9325,
s457105171,p02936,u061071198,1573857971,C++,C++14 (GCC 5.4.1),cpp,Accepted,1011,64880,8284,
s506020557,p02936,u294683729,1573856096,C++,C++14 (GCC 5.4.1),cpp,Wrong Answer,309,4352,378,
s600189095,p02936,u069033429,1573854056,C++,C++14 (GCC 5.4.1),cpp,Accepted,379,27392,741,
s727610195,p02936,u195912432,1573834319,PHP,PHP7 (7.0.15),php,Wrong Answer,790,38772,471,
s151163288,p02936,u557494880,1573834162,Python,Python (3.4.3),py,Accepted,1721,56168,472,
s319222474,p02936,u557494880,1573833709,Python,Python (3.4.3),py,Wrong Answer,2107,53884,462,
s216566762,p02936,u557494880,1573833607,Python,Python (3.4.3),py,Time Limit Exceeded,2107,55856,457,
s765761757,p02936,u557494880,1573833169,Python,Python (3.4.3),py,Time Limit Exceeded,2106,55832,426,
s508446981,p02936,u557494880,1573833045,Python,PyPy3 (2.4.0),py,Time Limit Exceeded,2110,103040,438,
s335670239,p02936,u557494880,1573832912,Python,Python (3.4.3),py,Time Limit Exceeded,2106,48432,437,
s343931224,p02936,u557494880,1573831885,Python,Python (3.4.3),py,Wrong Answer,1311,25812,268,
s771063568,p02936,u557494880,1573831762,Python,Python (3.4.3),py,Wrong Answer,1345,24012,266,
s370690879,p02936,u557494880,1573831642,Python,Python (3.4.3),py,Runtime Error,1116,18676,263,
s982376124,p02936,u624645160,1573831207,C++,C++14 (GCC 5.4.1),cpp,Runtime Error,102,2560,989,
s993448508,p02936,u195912432,1573830328,PHP,PHP7 (7.0.15),php,Wrong Answer,334,176632,602,
s511144606,p02936,u195912432,1573830271,PHP,PHP7 (7.0.15),php,Wrong Answer,318,158200,624,
s843525203,p02936,u195912432,1573829487,PHP,PHP7 (7.0.15),php,Wrong Answer,359,36468,312,
s655814736,p02936,u195912432,1573829290,PHP,PHP7 (7.0.15),php,Accepted,402,132720,713,
s440424244,p02936,u106964380,1573826544,Ruby,Ruby (2.3.3),rb,Runtime Error,637,9212,278,
s597458032,p02936,u106964380,1573823447,Ruby,Ruby (2.3.3),rb,Runtime Error,631,9212,295,
s195389068,p02936,u139478771,1573803981,Kotlin,Kotlin (1.0.0),kt,Accepted,2000,148276,1028,
s109133280,p02936,u139478771,1573802912,Kotlin,Kotlin (1.0.0),kt,Runtime Error,515,270084,1078,
s974564609,p02936,u139478771,1573802751,Kotlin,Kotlin (1.0.0),kt,Runtime Error,542,271092,1074,
s656349295,p02936,u139478771,1573802273,Kotlin,Kotlin (1.0.0),kt,Runtime Error,520,283556,1071,
s477214857,p02936,u139478771,1573802183,Kotlin,Kotlin (1.0.0),kt,Runtime Error,462,289776,1065,
s871318566,p02936,u139478771,1573801895,Kotlin,Kotlin (1.0.0),kt,Time Limit Exceeded,2043,148164,1010,
s728605076,p02936,u139478771,1573801780,Kotlin,Kotlin (1.0.0),kt,Runtime Error,873,284396,1013,
s094914660,p02936,u139478771,1573801702,Kotlin,Kotlin (1.0.0),kt,Runtime Error,883,285880,1011,
s849126753,p02936,u139478771,1573801556,Kotlin,Kotlin (1.0.0),kt,Runtime Error,1428,399664,955,
s054793627,p02936,u139478771,1573801325,Kotlin,Kotlin (1.0.0),kt,Time Limit Exceeded,2111,172976,1058,
s845417779,p02936,u139478771,1573801027,Kotlin,Kotlin (1.0.0),kt,Time Limit Exceeded,2036,147824,1021,
s430797466,p02936,u929199273,1573800893,C++,C++14 (GCC 5.4.1),cpp,Wrong Answer,574,32896,1494,
s013819788,p02936,u139478771,1573800806,Kotlin,Kotlin (1.0.0),kt,Time Limit Exceeded,2103,149684,961,
s134608277,p02936,u139478771,1573800645,Kotlin,Kotlin (1.0.0),kt,Time Limit Exceeded,2103,173212,951,
s045804742,p02936,u929199273,1573800509,C++,C++14 (GCC 5.4.1),cpp,Wrong Answer,565,32896,1371,
s872799257,p02936,u139478771,1573800498,Kotlin,Kotlin (1.0.0),kt,Time Limit Exceeded,2114,174848,940,
s514552013,p02936,u139478771,1573800281,Kotlin,Kotlin (1.0.0),kt,Time Limit Exceeded,2119,172324,940,
s384796712,p02936,u139478771,1573800181,Kotlin,Kotlin (1.0.0),kt,Time Limit Exceeded,2111,182284,855,
s556690504,p02936,u139478771,1573799633,Kotlin,Kotlin (1.0.0),kt,Time Limit Exceeded,2111,158132,855,
s769308531,p02936,u139478771,1573799471,Kotlin,Kotlin (1.0.0),kt,Time Limit Exceeded,2111,149468,889,
s711382738,p02936,u139478771,1573799393,Kotlin,Kotlin (1.0.0),kt,Time Limit Exceeded,2111,159532,886,
s825420995,p02936,u139478771,1573799107,Kotlin,Kotlin (1.0.0),kt,Time Limit Exceeded,2111,167628,1031,
s738511058,p02936,u139478771,1573798886,Kotlin,Kotlin (1.0.0),kt,Time Limit Exceeded,2111,169352,1152,
s970689575,p02936,u139478771,1573798670,Kotlin,Kotlin (1.0.0),kt,Time Limit Exceeded,2111,200600,1098,
s346020672,p02936,u139478771,1573798525,Kotlin,Kotlin (1.0.0),kt,Time Limit Exceeded,2119,235344,1097,
s902836087,p02936,u139478771,1573798334,Kotlin,Kotlin (1.0.0),kt,Time Limit Exceeded,2119,221344,1303,
s011087746,p02936,u929199273,1573798229,C++,C++14 (GCC 5.4.1),cpp,Wrong Answer,2246,1633880,1684,
s928815673,p02936,u139478771,1573798143,Kotlin,Kotlin (1.0.0),kt,Runtime Error,1921,196308,1312,
s473278828,p02936,u139478771,1573798061,Kotlin,Kotlin (1.0.0),kt,Time Limit Exceeded,2119,223164,1420,
s165326522,p02936,u021107862,1573798028,C++,C++14 (GCC 5.4.1),cpp,Accepted,135,21120,888,
s384680571,p02936,u139478771,1573797854,Kotlin,Kotlin (1.0.0),kt,Wrong Answer,2119,231036,1240,
s621306440,p02936,u929199273,1573797004,C++,C++14 (GCC 5.4.1),cpp,Wrong Answer,2105,24448,1364,
s117677362,p02936,u929199273,1573796850,C++,C++14 (GCC 5.4.1),cpp,Wrong Answer,2104,26496,1361,
s543852356,p02936,u518042385,1573793345,Python,Python (3.4.3),py,Runtime Error,1557,68256,626,
s326859999,p02936,u672956630,1573792599,Lisp,Common Lisp (SBCL 1.1.14),l,Time Limit Exceeded,2106,82344,816,
s702931557,p02936,u537859408,1573792368,Python,Python (3.4.3),py,Accepted,1775,66848,533,
s183277546,p02936,u387806792,1573791493,Java,Java8 (OpenJDK 1.8.0),java,Accepted,1356,193472,2094,
s650438389,p02936,u139478771,1573790028,Kotlin,Kotlin (1.0.0),kt,Wrong Answer,2057,199196,972,
s290632853,p02936,u139478771,1573789833,Kotlin,Kotlin (1.0.0),kt,Wrong Answer,1902,194164,964,
s874427431,p02936,u387806792,1573789752,Java,Java8 (OpenJDK 1.8.0),java,Wrong Answer,1045,162404,1651,
s806236576,p02936,u244626757,1573789491,C++,C++14 (GCC 5.4.1),cpp,Accepted,296,17136,721,
s541499312,p02936,u172724284,1573788926,C++,C++14 (GCC 5.4.1),cpp,Accepted,318,28928,742,
s426537647,p02936,u139478771,1573788472,Kotlin,Kotlin (1.0.0),kt,Wrong Answer,2119,221020,1007,
s409556180,p02936,u387806792,1573787753,Java,Java8 (OpenJDK 1.8.0),java,Runtime Error,640,94684,1653,
s554529132,p02936,u482982507,1573783135,C++,C++14 (GCC 5.4.1),cpp,Accepted,311,15604,772,
s089333503,p02936,u248209126,1573781065,PHP,PHP7 (7.0.15),php,Accepted,454,162292,559,
s488877801,p02936,u248209126,1573780287,PHP,PHP7 (7.0.15),php,Wrong Answer,422,172528,550,
s622459906,p02936,u248209126,1573778993,PHP,PHP7 (7.0.15),php,Wrong Answer,405,172528,551,
s002661392,p02936,u106964380,1573767515,Ruby,Ruby (2.3.3),rb,Runtime Error,650,9212,306,
s041915064,p02936,u244203620,1573764854,C++,C++14 (GCC 5.4.1),cpp,Time Limit Exceeded,2104,7168,852,
s057121583,p02936,u244203620,1573764721,C++,C++14 (GCC 5.4.1),cpp,Time Limit Exceeded,2103,7168,852,
s482216190,p02936,u244203620,1573762687,C++,C++14 (GCC 5.4.1),cpp,Time Limit Exceeded,2103,7040,755,
s764091500,p02936,u244203620,1573762048,C++,C++14 (GCC 5.4.1),cpp,Wrong Answer,266,7168,821,
s160899426,p02936,u244203620,1573761357,C++,C++14 (GCC 5.4.1),cpp,Wrong Answer,284,6272,813,
s903979112,p02936,u786944534,1573757044,C#,C# (Mono 4.6.2.0),cs,Accepted,1537,55956,4513,
s289427153,p02936,u786944534,1573755623,C#,C# (Mono 4.6.2.0),cs,Wrong Answer,1517,51096,4370,
s903240123,p02936,u596276291,1573750569,C++,C++14 (GCC 5.4.1),cpp,Accepted,187,45440,6667,
s586920514,p02936,u244626757,1573744024,C++,C++14 (GCC 5.4.1),cpp,Wrong Answer,265,6272,475,
s060313123,p02936,u244203620,1573741267,C++,C++14 (GCC 5.4.1),cpp,Wrong Answer,270,6272,495,
s889819984,p02936,u241874341,1573724370,Java,Java8 (OpenJDK 1.8.0),java,Wrong Answer,2106,377808,1773,
s239308198,p02936,u241874341,1573723844,Java,Java8 (OpenJDK 1.8.0),java,Wrong Answer,2111,371552,1772,
s042838086,p02936,u241874341,1573723675,Java,Java8 (OpenJDK 1.8.0),java,Wrong Answer,2111,375604,1909,
s081422711,p02936,u241874341,1573723019,Java,Java8 (OpenJDK 1.8.0),java,Wrong Answer,2112,372860,1708,
s244474499,p02936,u937642029,1573702153,Python,PyPy3 (2.4.0),py,Wrong Answer,1433,115656,1294,
s380709850,p02936,u004411048,1573691270,C++,C++14 (GCC 5.4.1),cpp,Accepted,365,27768,851,
s400164856,p02936,u393754572,1573690332,C++,C++14 (GCC 5.4.1),cpp,Accepted,667,23552,573,
s589482424,p02936,u004411048,1573690282,C++,C++14 (GCC 5.4.1),cpp,Wrong Answer,277,21368,755,
s385378560,p02936,u242031676,1573678193,Python,Python (3.4.3),py,Time Limit Exceeded,2111,56620,545,
s349671319,p02936,u242031676,1573677960,Python,PyPy3 (2.4.0),py,Accepted,1278,98320,545,
s660195548,p02936,u728498511,1573676537,Python,Python (3.4.3),py,Time Limit Exceeded,2107,50712,447,
s899817782,p02936,u298620933,1573675449,C++,C++14 (GCC 5.4.1),cpp,Accepted,665,23424,1470,
s317376246,p02936,u298620933,1573674082,C++,C++14 (GCC 5.4.1),cpp,Wrong Answer,2103,5376,2093,
s074258347,p02936,u071680334,1573673954,C,C (GCC 5.4.1),c,Wrong Answer,2104,11648,2057,
s139992621,p02936,u309470177,1573673943,C++,C++14 (GCC 5.4.1),cpp,Accepted,151,27392,1486,
s231247804,p02936,u071680334,1573673577,C,C (GCC 5.4.1),c,Wrong Answer,2103,11648,1862,
s137038604,p02936,u071680334,1573673277,C,C (GCC 5.4.1),c,Wrong Answer,2103,10624,1860,
s736298841,p02936,u298620933,1573672706,C++,C++14 (GCC 5.4.1),cpp,Wrong Answer,529,5504,1572,
s459339702,p02936,u539199630,1573669207,C++,C++14 (GCC 5.4.1),cpp,Accepted,129,23552,874,
s781818639,p02936,u728498511,1573667406,C++,C++14 (GCC 5.4.1),cpp,Accepted,143,17904,1110,
s845748622,p02936,u000120715,1573647313,C++,C++14 (GCC 5.4.1),cpp,Accepted,107,16384,719,
s983103219,p02936,u562002567,1573629228,Java,Java8 (OpenJDK 1.8.0),java,Accepted,1152,322608,2082,
s768472319,p02936,u562002567,1573628911,Java,Java8 (OpenJDK 1.8.0),java,Wrong Answer,1163,320592,1903,
s646661990,p02936,u562002567,1573628396,Java,Java8 (OpenJDK 1.8.0),java,Wrong Answer,1238,315712,1902,
s508834378,p02936,u976833038,1573627045,C++,C++14 (GCC 5.4.1),cpp,Wrong Answer,2103,3712,614,
s274500958,p02936,u981866345,1573625578,Java,Java8 (OpenJDK 1.8.0),java,Accepted,1854,209220,1987,
s661748403,p02936,u981866345,1573625338,Java,Java8 (OpenJDK 1.8.0),java,Wrong Answer,2110,231536,2009,
s310423465,p02936,u981866345,1573625181,Java,Java8 (OpenJDK 1.8.0),java,Wrong Answer,2110,224500,1972,
s511727164,p02936,u981866345,1573624312,Java,Java8 (OpenJDK 1.8.0),java,Wrong Answer,2109,222836,1938,
s098756017,p02936,u981866345,1573624152,Java,Java8 (OpenJDK 1.8.0),java,Wrong Answer,2110,223200,1936,
s329345785,p02936,u981866345,1573623932,Java,Java8 (OpenJDK 1.8.0),java,Runtime Error,2110,222216,1940,
s849521152,p02936,u981866345,1573623888,Java,Java8 (OpenJDK 1.8.0),java,Compile Error,,,1939,
s305753144,p02936,u981866345,1573623286,Java,Java8 (OpenJDK 1.8.0),java,Runtime Error,2109,214444,1866,
s666490870,p02936,u181719868,1573621490,C++,C++14 (GCC 5.4.1),cpp,Accepted,412,34944,2501,
s477235627,p02936,u181719868,1573621408,C++,C++14 (GCC 5.4.1),cpp,Runtime Error,572,285044,2500,
s143233256,p02936,u387806792,1573618924,Java,Java8 (OpenJDK 1.8.0),java,Wrong Answer,1032,158116,1634,
s020555696,p02936,u387806792,1573618152,Java,Java8 (OpenJDK 1.8.0),java,Wrong Answer,2109,279564,1781,
s378979224,p02936,u948524308,1573612645,Python,Python (3.4.3),py,Runtime Error,2106,46756,421,
s730478549,p02936,u313043608,1573609452,C++,C++14 (GCC 5.4.1),cpp,Accepted,305,18676,1083,
s015224932,p02936,u313043608,1573609368,C++,C++14 (GCC 5.4.1),cpp,Wrong Answer,292,15744,1090,
s436847693,p02936,u948524308,1573591368,Python,Python (3.4.3),py,Wrong Answer,2106,42904,558,
s339344780,p02936,u425248533,1573584895,Rust,Rust (1.15.1),rs,Accepted,105,33016,1121,
s887907985,p02936,u680707192,1573584491,C++,C++14 (GCC 5.4.1),cpp,Accepted,472,39936,866,
s563122427,p02936,u680707192,1573584324,C++,C++14 (GCC 5.4.1),cpp,Time Limit Exceeded,2105,31488,889,
s467225993,p02936,u143572112,1573581557,C++,C++14 (GCC 5.4.1),cpp,Accepted,309,16500,2581,
s259729129,p02936,u071680334,1573563252,C,C (GCC 5.4.1),c,Time Limit Exceeded,2107,8448,1613,
s931347826,p02936,u694731294,1573543049,C++,C++14 (GCC 5.4.1),cpp,Accepted,253,38004,1563,
s122371330,p02936,u694731294,1573542943,C++,C++14 (GCC 5.4.1),cpp,Runtime Error,161,24688,1583,
s290123250,p02936,u694731294,1573542843,C++,C++14 (GCC 5.4.1),cpp,Runtime Error,2104,24688,1559,
s926671902,p02936,u384657160,1573542509,Python,Python (3.4.3),py,Wrong Answer,1511,282332,714,
s971368931,p02936,u384657160,1573542049,Python,Python (3.4.3),py,Wrong Answer,2116,282336,683,
s249185694,p02936,u384657160,1573541750,Python,Python (3.4.3),py,Wrong Answer,2112,244776,540,
s941454866,p02936,u384657160,1573541645,Python,PyPy3 (2.4.0),py,Runtime Error,1928,136612,503,
s521601908,p02936,u885523920,1573537332,C++,C++14 (GCC 5.4.1),cpp,Accepted,359,23424,590,
s407891192,p02936,u517411077,1573520675,C++,C++14 (GCC 5.4.1),cpp,Accepted,291,19444,1411,
s526781035,p02936,u517411077,1573520494,C++,C++14 (GCC 5.4.1),cpp,Wrong Answer,280,15616,1215,
s722449853,p02936,u841111730,1573510811,C++,C++14 (GCC 5.4.1),cpp,Accepted,319,20608,931,
s072226817,p02936,u816631826,1573504563,C++,C++14 (GCC 5.4.1),cpp,Accepted,120,45056,1057,
s966445154,p02936,u863370423,1573504425,C++,C++14 (GCC 5.4.1),cpp,Accepted,159,28160,852,
s766634938,p02936,u069450081,1573503991,C++,C++14 (GCC 5.4.1),cpp,Accepted,317,26624,1079,
s812132928,p02936,u069450081,1573503934,C++,C++14 (GCC 5.4.1),cpp,Runtime Error,294,26624,1077,
s107527757,p02936,u089230684,1573502054,C++,C++14 (GCC 5.4.1),cpp,Accepted,152,23424,766,
s335511985,p02936,u115888500,1573494035,C++,C++14 (GCC 5.4.1),cpp,Accepted,358,23424,763,
s273805518,p02936,u603303736,1573468874,C++,C++14 (GCC 5.4.1),cpp,Accepted,399,33152,6724,
s138058655,p02936,u069450081,1573462188,C++,C++14 (GCC 5.4.1),cpp,Accepted,309,26624,1033,
s785827528,p02936,u639343026,1573449806,Python,Python (3.4.3),py,Accepted,1785,230960,483,
s399665347,p02936,u639343026,1573449736,Python,Python (3.4.3),py,Time Limit Exceeded,2111,230960,456,
s478897600,p02936,u639343026,1573449487,Python,Python (3.4.3),py,Time Limit Exceeded,2118,229908,446,
s045863485,p02936,u861962192,1573448357,Python,PyPy3 (2.4.0),py,Time Limit Exceeded,2128,363144,570,
s352188341,p02936,u861962192,1573448318,Python,Python (3.4.3),py,Time Limit Exceeded,2114,268432,570,
s178329740,p02936,u861962192,1573448203,Python,Python (3.4.3),py,Accepted,1941,268464,620,
s930543191,p02936,u861962192,1573448082,Python,Python (3.4.3),py,Runtime Error,1737,52300,403,
s996156854,p02936,u861962192,1573448004,Python,Python (3.4.3),py,Runtime Error,1719,52304,413,
s642354905,p02936,u861962192,1573447903,Python,Python (3.4.3),py,Runtime Error,1693,52284,412,
s464130558,p02936,u861962192,1573447676,Python,Python (3.4.3),py,Runtime Error,1822,52284,406,
s912583271,p02936,u861962192,1573447561,Python,Python (3.4.3),py,Runtime Error,1683,52296,529,
s929090755,p02936,u861962192,1573447492,Python,Python (3.4.3),py,Runtime Error,1541,47908,532,
s754911123,p02936,u861962192,1573447348,Python,Python (3.4.3),py,Accepted,1950,268464,494,
s466555030,p02936,u861962192,1573447134,Python,Python (3.4.3),py,Runtime Error,1635,52260,567,
s140861479,p02936,u861962192,1573446738,Python,Python (3.4.3),py,Runtime Error,1626,52296,542,
s828868979,p02936,u393754572,1573446648,C++,C++14 (GCC 5.4.1),cpp,Wrong Answer,2105,33780,2137,
s599519739,p02936,u861962192,1573446614,Python,Python (3.4.3),py,Runtime Error,1707,52608,596,
s030108821,p02936,u393754572,1573446609,C++,C++14 (GCC 5.4.1),cpp,Wrong Answer,2105,31604,2116,
s555210090,p02936,u861962192,1573446509,Python,Python (3.4.3),py,Runtime Error,1667,52012,623,
s389379888,p02936,u649915042,1573446088,C++,C++14 (GCC 5.4.1),cpp,Accepted,309,33664,1052,
s281428796,p02936,u861962192,1573445250,Python,Python (3.4.3),py,Wrong Answer,1807,53212,606,
s707734366,p02936,u861962192,1573444739,Python,Python (3.4.3),py,Wrong Answer,1530,46288,590,
s232678374,p02936,u393754572,1573444700,C++,C++14 (GCC 5.4.1),cpp,Wrong Answer,320,33780,1851,
s239305870,p02936,u393754572,1573443310,C++,C++14 (GCC 5.4.1),cpp,Wrong Answer,320,33780,1841,
s907793169,p02936,u393754572,1573443190,C++,C++14 (GCC 5.4.1),cpp,Wrong Answer,318,30708,1866,
s654142603,p02936,u393754572,1573443129,C++,C++14 (GCC 5.4.1),cpp,Runtime Error,103,4224,1866,
s205078874,p02936,u384657160,1573442792,Python,Python (3.4.3),py,Runtime Error,1662,71812,498,
s444266548,p02936,u639343026,1573441544,Python,Python (3.4.3),py,Wrong Answer,1706,47920,756,
s177890148,p02936,u639343026,1573441124,Python,Python (3.4.3),py,Wrong Answer,2104,19120,521,
s691319622,p02936,u639343026,1573440186,Python,Python (3.4.3),py,Wrong Answer,2117,216240,449,
s916299577,p02936,u639343026,1573439843,Python,Python (3.4.3),py,Wrong Answer,2134,509488,407,
s622524598,p02936,u869919400,1573428681,Python,Python (3.4.3),py,Time Limit Exceeded,2121,268336,443,
s242731726,p02936,u869919400,1573428610,Python,Python (3.4.3),py,Accepted,1749,268464,493,
s062974088,p02936,u869919400,1573428542,Python,PyPy3 (2.4.0),py,Time Limit Exceeded,2156,835064,475,
s492397071,p02936,u869919400,1573428420,Python,PyPy3 (2.4.0),py,Time Limit Exceeded,2156,773692,493,
s072916450,p02936,u869919400,1573428249,Python,PyPy3 (2.4.0),py,Time Limit Exceeded,2123,309368,443,
s143846197,p02936,u869919400,1573428178,Python,PyPy3 (2.4.0),py,Time Limit Exceeded,2126,376112,444,
s754410803,p02936,u490305870,1573418285,Python,Python (3.4.3),py,Wrong Answer,1991,107176,537,
s191601305,p02936,u490305870,1573417993,Python,Python (3.4.3),py,Wrong Answer,2128,415152,502,
s576942329,p02936,u490305870,1573417205,Python,Python (3.4.3),py,Wrong Answer,1902,107176,447,
s722090476,p02936,u490305870,1573416090,Python,Python (3.4.3),py,Wrong Answer,2114,120804,522,
s897727505,p02936,u490305870,1573415826,Python,Python (3.4.3),py,Wrong Answer,2114,119532,549,
s432862280,p02936,u770396365,1573409275,C++,C++14 (GCC 5.4.1),cpp,Accepted,667,24704,673,
s531213953,p02936,u490305870,1573409274,Python,Python (3.4.3),py,Wrong Answer,2115,119456,642,
s961575597,p02936,u770396365,1573405597,C++,C++14 (GCC 5.4.1),cpp,Wrong Answer,2105,25216,963,
s340202499,p02936,u303059352,1573396839,C++,C++14 (GCC 5.4.1),cpp,Accepted,311,21888,542,
s243193121,p02936,u303059352,1573396631,C++,C++14 (GCC 5.4.1),cpp,Wrong Answer,306,22656,543,
s303424557,p02936,u303059352,1573396398,C++,C++14 (GCC 5.4.1),cpp,Wrong Answer,282,23552,504,
s134555649,p02936,u303059352,1573395999,C++,C++14 (GCC 5.4.1),cpp,Wrong Answer,290,23552,559,
s866911862,p02936,u303059352,1573395682,C++,C++14 (GCC 5.4.1),cpp,Wrong Answer,300,23552,545,
s948054659,p02936,u303059352,1573395619,C++,C++14 (GCC 5.4.1),cpp,Compile Error,,,539,
s478978269,p02936,u831752983,1573363623,Python,Python (3.4.3),py,Runtime Error,2112,141896,465,
s799995335,p02936,u831752983,1573362867,Python,Python (3.4.3),py,Runtime Error,2106,55656,468,
s993263325,p02936,u428922728,1573353705,Java,Java8 (OpenJDK 1.8.0),java,Accepted,1896,210344,1638,
s129427965,p02936,u885523920,1573351142,C++,C++14 (GCC 5.4.1),cpp,Wrong Answer,2104,21376,525,
s886749140,p02936,u428922728,1573348214,Java,Java8 (OpenJDK 1.8.0),java,Wrong Answer,1019,161876,951,
s240949796,p02936,u428922728,1573347967,Java,Java8 (OpenJDK 1.8.0),java,Wrong Answer,1052,155772,949,
s886638312,p02936,u274883254,1573346322,C++,C++14 (GCC 5.4.1),cpp,Accepted,129,23552,615,
s666439246,p02936,u494927057,1573342694,Python,Python (3.4.3),py,Wrong Answer,1529,63204,379,
s138613274,p02936,u494927057,1573341240,Python,Python (3.4.3),py,Runtime Error,2106,84588,634,
s419200123,p02936,u010090035,1573335698,Python,Python (3.4.3),py,Runtime Error,1676,45752,619,
s918770194,p02936,u010090035,1573334874,Python,Python (3.4.3),py,Wrong Answer,1463,22712,406,
s645997373,p02936,u010090035,1573334071,Python,Python (3.4.3),py,Wrong Answer,1485,22732,382,
s046525715,p02936,u433195318,1573331409,C++,C++14 (GCC 5.4.1),cpp,Accepted,143,22784,3059,
s358962921,p02936,u433195318,1573330866,C++,C++14 (GCC 5.4.1),cpp,Accepted,150,24320,2349,
s377811903,p02936,u433195318,1573330363,C++,C++14 (GCC 5.4.1),cpp,Runtime Error,356,278772,2146,
s141364636,p02936,u433195318,1573330288,C++,C++14 (GCC 5.4.1),cpp,Runtime Error,99,1792,2128,
s814081718,p02936,u433195318,1573328356,C++,C++14 (GCC 5.4.1),cpp,Wrong Answer,2105,24448,2516,
s523931837,p02936,u433195318,1573328274,C++,C++14 (GCC 5.4.1),cpp,Compile Error,,,2497,
s603985930,p02936,u433195318,1573328116,C++,C++14 (GCC 5.4.1),cpp,Wrong Answer,152,21632,2439,
s954143006,p02936,u433195318,1573327487,C++,C++14 (GCC 5.4.1),cpp,Wrong Answer,2105,26496,2172,
s238671697,p02936,u051181337,1573315066,Python,PyPy3 (2.4.0),py,Wrong Answer,2110,125180,410,
s580354901,p02936,u869919400,1573314815,Python,PyPy3 (2.4.0),py,Wrong Answer,1872,125528,319,
s612726950,p02936,u949981986,1573314747,Python,Python (3.4.3),py,Accepted,977,65460,1379,
s167330249,p02936,u329399746,1573312396,C++,C++14 (GCC 5.4.1),cpp,Accepted,294,19440,1291,
s533041747,p02936,u479319505,1573307796,C++,C++14 (GCC 5.4.1),cpp,Accepted,292,16372,933,
s001561856,p02936,u329399746,1573302489,C++,C++14 (GCC 5.4.1),cpp,Wrong Answer,337,17792,1209,
s130733580,p02936,u220904910,1573283493,Python,Python (3.4.3),py,Wrong Answer,1487,73632,266,
s352773715,p02936,u949981986,1573281049,Python,Python (3.4.3),py,Wrong Answer,938,62260,1629,
s867948555,p02936,u153390822,1573278046,C++,C++14 (GCC 5.4.1),cpp,Accepted,314,35200,2613,
s066923026,p02936,u209767598,1573275927,C++,C++14 (GCC 5.4.1),cpp,Accepted,575,16372,712,
s454865376,p02936,u526974618,1573268117,C++,C++14 (GCC 5.4.1),cpp,Accepted,323,27392,890,
s915028518,p02936,u526974618,1573267720,C++,C++14 (GCC 5.4.1),cpp,Wrong Answer,275,24320,781,
s214718647,p02936,u526974618,1573266411,C++,C++14 (GCC 5.4.1),cpp,Wrong Answer,269,14848,704,
s824978786,p02936,u816631826,1573266033,C++,C++14 (GCC 5.4.1),cpp,Accepted,106,28672,852,
s350083988,p02936,u089230684,1573265406,C++,C++14 (GCC 5.4.1),cpp,Wrong Answer,115,42752,1030,
s539295304,p02936,u022441529,1573263992,C++,C++14 (GCC 5.4.1),cpp,Wrong Answer,122,48896,1023,
s300804376,p02936,u022441529,1573263739,C++,C++14 (GCC 5.4.1),cpp,Wrong Answer,121,48896,1009,
s532041012,p02936,u863370423,1573263666,C++,C++14 (GCC 5.4.1),cpp,Wrong Answer,127,48896,1009,
s523940171,p02936,u022441529,1573262843,C++,C++14 (GCC 5.4.1),cpp,Accepted,213,51584,3920,
s208165786,p02936,u598995726,1573262031,C++,C++14 (GCC 5.4.1),cpp,Wrong Answer,118,42752,1007,
s569280826,p02936,u022441529,1573261708,C++,C++14 (GCC 5.4.1),cpp,Wrong Answer,114,42752,1010,
s144748694,p02936,u018679195,1573261292,C++,C++14 (GCC 5.4.1),cpp,Wrong Answer,113,42752,1011,
s208671184,p02936,u022441529,1573261133,C++,C++14 (GCC 5.4.1),cpp,Wrong Answer,112,34816,949,
s200056387,p02936,u353919145,1573260844,C++,C++14 (GCC 5.4.1),cpp,Wrong Answer,122,34816,950,
s257200958,p02936,u047554023,1573260739,C++,C++14 (GCC 5.4.1),cpp,Accepted,380,23680,637,
s657074641,p02936,u225627575,1573252187,Python,PyPy3 (2.4.0),py,Wrong Answer,1959,122456,549,
s581482946,p02936,u225627575,1573251962,Python,PyPy3 (2.4.0),py,Wrong Answer,1926,122456,436,
s376494531,p02936,u633020228,1573250481,C++,C++14 (GCC 5.4.1),cpp,Accepted,147,24320,1352,
s298974916,p02936,u371702445,1573243001,C++,C++14 (GCC 5.4.1),cpp,Accepted,168,119296,2332,
s741046011,p02936,u371702445,1573242789,C++,C++14 (GCC 5.4.1),cpp,Wrong Answer,162,116096,2266,
s621160053,p02936,u371702445,1573242701,C++,C++14 (GCC 5.4.1),cpp,Wrong Answer,157,116096,2250,
s547247025,p02936,u371702445,1573241898,C++,C++14 (GCC 5.4.1),cpp,Wrong Answer,2104,109056,2201,
s307541115,p02936,u563595438,1573237218,Python,Python (3.4.3),py,Wrong Answer,1985,113572,303,
s817059553,p02936,u252805217,1573236373,Python,Python (3.4.3),py,Accepted,1598,230892,524,
s893227879,p02936,u563595438,1573236302,Python,PyPy3 (2.4.0),py,Wrong Answer,2110,119224,302,
s245606251,p02936,u252805217,1573236149,Python,Python (3.4.3),py,Time Limit Exceeded,2112,230960,497,
s911911917,p02936,u252805217,1573236056,Python,Python (3.4.3),py,Runtime Error,1683,52312,454,
s044878948,p02936,u252805217,1573235535,Python,Python (3.4.3),py,Wrong Answer,1775,52632,576,
s402700928,p02936,u726872801,1573235169,Java,Java8 (OpenJDK 1.8.0),java,Accepted,1770,232016,1381,
s186254502,p02936,u726872801,1573235103,Java,Java8 (OpenJDK 1.8.0),java,Wrong Answer,97,23764,2060,
s020840635,p02936,u648324897,1573233899,C++,C++14 (GCC 5.4.1),cpp,Accepted,142,20340,1856,
s042468267,p02936,u252805217,1573231714,Python,Python (3.4.3),py,Wrong Answer,1524,47920,388,
s555786136,p02936,u150173676,1573230088,C++,C++14 (GCC 5.4.1),cpp,Accepted,308,24320,528,
s210052800,p02936,u252805217,1573229831,Python,Python (3.4.3),py,Runtime Error,2107,62372,537,
s058432183,p02936,u697931379,1573227904,C++,C++14 (GCC 5.4.1),cpp,Accepted,600,33664,1226,
s932072775,p02936,u100800700,1573191099,Python,Python (3.4.3),py,Wrong Answer,1639,121116,301,
s275593426,p02936,u697931379,1573188683,C++,C++14 (GCC 5.4.1),cpp,Wrong Answer,581,39936,1124,
s131564889,p02936,u479319505,1573188244,C++,C++14 (GCC 5.4.1),cpp,Wrong Answer,284,7920,1003,
s801349090,p02936,u479319505,1573188194,C++,C++14 (GCC 5.4.1),cpp,Wrong Answer,274,7920,1002,
s307899191,p02936,u479319505,1573188103,C++,C++14 (GCC 5.4.1),cpp,Wrong Answer,265,8048,979,
s630584002,p02936,u479319505,1573188076,C++,C++14 (Clang 3.8.0),cpp,Compile Error,,,979,
s689804220,p02936,u949981986,1573186850,Python,Python (3.4.3),py,Wrong Answer,1953,129876,627,
s113501344,p02936,u949981986,1573186666,Python,Python (3.4.3),py,Wrong Answer,1917,129876,624,
s397036591,p02936,u949981986,1573185901,Python,Python (3.4.3),py,Wrong Answer,1969,129876,514,
s546627975,p02936,u329399746,1573183579,C++,C++14 (GCC 5.4.1),cpp,Runtime Error,3090,1780,1233,
s831709823,p02936,u329399746,1573179556,C++,C++14 (GCC 5.4.1),cpp,Wrong Answer,265,8172,974,
s036363928,p02936,u329399746,1573178954,C++,C++14 (GCC 5.4.1),cpp,Wrong Answer,271,7920,974,
s173729577,p02936,u329399746,1573178908,C++,C++14 (Clang 3.8.0),cpp,Compile Error,,,974,
s821492733,p02936,u814986259,1573176345,Python,Python (3.4.3),py,Wrong Answer,1854,125500,299,
s152503112,p02936,u819300485,1573174491,C++,C++14 (GCC 5.4.1),cpp,Accepted,302,17908,1010,
s010957083,p02936,u987164499,1573173761,Python,Python (3.4.3),py,Accepted,1980,312772,669,
s096413726,p02936,u987164499,1573173361,Python,PyPy3 (2.4.0),py,Time Limit Exceeded,2154,812268,696,
s669875271,p02936,u987164499,1573173286,Python,Python (3.4.3),py,Accepted,1696,268432,938,
s323094957,p02936,u987164499,1573173193,Python,Python (3.4.3),py,Accepted,1971,312848,696,
s031206614,p02936,u987164499,1573173105,Python,Python (3.4.3),py,Runtime Error,1679,140952,656,
s330878320,p02936,u987164499,1573172992,Python,PyPy3 (2.4.0),py,Runtime Error,1094,139500,744,
s256952522,p02936,u987164499,1573170370,Python,PyPy3 (2.4.0),py,Wrong Answer,950,124892,744,
s018235553,p02936,u917972976,1573165325,C++,C++14 (GCC 5.4.1),cpp,Wrong Answer,2234,1809940,2713,
s759864502,p02936,u917972976,1573165090,C++,C++14 (GCC 5.4.1),cpp,Wrong Answer,2244,1809940,2716,
s650620952,p02936,u917972976,1573164914,C++,C++14 (GCC 5.4.1),cpp,Wrong Answer,2241,1809940,2706,
s222121192,p02936,u917972976,1573164716,C++,C++14 (GCC 5.4.1),cpp,Runtime Error,3428,786688,2724,
s450360555,p02936,u917972976,1573164198,C++,C++14 (GCC 5.4.1),cpp,Runtime Error,3296,1908,2741,
s300666023,p02936,u281840563,1573146243,C++,C++14 (GCC 5.4.1),cpp,Accepted,361,23424,1437,
s919536880,p02936,u864013199,1573144352,Python,PyPy3 (2.4.0),py,Accepted,770,93844,531,
s226868436,p02936,u001687078,1573139244,Python,Python (3.4.3),py,Accepted,1636,65284,408,
s240716334,p02936,u353919145,1573138988,C++,C++14 (GCC 5.4.1),cpp,Accepted,104,14080,1088,
s420874675,p02936,u089230684,1573138624,C++,C++14 (GCC 5.4.1),cpp,Accepted,140,26624,650,
s600519823,p02936,u001687078,1573137465,Python,Python (3.4.3),py,Runtime Error,2106,45196,449,
s595625674,p02936,u001687078,1573103864,Python,Python (3.4.3),py,Wrong Answer,1428,58924,354,
s481866937,p02936,u395804356,1573101451,C++,C++14 (GCC 5.4.1),cpp,Wrong Answer,281,14848,1107,
s767215410,p02936,u395804356,1573101375,C++,C++14 (GCC 5.4.1),cpp,Wrong Answer,580,15104,1120,
s593467966,p02936,u120143737,1573095772,C++,C++14 (GCC 5.4.1),cpp,Accepted,161,33012,1347,
s305203228,p02936,u543584809,1573089771,C++,C++14 (GCC 5.4.1),cpp,Accepted,291,15604,891,
s868887067,p02936,u407630908,1573081269,Java,Java8 (OpenJDK 1.8.0),java,Accepted,1601,151764,2100,
s805406993,p02936,u001687078,1573080432,Python,Python (3.4.3),py,Runtime Error,2106,61092,431,
s389790957,p02936,u040490988,1573079491,C++,C++14 (GCC 5.4.1),cpp,Accepted,302,17140,772,
s497599242,p02936,u543584809,1573078646,C++,C++14 (GCC 5.4.1),cpp,Accepted,366,26624,885,
s418880950,p02936,u543584809,1573078612,C++,C++14 (GCC 5.4.1),cpp,Compile Error,,,1770,
s538076845,p02936,u543584809,1573078503,C++,C++14 (GCC 5.4.1),cpp,Compile Error,,,884,
s705250560,p02936,u040490988,1573076605,C++,C++14 (GCC 5.4.1),cpp,Accepted,373,26624,780,
s928920164,p02936,u407630908,1573076030,Java,Java8 (OpenJDK 1.8.0),java,Time Limit Exceeded,2110,240476,1298,
s161957754,p02936,u889817605,1573072784,C++,C++14 (GCC 5.4.1),cpp,Accepted,411,57088,677,
s217705218,p02936,u727352589,1573072136,C,C (GCC 5.4.1),c,Wrong Answer,92,9344,652,
s744265812,p02936,u727352589,1573071318,C,C (GCC 5.4.1),c,Runtime Error,98,7808,632,
s660341223,p02936,u575909439,1573063672,Java,Java8 (OpenJDK 1.8.0),java,Accepted,1767,214616,1211,
s433858605,p02936,u530107518,1573048635,C++,C++14 (GCC 5.4.1),cpp,Accepted,706,23552,2022,
s617047481,p02936,u530107518,1573048006,C++,C++14 (GCC 5.4.1),cpp,Accepted,661,23424,1907,
s949107464,p02936,u530107518,1573047969,C++,C++14 (GCC 5.4.1),cpp,Wrong Answer,657,23552,1910,
s954400581,p02936,u530107518,1573047309,C++,C++14 (GCC 5.4.1),cpp,Accepted,664,23424,1907,
s660728732,p02936,u668191971,1572993868,C++,C++14 (GCC 5.4.1),cpp,Accepted,367,23552,751,
s895594700,p02936,u571969099,1572990408,Python,Python (3.4.3),py,Accepted,1692,289228,545,
s262219264,p02936,u571969099,1572990283,Python,Python (3.4.3),py,Time Limit Exceeded,2121,285244,498,
s269601696,p02936,u571969099,1572990271,Python,PyPy3 (2.4.0),py,Time Limit Exceeded,2122,310236,498,
s182893719,p02936,u571969099,1572990147,Python,PyPy3 (2.4.0),py,Runtime Error,167,38316,497,
s268268688,p02936,u571969099,1572989997,Python,PyPy3 (2.4.0),py,Runtime Error,2098,138544,453,
s454305466,p02936,u571969099,1572989481,Python,PyPy3 (2.4.0),py,Wrong Answer,1653,114860,486,
s200115994,p02936,u571969099,1572989120,Python,PyPy3 (2.4.0),py,Wrong Answer,2107,87980,397,
s589932825,p02936,u571969099,1572989030,Python,PyPy3 (2.4.0),py,Wrong Answer,1639,89388,379,
s543069579,p02936,u407630908,1572965019,Java,Java8 (OpenJDK 1.8.0),java,Time Limit Exceeded,2106,242188,1297,
s069483605,p02936,u798768533,1572961950,Python,Python (3.4.3),py,Runtime Error,1308,44148,488,
s615285725,p02936,u093219895,1572960518,C++,C++14 (GCC 5.4.1),cpp,Accepted,282,32512,8967,
s460426368,p02936,u668191971,1572929809,C++,C++14 (GCC 5.4.1),cpp,Accepted,296,17908,1010,
s639042526,p02936,u264547643,1572926894,Java,Java8 (OpenJDK 1.8.0),java,Accepted,896,157288,2637,
s366093247,p02936,u264547643,1572926352,Java,Java8 (OpenJDK 1.8.0),java,Wrong Answer,1336,141896,2505,
s347545195,p02936,u264547643,1572926240,Java,Java8 (OpenJDK 1.8.0),java,Wrong Answer,1351,138224,2502,
s937338858,p02936,u637983859,1572925303,C++,C++14 (GCC 5.4.1),cpp,Accepted,327,23532,3731,
s853411828,p02936,u285358283,1572922918,C++,C++14 (GCC 5.4.1),cpp,Runtime Error,264,6520,589,
s569371725,p02936,u980909653,1572922277,C++,C++14 (GCC 5.4.1),cpp,Accepted,379,24320,672,
s944358050,p02936,u980909653,1572922210,C++,C++14 (GCC 5.4.1),cpp,Wrong Answer,713,36096,708,
s842568031,p02936,u635607854,1572921956,C++,C++14 (GCC 5.4.1),cpp,Accepted,70,16384,857,
s776122235,p02936,u980909653,1572917263,C++,C++14 (GCC 5.4.1),cpp,Wrong Answer,321,4736,507,
s493897924,p02936,u980909653,1572916450,C++,C++14 (GCC 5.4.1),cpp,Wrong Answer,313,4736,508,
s306161535,p02936,u407630908,1572915710,Java,Java8 (OpenJDK 1.8.0),java,Wrong Answer,2110,369432,1775,
s175355966,p02936,u407630908,1572915571,Java,Java8 (OpenJDK 1.8.0),java,Wrong Answer,2106,210760,1770,
s915343788,p02936,u980909653,1572915301,C++,C++14 (GCC 5.4.1),cpp,Wrong Answer,90,3968,370,
s989689723,p02936,u980909653,1572915207,C++,C++14 (GCC 5.4.1),cpp,Wrong Answer,313,3968,504,
s345839968,p02936,u407630908,1572914862,Java,Java8 (OpenJDK 1.8.0),java,Runtime Error,714,941500,1915,
s418071956,p02936,u407630908,1572914016,Java,Java8 (OpenJDK 1.8.0),java,Wrong Answer,2110,368880,1646,
s929470614,p02936,u407630908,1572913473,Java,Java8 (OpenJDK 1.8.0),java,Wrong Answer,2110,368732,1641,
s529936946,p02936,u796408111,1572909531,C++,C++14 (GCC 5.4.1),cpp,Accepted,362,23552,4799,
s882449259,p02936,u796408111,1572909362,C++,C++14 (GCC 5.4.1),cpp,Wrong Answer,389,23424,4799,
s247250389,p02936,u668191971,1572908548,C++,C++14 (GCC 5.4.1),cpp,Wrong Answer,278,16512,815,
s436223427,p02936,u796408111,1572907166,C++,C++14 (GCC 5.4.1),cpp,Wrong Answer,2104,13940,4990,
s454316036,p02936,u796408111,1572907067,C++,C++14 (GCC 5.4.1),cpp,Runtime Error,334,8432,4989,
s421709896,p02936,u668191971,1572905400,C++,C++14 (GCC 5.4.1),cpp,Runtime Error,3206,1780,980,
s875771944,p02936,u564182781,1572902722,C++,C++14 (GCC 5.4.1),cpp,Accepted,369,23424,712,
s961060253,p02936,u564182781,1572902542,C++,C++14 (GCC 5.4.1),cpp,Runtime Error,99,768,711,
s022940445,p02936,u811309788,1572902370,C++,C++14 (GCC 5.4.1),cpp,Accepted,368,27392,1462,
s006842601,p02936,u811309788,1572901753,C++,C++14 (GCC 5.4.1),cpp,Wrong Answer,372,25984,1569,
s246090772,p02936,u811309788,1572895568,C++,C++14 (GCC 5.4.1),cpp,Wrong Answer,364,27392,1395,
s938807892,p02936,u811309788,1572895461,C++,C++14 (GCC 5.4.1),cpp,Wrong Answer,352,26624,1398,
s998291121,p02936,u625741705,1572893513,C++,C++14 (GCC 5.4.1),cpp,Accepted,301,16500,819,
s709325351,p02936,u881359256,1572887009,Java,Java8 (OpenJDK 1.8.0),java,Accepted,1832,212856,972,
s589198796,p02936,u881359256,1572886590,Java,Java8 (OpenJDK 1.8.0),java,Time Limit Exceeded,2110,216580,883,
s259988504,p02936,u506858457,1572878472,C++,C++14 (GCC 5.4.1),cpp,Accepted,639,23552,1287,
s818364046,p02936,u506858457,1572873745,C++,C++14 (GCC 5.4.1),cpp,Accepted,651,23424,1354,
s133182261,p02936,u506858457,1572873227,C++,C++14 (GCC 5.4.1),cpp,Wrong Answer,353,21376,1356,
s715925795,p02936,u506858457,1572871057,C++,C++14 (GCC 5.4.1),cpp,Accepted,660,23552,1187,
s722375700,p02936,u541055501,1572858727,Java,Java8 (OpenJDK 1.8.0),java,Accepted,809,103524,3897,
s593312194,p02936,u625741705,1572857463,C++,C++14 (GCC 5.4.1),cpp,Wrong Answer,278,14848,549,
s426446471,p02936,u625741705,1572857395,C++,C++14 (GCC 5.4.1),cpp,Wrong Answer,287,14080,543,
s945328478,p02936,u625741705,1572856883,C++,C++14 (GCC 5.4.1),cpp,Wrong Answer,312,4736,531,
s776854862,p02936,u625741705,1572856361,C++,C++14 (GCC 5.4.1),cpp,Wrong Answer,2103,4480,647,
s961486718,p02936,u881359256,1572842504,Java,Java8 (OpenJDK 1.8.0),java,Wrong Answer,1982,224404,1496,
s945338116,p02936,u386131832,1572835816,C++,C++14 (GCC 5.4.1),cpp,Accepted,316,25856,884,
s710658887,p02936,u386131832,1572835754,C++,C++14 (GCC 5.4.1),cpp,Wrong Answer,309,25600,883,
s940312857,p02936,u881359256,1572832319,Java,Java8 (OpenJDK 1.8.0),java,Wrong Answer,2109,360892,1130,
s894043560,p02936,u920254817,1572832134,C++,C++14 (GCC 5.4.1),cpp,Accepted,457,33664,786,
s056735358,p02936,u540799318,1572824692,Python,PyPy3 (2.4.0),py,Wrong Answer,851,86872,712,
s327204327,p02936,u010090035,1572824227,Python,Python (3.4.3),py,Wrong Answer,2107,48976,567,
s095250543,p02936,u010090035,1572821871,Python,Python (3.4.3),py,Wrong Answer,2106,41136,513,
s326249971,p02936,u395804356,1572819634,C++,C++14 (GCC 5.4.1),cpp,Wrong Answer,2104,16384,2140,
s546118909,p02936,u395804356,1572819218,C++,C++14 (GCC 5.4.1),cpp,Wrong Answer,2104,16384,2140,
s266315016,p02936,u395804356,1572817935,C++,C++14 (GCC 5.4.1),cpp,Wrong Answer,2104,14720,2141,
s210209556,p02936,u395804356,1572817140,C++,C++14 (GCC 5.4.1),cpp,Wrong Answer,2104,13184,2059,
s388119418,p02936,u506858457,1572816945,C++,C++14 (GCC 5.4.1),cpp,Accepted,676,23424,941,
s796741843,p02936,u395804356,1572816812,C++,C++14 (GCC 5.4.1),cpp,Wrong Answer,2104,12416,1994,
s853824551,p02936,u395804356,1572816397,C++,C++14 (GCC 5.4.1),cpp,Wrong Answer,2104,12416,1791,
s159001796,p02936,u506858457,1572815140,C++,C++14 (GCC 5.4.1),cpp,Compile Error,,,541,
s157841186,p02936,u506858457,1572815070,C++,C++14 (GCC 5.4.1),cpp,Runtime Error,273,13312,529,
s660685428,p02936,u506858457,1572815032,C++,C++14 (GCC 5.4.1),cpp,Accepted,668,23424,527,
s073702194,p02936,u506858457,1572814768,C++,C++14 (GCC 5.4.1),cpp,Compile Error,,,587,
s111928146,p02936,u138062788,1572813348,C++,C++14 (GCC 5.4.1),cpp,Runtime Error,3085,1908,1134,
s774441460,p02936,u911575040,1572809545,Python,Python (3.4.3),py,Wrong Answer,1808,51100,295,
s122656809,p02936,u911575040,1572809299,Python,Python (3.4.3),py,Wrong Answer,1860,66660,244,
s773359789,p02936,u647999897,1572804403,Python,Python (3.4.3),py,Accepted,1468,232496,803,
s153078230,p02936,u647999897,1572804120,Python,PyPy3 (2.4.0),py,Time Limit Exceeded,2123,315128,772,
s314706461,p02936,u647999897,1572803994,Python,Python (3.4.3),py,Time Limit Exceeded,2077,232592,772,
s244254853,p02936,u647999897,1572803946,Python,Python (3.4.3),py,Wrong Answer,2107,104692,807,
s683786824,p02936,u647999897,1572802419,Python,Python (3.4.3),py,Wrong Answer,1929,224560,592,
s852463045,p02936,u647999897,1572801633,Python,Python (3.4.3),py,Wrong Answer,2117,217780,587,
s571786570,p02936,u647999897,1572801528,Python,Python (3.4.3),py,Runtime Error,2106,39716,540,
s825421982,p02936,u647999897,1572801492,Python,PyPy3 (2.4.0),py,Runtime Error,2110,116948,540,
s177385410,p02936,u410434188,1572790019,C++,C++14 (GCC 5.4.1),cpp,Accepted,406,25856,1365,
s476498309,p02936,u381755004,1572779769,C++,C++14 (GCC 5.4.1),cpp,Accepted,307,24320,992,
s791646511,p02936,u410434188,1572779704,C++,C++14 (GCC 5.4.1),cpp,Time Limit Exceeded,2104,10112,1503,
s294267320,p02936,u410434188,1572778125,C++,C++14 (GCC 5.4.1),cpp,Wrong Answer,2103,4480,661,
s952589754,p02936,u020746846,1572743762,C++,C++14 (GCC 5.4.1),cpp,Accepted,135,32896,2238,
s199521458,p02936,u603991349,1572736256,C++,C++14 (GCC 5.4.1),cpp,Accepted,143,28928,1477,
s161279160,p02936,u599895318,1572731149,C,C (GCC 5.4.1),c,Accepted,101,6912,908,
s075651988,p02936,u147556624,1572730829,C++,C++14 (GCC 5.4.1),cpp,Runtime Error,104,4992,531,
s911490525,p02936,u297574184,1572722657,Python,Python (3.4.3),py,Accepted,1577,284052,662,
s298464547,p02936,u847758719,1572722480,Python,Python (3.4.3),py,Accepted,1838,254356,584,
s653121488,p02936,u847758719,1572722362,Python,Python (3.4.3),py,Time Limit Exceeded,2119,249332,559,
s051438970,p02936,u847758719,1572722037,Python,Python (3.4.3),py,Accepted,1939,254356,584,
s861285152,p02936,u847758719,1572720521,Python,Python (3.4.3),py,Runtime Error,1981,76996,518,
s908356293,p02936,u847758719,1572720390,Python,Python (3.4.3),py,Runtime Error,2076,76996,482,
s203332135,p02936,u351547048,1572715167,C++,C++14 (GCC 5.4.1),cpp,Accepted,385,33636,1872,
s532298357,p02936,u863370423,1572711788,C++,C++14 (GCC 5.4.1),cpp,Accepted,391,24320,663,
s452046627,p02936,u816631826,1572711722,C++,C++14 (GCC 5.4.1),cpp,Wrong Answer,411,25600,710,
s646678532,p02936,u658993896,1572711121,C++,C++14 (GCC 5.4.1),cpp,Accepted,314,24320,1167,
s270598926,p02936,u863370423,1572710154,C++,C++14 (GCC 5.4.1),cpp,Wrong Answer,112,38400,747,
s579593625,p02936,u018679195,1572710133,C++,C++14 (GCC 5.4.1),cpp,Accepted,108,38400,759,
s302950349,p02936,u816631826,1572710080,C++,C++14 (GCC 5.4.1),cpp,Wrong Answer,468,40448,784,
s923891685,p02936,u816631826,1572708696,C++,C++14 (GCC 5.4.1),cpp,Wrong Answer,366,23040,630,
s960977216,p02936,u863370423,1572708293,C++,C++14 (GCC 5.4.1),cpp,Accepted,327,16512,1278,
s874521310,p02936,u847758719,1572708115,Python,Python (3.4.3),py,Runtime Error,2107,71276,530,
s462855403,p02936,u847758719,1572707837,Python,Python (3.4.3),py,Runtime Error,1930,76996,518,
s921215499,p02936,u847758719,1572707037,Python,Python (3.4.3),py,Runtime Error,1993,76988,554,
s637930373,p02936,u847758719,1572706041,Python,Python (3.4.3),py,Runtime Error,1762,65940,467,
s554087544,p02936,u847758719,1572705872,Python,Python (3.4.3),py,Runtime Error,1744,66260,522,
s607907956,p02936,u816631826,1572705015,C++,C++14 (GCC 5.4.1),cpp,Runtime Error,2103,7552,863,
s433131974,p02936,u353919145,1572704851,C++,C++14 (GCC 5.4.1),cpp,Runtime Error,2103,2944,838,
s053627978,p02936,u847758719,1572704330,Python,Python (3.4.3),py,Runtime Error,2111,68204,509,
s113191954,p02936,u847758719,1572703423,Python,Python (3.4.3),py,Runtime Error,1843,59116,425,
s056635635,p02936,u129098373,1572659344,C++,C++14 (GCC 5.4.1),cpp,Accepted,374,117760,901,
s711937209,p02936,u390694622,1572658136,Java,Java8 (OpenJDK 1.8.0),java,Accepted,1003,108664,4839,
s010993392,p02936,u147556624,1572653996,C++,C++14 (GCC 5.4.1),cpp,Accepted,683,23424,550,
s689714516,p02936,u147556624,1572653968,C++,C++14 (GCC 5.4.1),cpp,Compile Error,,,550,
s790952247,p02936,u147556624,1572653859,C++,C++14 (GCC 5.4.1),cpp,Runtime Error,117,4992,531,
s078396330,p02936,u147556624,1572653806,C++,C++14 (GCC 5.4.1),cpp,Runtime Error,104,896,530,
s585375228,p02936,u147556624,1572653685,C++,C++14 (GCC 5.4.1),cpp,Runtime Error,99,768,529,
s873424247,p02936,u147556624,1572653511,C++,C++14 (GCC 5.4.1),cpp,Compile Error,,,525,
s741049887,p02936,u486097563,1572644787,C++,C++14 (GCC 5.4.1),cpp,Accepted,309,23424,951,
s245040813,p02936,u226023982,1572641750,C++,C++14 (GCC 5.4.1),cpp,Accepted,377,24320,516,
s537120491,p02936,u226023982,1572641664,C++,C++14 (GCC 5.4.1),cpp,Compile Error,,,516,
s525154918,p02936,u226023982,1572641551,C++,C++14 (GCC 5.4.1),cpp,Compile Error,,,524,
s675544889,p02936,u226023982,1572641410,C++,C++14 (GCC 5.4.1),cpp,Compile Error,,,522,
s573719005,p02936,u226023982,1572641346,C++,C++14 (GCC 5.4.1),cpp,Compile Error,,,523,
s269979091,p02936,u226023982,1572641230,C++,C++14 (GCC 5.4.1),cpp,Compile Error,,,500,
s243443715,p02936,u753946386,1572625316,Java,Java8 (OpenJDK 1.8.0),java,Wrong Answer,809,101712,5180,
s019941939,p02936,u020390084,1572589722,Python,Python (3.4.3),py,Accepted,985,74616,1385,
s591191771,p02936,u285480978,1572583757,C++,C++14 (GCC 5.4.1),cpp,Accepted,125,24320,1053,
s681921892,p02936,u285480978,1572583442,C++,C++14 (GCC 5.4.1),cpp,Runtime Error,273,2560,1107,
s643846842,p02936,u285480978,1572583342,C++,C++14 (GCC 5.4.1),cpp,Runtime Error,99,2560,1107,
s368956760,p02936,u285480978,1572582653,C++,C++14 (GCC 5.4.1),cpp,Runtime Error,100,4224,993,
s440909281,p02936,u285480978,1572582512,C++,C++14 (GCC 5.4.1),cpp,Runtime Error,273,1792,988,
s884306466,p02936,u753946386,1572577533,Java,Java8 (OpenJDK 1.8.0),java,Wrong Answer,412,78204,5045,
s554830777,p02936,u143572112,1572573422,C++,C++14 (GCC 5.4.1),cpp,Time Limit Exceeded,2105,23296,2602,
s666204308,p02936,u129098373,1572569461,C++,C++14 (GCC 5.4.1),cpp,Runtime Error,99,5760,900,
s408867656,p02936,u129098373,1572569377,C++,C++14 (Clang 3.8.0),cpp,Compile Error,,,900,
s585347161,p02936,u458268106,1572568803,Java,Java8 (OpenJDK 1.8.0),java,Time Limit Exceeded,2111,240924,940,
s247321272,p02936,u458268106,1572568438,Java,Java8 (OpenJDK 1.8.0),java,Accepted,1830,214120,944,
s190415688,p02936,u458268106,1572568330,Java,Java8 (OpenJDK 1.8.0),java,Time Limit Exceeded,2114,686540,927,
s404175151,p02936,u129098373,1572568311,C++,C++14 (GCC 5.4.1),cpp,Runtime Error,99,4992,859,
s927576655,p02936,u458268106,1572566990,Java,Java8 (OpenJDK 1.8.0),java,Wrong Answer,1679,196876,795,
s751331657,p02936,u415916075,1572566465,C++,C++14 (GCC 5.4.1),cpp,Accepted,149,24320,1576,
s901709176,p02936,u992779443,1572553605,C++,C++14 (GCC 5.4.1),cpp,Wrong Answer,178,4864,908,
s938414713,p02936,u835534008,1572551972,C++,C++14 (GCC 5.4.1),cpp,Wrong Answer,622,25856,696,
s372494418,p02936,u992779443,1572551790,C++,C++14 (GCC 5.4.1),cpp,Wrong Answer,324,5724,968,
s554250090,p02936,u835534008,1572550968,C++,C++14 (GCC 5.4.1),cpp,Wrong Answer,570,25600,665,
s815945503,p02936,u835534008,1572550910,C++,C++14 (GCC 5.4.1),cpp,Wrong Answer,568,24832,641,
s989936160,p02936,u415916075,1572550709,C++,C++14 (GCC 5.4.1),cpp,Wrong Answer,137,24320,1540,
s224651885,p02936,u415916075,1572547717,C++,C++14 (GCC 5.4.1),cpp,Wrong Answer,137,24320,1540,
s461439693,p02936,u415916075,1572547612,C++,C++14 (GCC 5.4.1),cpp,Wrong Answer,143,24320,1539,
s324422403,p02936,u415916075,1572547398,C++,C++14 (GCC 5.4.1),cpp,Wrong Answer,131,24320,1539,
s619100696,p02936,u415916075,1572546576,C++,C++14 (GCC 5.4.1),cpp,Wrong Answer,2104,24320,1507,
s281882988,p02936,u415916075,1572546420,C++,C++14 (GCC 5.4.1),cpp,Wrong Answer,2104,24320,1482,
s798909985,p02936,u415916075,1572544720,C++,C++14 (GCC 5.4.1),cpp,Wrong Answer,119,24320,1079,
s056094523,p02936,u638795007,1572543101,Python,Python (3.4.3),py,Accepted,1825,240220,828,
s119696323,p02936,u638795007,1572543074,Python,PyPy3 (2.4.0),py,Time Limit Exceeded,2167,896468,828,
s725269552,p02936,u638795007,1572542980,Python,PyPy3 (2.4.0),py,Runtime Error,974,127564,795,
s219777745,p02936,u638795007,1572540261,Python,PyPy3 (2.4.0),py,Wrong Answer,785,120524,527,
s900407517,p02936,u716530146,1572536163,Python,PyPy3 (2.4.0),py,Accepted,790,94720,602,
s305468930,p02936,u716530146,1572535901,Python,Python (3.4.3),py,Accepted,1787,232496,596,
s670624709,p02936,u716530146,1572535826,Python,PyPy3 (2.4.0),py,Time Limit Exceeded,2153,814712,596,
s653520938,p02936,u716530146,1572535346,Python,PyPy3 (2.4.0),py,Time Limit Exceeded,2163,776056,582,
s128324800,p02936,u101359868,1572535002,C++,C++14 (GCC 5.4.1),cpp,Accepted,134,15732,936,
s589886477,p02936,u463115563,1572512565,C++,C++14 (GCC 5.4.1),cpp,Accepted,541,29552,5851,
s584987875,p02936,u261891508,1572494987,Python,Python (3.4.3),py,Runtime Error,1978,65156,751,
s827249830,p02936,u261891508,1572494672,Python,Python (3.4.3),py,Runtime Error,1997,65156,728,
s248914888,p02936,u261891508,1572494592,Python,Python (3.4.3),py,Runtime Error,1786,69800,714,
s856145318,p02936,u377233169,1572494090,C++,C++14 (GCC 5.4.1),cpp,Accepted,139,24320,1334,
s168083992,p02936,u193182854,1572490283,Python,Python (3.4.3),py,Accepted,1685,268464,471,
s951215315,p02936,u193182854,1572490134,Python,Python (3.4.3),py,Time Limit Exceeded,2115,268464,444,
s734627875,p02936,u393583409,1572476279,C++,C++14 (GCC 5.4.1),cpp,Accepted,307,17904,727,
s257548206,p02936,u898758114,1572465933,C++,C++14 (GCC 5.4.1),cpp,Accepted,301,29696,962,
s315782111,p02936,u652583512,1572465085,Python,PyPy3 (2.4.0),py,Runtime Error,2107,121636,494,
s649150979,p02936,u053995295,1572464953,Java,Java8 (OpenJDK 1.8.0),java,Wrong Answer,1655,169376,784,
s504887187,p02936,u675497468,1572455591,F#,F# (Mono 4.0),fs,Accepted,1834,56856,8788,
s006398546,p02936,u675497468,1572455392,F#,F# (Mono 4.0),fs,Accepted,1778,58500,8720,
s012949052,p02936,u083910207,1572443914,C++,C++14 (Clang 3.8.0),cpp,Accepted,1089,30592,2736,
s703020501,p02936,u693386219,1572443823,C++,C++14 (GCC 5.4.1),cpp,Runtime Error,268,11004,3955,
s811379903,p02936,u863044225,1572437485,C++,C++14 (GCC 5.4.1),cpp,Accepted,122,16372,1756,
s308902626,p02936,u643698380,1572410130,C++,C++14 (GCC 5.4.1),cpp,Accepted,369,33664,1291,
s519821178,p02936,u643698380,1572409326,C++,C++14 (GCC 5.4.1),cpp,Wrong Answer,370,27392,1243,
s138559924,p02936,u643698380,1572409266,C++,C++14 (GCC 5.4.1),cpp,Compile Error,,,1238,
s596407427,p02936,u643698380,1572408950,C++,C++14 (GCC 5.4.1),cpp,Wrong Answer,365,26624,1233,
s609614579,p02936,u643698380,1572408222,C++,C++14 (GCC 5.4.1),cpp,Wrong Answer,364,26624,1160,
s501415843,p02936,u984529214,1572406888,C++,C++14 (GCC 5.4.1),cpp,Accepted,325,37632,1097,
s367622537,p02936,u643698380,1572406710,C++,C++14 (GCC 5.4.1),cpp,Wrong Answer,2105,26752,1242,
s586125467,p02936,u643698380,1572405294,C++,C++14 (GCC 5.4.1),cpp,Wrong Answer,2105,28800,3363,
s609320704,p02936,u411771230,1572404693,C++,C++14 (GCC 5.4.1),cpp,Accepted,139,23552,809,
s154356432,p02936,u012298376,1572404600,C++,C++14 (GCC 5.4.1),cpp,Accepted,292,16372,936,
s210444884,p02936,u411771230,1572403913,C++,C++14 (GCC 5.4.1),cpp,Wrong Answer,118,20352,764,
s134373471,p02936,u780962115,1572401909,Python,Python (3.4.3),py,Wrong Answer,2250,2089284,454,
s275463037,p02936,u780962115,1572401322,Python,Python (3.4.3),py,Wrong Answer,2248,2049412,449,
s845564017,p02936,u780962115,1572400867,Python,Python (3.4.3),py,Wrong Answer,2244,2071300,453,
s796049141,p02936,u675497468,1572396839,F#,F# (Mono 4.0),fs,Accepted,1752,58500,8659,
s119863108,p02936,u675497468,1572396778,F#,F# (Mono 4.0),fs,Wrong Answer,1758,56588,8634,
s056906448,p02936,u877847737,1572394608,C++,C++14 (GCC 5.4.1),cpp,Accepted,136,15732,1328,
s804633314,p02936,u043443359,1572391877,C++,C++14 (GCC 5.4.1),cpp,Accepted,330,26496,7088,
s506721177,p02936,u043443359,1572391797,C++,C++14 (GCC 5.4.1),cpp,Runtime Error,374,16768,7084,
s651432229,p02936,u043443359,1572391698,C++,C++14 (GCC 5.4.1),cpp,Runtime Error,99,5504,7080,
s286117751,p02936,u043443359,1572391620,C++,C++14 (GCC 5.4.1),cpp,Wrong Answer,318,23296,7022,
s187541852,p02936,u043443359,1572391272,C++,C++14 (GCC 5.4.1),cpp,Accepted,332,25472,7095,
s159918256,p02936,u043443359,1572390973,C++,C++14 (GCC 5.4.1),cpp,Wrong Answer,301,23296,7035,
s306478171,p02936,u043443359,1572390872,C++,C++14 (GCC 5.4.1),cpp,Wrong Answer,312,23296,7008,
s155810102,p02936,u043443359,1572390800,C++,C++14 (GCC 5.4.1),cpp,Runtime Error,505,277632,7007,
s100680214,p02936,u043443359,1572390650,C++,C++14 (GCC 5.4.1),cpp,Wrong Answer,2105,25968,7016,
s385379143,p02936,u043443359,1572390572,C++,C++14 (GCC 5.4.1),cpp,Runtime Error,2104,276848,7015,
s116718808,p02936,u043443359,1572390497,C++,C++14 (GCC 5.4.1),cpp,Accepted,293,25472,7095,
s212917433,p02936,u043443359,1572390408,C++,C++14 (GCC 5.4.1),cpp,Accepted,316,24704,7098,
s548723122,p02936,u043443359,1572390238,C++,C++14 (GCC 5.4.1),cpp,Runtime Error,99,5376,7075,
s762544051,p02936,u043443359,1572389614,C++,C++14 (GCC 5.4.1),cpp,Wrong Answer,297,23168,7016,
s749859840,p02936,u043443359,1572389576,C++,C++14 (GCC 5.4.1),cpp,Wrong Answer,298,23168,7014,
s345514609,p02936,u043443359,1572389498,C++,C++14 (GCC 5.4.1),cpp,Wrong Answer,297,23168,7010,
s576766460,p02936,u043443359,1572387911,C++,C++14 (GCC 5.4.1),cpp,Wrong Answer,297,23168,7010,
s941427612,p02936,u043443359,1572387630,C++,C++14 (GCC 5.4.1),cpp,Wrong Answer,2232,1717484,7003,
s437852741,p02936,u043443359,1572387492,C++,C++14 (GCC 5.4.1),cpp,Wrong Answer,2236,1725804,7001,
s958685773,p02936,u043443359,1572386279,C++,C++14 (GCC 5.4.1),cpp,Wrong Answer,307,17008,6993,
s021433388,p02936,u043443359,1572385661,C++,C++14 (GCC 5.4.1),cpp,Wrong Answer,285,14848,6823,
s918746994,p02936,u043443359,1572385616,C++,C++14 (GCC 5.4.1),cpp,Wrong Answer,272,14720,6818,
s899821096,p02936,u043443359,1572385601,C++,C++14 (GCC 5.4.1),cpp,Wrong Answer,438,14720,6855,
s547139147,p02936,u351547048,1572363356,C++,C++14 (GCC 5.4.1),cpp,Time Limit Exceeded,2106,42388,1871,
s513940733,p02936,u802237789,1572348501,C++,C++14 (GCC 5.4.1),cpp,Accepted,136,23552,3114,
s154178959,p02936,u810388173,1572331628,C++,C++14 (GCC 5.4.1),cpp,Accepted,304,17140,859,
s523936252,p02936,u521364030,1572329608,OCaml,OCaml (4.02.3),ml,Accepted,455,60284,2262,
s862591742,p02936,u282699857,1572328024,C++,C++14 (GCC 5.4.1),cpp,Wrong Answer,295,19180,854,
s321806269,p02936,u898336293,1572301835,Python,Python (3.4.3),py,Wrong Answer,2111,52004,473,
s469420222,p02936,u898336293,1572301684,Python,Python (3.4.3),py,Wrong Answer,2106,51940,472,
s176390316,p02936,u491404948,1572235551,C++,C++14 (GCC 5.4.1),cpp,Accepted,358,24320,515,
s565312369,p02936,u491404948,1572235493,C++,C++14 (GCC 5.4.1),cpp,Wrong Answer,348,24064,514,
s044870680,p02936,u153390822,1572222940,C++,C++14 (GCC 5.4.1),cpp,Accepted,323,35200,2336,
s464605417,p02936,u665426232,1572222799,C++,C++14 (GCC 5.4.1),cpp,Wrong Answer,2104,6528,1124,
s651031251,p02936,u068586753,1572221602,C++,C++14 (GCC 5.4.1),cpp,Accepted,337,33664,1144,
s628803873,p02936,u510015767,1572212003,Python,Python (3.4.3),py,Wrong Answer,1802,61872,435,
s597412113,p02936,u828388155,1572209099,C++,C++14 (GCC 5.4.1),cpp,Accepted,334,26624,972,
s540301248,p02936,u248995595,1572207996,C++,C++14 (Clang 3.8.0),cpp,Accepted,960,50672,1515,
s285495591,p02936,u482544950,1572205768,C++,C++14 (GCC 5.4.1),cpp,Accepted,394,29824,724,
s924213671,p02936,u482544950,1572205715,C++,C++14 (GCC 5.4.1),cpp,Runtime Error,103,2560,724,
s947839760,p02936,u457985479,1572205383,C++,C++14 (GCC 5.4.1),cpp,Accepted,127,23552,1787,
s028114803,p02936,u457985479,1572204548,C++,C++14 (GCC 5.4.1),cpp,Wrong Answer,115,20352,1712,
s283876436,p02936,u457985479,1572199628,C++,C++14 (GCC 5.4.1),cpp,Wrong Answer,2158,915072,2087,
s215401202,p02936,u457985479,1572194806,C++,C++14 (GCC 5.4.1),cpp,Wrong Answer,2105,152320,1970,
s848395823,p02936,u337199858,1572191673,C++,C++14 (GCC 5.4.1),cpp,Accepted,317,30592,1408,
s517127553,p02936,u129327203,1572186291,C++,C++14 (GCC 5.4.1),cpp,Wrong Answer,2104,6528,1102,
s715320208,p02936,u980485808,1572182976,C++,C++14 (GCC 5.4.1),cpp,Accepted,644,23424,540,
s665117193,p02936,u980485808,1572182881,C++,C++14 (GCC 5.4.1),cpp,Runtime Error,277,12020,524,
s255629711,p02936,u980485808,1572182832,C++,C++14 (GCC 5.4.1),cpp,Compile Error,,,523,
s692286940,p02936,u786793781,1572170606,Python,Python (3.4.3),py,Accepted,1797,62232,847,
s723111721,p02936,u786793781,1572170465,Python,Python (3.4.3),py,Accepted,1783,62232,805,
s189447921,p02936,u786793781,1572169879,Python,Python (3.4.3),py,Accepted,1949,74768,837,
s807324741,p02936,u239102032,1572157869,C++,C++14 (GCC 5.4.1),cpp,Runtime Error,2540,46848,899,
s335269470,p02936,u239102032,1572157315,C++,C++14 (GCC 5.4.1),cpp,Runtime Error,3084,25728,903,
s581559218,p02936,u239102032,1572157062,C++,C++14 (GCC 5.4.1),cpp,Runtime Error,146,11136,856,
s149090283,p02936,u239102032,1572156765,C++,C++14 (GCC 5.4.1),cpp,Runtime Error,3552,25728,878,
s908534283,p02936,u109985485,1572153302,Java,Java8 (OpenJDK 1.8.0),java,Accepted,1537,145324,8078,
s044735637,p02936,u109985485,1572153249,Java,Java8 (OpenJDK 1.8.0),java,Wrong Answer,934,122964,8192,
s316749277,p02936,u109985485,1572150648,Java,Java8 (OpenJDK 1.8.0),java,Wrong Answer,2114,204520,8244,
s856230949,p02936,u109985485,1572150227,Java,Java8 (OpenJDK 1.8.0),java,Wrong Answer,2113,204232,8278,
s084167508,p02936,u832158848,1572149977,C++,C++ (GCC 5.4.1),cpp,Accepted,382,28928,926,
s577042658,p02936,u678332013,1572149410,C++,C++14 (GCC 5.4.1),cpp,Wrong Answer,275,5616,806,
s052189401,p02936,u832158848,1572149320,C++,C++ (GCC 5.4.1),cpp,Wrong Answer,354,27376,1204,
s351183489,p02936,u727347518,1572148744,Go,Go (1.6),go,Wrong Answer,2109,38784,1511,
s143526538,p02936,u757628628,1572148719,C++,C++14 (GCC 5.4.1),cpp,Time Limit Exceeded,2107,63812,1974,
s618758563,p02936,u678332013,1572148673,C++,C++14 (GCC 5.4.1),cpp,Wrong Answer,250,5376,751,
s550604584,p02936,u832158848,1572148644,C++,C++ (GCC 5.4.1),cpp,Wrong Answer,345,16252,946,
s948563327,p02936,u109985485,1572148620,Java,Java8 (OpenJDK 1.8.0),java,Wrong Answer,2110,194348,8241,
s183617745,p02936,u678332013,1572148607,C++,C++14 (GCC 5.4.1),cpp,Wrong Answer,248,4608,745,
s850553648,p02936,u178618463,1572148562,C++,C++14 (GCC 5.4.1),cpp,Accepted,302,15604,939,
s129988562,p02936,u727347518,1572148352,Go,Go (1.6),go,Wrong Answer,2109,40192,1601,
s082048667,p02936,u832158848,1572147845,C++,C++ (GCC 5.4.1),cpp,Wrong Answer,345,25088,766,
s958736977,p02936,u832158848,1572147168,C++,C++ (GCC 5.4.1),cpp,Wrong Answer,360,25088,681,
s849258380,p02936,u832158848,1572147078,C++,C++ (GCC 5.4.1),cpp,Wrong Answer,356,25088,681,
s436145986,p02936,u334351654,1572144331,C++,C++14 (GCC 5.4.1),cpp,Accepted,291,28928,1247,
s501157395,p02936,u068586753,1572143247,C++,C++14 (GCC 5.4.1),cpp,Wrong Answer,292,28160,1012,
s697078445,p02936,u068586753,1572143103,C++,C++14 (GCC 5.4.1),cpp,Wrong Answer,286,27904,1034,
s011078874,p02936,u413165887,1572142231,Python,Python (3.4.3),py,Accepted,1602,56172,837,
s180152637,p02936,u413165887,1572141867,Python,Python (3.4.3),py,Time Limit Exceeded,2106,55856,775,
s342288953,p02936,u109985485,1572141649,Java,Java8 (OpenJDK 1.8.0),java,Wrong Answer,2109,335912,7948,
s440407245,p02936,u786793781,1572141586,Python,Python (3.4.3),py,Accepted,1986,72808,849,
s367730759,p02936,u786793781,1572140459,Python,Python (3.4.3),py,Time Limit Exceeded,2108,70808,868,
s199594949,p02936,u786793781,1572140029,Python,Python (3.4.3),py,Time Limit Exceeded,2108,88420,924,
s981170803,p02936,u753803401,1572138235,Python,PyPy3 (2.4.0),py,Accepted,1066,123864,850,
s421313662,p02936,u012298376,1572137642,C++,C++14 (GCC 5.4.1),cpp,Wrong Answer,266,4848,520,
s942302572,p02936,u012298376,1572137272,C++,C++14 (GCC 5.4.1),cpp,Wrong Answer,266,4848,516,
s107089264,p02936,u012298376,1572137181,C++,C++14 (GCC 5.4.1),cpp,Wrong Answer,268,4848,534,
s066533978,p02936,u012298376,1572137056,C++,C++14 (GCC 5.4.1),cpp,Wrong Answer,265,4848,555,
s649337202,p02936,u012298376,1572136903,C++,C++14 (GCC 5.4.1),cpp,Wrong Answer,294,5104,555,
s278405808,p02936,u012298376,1572136739,C++,C++14 (GCC 5.4.1),cpp,Wrong Answer,552,4848,487,
s623661198,p02936,u595289165,1572135210,Python,Python (3.4.3),py,Runtime Error,148,12500,668,
s818613739,p02936,u351547048,1572134956,C++,C++14 (GCC 5.4.1),cpp,Wrong Answer,2104,12416,973,
s711862281,p02936,u334351654,1572134539,C++,C++14 (GCC 5.4.1),cpp,Time Limit Exceeded,2266,1954816,1583,
s276263443,p02936,u334351654,1572134496,C++,C++14 (GCC 5.4.1),cpp,Time Limit Exceeded,2223,1772208,1632,
s256668376,p02936,u334351654,1572134355,C++,C++14 (GCC 5.4.1),cpp,Runtime Error,2229,1758384,1649,
s434362974,p02936,u334351654,1572134288,C++,C++14 (GCC 5.4.1),cpp,Time Limit Exceeded,2223,1751088,1655,
s123637258,p02936,u334351654,1572134161,C++,C++14 (GCC 5.4.1),cpp,Time Limit Exceeded,2233,1743664,1632,
s979756449,p02936,u334351654,1572133919,C++,C++14 (GCC 5.4.1),cpp,Time Limit Exceeded,2239,1767728,1588,
s788335979,p02936,u068586753,1572133813,C++,C++14 (GCC 5.4.1),cpp,Wrong Answer,271,12928,900,
s398911837,p02936,u068586753,1572133748,C++,C++14 (GCC 5.4.1),cpp,Wrong Answer,259,9728,926,
s937285932,p02936,u068586753,1572133632,C++,C++14 (GCC 5.4.1),cpp,Time Limit Exceeded,2104,6648,1109,
s464555068,p02936,u334351654,1572133108,C++,C++14 (GCC 5.4.1),cpp,Time Limit Exceeded,2236,1743664,1558,
s538626287,p02936,u068586753,1572132922,C++,C++14 (GCC 5.4.1),cpp,Wrong Answer,295,27392,739,
s375191704,p02936,u334351654,1572132888,C++,C++14 (GCC 5.4.1),cpp,Time Limit Exceeded,2222,1752624,1536,
s153136557,p02936,u068586753,1572132765,C++,C++14 (GCC 5.4.1),cpp,Wrong Answer,305,30464,738,
s308881151,p02936,u992779443,1572132736,C++,C++14 (GCC 5.4.1),cpp,Wrong Answer,279,14848,876,
s534478338,p02936,u504836877,1572132626,Python,Python (3.4.3),py,Accepted,1668,55856,440,
s690263169,p02936,u334351654,1572132533,C++,C++14 (GCC 5.4.1),cpp,Time Limit Exceeded,2224,1746992,2919,
s723286945,p02936,u504836877,1572132490,Python,PyPy3 (2.4.0),py,Time Limit Exceeded,2110,104524,453,
s912541135,p02936,u504836877,1572132426,Python,PyPy3 (2.4.0),py,Time Limit Exceeded,2110,104524,478,
s091706601,p02936,u992779443,1572132424,C++,C++14 (GCC 5.4.1),cpp,Wrong Answer,2104,14836,938,
s559376934,p02936,u068586753,1572132369,C++,C++14 (GCC 5.4.1),cpp,Wrong Answer,277,15488,864,
s474281181,p02936,u504836877,1572132313,Python,PyPy3 (2.4.0),py,Time Limit Exceeded,2110,104972,464,
s752204926,p02936,u504836877,1572132219,Python,Python (3.4.3),py,Time Limit Exceeded,2107,55824,464,
s877967727,p02936,u504836877,1572132167,Python,Python (3.4.3),py,Time Limit Exceeded,2107,52656,489,
s037901395,p02936,u504836877,1572132093,Python,Python (3.4.3),py,Runtime Error,1402,49412,495,
s718196393,p02936,u334351654,1572132003,C++,C++14 (GCC 5.4.1),cpp,Time Limit Exceeded,2223,1750576,2784,
s027544664,p02936,u504836877,1572131931,Python,Python (3.4.3),py,Time Limit Exceeded,2107,57216,481,
s908947669,p02936,u504836877,1572131899,Python,PyPy3 (2.4.0),py,Time Limit Exceeded,2110,104396,481,
s113974899,p02936,u504836877,1572131566,Python,Python (3.4.3),py,Time Limit Exceeded,2107,60720,536,
s250901006,p02936,u504836877,1572131526,Python,PyPy3 (2.4.0),py,Time Limit Exceeded,2110,104524,536,
s387920781,p02936,u992779443,1572131486,C++,C++14 (GCC 5.4.1),cpp,Wrong Answer,2104,6228,1164,
s092152198,p02936,u068586753,1572131254,C++,C++14 (GCC 5.4.1),cpp,Wrong Answer,2103,21888,1105,
s447088877,p02936,u504836877,1572131149,Python,PyPy3 (2.4.0),py,Time Limit Exceeded,2110,123468,566,
s474956513,p02936,u595289165,1572130919,Python,Python (3.4.3),py,Runtime Error,148,12488,457,
s439470607,p02936,u068586753,1572130912,C++,C++14 (GCC 5.4.1),cpp,Wrong Answer,263,7680,869,
s573678514,p02936,u504836877,1572130658,Python,PyPy3 (2.4.0),py,Time Limit Exceeded,2114,151260,620,
s114500603,p02936,u504836877,1572130603,Python,PyPy3 (2.4.0),py,Runtime Error,1788,124620,751,
s041445861,p02936,u941434715,1572130596,C,C (GCC 5.4.1),c,Accepted,187,37504,2915,
s968641589,p02936,u595289165,1572130561,Python,Python (3.4.3),py,Runtime Error,153,12504,460,
s066568737,p02936,u595289165,1572130321,Python,Python (3.4.3),py,Runtime Error,152,12492,496,
s948733007,p02936,u504836877,1572129993,Python,PyPy3 (2.4.0),py,Wrong Answer,2112,125548,653,
s313181201,p02936,u504836877,1572129959,Python,Python (3.4.3),py,Wrong Answer,2116,143192,653,
s985447942,p02936,u595289165,1572129892,Python,PyPy3 (2.4.0),py,Wrong Answer,2732,66176,592,
s698489288,p02936,u832158848,1572128101,C++,C++ (GCC 5.4.1),cpp,Wrong Answer,320,7808,521,
s965432298,p02936,u595289165,1572127754,Python,Python (3.4.3),py,Runtime Error,151,14536,484,
s027580242,p02936,u595289165,1572127563,Python,Python (3.4.3),py,Runtime Error,149,12516,484,
s673560402,p02936,u832158848,1572127530,C++,C++ (GCC 5.4.1),cpp,Runtime Error,309,7680,509,
s936137129,p02936,u595289165,1572127340,Python,Python (3.4.3),py,Runtime Error,151,12516,500,
s187330514,p02936,u595289165,1572126990,Python,Python (3.4.3),py,Runtime Error,152,12488,426,
s374533027,p02936,u595289165,1572126752,Python,Python (3.4.3),py,Runtime Error,150,12516,426,
s861571577,p02936,u595289165,1572126605,Python,Python (3.4.3),py,Runtime Error,150,12720,404,
s951416113,p02936,u595289165,1572126439,Python,Python (3.4.3),py,Runtime Error,316,21628,430,
s405919349,p02936,u941434715,1572126326,C,C (GCC 5.4.1),c,Runtime Error,249,23424,3504,
s072675240,p02936,u111392182,1572126102,Python,Python (3.4.3),py,Accepted,1808,55828,360,
s926211723,p02936,u127030911,1572118363,Java,Java8 (OpenJDK 1.8.0),java,Accepted,1754,227804,1208,
s044740299,p02936,u127030911,1572118274,Java,Java8 (OpenJDK 1.8.0),java,Time Limit Exceeded,2106,226464,1126,
s323353509,p02936,u127030911,1572115790,Java,Java8 (OpenJDK 1.8.0),java,Accepted,1988,223184,1823,
s433408951,p02936,u768896740,1572114664,Python,Python (3.4.3),py,Runtime Error,2110,96456,598,
s044998220,p02936,u973630705,1572114523,C++,C++14 (GCC 5.4.1),cpp,Accepted,339,24064,875,
s590799618,p02936,u973630705,1572114317,C++,C++14 (GCC 5.4.1),cpp,Wrong Answer,311,27136,869,
s728118749,p02936,u334351654,1572113282,C++,C++14 (GCC 5.4.1),cpp,Time Limit Exceeded,2232,1737904,2815,
s789033225,p02936,u334351654,1572112840,C++,C++14 (GCC 5.4.1),cpp,Time Limit Exceeded,2242,1734832,2901,
s128027119,p02936,u334351654,1572112557,C++,C++14 (GCC 5.4.1),cpp,Time Limit Exceeded,2238,1735216,2523,
s480070957,p02936,u502092128,1572112465,C++,C++14 (GCC 5.4.1),cpp,Accepted,312,24320,958,
s116257823,p02936,u757628628,1572110731,C++,C++14 (GCC 5.4.1),cpp,Runtime Error,2697,1345664,2043,
s184121773,p02936,u757628628,1572108326,C++,C++14 (GCC 5.4.1),cpp,Wrong Answer,2104,36720,2496,
s861750127,p02936,u757628628,1572107875,C++,C++14 (GCC 5.4.1),cpp,Time Limit Exceeded,2123,317696,2316,
s013906004,p02936,u757628628,1572107588,C++,C++14 (GCC 5.4.1),cpp,Runtime Error,2827,1780,1463,
s750340890,p02936,u757628628,1572107548,C++,C++14 (GCC 5.4.1),cpp,Wrong Answer,9,17408,1449,
s396279698,p02936,u757628628,1572107498,C++,C++14 (GCC 5.4.1),cpp,Compile Error,,,1459,
s307590186,p02936,u973630705,1572104161,C++,C++14 (GCC 5.4.1),cpp,Wrong Answer,2105,24448,847,
s065084910,p02936,u127030911,1572075020,Java,Java8 (OpenJDK 1.8.0),java,Accepted,1904,208324,1308,
s463501176,p02936,u127030911,1572074946,Java,Java8 (OpenJDK 1.8.0),java,Wrong Answer,1646,197488,1070,
s380554243,p02936,u153390822,1572072943,C++,C++14 (GCC 5.4.1),cpp,Accepted,303,35200,2314,
s149310334,p02936,u153390822,1572070317,C++,C++14 (GCC 5.4.1),cpp,Accepted,311,35200,2310,
s128100782,p02936,u757628628,1572070227,C++,C++14 (GCC 5.4.1),cpp,Runtime Error,2830,1780,1546,
s193757799,p02936,u757628628,1572070180,C++,C++14 (GCC 5.4.1),cpp,Runtime Error,2543,1780,2342,
s962174004,p02936,u757628628,1572070040,C++,C++14 (GCC 5.4.1),cpp,Runtime Error,3100,1780,2318,
s866000247,p02936,u153390822,1572069415,C++,C++14 (GCC 5.4.1),cpp,Accepted,311,35200,2229,
s021178518,p02936,u153390822,1572069366,C++,C++14 (GCC 5.4.1),cpp,Accepted,303,35200,2224,
s323391368,p02936,u153390822,1572069270,C++,C++14 (GCC 5.4.1),cpp,Accepted,307,35200,2042,
s700355726,p02936,u153390822,1572069062,C++,C++14 (GCC 5.4.1),cpp,Accepted,307,35200,2070,
s358248788,p02936,u153390822,1572068736,C++,C++14 (GCC 5.4.1),cpp,Accepted,298,35200,2075,
s752057787,p02936,u153390822,1572068545,C++,C++14 (GCC 5.4.1),cpp,Accepted,314,35200,2046,
s428657420,p02936,u054226175,1572063677,C++,C++14 (GCC 5.4.1),cpp,Accepted,174,34304,3655,
s267100952,p02936,u757628628,1572060663,C++,C++14 (GCC 5.4.1),cpp,Runtime Error,3573,1780,2309,
s722593733,p02936,u164154389,1572060268,C++,C++14 (GCC 5.4.1),cpp,Accepted,146,24192,667,
s936590359,p02936,u757628628,1572058438,C++,C++14 (GCC 5.4.1),cpp,Runtime Error,2370,1780,2113,
s074950138,p02936,u920932623,1572057729,C++,C++14 (GCC 5.4.1),cpp,Accepted,321,37748,2144,
s104550664,p02936,u757628628,1572057619,C++,C++14 (GCC 5.4.1),cpp,Runtime Error,2585,1780,1626,
s948230528,p02936,u920932623,1572056911,C++,C++14 (GCC 5.4.1),cpp,Accepted,385,45696,1988,
s960199628,p02936,u064963667,1572047021,Python,Python (3.4.3),py,Runtime Error,2109,110292,1172,
s368374575,p02936,u482785341,1572043262,C++,C++14 (GCC 5.4.1),cpp,Accepted,439,50816,1140,
s106234952,p02936,u774652316,1572040331,C++,C++14 (GCC 5.4.1),cpp,Accepted,140,18048,1374,
s938258673,p02936,u947263228,1572040012,C++,C++14 (GCC 5.4.1),cpp,Runtime Error,154,7288,1338,
s906202004,p02936,u947263228,1572039883,C++,C++14 (GCC 5.4.1),cpp,Runtime Error,150,7288,1312,
s719302694,p02936,u482785341,1572039571,C++,C++14 (GCC 5.4.1),cpp,Wrong Answer,2103,22912,1273,
s525542887,p02936,u642120132,1572032602,C++,C++14 (GCC 5.4.1),cpp,Accepted,313,29696,736,
s151148781,p02936,u642120132,1572030920,C++,C++14 (GCC 5.4.1),cpp,Accepted,307,29696,736,
s771440583,p02936,u642120132,1572029294,C++,C++14 (GCC 5.4.1),cpp,Wrong Answer,2105,29568,590,
s454031347,p02936,u046482892,1572029183,C++,C++14 (GCC 5.4.1),cpp,Accepted,443,40704,712,
s102136831,p02936,u046482892,1572028644,C++,C++14 (GCC 5.4.1),cpp,Runtime Error,3296,1908,814,
s145884599,p02936,u137938820,1572027014,Java,Java8 (OpenJDK 1.8.0),java,Accepted,1840,211208,1111,
s947333576,p02936,u137938820,1572026722,Java,Java8 (OpenJDK 1.8.0),java,Wrong Answer,1733,208440,1161,
s777772612,p02936,u137938820,1572026539,Java,Java8 (OpenJDK 1.8.0),java,Wrong Answer,1691,206072,1145,
s241894412,p02936,u137938820,1572026514,Java,Java8 (OpenJDK 1.8.0),java,Compile Error,,,1148,
s982872021,p02936,u137938820,1572023807,Java,Java8 (OpenJDK 1.8.0),java,Wrong Answer,997,97632,977,
s739762176,p02936,u137938820,1572022989,Java,Java8 (OpenJDK 1.8.0),java,Runtime Error,953,93488,1002,
s788873690,p02936,u111496108,1571993449,C++,C++14 (GCC 5.4.1),cpp,Accepted,165,24320,3406,
s501449104,p02936,u930257418,1571973292,D,D (DMD64 v2.070.1),d,Accepted,613,39036,899,
s586275991,p02936,u984529214,1571972994,C++,C++14 (GCC 5.4.1),cpp,Wrong Answer,362,17908,1348,
s773548761,p02936,u984529214,1571972843,C++,C++14 (GCC 5.4.1),cpp,Wrong Answer,328,15988,1363,
s466077696,p02936,u984529214,1571972560,C++,C++14 (GCC 5.4.1),cpp,Runtime Error,379,17908,1342,
s312549114,p02936,u984529214,1571969451,C++,C++14 (GCC 5.4.1),cpp,Runtime Error,2104,17280,1246,
s680911408,p02936,u984529214,1571969240,C++,C++14 (GCC 5.4.1),cpp,Runtime Error,385,17280,1123,
s167059552,p02936,u984529214,1571968248,C++,C++14 (GCC 5.4.1),cpp,Runtime Error,402,17280,1075,
s069738245,p02936,u984529214,1571967602,C++,C++14 (GCC 5.4.1),cpp,Runtime Error,2104,17012,1209,
s853883889,p02936,u984529214,1571944546,C++,C++14 (GCC 5.4.1),cpp,Runtime Error,2104,15476,1152,
s360456232,p02936,u310233294,1571931807,Python,PyPy3 (2.4.0),py,Time Limit Exceeded,2121,302856,542,
s297369216,p02936,u310233294,1571931797,Python,Python (3.4.3),py,Time Limit Exceeded,2118,225560,542,
s720026444,p02936,u310233294,1571931088,Python,Python (3.4.3),py,Time Limit Exceeded,2118,225456,554,
s667492150,p02936,u310233294,1571929375,Python,Python (3.4.3),py,Wrong Answer,1676,45136,480,
s544185257,p02936,u310233294,1571928613,Python,Python (3.4.3),py,Wrong Answer,2109,224564,468,
s425623659,p02936,u310233294,1571928531,Python,Python (3.4.3),py,Runtime Error,1784,130044,467,
s674817453,p02936,u310233294,1571928332,Python,PyPy3 (2.4.0),py,Wrong Answer,2128,388088,467,
s704184994,p02936,u310233294,1571928169,Python,PyPy3 (2.4.0),py,Runtime Error,1882,128588,424,
s506369228,p02936,u310233294,1571927461,Python,PyPy3 (2.4.0),py,Wrong Answer,2110,88524,283,
s441432852,p02936,u310233294,1571926269,Python,PyPy3 (2.4.0),py,Runtime Error,2114,113868,389,
s948564233,p02936,u054825571,1571925369,Python,PyPy3 (2.4.0),py,Accepted,1850,105364,487,
s805551681,p02936,u054825571,1571925113,Python,PyPy3 (2.4.0),py,Wrong Answer,1714,90516,463,
s356653447,p02936,u054825571,1571925001,Python,PyPy3 (2.4.0),py,Wrong Answer,1732,88852,379,
s510596309,p02936,u054825571,1571924564,Python,PyPy3 (2.4.0),py,Wrong Answer,1773,89364,373,
s035803684,p02936,u334213423,1571921510,C#,C# (Mono 4.6.2.0),cs,Accepted,737,55404,1436,
s196802416,p02936,u054825571,1571915733,Python,PyPy3 (2.4.0),py,Wrong Answer,1808,85268,312,
s987413042,p02936,u547448704,1571915658,C++,C++14 (GCC 5.4.1),cpp,Accepted,392,35200,1354,
s731025962,p02936,u054825571,1571913930,Python,PyPy3 (2.4.0),py,Wrong Answer,1759,109772,354,
s877838984,p02936,u547448704,1571913181,C++,C++14 (GCC 5.4.1),cpp,Time Limit Exceeded,2121,1624188,1496,
s513536688,p02936,u389438219,1571903953,C++,C++14 (GCC 5.4.1),cpp,Accepted,126,24320,2490,
s507847708,p02936,u563502845,1571900320,C++,C++14 (GCC 5.4.1),cpp,Accepted,129,24564,2001,
s672180704,p02936,u401452016,1571887217,C++,C++14 (GCC 5.4.1),cpp,Accepted,822,44544,687,
s664461567,p02936,u566755496,1571886752,C++,C++14 (GCC 5.4.1),cpp,Accepted,388,51968,1138,
s902776609,p02936,u547448704,1571886311,C++,C++14 (GCC 5.4.1),cpp,Time Limit Exceeded,2141,1615124,1422,
s185545022,p02936,u547448704,1571886269,C++,C++14 (GCC 5.4.1),cpp,Wrong Answer,2144,1619964,1550,
s159987393,p02936,u566755496,1571886066,C++,C++14 (GCC 5.4.1),cpp,Accepted,377,51968,1102,
s354187949,p02936,u566755496,1571886041,C++,C++14 (GCC 5.4.1),cpp,Wrong Answer,385,51968,1098,
s902117408,p02936,u111392182,1571883126,Python,Python (3.4.3),py,Wrong Answer,1596,25848,262,
s003824747,p02936,u111392182,1571883028,Python,Python (3.4.3),py,Wrong Answer,1471,27504,261,
s750412109,p02936,u401452016,1571882304,C++,C++14 (GCC 5.4.1),cpp,Wrong Answer,2105,28416,818,
s027974930,p02936,u669819350,1571874532,Python,PyPy3 (2.4.0),py,Accepted,1846,105804,648,
s084952684,p02936,u343150957,1571872707,Python,PyPy3 (2.4.0),py,Wrong Answer,1795,90956,350,
s545322070,p02936,u343150957,1571872504,Python,PyPy3 (2.4.0),py,Wrong Answer,1696,123804,355,
s846516722,p02936,u669819350,1571872437,Python,PyPy3 (2.4.0),py,Runtime Error,2111,136276,873,
s364508133,p02936,u334213423,1571862980,C#,C# (Mono 4.6.2.0),cs,Wrong Answer,654,55956,1437,
s941949925,p02936,u850516963,1571860566,C++,C++14 (GCC 5.4.1),cpp,Accepted,657,23552,1819,
s507798346,p02936,u054825571,1571850409,Python,PyPy3 (2.4.0),py,Runtime Error,1762,128588,384,
s581996792,p02936,u943070796,1571849710,C++,C++14 (GCC 5.4.1),cpp,Wrong Answer,318,3968,310,
s907891952,p02936,u054825571,1571849570,Python,PyPy3 (2.4.0),py,Runtime Error,2110,126284,375,
s721654477,p02936,u054825571,1571849196,Python,Python (3.4.3),py,Runtime Error,2106,50504,377,
s964018328,p02936,u388763757,1571828189,C++,C++14 (GCC 5.4.1),cpp,Accepted,297,25856,1013,
s585692987,p02936,u500006160,1571817914,C++,C++14 (GCC 5.4.1),cpp,Wrong Answer,315,23296,765,
s383160084,p02936,u500006160,1571817733,C++,C++14 (GCC 5.4.1),cpp,Wrong Answer,322,23296,762,
s556873513,p02936,u500006160,1571816788,C++,C++14 (GCC 5.4.1),cpp,Wrong Answer,2104,22656,917,
s227759125,p02936,u500006160,1571816661,C++,C++14 (GCC 5.4.1),cpp,Wrong Answer,2104,21148,898,
s810991975,p02936,u103850114,1571813004,C++,C++14 (GCC 5.4.1),cpp,Wrong Answer,2105,24448,666,
s849394896,p02936,u103850114,1571812973,C++,C++14 (GCC 5.4.1),cpp,Compile Error,,,680,
s208782146,p02936,u103850114,1571812946,C++,C++14 (GCC 5.4.1),cpp,Compile Error,,,682,
s260147885,p02936,u103850114,1571812454,C++,C++14 (GCC 5.4.1),cpp,Compile Error,,,491,
s103167283,p02936,u690438113,1571811307,Rust,Rust (1.15.1),rs,Accepted,95,37112,2548,
s652228712,p02936,u690438113,1571811252,Rust,Rust (1.15.1),rs,Wrong Answer,83,35064,2091,
s204075418,p02936,u623687794,1571800618,C++,C++14 (GCC 5.4.1),cpp,Accepted,593,15604,985,
s413400657,p02936,u623687794,1571800433,C++,C++14 (GCC 5.4.1),cpp,Compile Error,,,984,
s592993727,p02936,u068586753,1571796699,C++,C++14 (GCC 5.4.1),cpp,Wrong Answer,2104,19712,884,
s856927475,p02936,u025592199,1571780403,C++,C++14 (GCC 5.4.1),cpp,Accepted,144,16372,854,
s069822165,p02936,u672475305,1571772150,Python,Python (3.4.3),py,Accepted,1586,62260,606,
s709478213,p02936,u672475305,1571771303,Python,PyPy3 (2.4.0),py,Wrong Answer,2112,141072,518,
s178075427,p02936,u672475305,1571771177,Python,Python (3.4.3),py,Wrong Answer,2106,44372,518,
s982357933,p02936,u863841238,1571769186,C++,C++14 (GCC 5.4.1),cpp,Accepted,310,16372,1025,
s350845100,p02936,u184335045,1571768217,C++,C++14 (GCC 5.4.1),cpp,Accepted,386,27392,818,
s562177918,p02936,u240519642,1571763591,Rust,Rust (1.15.1),rs,Accepted,403,36984,4708,
s873198788,p02936,u863841238,1571762720,C++,C++14 (GCC 5.4.1),cpp,Accepted,366,21888,835,
s613568993,p02936,u863841238,1571762325,C++,C++14 (GCC 5.4.1),cpp,Wrong Answer,318,17140,1004,
s891080907,p02936,u863841238,1571760408,C++,C++14 (GCC 5.4.1),cpp,Wrong Answer,313,16372,1008,
s235135548,p02936,u863841238,1571760256,C++,C++14 (GCC 5.4.1),cpp,Wrong Answer,319,16372,1007,
s261516525,p02936,u863841238,1571759955,C++,C++14 (GCC 5.4.1),cpp,Runtime Error,2577,1780,1004,
s348971576,p02936,u388763757,1571756217,C++,C++14 (GCC 5.4.1),cpp,Wrong Answer,2104,7680,1020,
s828780471,p02936,u388763757,1571755464,C++,C++14 (GCC 5.4.1),cpp,Wrong Answer,252,6272,805,
s573164203,p02936,u388763757,1571754167,C++,C++14 (GCC 5.4.1),cpp,Runtime Error,2556,1780,1158,
s085708090,p02936,u388763757,1571752812,C++,C++14 (GCC 5.4.1),cpp,Wrong Answer,2107,4224,1094,
s950573685,p02936,u388763757,1571751588,C++,C++14 (GCC 5.4.1),cpp,Wrong Answer,2111,132224,1376,
s457652974,p02936,u388763757,1571748164,C++,C++14 (GCC 5.4.1),cpp,Wrong Answer,2106,40448,989,
s337936408,p02936,u331197998,1571742011,C++,C++14 (GCC 5.4.1),cpp,Wrong Answer,275,14080,697,
s606247371,p02936,u148612780,1571731366,Java,Java8 (OpenJDK 1.8.0),java,Accepted,1414,116764,4069,
s957810205,p02936,u919682568,1571730349,C++,C++14 (GCC 5.4.1),cpp,Accepted,132,19440,2393,
s655274273,p02936,u331197998,1571727282,C++,C++14 (GCC 5.4.1),cpp,Wrong Answer,2104,13952,820,
s173965953,p02936,u331197998,1571727141,C++,C++14 (GCC 5.4.1),cpp,Wrong Answer,2104,12416,838,
s690185297,p02936,u240519642,1571719888,Rust,Rust (1.15.1),rs,Wrong Answer,72,37240,4342,
s078810281,p02936,u834771741,1571711190,C++,C++14 (GCC 5.4.1),cpp,Accepted,368,22656,801,
s670985364,p02936,u074059053,1571707753,C++,C++14 (GCC 5.4.1),cpp,Accepted,144,25088,825,
s768854969,p02936,u263226212,1571705191,Python,Python (3.4.3),py,Accepted,1644,268432,544,
s376608582,p02936,u263226212,1571705093,Python,Python (3.4.3),py,Time Limit Exceeded,2121,268464,517,
s171247365,p02936,u263226212,1571704590,Python,Python (3.4.3),py,Time Limit Exceeded,2120,268456,515,
s045577480,p02936,u263226212,1571704529,Python,Python (3.4.3),py,Runtime Error,1777,52292,475,
s704805428,p02936,u587665681,1571689140,C++,C++14 (GCC 5.4.1),cpp,Accepted,151,29824,783,
s002043694,p02936,u587665681,1571689079,C++,C++14 (GCC 5.4.1),cpp,Wrong Answer,144,29824,787,
s950469858,p02936,u696290869,1571632072,C++,C++14 (Clang 3.8.0),cpp,Accepted,800,27380,1377,
s501037713,p02936,u696290869,1571631549,C++,C++14 (Clang 3.8.0),cpp,Wrong Answer,773,27504,1373,
s708563374,p02936,u696290869,1571631468,C++,C++14 (Clang 3.8.0),cpp,Wrong Answer,757,21112,1355,
s671712491,p02936,u296518383,1571612277,Python,Python (3.4.3),py,Accepted,1811,56120,490,
s768166362,p02936,u644907318,1571608515,Python,Python (3.4.3),py,Accepted,1811,73240,504,
s597741650,p02936,u331948661,1571605058,C++,C++14 (GCC 5.4.1),cpp,Accepted,587,13872,876,
s976647771,p02936,u331948661,1571605013,C++,C++14 (GCC 5.4.1),cpp,Runtime Error,508,13556,876,
s686407903,p02936,u331948661,1571604968,C++,C++14 (GCC 5.4.1),cpp,Runtime Error,490,13556,860,
s994775633,p02936,u439009525,1571602065,Python,PyPy3 (2.4.0),py,Accepted,1939,122104,548,
s451866621,p02936,u439009525,1571601645,Python,PyPy3 (2.4.0),py,Time Limit Exceeded,2122,297592,509,
s236429907,p02936,u825428447,1571587386,C++,C++14 (GCC 5.4.1),cpp,Accepted,125,16372,1505,
s192760854,p02936,u379804877,1571583126,Kotlin,Kotlin (1.0.0),kt,Accepted,1870,153232,957,
s215859162,p02936,u379804877,1571583021,Kotlin,Kotlin (1.0.0),kt,Time Limit Exceeded,2111,161632,977,
s910029003,p02936,u379804877,1571582884,Kotlin,Kotlin (1.0.0),kt,Time Limit Exceeded,2111,169632,968,
s387747514,p02936,u379804877,1571582853,Kotlin,Kotlin (1.0.0),kt,Compile Error,,,944,
s220013659,p02936,u379804877,1571581977,Kotlin,Kotlin (1.0.0),kt,Wrong Answer,1971,157008,651,
s191327673,p02936,u379804877,1571581813,Kotlin,Kotlin (1.0.0),kt,Wrong Answer,1914,157200,642,
s987878912,p02936,u971191320,1571557167,Java,Java8 (OpenJDK 1.8.0),java,Accepted,1850,211188,1441,
s434989275,p02936,u547167033,1571546458,Java,Java8 (OpenJDK 1.8.0),java,Accepted,1985,216692,974,
s406476136,p02936,u309758014,1571540104,C++,C++14 (GCC 5.4.1),cpp,Runtime Error,263,6272,440,
s540820254,p02936,u012133968,1571531610,Ruby,Ruby (2.3.3),rb,Accepted,917,58548,677,
s664643313,p02936,u497046426,1571527868,Python,Python (3.4.3),py,Accepted,1967,118136,572,
s643236370,p02936,u497046426,1571527414,Python,Python (3.4.3),py,Time Limit Exceeded,2106,125268,601,
s687263866,p02936,u841131859,1571521892,C++,C++14 (GCC 5.4.1),cpp,Accepted,649,23424,935,
s826757861,p02936,u355545160,1571520237,C++,C++14 (GCC 5.4.1),cpp,Wrong Answer,553,13824,664,
s488190653,p02936,u947304300,1571520219,C++,C++14 (GCC 5.4.1),cpp,Accepted,136,16768,1354,
s598902911,p02936,u450922311,1571517871,C++,C++14 (GCC 5.4.1),cpp,Accepted,169,32128,3889,
s602388834,p02936,u450922311,1571516391,C++,C++14 (GCC 5.4.1),cpp,Accepted,156,30592,4046,
s375629326,p02936,u894339989,1571514025,C++,C++14 (GCC 5.4.1),cpp,Runtime Error,2104,9200,658,
s847442522,p02936,u144029820,1571513745,C++,C++14 (GCC 5.4.1),cpp,Accepted,361,23424,567,
s150914121,p02936,u144029820,1571513567,C++,C++14 (GCC 5.4.1),cpp,Runtime Error,355,2420,542,
s479061847,p02936,u144029820,1571513323,C++,C++14 (GCC 5.4.1),cpp,Runtime Error,100,768,566,
s256842533,p02936,u144029820,1571513125,C++,C++14 (GCC 5.4.1),cpp,Runtime Error,101,768,595,
s969170134,p02936,u144029820,1571509200,C++,C++14 (GCC 5.4.1),cpp,Wrong Answer,313,6144,609,
s650618521,p02936,u144029820,1571509068,C++,C++14 (GCC 5.4.1),cpp,Wrong Answer,308,7680,663,
s632592028,p02936,u981931040,1571508971,Python,Python (3.4.3),py,Accepted,1952,268464,941,
s820959178,p02936,u981931040,1571508724,Python,Python (3.4.3),py,Time Limit Exceeded,2120,268464,880,
s700014562,p02936,u144029820,1571508594,C++,C++14 (GCC 5.4.1),cpp,Wrong Answer,304,7680,757,
s596743661,p02936,u981931040,1571508512,Python,Python (3.4.3),py,Runtime Error,1847,52292,887,
s342220825,p02936,u144029820,1571507835,C++,C++14 (GCC 5.4.1),cpp,Wrong Answer,304,7680,767,
s885044404,p02936,u981931040,1571507298,Python,Python (3.4.3),py,Runtime Error,1707,52292,544,
s905880404,p02936,u374190629,1571505390,C++,C++14 (GCC 5.4.1),cpp,Accepted,673,23552,646,
s599898228,p02936,u374190629,1571505361,C++,C++14 (GCC 5.4.1),cpp,Runtime Error,97,768,645,
s439273426,p02936,u211311366,1571496103,C++,C++14 (GCC 5.4.1),cpp,Wrong Answer,549,4608,572,
s714447256,p02936,u835924161,1571467908,C++,C++14 (GCC 5.4.1),cpp,Wrong Answer,293,15476,2598,
s297165078,p02936,u835924161,1571467733,C++,C++14 (GCC 5.4.1),cpp,Wrong Answer,305,15476,2575,
s168966502,p02936,u491854482,1571460747,C++,C++14 (Clang 3.8.0),cpp,Accepted,767,18432,2520,
s282181167,p02936,u491854482,1571460710,C++,C++14 (GCC 5.4.1),cpp,Accepted,309,18432,2520,
s524901314,p02936,u491854482,1571459827,C++,C++14 (GCC 5.4.1),cpp,Accepted,290,18432,2632,
s250034028,p02936,u491854482,1571457704,C++,C++14 (GCC 5.4.1),cpp,Accepted,309,18432,1368,
s891356620,p02936,u491854482,1571456683,C++,C++14 (GCC 5.4.1),cpp,Time Limit Exceeded,2104,18432,1275,
s973744274,p02936,u491854482,1571456376,C++,C++14 (GCC 5.4.1),cpp,Time Limit Exceeded,2104,18432,1408,
s397857912,p02936,u491854482,1571455831,C++,C++14 (GCC 5.4.1),cpp,Time Limit Exceeded,2105,24192,1943,
s620314173,p02936,u619683748,1571447781,C++,C++14 (GCC 5.4.1),cpp,Wrong Answer,2104,13568,865,
s492728155,p02936,u619683748,1571446584,C++,C++14 (GCC 5.4.1),cpp,Wrong Answer,2104,13568,863,
s526979400,p02936,u948524308,1571444932,Python,Python (3.4.3),py,Wrong Answer,2108,74988,370,
s910744668,p02936,u948524308,1571443305,Python,Python (3.4.3),py,Wrong Answer,2108,77628,338,
s510989891,p02936,u017829818,1571441875,Go,Go (1.6),go,Runtime Error,2109,30464,1166,
s360247552,p02936,u017829818,1571440574,Go,Go (1.6),go,Runtime Error,2109,30592,1168,
s582123175,p02936,u951153301,1571438147,Rust,Rust (1.15.1),rs,Accepted,197,24700,1667,
s441182122,p02936,u951153301,1571437423,Rust,Rust (1.15.1),rs,Wrong Answer,154,10492,1236,
s082782041,p02936,u336721073,1571434334,C++,C++14 (GCC 5.4.1),cpp,Accepted,300,32256,1068,
s198934052,p02936,u539517139,1571429196,Python,Python (3.4.3),py,Accepted,1722,56148,416,
s844092716,p02936,u539517139,1571429069,Python,Python (3.4.3),py,Runtime Error,738,32944,387,
s008692175,p02936,u471212175,1571426979,C++,C++14 (GCC 5.4.1),cpp,Wrong Answer,249,5504,727,
s628060501,p02936,u530844517,1571425110,Python,Python (3.4.3),py,Accepted,1229,116684,694,
s521207295,p02936,u981931040,1571424414,Python,Python (3.4.3),py,Wrong Answer,22,3572,31,
s398309755,p02936,u981931040,1571424404,Python,PyPy3 (2.4.0),py,Wrong Answer,169,38288,31,
s063583927,p02936,u981931040,1571424224,Python,PyPy3 (2.4.0),py,Wrong Answer,2110,116524,393,
s434617051,p02936,u530844517,1571424121,Python,Python (3.4.3),py,Wrong Answer,914,60856,549,
s882470224,p02936,u981931040,1571423633,Python,Python (3.4.3),py,Wrong Answer,2106,41212,485,
s359309387,p02936,u837542104,1571397304,C++,C++14 (GCC 5.4.1),cpp,Accepted,360,24320,768,
s499605965,p02936,u837542104,1571396712,C++,C++14 (GCC 5.4.1),cpp,Wrong Answer,354,24320,734,
s470564242,p02936,u806657856,1571378305,C++,C++14 (GCC 5.4.1),cpp,Accepted,303,25968,1462,
s409342020,p02936,u806657856,1571377994,C++,C++14 (GCC 5.4.1),cpp,Runtime Error,3535,1780,1450,
s721567395,p02936,u788461451,1571371688,C++,C++14 (GCC 5.4.1),cpp,Accepted,415,22656,1111,
s546902353,p02936,u788461451,1571371340,C++,C++14 (GCC 5.4.1),cpp,Runtime Error,554,20608,1112,
s533756993,p02936,u197955752,1571363298,Python,Python (3.4.3),py,Runtime Error,2113,176384,2302,
s508812304,p02936,u333768710,1571361732,C++,C++14 (GCC 5.4.1),cpp,Accepted,318,21716,3655,
s247216457,p02936,u333768710,1571361426,C++,C++14 (GCC 5.4.1),cpp,Accepted,304,21716,3608,
s727121879,p02936,u333768710,1571361167,C++,C++14 (GCC 5.4.1),cpp,Time Limit Exceeded,2104,20308,3703,
s390707318,p02936,u333768710,1571360662,C++,C++14 (GCC 5.4.1),cpp,Time Limit Exceeded,2104,22852,3665,
s384183143,p02936,u333768710,1571360498,C++,C++14 (GCC 5.4.1),cpp,Wrong Answer,2107,21332,3654,
s598928816,p02936,u910426639,1571360153,Python,Python (3.4.3),py,Accepted,1875,234484,594,
s823722425,p02936,u910426639,1571359920,Python,Python (3.4.3),py,Runtime Error,1987,55948,522,
s494805866,p02936,u910426639,1571359823,Python,Python (3.4.3),py,Runtime Error,1880,55944,518,
s132631637,p02936,u910426639,1571359640,Python,Python (3.4.3),py,Runtime Error,1873,53828,517,
s322548201,p02936,u910426639,1571359049,Python,Python (3.4.3),py,Runtime Error,1570,45088,429,
s763112647,p02936,u083910207,1571357861,C++,C++14 (GCC 5.4.1),cpp,Accepted,602,21888,1643,
s435785399,p02936,u083910207,1571357755,C++,C++14 (GCC 5.4.1),cpp,Accepted,616,21888,1643,
s939948802,p02936,u835924161,1571355410,C++,C++14 (GCC 5.4.1),cpp,Wrong Answer,305,15476,2550,
s333767601,p02936,u795245552,1571349515,Python,Python (3.4.3),py,Accepted,1989,118852,686,
s236965932,p02936,u471212175,1571347266,C++,C++14 (GCC 5.4.1),cpp,Wrong Answer,247,5504,673,
s192563683,p02936,u835924161,1571346667,C++,C++14 (GCC 5.4.1),cpp,Wrong Answer,276,14848,1259,
s844734839,p02936,u333768710,1571345454,C++,C++14 (GCC 5.4.1),cpp,Accepted,307,19444,2517,
s326005398,p02936,u333768710,1571345341,C++,C++14 (GCC 5.4.1),cpp,Wrong Answer,292,17524,2436,
s731265711,p02936,u835924161,1571345329,C++,C++14 (GCC 5.4.1),cpp,Wrong Answer,296,14848,2543,
s739677426,p02936,u781185161,1571344865,C++,C++14 (GCC 5.4.1),cpp,Wrong Answer,375,19584,750,
s612913598,p02936,u781185161,1571344410,C++,C++14 (GCC 5.4.1),cpp,Wrong Answer,2104,17408,752,
s320439785,p02936,u781185161,1571344084,C++,C++14 (GCC 5.4.1),cpp,Wrong Answer,2104,16640,738,
s565586827,p02936,u781185161,1571344022,C++,C++14 (GCC 5.4.1),cpp,Runtime Error,177,5376,738,
s729835298,p02936,u083910207,1571333693,C++,C++14 (GCC 5.4.1),cpp,Accepted,589,21888,1642,
s385551738,p02936,u295946532,1571333460,Go,Go (1.6),go,Accepted,684,47104,2453,
s149516568,p02936,u295946532,1571332209,Go,Go (1.6),go,Wrong Answer,675,45440,2419,
s661085645,p02936,u837233010,1571331900,C++,C++14 (GCC 5.4.1),cpp,Accepted,133,23424,1282,
s852312742,p02936,u837233010,1571331412,C++,C++14 (GCC 5.4.1),cpp,Wrong Answer,151,23424,1242,
s605632046,p02936,u837233010,1571309193,C++,C++14 (GCC 5.4.1),cpp,Wrong Answer,2104,18176,1194,
s490331067,p02936,u244832678,1571288703,C++,C++14 (GCC 5.4.1),cpp,Accepted,289,24320,570,
s028195497,p02936,u244832678,1571288216,C++,C++14 (GCC 5.4.1),cpp,Wrong Answer,312,35200,591,
s564239436,p02936,u820351940,1571285790,Python,PyPy3 (2.4.0),py,Accepted,1926,117280,673,
s184611111,p02936,u820351940,1571285715,Python,PyPy3 (2.4.0),py,Wrong Answer,1936,117276,673,
s738953920,p02936,u820351940,1571285624,Python,PyPy3 (2.4.0),py,Wrong Answer,1904,100812,650,
s060250777,p02936,u820351940,1571285257,Python,PyPy3 (2.4.0),py,Wrong Answer,1834,99276,564,
s530854375,p02936,u968846084,1571284955,Python,Python (3.4.3),py,Accepted,1765,56168,520,
s034462944,p02936,u131406572,1571284827,Python,Python (3.4.3),py,Accepted,1826,56112,611,
s361504789,p02936,u131406572,1571284750,Python,Python (3.4.3),py,Runtime Error,61,18992,610,
s143702048,p02936,u820351940,1571284694,Python,PyPy3 (2.4.0),py,Wrong Answer,1823,88396,597,
s265897735,p02936,u244832678,1571284541,C++,C++14 (GCC 5.4.1),cpp,Wrong Answer,331,35200,588,
s842379911,p02936,u244832678,1571283879,C++,C++14 (GCC 5.4.1),cpp,Wrong Answer,333,32128,547,
s205415233,p02936,u244832678,1571283824,C++,C++14 (GCC 5.4.1),cpp,Wrong Answer,582,16512,678,
s252630728,p02936,u244832678,1571283752,C++,C++14 (GCC 5.4.1),cpp,Wrong Answer,425,31360,553,
s417093609,p02936,u820351940,1571283588,C++,C++14 (GCC 5.4.1),cpp,Wrong Answer,2104,16512,2141,
s972123807,p02936,u820351940,1571282128,Python,PyPy3 (2.4.0),py,Wrong Answer,2109,100044,500,
s658250840,p02936,u820351940,1571281672,Python,PyPy3 (2.4.0),py,Wrong Answer,2125,348748,507,
s388930725,p02936,u820351940,1571281424,Python,PyPy3 (2.4.0),py,Runtime Error,1880,130844,466,
s189685464,p02936,u458042999,1571280893,F#,F# (Mono 4.0),fs,Wrong Answer,2110,44620,783,
s051097914,p02936,u091367113,1571278705,C++,C++14 (GCC 5.4.1),cpp,Accepted,140,30464,1415,
s926237691,p02936,u519756887,1571271748,C++,C++14 (GCC 5.4.1),cpp,Accepted,600,16372,878,
s281785872,p02936,u127314985,1571267441,C++,C++14 (GCC 5.4.1),cpp,Wrong Answer,547,4736,478,
s467787775,p02936,u488352661,1571263304,C++,C++14 (GCC 5.4.1),cpp,Accepted,379,24448,915,
s518448890,p02936,u144029820,1571260523,C++,C++14 (GCC 5.4.1),cpp,Wrong Answer,301,7680,741,
s769569856,p02936,u321492259,1571242692,Python,Python (3.4.3),py,Wrong Answer,2250,1975692,491,
s200200099,p02936,u026537738,1571240782,C++,C++14 (GCC 5.4.1),cpp,Accepted,388,24192,1104,
s796321467,p02936,u026537738,1571240388,C++,C++14 (GCC 5.4.1),cpp,Wrong Answer,343,24064,1018,
s030597222,p02936,u144029820,1571236776,C++,C++14 (GCC 5.4.1),cpp,Wrong Answer,305,7680,741,
s191824847,p02936,u144029820,1571236765,C++,C++14 (GCC 5.4.1),cpp,Wrong Answer,317,7680,741,
s257991988,p02936,u377933349,1571201003,C#,C# (Mono 4.6.2.0),cs,Accepted,627,51112,4847,
s653261218,p02936,u945181840,1571196669,Python,Python (3.4.3),py,Accepted,1056,66944,586,
s611934703,p02936,u945181840,1571196059,Python,Python (3.4.3),py,Wrong Answer,965,65284,479,
s373601562,p02936,u945181840,1571195204,Python,Python (3.4.3),py,Wrong Answer,2135,519488,590,
s162143182,p02936,u945181840,1571194091,Python,Python (3.4.3),py,Wrong Answer,1171,71948,516,
s092481458,p02936,u945181840,1571190164,Python,Python (3.4.3),py,Wrong Answer,2127,358064,532,
s214169232,p02936,u945181840,1571189738,Python,Python (3.4.3),py,Wrong Answer,2129,333540,479,
s377932362,p02936,u144029820,1571186749,C++,C++14 (GCC 5.4.1),cpp,Wrong Answer,319,6144,661,
s664482097,p02936,u144029820,1571186612,C++,C++14 (GCC 5.4.1),cpp,Wrong Answer,320,6144,659,
s590919874,p02936,u144029820,1571185658,C++,C++14 (GCC 5.4.1),cpp,Wrong Answer,335,6144,661,
s782374563,p02936,u144029820,1571185594,C++,C++14 (GCC 5.4.1),cpp,Compile Error,,,661,
s151237014,p02936,u615258936,1571174579,C++,C++14 (GCC 5.4.1),cpp,Accepted,294,25856,1776,
s650962023,p02936,u196629968,1571164389,C++,C++14 (GCC 5.4.1),cpp,Wrong Answer,2111,136196,1002,
s764157997,p02936,u759177660,1571129161,C++,C++14 (GCC 5.4.1),cpp,Accepted,368,23424,1013,
s447971364,p02936,u764013649,1571122100,C++,C++14 (GCC 5.4.1),cpp,Accepted,303,50048,1276,
s437186309,p02936,u837542104,1571114956,C++,C++14 (GCC 5.4.1),cpp,Wrong Answer,347,21120,824,
s522454651,p02936,u837542104,1571114529,C++,C++14 (GCC 5.4.1),cpp,Wrong Answer,351,21120,885,
s171739569,p02936,u526367939,1571111723,C++,C++14 (GCC 5.4.1),cpp,Accepted,363,25600,711,
s814415047,p02936,u427698913,1571108369,C++,C++14 (GCC 5.4.1),cpp,Accepted,167,21376,709,
s737027480,p02936,u293437551,1571106151,Java,Java8 (OpenJDK 1.8.0),java,Wrong Answer,1451,197812,1816,
s205839699,p02936,u293437551,1571105455,Java,Java8 (OpenJDK 1.8.0),java,Wrong Answer,1406,199768,1716,
s382219753,p02936,u764013649,1571100085,C++,C++14 (GCC 5.4.1),cpp,Wrong Answer,306,46080,1107,
s866985582,p02936,u764013649,1571100025,C++,C++14 (GCC 5.4.1),cpp,Compile Error,,,1106,
s669664657,p02936,u764013649,1571099651,C++,C++14 (GCC 5.4.1),cpp,Wrong Answer,377,39168,1345,
s940326686,p02936,u764013649,1571099164,C++,C++14 (GCC 5.4.1),cpp,Wrong Answer,2105,39040,1043,
s678085650,p02936,u763448377,1571098580,C#,C# (Mono 4.6.2.0),cs,Accepted,591,76424,2979,
s702320135,p02936,u763448377,1571098538,C#,C# (Mono 4.6.2.0),cs,Compile Error,,,2979,
s377104108,p02936,u102461423,1571095561,Python,Python (3.4.3),py,Accepted,824,85876,640,
s635764231,p02936,u763448377,1571095131,C#,C# (Mono 4.6.2.0),cs,Accepted,1783,89664,3103,
s039611839,p02936,u850516963,1571091161,C++,C++14 (GCC 5.4.1),cpp,Wrong Answer,2104,23424,1829,
s805486156,p02936,u863309603,1571090983,Kotlin,Kotlin (1.0.0),kt,Accepted,1729,130456,1287,
s660042862,p02936,u863309603,1571089870,Kotlin,Kotlin (1.0.0),kt,Runtime Error,543,301464,595,
s181275354,p02936,u863309603,1571089781,Kotlin,Kotlin (1.0.0),kt,Runtime Error,559,305048,899,
s843908419,p02936,u863309603,1571089531,Kotlin,Kotlin (1.0.0),kt,Runtime Error,601,300572,1042,
s738133389,p02936,u863309603,1571089327,Kotlin,Kotlin (1.0.0),kt,Runtime Error,524,270876,1036,
s338664525,p02936,u562400059,1571088366,Python,Python (3.4.3),py,Accepted,1777,230908,471,
s843007981,p02936,u863309603,1571088286,Kotlin,Kotlin (1.0.0),kt,Runtime Error,531,280304,839,
s666280201,p02936,u562400059,1571088249,Python,Python (3.4.3),py,Runtime Error,1753,52300,400,
s346961567,p02936,u562400059,1571088203,Python,Python (3.4.3),py,Runtime Error,800,41744,394,
s906649442,p02936,u863309603,1571087512,Kotlin,Kotlin (1.0.0),kt,Runtime Error,548,286632,1040,
s359490703,p02936,u562400059,1571087415,Python,Python (3.4.3),py,Wrong Answer,1888,113604,260,
s047157405,p02936,u220212997,1571086793,C++,C++14 (GCC 5.4.1),cpp,Accepted,391,23680,1058,
s882118484,p02936,u562400059,1571086450,Python,Python (3.4.3),py,Wrong Answer,1793,66708,241,
s387178922,p02936,u863309603,1571086379,Kotlin,Kotlin (1.0.0),kt,Runtime Error,598,300264,1083,
s553250578,p02936,u863309603,1571085931,Kotlin,Kotlin (1.0.0),kt,Time Limit Exceeded,2111,156676,983,
s059614502,p02936,u863309603,1571085166,C++,C++14 (GCC 5.4.1),cpp,Accepted,323,24320,903,
s997538108,p02936,u863309603,1571083871,Kotlin,Kotlin (1.0.0),kt,Time Limit Exceeded,2111,170392,1050,
s990956985,p02936,u863309603,1571083620,Kotlin,Kotlin (1.0.0),kt,Wrong Answer,2119,170256,718,
s643456008,p02936,u863309603,1571083046,Kotlin,Kotlin (1.0.0),kt,Time Limit Exceeded,2111,174752,945,
s522649145,p02936,u863309603,1571082881,Kotlin,Kotlin (1.0.0),kt,Time Limit Exceeded,2111,171760,931,
s012160443,p02936,u461478706,1571080607,JavaScript,JavaScript (node.js v5.12),js,Accepted,1103,152544,767,
s267053880,p02936,u461478706,1571078726,JavaScript,JavaScript (node.js v5.12),js,Wrong Answer,839,138208,638,
s641205555,p02936,u461478706,1571077177,JavaScript,JavaScript (node.js v5.12),js,Wrong Answer,2113,118936,642,
s003218355,p02936,u220212997,1571069756,C++,C++14 (GCC 5.4.1),cpp,Wrong Answer,358,23424,940,
s629120838,p02936,u220212997,1571068983,C++,C++14 (GCC 5.4.1),cpp,Wrong Answer,2104,21376,918,
s393234384,p02936,u220212997,1571068963,C,C (GCC 5.4.1),c,Compile Error,,,918,
s649999532,p02936,u652150585,1571063825,C++,C++14 (GCC 5.4.1),cpp,Accepted,652,23936,1647,
s349093014,p02936,u360765331,1571039314,Rust,Rust (1.15.1),rs,Accepted,274,33276,1095,
s825247590,p02936,u450930716,1571029640,C++,C++14 (GCC 5.4.1),cpp,Accepted,320,47104,1385,
s095743850,p02936,u991692050,1571025010,C++,C++14 (Clang 3.8.0),cpp,Accepted,750,16244,910,
s480483256,p02936,u991692050,1571024460,C++,C++14 (Clang 3.8.0),cpp,Accepted,771,27392,878,
s429531376,p02936,u991692050,1571023923,C++,C++14 (Clang 3.8.0),cpp,Accepted,758,24320,1421,
s366571218,p02936,u394759653,1571019163,C++,C++14 (GCC 5.4.1),cpp,Accepted,486,39168,742,
s759683740,p02936,u598229387,1571018192,Python,PyPy3 (2.4.0),py,Accepted,1958,117872,479,
s000714403,p02936,u886747123,1571017322,Python,Python (3.4.3),py,Accepted,1887,63248,865,
s813328000,p02936,u203843959,1571016036,Python,Python (3.4.3),py,Runtime Error,1835,154992,730,
s209840223,p02936,u203843959,1571015030,Python,Python (3.4.3),py,Runtime Error,1789,156928,714,
s226747717,p02936,u203843959,1571014872,Python,Python (3.4.3),py,Runtime Error,1794,154956,715,
s867641075,p02936,u203843959,1571014634,Python,Python (3.4.3),py,Runtime Error,1999,154948,656,
s941329940,p02936,u203843959,1571014270,Python,Python (3.4.3),py,Wrong Answer,1423,73240,660,
s395946424,p02936,u203843959,1571014208,Python,Python (3.4.3),py,Runtime Error,17,3064,659,
s720889784,p02936,u203843959,1571014149,Python,Python (3.4.3),py,Runtime Error,17,3064,659,
s390014443,p02936,u203843959,1571013190,Python,Python (3.4.3),py,Runtime Error,1766,154956,658,
s905909500,p02936,u203843959,1571013046,Python,Python (3.4.3),py,Runtime Error,1649,77324,616,
s263961500,p02936,u886747123,1571012567,Python,Python (3.4.3),py,Wrong Answer,1886,66520,712,
s185695317,p02936,u886747123,1571012362,Python,Python (3.4.3),py,Wrong Answer,1955,66496,738,
s122433097,p02936,u886747123,1571011598,Python,Python (3.4.3),py,Wrong Answer,1850,66516,708,
s401210280,p02936,u761529120,1571011215,Python,PyPy3 (2.4.0),py,Accepted,1780,106132,713,
s613830682,p02936,u886747123,1571004799,Python,Python (3.4.3),py,Wrong Answer,1557,43104,744,
s561423909,p02936,u886747123,1571004119,Python,Python (3.4.3),py,Wrong Answer,1522,43128,721,
s995286927,p02936,u886747123,1571003591,Python,Python (3.4.3),py,Wrong Answer,1746,64924,748,
s581360791,p02936,u747454942,1571000958,C++,C++14 (GCC 5.4.1),cpp,Accepted,172,35456,827,
s812345692,p02936,u747454942,1571000857,C++,C++14 (GCC 5.4.1),cpp,Runtime Error,192,32000,827,
s199755511,p02936,u747454942,1571000824,C++,C++14 (GCC 5.4.1),cpp,Runtime Error,99,256,824,
s642086373,p02936,u025287757,1570992933,Python,Python (3.4.3),py,Time Limit Exceeded,2078,230904,519,
s162750022,p02936,u025287757,1570992892,Python,Python (3.4.3),py,Runtime Error,1739,53200,437,
s645994776,p02936,u025287757,1570992653,Python,Python (3.4.3),py,Runtime Error,1766,52292,392,
s542085489,p02936,u025287757,1570992396,Python,Python (3.4.3),py,Runtime Error,2106,52244,396,
s854249612,p02936,u025287757,1570992104,Python,Python (3.4.3),py,Runtime Error,1577,56084,421,
s245548547,p02936,u025287757,1570991794,Python,Python (3.4.3),py,Runtime Error,1685,61712,417,
s754195356,p02936,u025287757,1570991716,Python,Python (3.4.3),py,Runtime Error,2050,61624,421,
s357198851,p02936,u025287757,1570991587,Python,Python (3.4.3),py,Runtime Error,17,3064,420,
s402825369,p02936,u025287757,1570991456,Python,Python (3.4.3),py,Runtime Error,18,3064,424,
s363616206,p02936,u599895318,1570990583,C,C (GCC 5.4.1),c,Wrong Answer,94,4608,627,
s812039830,p02936,u936985471,1570988625,C++,C++14 (GCC 5.4.1),cpp,Accepted,968,40916,1251,
s840011107,p02936,u948911484,1570987942,Python,Python (3.4.3),py,Accepted,1554,230932,421,
s439643424,p02936,u599895318,1570987890,C,C (GCC 5.4.1),c,Runtime Error,111,5628,778,
s132997963,p02936,u948911484,1570987815,Python,Python (3.4.3),py,Time Limit Exceeded,2031,227760,452,
s983144274,p02936,u948911484,1570987729,Python,Python (3.4.3),py,Runtime Error,1142,49224,423,
s960217460,p02936,u972255887,1570987399,Python,Python (3.4.3),py,Accepted,1158,81836,923,
s264756952,p02936,u972255887,1570987350,Python,PyPy3 (2.4.0),py,Accepted,805,118440,923,
s832070207,p02936,u971256474,1570985660,C++,C++14 (GCC 5.4.1),cpp,Accepted,298,31488,1232,
s205238943,p02936,u971256474,1570985261,C++,C++14 (GCC 5.4.1),cpp,Wrong Answer,289,31360,1155,
s962106475,p02936,u971256474,1570985207,C++,C++14 (GCC 5.4.1),cpp,Runtime Error,168,7936,1155,
s945895227,p02936,u052606232,1570984062,Python,Python (3.4.3),py,Accepted,1582,230892,760,
s926360022,p02936,u052606232,1570983975,Python,Python (3.4.3),py,Runtime Error,1710,52300,693,
s249397385,p02936,u052606232,1570983878,Python,Python (3.4.3),py,Runtime Error,1443,47904,403,
s246953361,p02936,u025287757,1570983542,Python,Python (3.4.3),py,Wrong Answer,2110,45152,816,
s131382371,p02936,u025287757,1570983356,Python,Python (3.4.3),py,Runtime Error,1134,36212,732,
s926618982,p02936,u101231452,1570973730,C++,C++14 (GCC 5.4.1),cpp,Accepted,150,25856,2157,
s975482136,p02936,u837542104,1570971417,C++,C++14 (GCC 5.4.1),cpp,Wrong Answer,2104,23424,734,
s767341075,p02936,u404173371,1570960128,C++,C++14 (GCC 5.4.1),cpp,Accepted,377,27392,662,
s739403123,p02936,u404173371,1570960100,C++,C++14 (GCC 5.4.1),cpp,Runtime Error,101,2560,662,
s257134486,p02936,u404173371,1570959824,C++,C++14 (GCC 5.4.1),cpp,Wrong Answer,426,29056,1921,
s788439115,p02936,u404173371,1570959411,C++,C++14 (GCC 5.4.1),cpp,Wrong Answer,479,28928,1896,
s287537976,p02936,u931819817,1570949245,C++,C++14 (GCC 5.4.1),cpp,Accepted,131,21376,748,
s282995458,p02936,u768249349,1570946751,Python,Python (3.4.3),py,Accepted,1787,63552,610,
s503150656,p02936,u982721693,1570940842,C++,C++14 (GCC 5.4.1),cpp,Accepted,343,43008,2084,
s745813363,p02936,u624475441,1570939938,C++,C++14 (GCC 5.4.1),cpp,Accepted,582,21120,667,
s554324937,p02936,u624475441,1570939626,C++,C++14 (GCC 5.4.1),cpp,Accepted,364,23424,642,
s614287222,p02936,u624475441,1570938617,C++,C++14 (GCC 5.4.1),cpp,Accepted,317,22656,1078,
s151470841,p02936,u391222057,1570937468,C++,C++14 (GCC 5.4.1),cpp,Accepted,139,23424,4457,
s747936581,p02936,u442396147,1570936485,Python,Python (3.4.3),py,Wrong Answer,2237,2040356,1485,
s478120618,p02936,u442396147,1570934322,Python,PyPy3 (2.4.0),py,Accepted,919,150556,641,
s873510729,p02936,u615258936,1570934287,C++,C++14 (GCC 5.4.1),cpp,Accepted,608,25856,819,
s180047464,p02936,u203838284,1570934247,C++,C++14 (GCC 5.4.1),cpp,Accepted,358,21888,505,
s164532656,p02936,u203838284,1570933951,C++,C++14 (GCC 5.4.1),cpp,Wrong Answer,376,21120,443,
s447140467,p02936,u203838284,1570933775,C++,C++ (GCC 5.4.1),cpp,Runtime Error,553,274816,443,
s313994893,p02936,u203838284,1570933677,C++,C++ (GCC 5.4.1),cpp,Runtime Error,565,274048,433,
s308957833,p02936,u203838284,1570933655,C++,C++ (GCC 5.4.1),cpp,Runtime Error,561,274048,433,
s361208464,p02936,u577138895,1570933626,Python,PyPy3 (2.4.0),py,Time Limit Exceeded,2149,676984,597,
s923552719,p02936,u203838284,1570933577,C++,C++ (GCC 5.4.1),cpp,Runtime Error,563,274048,418,
s366476950,p02936,u577138895,1570933567,Python,PyPy3 (2.4.0),py,Runtime Error,1921,133452,478,
s486931638,p02936,u203838284,1570933523,C++,C++ (GCC 5.4.1),cpp,Time Limit Exceeded,2107,51712,439,
s400768422,p02936,u577138895,1570933319,Python,PyPy3 (2.4.0),py,Runtime Error,1933,133068,464,
s579289216,p02936,u603921794,1570932995,C++,C++14 (GCC 5.4.1),cpp,Accepted,126,27392,642,
s632733257,p02936,u623687794,1570931592,Python,PyPy3 (2.4.0),py,Accepted,774,121292,535,
s856314441,p02936,u442396147,1570926074,Python,PyPy3 (2.4.0),py,Runtime Error,169,38384,1513,
s877109148,p02936,u442396147,1570923986,Python,PyPy3 (2.4.0),py,Wrong Answer,2233,1764052,872,
s252207596,p02936,u442396147,1570922846,Python,PyPy3 (2.4.0),py,Wrong Answer,2226,1870548,776,
s338662561,p02936,u442396147,1570922732,Python,PyPy3 (2.4.0),py,Wrong Answer,2207,1681236,764,
s953654189,p02936,u442396147,1570922647,Python,PyPy3 (2.4.0),py,Wrong Answer,2203,1634132,1501,
s688616220,p02936,u442396147,1570922495,Python,PyPy3 (2.4.0),py,Wrong Answer,971,150996,1642,
s160275159,p02936,u442396147,1570922432,Python,PyPy3 (2.4.0),py,Wrong Answer,907,150996,1615,
s208576921,p02936,u750783400,1570922409,Python,PyPy3 (2.4.0),py,Accepted,1997,150392,1628,
s687860418,p02936,u442396147,1570922333,Python,PyPy3 (2.4.0),py,Wrong Answer,839,150868,1683,
s659735507,p02936,u442396147,1570921753,Python,PyPy3 (2.4.0),py,Wrong Answer,2209,1688424,1501,
s251906207,p02936,u442396147,1570921418,Python,PyPy3 (2.4.0),py,Wrong Answer,2195,1515944,1501,
s350015791,p02936,u442396147,1570921121,Python,PyPy3 (2.4.0),py,Wrong Answer,2208,1470624,1486,
s650673068,p02936,u442396147,1570920835,Python,PyPy3 (2.4.0),py,Wrong Answer,2198,1544864,1454,
s937564565,p02936,u442396147,1570920331,Python,PyPy3 (2.4.0),py,Wrong Answer,2197,1519392,1463,
s740785471,p02936,u442396147,1570919492,Python,PyPy3 (2.4.0),py,Wrong Answer,2173,1061024,1415,
s853692086,p02936,u442396147,1570918948,Python,PyPy3 (2.4.0),py,Wrong Answer,2195,1462688,849,
s305688486,p02936,u750783400,1570918527,Python,PyPy3 (2.4.0),py,Accepted,1873,105804,945,
s905512781,p02936,u599895318,1570917762,C,C (GCC 5.4.1),c,Wrong Answer,148,6396,946,
s911941127,p02936,u599895318,1570917511,C,C (GCC 5.4.1),c,Wrong Answer,131,5628,750,
s916897364,p02936,u750783400,1570916896,Python,PyPy3 (2.4.0),py,Wrong Answer,2111,150776,1378,
s234446708,p02936,u442396147,1570911684,Python,PyPy3 (2.4.0),py,Wrong Answer,2199,1534496,1463,
s172672355,p02936,u442396147,1570911296,Python,PyPy3 (2.4.0),py,Wrong Answer,2111,120876,1435,
s283295514,p02936,u931698099,1570908699,C++,C++14 (GCC 5.4.1),cpp,Accepted,468,23552,734,
s548587143,p02936,u931698099,1570905668,C++,C++14 (GCC 5.4.1),cpp,Wrong Answer,2104,13440,909,
s644955352,p02936,u287843391,1570904938,F#,F# (Mono 4.0),fs,Wrong Answer,2118,174348,1362,
s486466908,p02936,u442396147,1570901608,Python,PyPy3 (2.4.0),py,Wrong Answer,1965,122200,1408,
s355350022,p02936,u920212194,1570900074,Java,Java8 (OpenJDK 1.8.0),java,Runtime Error,631,938576,1082,
s797978937,p02936,u920212194,1570899070,Java,Java8 (OpenJDK 1.8.0),java,Runtime Error,653,939344,1081,
s255265748,p02936,u442396147,1570861183,Python,Python (3.4.3),py,Wrong Answer,2112,130704,1397,
s322841650,p02936,u488922517,1570860032,C++,C++14 (GCC 5.4.1),cpp,Accepted,836,55296,817,
s019152094,p02936,u488922517,1570859532,C++,C++14 (GCC 5.4.1),cpp,Wrong Answer,505,42752,694,
s448877048,p02936,u488922517,1570859162,C++,C++14 (GCC 5.4.1),cpp,Wrong Answer,506,42752,651,
s819791415,p02936,u488922517,1570856693,C++,C++14 (GCC 5.4.1),cpp,Wrong Answer,2107,48384,719,
s442820787,p02936,u488922517,1570856476,C++,C++14 (GCC 5.4.1),cpp,Wrong Answer,2107,40832,691,
s062202912,p02936,u488922517,1570855147,C++,C++14 (GCC 5.4.1),cpp,Wrong Answer,2106,41344,685,
s701540015,p02936,u488922517,1570847118,C++,C++14 (GCC 5.4.1),cpp,Wrong Answer,2106,38528,608,
s241673242,p02936,u705296057,1570824240,C++,C++14 (GCC 5.4.1),cpp,Wrong Answer,303,19572,2480,
s127548829,p02936,u126361752,1570815323,C++,C++14 (GCC 5.4.1),cpp,Accepted,369,28672,692,
s289429547,p02936,u863279562,1570808070,C++,C++14 (GCC 5.4.1),cpp,Accepted,373,29696,1061,
s004082330,p02936,u756514276,1570806620,C++,C++14 (GCC 5.4.1),cpp,Accepted,332,17904,697,
s534179000,p02936,u756514276,1570806612,Python,Python (3.4.3),py,Runtime Error,17,2940,697,
s659796672,p02936,u618002097,1570791635,Python,PyPy3 (2.4.0),py,Wrong Answer,2109,90188,595,
s868376173,p02936,u618002097,1570791228,Python,PyPy3 (2.4.0),py,Wrong Answer,2111,138900,985,
s582631571,p02936,u972255887,1570764242,Python,Python (3.4.3),py,Runtime Error,2109,95128,817,
s873050862,p02936,u920254817,1570763175,Python,Python (3.4.3),py,Wrong Answer,1597,66516,432,
s110474310,p02936,u920254817,1570762944,Python,Python (3.4.3),py,Wrong Answer,2118,262264,614,
s665351119,p02936,u618002097,1570762851,Python,PyPy3 (2.4.0),py,Wrong Answer,2112,138360,691,
s143618497,p02936,u920254817,1570762785,Python,Python (3.4.3),py,Runtime Error,1626,87220,572,
s331283455,p02936,u920254817,1570762699,Python,Python (3.4.3),py,Runtime Error,1440,62516,573,
s045964472,p02936,u920254817,1570762572,Python,Python (3.4.3),py,Wrong Answer,1533,72372,537,
s196293872,p02936,u618002097,1570762348,Python,PyPy3 (2.4.0),py,Runtime Error,976,69452,747,
s499822867,p02936,u920254817,1570761941,Python,Python (3.4.3),py,Runtime Error,1673,87216,535,
s270323315,p02936,u618002097,1570761924,Python,PyPy3 (2.4.0),py,Wrong Answer,2112,138104,687,
s568730761,p02936,u704411633,1570749982,C++,C++14 (GCC 5.4.1),cpp,Accepted,658,20608,881,
s855824158,p02936,u704411633,1570749900,C++,C++14 (GCC 5.4.1),cpp,Runtime Error,100,768,878,
s289863792,p02936,u705296057,1570746566,C++,C++14 (GCC 5.4.1),cpp,Runtime Error,3666,1780,2313,
s925113449,p02936,u283907492,1570730785,C++,C++14 (GCC 5.4.1),cpp,Accepted,145,17140,897,
s177315841,p02936,u283907492,1570730398,C++,C++14 (GCC 5.4.1),cpp,Wrong Answer,117,14976,817,
s474548022,p02936,u283907492,1570730136,C++,C++14 (GCC 5.4.1),cpp,Wrong Answer,113,14976,793,
s441932700,p02936,u283907492,1570729960,C++,C++14 (GCC 5.4.1),cpp,Wrong Answer,113,14080,791,
s393535712,p02936,u283907492,1570729195,C++,C++14 (GCC 5.4.1),cpp,Wrong Answer,2104,12416,783,
s088846649,p02936,u828388155,1570728805,C++,C++14 (GCC 5.4.1),cpp,Accepted,367,23424,888,
s690233355,p02936,u828388155,1570728723,C++,C++14 (GCC 5.4.1),cpp,Wrong Answer,363,23424,888,
s905596692,p02936,u132284673,1570720770,C++,C++14 (GCC 5.4.1),cpp,Accepted,720,23808,825,
s550698768,p02936,u132284673,1570720683,C++,C++14 (GCC 5.4.1),cpp,Runtime Error,99,1536,824,
s924098020,p02936,u132284673,1570720492,C++,C++14 (GCC 5.4.1),cpp,Runtime Error,103,1536,823,
s357199321,p02936,u230147738,1570719700,C++,C++14 (GCC 5.4.1),cpp,Accepted,349,24320,790,
s655649086,p02936,u367130284,1570709763,C++,C++14 (GCC 5.4.1),cpp,Accepted,289,53704,2950,
s735269338,p02936,u367130284,1570708556,C++,C++14 (GCC 5.4.1),cpp,Accepted,536,53704,2888,
s178391885,p02936,u367130284,1570708357,C++,C++14 (GCC 5.4.1),cpp,Wrong Answer,2201,1621832,2954,
s003536743,p02936,u367130284,1570708010,C++,C++14 (GCC 5.4.1),cpp,Wrong Answer,2203,1604848,3053,
s562706300,p02936,u367130284,1570707577,C++,C++14 (GCC 5.4.1),cpp,Wrong Answer,2210,1739848,2942,
s936044376,p02936,u089230684,1570684672,C++,C++14 (GCC 5.4.1),cpp,Accepted,334,16640,847,
s270362317,p02936,u018646913,1570678742,Java,Java8 (OpenJDK 1.8.0),java,Accepted,1983,210512,951,
s638615482,p02936,u089230684,1570677652,C++,C++14 (GCC 5.4.1),cpp,Runtime Error,132,1664,861,
s840408716,p02936,u353919145,1570677319,C++,C++14 (GCC 5.4.1),cpp,Accepted,107,22400,1072,
s162159508,p02936,u830005243,1570677249,C++,C++14 (GCC 5.4.1),cpp,Wrong Answer,159,20992,1071,
s641426666,p02936,u830005243,1570677201,C++,C++14 (GCC 5.4.1),cpp,Wrong Answer,159,21888,1065,
s403279376,p02936,u830005243,1570677155,C++,C++14 (GCC 5.4.1),cpp,Wrong Answer,165,21888,1064,
s656225018,p02936,u830005243,1570677120,C++,C++14 (GCC 5.4.1),cpp,Wrong Answer,167,21888,1046,
s996922085,p02936,u830005243,1570677045,C++,C++14 (GCC 5.4.1),cpp,Wrong Answer,2197,1585764,1051,
s327993350,p02936,u830005243,1570676987,C++,C++14 (GCC 5.4.1),cpp,Time Limit Exceeded,2189,1468384,1029,
s447294655,p02936,u830005243,1570676958,C++,C++14 (GCC 5.4.1),cpp,Time Limit Exceeded,2104,22912,1055,
s514339329,p02936,u830005243,1570676913,C++,C++14 (GCC 5.4.1),cpp,Wrong Answer,259,19328,1011,
s061933389,p02936,u816631826,1570676806,C++,C++14 (GCC 5.4.1),cpp,Wrong Answer,263,19328,1037,
s688887140,p02936,u830005243,1570676690,C++,C++14 (GCC 5.4.1),cpp,Wrong Answer,259,17536,1051,
s716443288,p02936,u830005243,1570676611,C++,C++14 (GCC 5.4.1),cpp,Wrong Answer,254,12928,1031,
s794946858,p02936,u830005243,1570676543,C++,C++14 (GCC 5.4.1),cpp,Compile Error,,,1115,
s912920889,p02936,u018679195,1570676454,C++,C++14 (GCC 5.4.1),cpp,Compile Error,,,1115,
s721455737,p02936,u637983859,1570675437,C++,C++14 (GCC 5.4.1),cpp,Wrong Answer,2104,20332,2428,
s756226711,p02936,u795630164,1570674525,Python,Python (3.4.3),py,Accepted,1651,63568,601,
s635669414,p02936,u863370423,1570674450,C++,C++14 (GCC 5.4.1),cpp,Accepted,104,17152,818,
s860433207,p02936,u816631826,1570674421,C++,C++14 (GCC 5.4.1),cpp,Runtime Error,106,1664,818,
s692555275,p02936,u816631826,1570674321,C++,C++14 (GCC 5.4.1),cpp,Runtime Error,105,1664,804,
s383567661,p02936,u795630164,1570674151,Python,Python (3.4.3),py,Wrong Answer,2106,53892,429,
s221325938,p02936,u637983859,1570671385,C++,C++14 (GCC 5.4.1),cpp,Wrong Answer,2104,18540,2093,
s864336078,p02936,u637983859,1570670723,C++,C++14 (GCC 5.4.1),cpp,Wrong Answer,2104,21096,2195,
s033001422,p02936,u028572059,1570663571,C++,C++14 (GCC 5.4.1),cpp,Accepted,315,40564,1096,
s633524269,p02936,u028572059,1570663358,C++,C++14 (GCC 5.4.1),cpp,Wrong Answer,285,13556,1043,
s958092487,p02936,u028572059,1570663304,C++,C++14 (GCC 5.4.1),cpp,Compile Error,,,1045,
s733378391,p02936,u246401216,1570662571,C++,C++14 (GCC 5.4.1),cpp,Accepted,327,30464,768,
s432004207,p02936,u246401216,1570662476,C++,C++14 (GCC 5.4.1),cpp,Wrong Answer,293,30464,731,
s891240952,p02936,u246401216,1570662133,C++,C++14 (GCC 5.4.1),cpp,Wrong Answer,302,24320,688,
s888072413,p02936,u246401216,1570662004,C++,C++14 (GCC 5.4.1),cpp,Wrong Answer,284,23424,696,
s281337946,p02936,u028572059,1570661815,C++,C++14 (GCC 5.4.1),cpp,Wrong Answer,311,32896,1013,
s136326777,p02936,u028572059,1570657331,C++,C++14 (GCC 5.4.1),cpp,Runtime Error,2518,141312,1005,
s984853081,p02936,u028572059,1570657297,C++,C++14 (GCC 5.4.1),cpp,Compile Error,,,1004,
s616858442,p02936,u028572059,1570656186,C++,C++14 (GCC 5.4.1),cpp,Wrong Answer,3147,2036736,977,
s866349953,p02936,u028572059,1570650206,C++,C++14 (GCC 5.4.1),cpp,Wrong Answer,2258,2060800,1009,
s812503995,p02936,u028572059,1570649875,C++,C++14 (GCC 5.4.1),cpp,Wrong Answer,3528,141312,1040,
s006486909,p02936,u028572059,1570649373,C++,C++14 (GCC 5.4.1),cpp,Wrong Answer,2866,2082560,1026,
s487777285,p02936,u028572059,1570649182,C++,C++14 (GCC 5.4.1),cpp,Runtime Error,2467,141312,991,
s004096507,p02936,u346527636,1570640283,Python,PyPy3 (2.4.0),py,Accepted,1950,101836,646,
s455196071,p02936,u346527636,1570639369,Python,PyPy3 (2.4.0),py,Wrong Answer,2109,120024,645,
s215132080,p02936,u346527636,1570638678,Python,PyPy3 (2.4.0),py,Time Limit Exceeded,2085,119384,668,
s865441487,p02936,u346527636,1570638407,Python,Python (3.4.3),py,Time Limit Exceeded,2107,72464,668,
s046726035,p02936,u206925914,1570628054,C++,C++14 (GCC 5.4.1),cpp,Accepted,126,25856,1380,
s502258441,p02936,u688422725,1570603283,C++,C++14 (GCC 5.4.1),cpp,Accepted,305,30464,736,
s568205777,p02936,u770009793,1570595107,C++,C++14 (GCC 5.4.1),cpp,Accepted,356,23424,818,
s274937292,p02936,u770009793,1570593967,C++,C++14 (GCC 5.4.1),cpp,Runtime Error,2104,22144,759,
s989813651,p02936,u347640436,1570593494,Python,Python (3.4.3),py,Accepted,1772,60392,460,
s595121758,p02936,u972255887,1570589832,Python,Python (3.4.3),py,Runtime Error,2111,125788,742,
s978396851,p02936,u017810624,1570587725,Python,PyPy3 (2.4.0),py,Accepted,1028,150240,975,
s076235220,p02936,u017810624,1570587523,Python,PyPy3 (2.4.0),py,Time Limit Exceeded,2006,156380,939,
s390412351,p02936,u017810624,1570586592,Python,PyPy3 (2.4.0),py,Time Limit Exceeded,2112,162276,1020,
s675208984,p02936,u569690172,1570578674,C++,C++14 (GCC 5.4.1),cpp,Accepted,372,20608,1253,
s958651910,p02936,u692746605,1570574627,Python,Python (3.4.3),py,Accepted,1775,230932,412,
s945705580,p02936,u984730891,1570571496,C++,C++14 (GCC 5.4.1),cpp,Accepted,135,24320,817,
s081740184,p02936,u705296057,1570569685,C++,C++14 (GCC 5.4.1),cpp,Wrong Answer,268,7040,1622,
s326045197,p02936,u222668979,1570566256,Python,Python (3.4.3),py,Accepted,1647,230892,499,
s651982874,p02936,u222668979,1570566214,Python,Python (3.4.3),py,Time Limit Exceeded,2126,359936,523,
s230789319,p02936,u222668979,1570565854,Python,Python (3.4.3),py,Time Limit Exceeded,2118,230892,474,
s152653108,p02936,u222668979,1570565729,Python,Python (3.4.3),py,Accepted,1715,230964,516,
s151700427,p02936,u222668979,1570565077,Python,Python (3.4.3),py,Runtime Error,1719,52304,433,
s927480647,p02936,u222668979,1570565021,Python,Python (3.4.3),py,Runtime Error,1725,52296,433,
s620576025,p02936,u222668979,1570564863,Python,Python (3.4.3),py,Accepted,1722,232228,478,
s946862498,p02936,u222668979,1570564754,Python,Python (3.4.3),py,Runtime Error,1677,61668,420,
s129422549,p02936,u222668979,1570564695,Python,Python (3.4.3),py,Runtime Error,1671,52304,432,
s187213638,p02936,u222668979,1570564427,Python,Python (3.4.3),py,Time Limit Exceeded,2120,197220,454,
s371145478,p02936,u222668979,1570564412,Python,PyPy3 (2.4.0),py,Runtime Error,2116,207276,454,
s435253829,p02936,u222668979,1570564147,Python,PyPy3 (2.4.0),py,Runtime Error,2060,204588,454,
s835599119,p02936,u222668979,1570564111,Python,PyPy3 (2.4.0),py,Runtime Error,2003,207260,450,
s223636893,p02936,u222668979,1570563874,Python,Python (3.4.3),py,Time Limit Exceeded,2116,195220,454,
s887702609,p02936,u222668979,1570563789,Python,Python (3.4.3),py,Runtime Error,2111,128148,466,
s697436711,p02936,u222668979,1570563729,Python,Python (3.4.3),py,Runtime Error,2109,128196,470,
s293381455,p02936,u222668979,1570563654,Python,Python (3.4.3),py,Runtime Error,1980,126864,464,
s745039411,p02936,u222668979,1570563024,Python,Python (3.4.3),py,Runtime Error,2110,128256,462,
s815724559,p02936,u083910207,1570563019,C++,C++14 (GCC 5.4.1),cpp,Accepted,586,22272,989,
s104245170,p02936,u222668979,1570560143,Python,Python (3.4.3),py,Wrong Answer,2011,113592,259,
s291476960,p02936,u222668979,1570560094,Python,Python (3.4.3),py,Wrong Answer,1600,112892,250,
s221155211,p02936,u716530146,1570560032,Python,Python (3.4.3),py,Accepted,1258,99580,836,
s161760117,p02936,u140351520,1570558208,Ruby,Ruby (2.3.3),rb,Accepted,836,26236,596,
s154587056,p02936,u222668979,1570557169,Python,Python (3.4.3),py,Wrong Answer,2049,115172,268,
s302038878,p02936,u247769252,1570557114,Python,Python (3.4.3),py,Time Limit Exceeded,2126,326404,881,
s592648130,p02936,u140351520,1570556955,Ruby,Ruby (2.3.3),rb,Wrong Answer,1155,73492,593,
s583055851,p02936,u222668979,1570556831,Python,Python (3.4.3),py,Wrong Answer,1986,113592,268,
s870818163,p02936,u222668979,1570556423,Python,Python (3.4.3),py,Wrong Answer,1557,112892,258,
s058878292,p02936,u542279262,1570549549,Java,Java8 (OpenJDK 1.8.0),java,Wrong Answer,2110,360208,1097,
s369205221,p02936,u509167006,1570515334,C++,C++14 (GCC 5.4.1),cpp,Accepted,123,22784,985,
s517906149,p02936,u346527636,1570512017,Python,PyPy3 (2.4.0),py,Wrong Answer,2113,143080,584,
s216359870,p02936,u346527636,1570511967,Python,PyPy3 (2.4.0),py,Runtime Error,170,38336,706,
s174617733,p02936,u346527636,1570511351,Python,Python (3.4.3),py,Wrong Answer,2108,81176,588,
s157802965,p02936,u346527636,1570511186,Python,Python (3.4.3),py,Runtime Error,17,2940,703,
s880677510,p02936,u346527636,1570511142,Python,Python (3.4.3),py,Runtime Error,18,2940,702,
s494764500,p02936,u346527636,1570510941,Python,Python (3.4.3),py,Wrong Answer,2107,81140,582,
s835636948,p02936,u346527636,1570510830,Python,Python (3.4.3),py,Runtime Error,18,2940,569,
s654936861,p02936,u346527636,1570510617,Python,Python (3.4.3),py,Wrong Answer,2108,82688,517,
s688301586,p02936,u941434715,1570509470,C,C (GCC 5.4.1),c,Runtime Error,225,23424,3013,
s446306294,p02936,u941434715,1570507812,C,C (GCC 5.4.1),c,Wrong Answer,156,22656,2660,
s524122929,p02936,u692746605,1570504943,Python,Python (3.4.3),py,Time Limit Exceeded,2118,222896,398,
s934126764,p02936,u692746605,1570504585,Python,Python (3.4.3),py,Time Limit Exceeded,2112,230960,398,
s463972066,p02936,u692746605,1570504357,Python,Python (3.4.3),py,Wrong Answer,2109,224564,377,
s703585476,p02936,u692746605,1570503949,Python,Python (3.4.3),py,Wrong Answer,1996,224560,345,
s215822815,p02936,u692746605,1570503106,Python,Python (3.4.3),py,Wrong Answer,1622,44792,268,
s489756370,p02936,u692746605,1570502963,Python,Python (3.4.3),py,Wrong Answer,1387,42444,259,
s950127471,p02936,u692746605,1570501865,Python,Python (3.4.3),py,Runtime Error,1521,45092,304,
s186799178,p02936,u692746605,1570501000,Python,Python (3.4.3),py,Runtime Error,1545,45196,330,
s083341006,p02936,u122878331,1570491280,C++,C++14 (GCC 5.4.1),cpp,Accepted,185,27264,758,
s826596100,p02936,u371702445,1570482819,C++,C++14 (GCC 5.4.1),cpp,Runtime Error,144,6136,3146,
s684267694,p02936,u984479733,1570481845,Ruby,Ruby (2.3.3),rb,Wrong Answer,925,34296,355,
s511346396,p02936,u475584892,1570475184,Python,PyPy3 (2.4.0),py,Accepted,1132,141684,894,
s661436884,p02936,u367130284,1570475154,Python,Python (3.4.3),py,Accepted,1722,282448,769,
s448316626,p02936,u367130284,1570474446,Python,Python (3.4.3),py,Wrong Answer,1797,302960,702,
s282826346,p02936,u367130284,1570474316,Python,Python (3.4.3),py,Wrong Answer,2121,300712,1277,
s574114946,p02936,u367130284,1570474059,Python,PyPy3 (2.4.0),py,Wrong Answer,2113,169580,1245,
s467877525,p02936,u147556624,1570471792,C++,C++14 (GCC 5.4.1),cpp,Accepted,671,23424,573,
s371139579,p02936,u147556624,1570471722,C++,C++14 (GCC 5.4.1),cpp,Runtime Error,97,768,571,
s156672881,p02936,u753803401,1570468695,Python,Python (3.4.3),py,Accepted,1677,128488,894,
s427160088,p02936,u377777817,1570467756,Rust,Rust (1.15.1),rs,Accepted,209,41468,3394,
s989262161,p02936,u377777817,1570466811,Rust,Rust (1.15.1),rs,Wrong Answer,194,28924,3238,
s875175708,p02936,u371475674,1570436778,C++,C++14 (GCC 5.4.1),cpp,Accepted,131,27264,748,
s186514456,p02936,u654558363,1570436569,Python,Python (3.4.3),py,Accepted,1842,63620,758,
s339028215,p02936,u654558363,1570436404,Python,Python (3.4.3),py,Time Limit Exceeded,2107,61832,718,
s137367660,p02936,u654558363,1570435191,Python,Python (3.4.3),py,Wrong Answer,2133,481328,943,
s722343081,p02936,u654558363,1570427209,Python,Python (3.4.3),py,Wrong Answer,2133,481072,943,
s771189842,p02936,u936985471,1570421713,Python,Python (3.4.3),py,Accepted,1998,81204,641,
s198318183,p02936,u936985471,1570421420,Python,Python (3.4.3),py,Time Limit Exceeded,2106,104460,708,
s265991018,p02936,u936985471,1570421061,Python,Python (3.4.3),py,Time Limit Exceeded,2106,104460,725,
s525740935,p02936,u936985471,1570419904,Python,Python (3.4.3),py,Wrong Answer,1825,84912,580,
s213317498,p02936,u396961814,1570419585,Python,Python (3.4.3),py,Wrong Answer,2108,77232,405,
s779640400,p02936,u396961814,1570419542,Python,Python (3.4.3),py,Wrong Answer,2108,77232,404,
s169097581,p02936,u042802884,1570416373,Python,Python (3.4.3),py,Wrong Answer,2109,89140,800,
s325045113,p02936,u675497468,1570415719,C++,C++14 (GCC 5.4.1),cpp,Accepted,317,23552,822,
s042532510,p02936,u042802884,1570415665,Python,Python (3.4.3),py,Wrong Answer,2109,89140,808,
s850942807,p02936,u214304095,1570414855,C++,C++14 (GCC 5.4.1),cpp,Accepted,302,15604,1155,
s176699006,p02936,u214304095,1570414464,C++,C++14 (GCC 5.4.1),cpp,Accepted,378,23424,826,
s098009844,p02936,u214304095,1570414421,C++,C++14 (GCC 5.4.1),cpp,Wrong Answer,346,13684,826,
s035010654,p02936,u214304095,1570414080,C++,C++14 (GCC 5.4.1),cpp,Accepted,364,20608,875,
s912915938,p02936,u354567428,1570411731,C++,C++14 (GCC 5.4.1),cpp,Accepted,318,29696,1047,
s374738427,p02936,u869919400,1570411342,Python,Python (3.4.3),py,Runtime Error,1390,82132,422,
s015570141,p02936,u013803727,1570405540,C++,C++14 (GCC 5.4.1),cpp,Accepted,375,23552,633,
s312965194,p02936,u042802884,1570400675,Python,Python (3.4.3),py,Wrong Answer,1825,41772,300,
s317774021,p02936,u042802884,1570400272,Python,Python (3.4.3),py,Runtime Error,2062,67300,469,
s907593343,p02936,u042802884,1570399692,Python,Python (3.4.3),py,Runtime Error,2112,68940,613,
s726190217,p02936,u042802884,1570399681,Python,Python (3.4.3),py,Runtime Error,2108,67308,613,
s588155860,p02936,u154931839,1570399529,C++,C++14 (GCC 5.4.1),cpp,Accepted,322,30592,2245,
s421177574,p02936,u675497468,1570398975,C++,C++14 (GCC 5.4.1),cpp,Wrong Answer,302,23552,788,
s582655371,p02936,u675497468,1570398880,C++,C++14 (GCC 5.4.1),cpp,Wrong Answer,301,23296,787,
s110746922,p02936,u157379742,1570380935,Python,PyPy3 (2.4.0),py,Runtime Error,185,38640,2036,
s809239937,p02936,u157379742,1570380862,Python,PyPy3 (2.4.0),py,Accepted,1981,126072,2053,
s208283568,p02936,u083910207,1570371105,C++,C++14 (GCC 5.4.1),cpp,Accepted,637,21888,883,
s227227027,p02936,u083910207,1570370169,C++,C++14 (GCC 5.4.1),cpp,Wrong Answer,587,21888,853,
s267945818,p02936,u083910207,1570369339,C++,C++14 (GCC 5.4.1),cpp,Wrong Answer,568,14848,753,
s484835332,p02936,u083910207,1570368601,C++,C++14 (GCC 5.4.1),cpp,Wrong Answer,562,14848,685,
s165166467,p02936,u083910207,1570368458,C++,C++14 (GCC 5.4.1),cpp,Wrong Answer,581,14848,645,
s607284977,p02936,u354567428,1570345513,C++,C++14 (GCC 5.4.1),cpp,Accepted,313,29696,1341,
s745771578,p02936,u018679195,1570341403,C++,C++14 (GCC 5.4.1),cpp,Accepted,128,22528,1948,
s556732348,p02936,u863370423,1570338204,Java,Java8 (OpenJDK 1.8.0),java,Accepted,1438,151560,1537,
s039801587,p02936,u018679195,1570337914,C++,C++14 (GCC 5.4.1),cpp,Accepted,137,26624,566,
s039173383,p02936,u018679195,1570337723,C++,C++14 (GCC 5.4.1),cpp,Wrong Answer,139,25472,566,
s104613632,p02936,u089230684,1570337673,C++,C++14 (GCC 5.4.1),cpp,Compile Error,,,566,
s252521312,p02936,u353919145,1570337636,C++,C++14 (GCC 5.4.1),cpp,Compile Error,,,564,
s008139140,p02936,u018679195,1570337575,C++,C++14 (GCC 5.4.1),cpp,Compile Error,,,565,
s566382594,p02936,u353919145,1570337550,C++,C++14 (GCC 5.4.1),cpp,Accepted,367,27136,777,
s811958188,p02936,u089230684,1570337508,C++,C++14 (GCC 5.4.1),cpp,Runtime Error,98,2560,777,
s447230995,p02936,u018679195,1570337343,C++,C++14 (GCC 5.4.1),cpp,Runtime Error,133,2560,774,
s800495808,p02936,u263654061,1570335332,C++,C++14 (GCC 5.4.1),cpp,Accepted,367,24320,946,
s772340566,p02936,u029876051,1570334210,C++,C++14 (GCC 5.4.1),cpp,Accepted,301,32896,793,
s350524418,p02936,u263654061,1570332740,C++,C++14 (GCC 5.4.1),cpp,Wrong Answer,378,21120,842,
s664255365,p02936,u633402865,1570331732,C++,C++14 (GCC 5.4.1),cpp,Accepted,392,24192,542,
s742436153,p02936,u263654061,1570331135,C++,C++14 (GCC 5.4.1),cpp,Wrong Answer,2104,21376,761,
s598182401,p02936,u900688325,1570327299,C++,C++14 (GCC 5.4.1),cpp,Accepted,320,25088,1541,
s243195878,p02936,u900688325,1570323848,C++,C++14 (GCC 5.4.1),cpp,Wrong Answer,2105,24960,1468,
s159801328,p02936,u871890105,1570317535,C++,C++14 (GCC 5.4.1),cpp,Accepted,379,27264,905,
s005352896,p02936,u703912513,1570311920,C++,C++14 (GCC 5.4.1),cpp,Accepted,161,20864,1444,
s959241665,p02936,u947304300,1570311469,C++,C++14 (GCC 5.4.1),cpp,Accepted,130,18932,1462,
s208144962,p02936,u882359130,1570310802,C++,C++14 (GCC 5.4.1),cpp,Accepted,300,16628,843,
s157619550,p02936,u703912513,1570310722,C++,C++14 (GCC 5.4.1),cpp,Wrong Answer,153,25600,1459,
s073332243,p02936,u703912513,1570310097,C++,C++14 (GCC 5.4.1),cpp,Wrong Answer,130,25600,1452,
s488048788,p02936,u882359130,1570309382,C++,C++14 (GCC 5.4.1),cpp,Runtime Error,3469,2804,848,
s321407011,p02936,u882359130,1570307243,C++,C++14 (GCC 5.4.1),cpp,Runtime Error,4128,3560,918,
s858540211,p02936,u882359130,1570306259,C++,C++14 (GCC 5.4.1),cpp,Runtime Error,3519,3572,849,
s401001090,p02936,u882359130,1570306077,C++,C++14 (GCC 5.4.1),cpp,Runtime Error,2068,2804,848,
s312849154,p02936,u882359130,1570301719,Python,Python (3.4.3),py,Accepted,1881,71244,650,
s282405192,p02936,u542541293,1570300167,Python,Python (3.4.3),py,Accepted,1748,66836,529,
s352543242,p02936,u141938981,1570300009,C++,C++14 (GCC 5.4.1),cpp,Accepted,365,23424,597,
s934904244,p02936,u042802884,1570295907,Python,Python (3.4.3),py,Runtime Error,2108,87784,580,
s398471130,p02936,u871027181,1570293702,Python,Python (3.4.3),py,Time Limit Exceeded,2118,232744,619,
s223227903,p02936,u042802884,1570293512,Python,Python (3.4.3),py,Wrong Answer,1791,41772,316,
s777199755,p02936,u871027181,1570293435,Python,Python (3.4.3),py,Wrong Answer,2106,35448,594,
s503874971,p02936,u871027181,1570293179,Python,Python (3.4.3),py,Time Limit Exceeded,2118,243812,597,
s029913092,p02936,u871027181,1570292935,Python,Python (3.4.3),py,Runtime Error,20,3316,595,
s597455881,p02936,u871027181,1570292845,Python,Python (3.4.3),py,Runtime Error,21,3316,606,
s878394967,p02936,u506858457,1570291974,C++,C++14 (GCC 5.4.1),cpp,Accepted,665,23424,550,
s512983826,p02936,u556849401,1570290206,Python,Python (3.4.3),py,Time Limit Exceeded,2119,259208,620,
s491291261,p02936,u556849401,1570289106,Python,Python (3.4.3),py,Time Limit Exceeded,2125,367124,547,
s127480933,p02936,u575909439,1570287398,Java,Java8 (OpenJDK 1.8.0),java,Accepted,1811,224636,1293,
s588409368,p02936,u575909439,1570286869,Java,Java8 (OpenJDK 1.8.0),java,Time Limit Exceeded,2110,232688,1308,
s138113960,p02936,u575909439,1570286637,Java,Java8 (OpenJDK 1.8.0),java,Wrong Answer,1594,240204,1142,
s693700936,p02936,u984664611,1570274266,Python,Python (3.4.3),py,Accepted,1685,265352,948,
s354713165,p02936,u984664611,1570273764,Python,Python (3.4.3),py,Time Limit Exceeded,2114,263688,945,
s189054009,p02936,u984664611,1570273642,Python,Python (3.4.3),py,Time Limit Exceeded,2114,263688,945,
s019205285,p02936,u984664611,1570273426,Python,Python (3.4.3),py,Runtime Error,1797,49220,791,
s981149423,p02936,u775900747,1570272768,C++,C++14 (GCC 5.4.1),cpp,Runtime Error,162,5504,1973,
s844317669,p02936,u775900747,1570272450,C++,C++14 (GCC 5.4.1),cpp,Runtime Error,97,512,1924,
s149799588,p02936,u775900747,1570272230,C++,C++14 (GCC 5.4.1),cpp,Runtime Error,97,256,1951,
s371295159,p02936,u775900747,1570271710,C++,C++14 (GCC 5.4.1),cpp,Runtime Error,98,384,2281,
s016065102,p02936,u775900747,1570271680,C++,C++14 (GCC 5.4.1),cpp,Compile Error,,,2285,
s380265331,p02936,u775900747,1570268351,C++,C++14 (GCC 5.4.1),cpp,Runtime Error,97,256,1512,
s615569380,p02936,u881730038,1570253517,C#,C# (Mono 4.6.2.0),cs,Accepted,663,79208,1478,
s787352992,p02936,u881730038,1570248564,C#,C# (Mono 4.6.2.0),cs,Wrong Answer,584,33020,1951,
s601250507,p02936,u881730038,1570244335,C#,C# (Mono 4.6.2.0),cs,Wrong Answer,503,35964,963,
s185278309,p02936,u881730038,1570244294,C#,C# (Mono 4.6.2.0),cs,Wrong Answer,475,32380,946,
s461150085,p02936,u881730038,1570243598,C#,C# (Mono 4.6.2.0),cs,Wrong Answer,1436,44136,1330,
s085793742,p02936,u986276444,1570242339,C++,C++14 (GCC 5.4.1),cpp,Accepted,142,21104,1291,
s968901724,p02936,u572472538,1570242168,C++,C++14 (GCC 5.4.1),cpp,Accepted,141,18676,3143,
s787973345,p02936,u881730038,1570241758,C#,C# (Mono 4.6.2.0),cs,Wrong Answer,2109,50592,1183,
s033527163,p02936,u881730038,1570241087,C#,C# (Mono 4.6.2.0),cs,Wrong Answer,1447,38120,1304,
s638700094,p02936,u222129408,1570239912,C++,C++14 (GCC 5.4.1),cpp,Accepted,361,24320,722,
s133093189,p02936,u089230684,1570238149,C++,C++14 (GCC 5.4.1),cpp,Accepted,361,32000,698,
s764336202,p02936,u353919145,1570237064,C++,C++14 (GCC 5.4.1),cpp,Accepted,366,24320,2708,
s498122298,p02936,u816631826,1570235570,C++,C++14 (Clang 3.8.0),cpp,Accepted,715,25452,4898,
s603683314,p02936,u625092455,1570235535,C++,C++14 (Clang 3.8.0),cpp,Accepted,719,25452,4898,
s975164855,p02936,u625092455,1570235270,C++,C++14 (Clang 3.8.0),cpp,Wrong Answer,729,28160,4745,
s115148007,p02936,u863370423,1570235100,C++,C++14 (Clang 3.8.0),cpp,Wrong Answer,696,18412,4778,
s077542984,p02936,u759162415,1570234794,C++,C++14 (GCC 5.4.1),cpp,Wrong Answer,279,14848,2667,
s510109710,p02936,u759162415,1570234686,C++,C++14 (GCC 5.4.1),cpp,Wrong Answer,266,14848,2581,
s091338718,p02936,u089230684,1570234575,C++,C++14 (GCC 5.4.1),cpp,Wrong Answer,276,14848,2583,
s619062855,p02936,u089230684,1570234472,C++,C++14 (GCC 5.4.1),cpp,Wrong Answer,278,14848,2550,
s514423491,p02936,u759162415,1570234358,C++,C++14 (GCC 5.4.1),cpp,Wrong Answer,274,14848,2550,
s999286691,p02936,u816631826,1570234239,C++,C++14 (GCC 5.4.1),cpp,Wrong Answer,281,14848,2550,
s490959654,p02936,u863370423,1570234187,C++,C++14 (GCC 5.4.1),cpp,Wrong Answer,280,14080,2552,
s150770208,p02936,u018679195,1570233752,C++,C++14 (GCC 5.4.1),cpp,Accepted,308,30464,3652,
s265091782,p02936,u863370423,1570233401,C++,C++14 (GCC 5.4.1),cpp,Accepted,163,26624,5410,
s518995539,p02936,u949798495,1570233380,C++,C++14 (GCC 5.4.1),cpp,Accepted,132,26624,5410,
s770117267,p02936,u881730038,1570227622,C#,C# (Mono 4.6.2.0),cs,Wrong Answer,2109,40264,1376,
s420023020,p02936,u581489014,1570226730,C++,C++14 (GCC 5.4.1),cpp,Wrong Answer,270,14848,1257,
s861289981,p02936,u581489014,1570225565,C++,C++14 (GCC 5.4.1),cpp,Wrong Answer,277,14848,1269,
s171251449,p02936,u881730038,1570225291,C#,C# (Mono 4.6.2.0),cs,Wrong Answer,2109,36232,1544,
s693156304,p02936,u182308660,1570225214,C#,C# (Mono 4.6.2.0),cs,Accepted,1540,63932,1225,
s577452870,p02936,u581489014,1570223884,C++,C++14 (GCC 5.4.1),cpp,Wrong Answer,275,14080,942,
s753341512,p02936,u578409327,1570223228,C++,C++14 (GCC 5.4.1),cpp,Runtime Error,550,274944,687,
s004929849,p02936,u204616996,1570217605,Python,Python (3.4.3),py,Accepted,1816,266972,531,
s902988259,p02936,u204616996,1570217420,Python,Python (3.4.3),py,Time Limit Exceeded,2120,264672,496,
s070904731,p02936,u204616996,1570217149,Python,Python (3.4.3),py,Time Limit Exceeded,2120,268388,506,
s844892814,p02936,u204616996,1570216907,Python,Python (3.4.3),py,Runtime Error,2108,152476,534,
s516323132,p02936,u204616996,1570216629,Python,Python (3.4.3),py,Wrong Answer,2117,237388,569,
s525151284,p02936,u204616996,1570216522,Python,Python (3.4.3),py,Runtime Error,2112,144424,472,
s650807386,p02936,u343454379,1570215480,Python,Python (3.4.3),py,Accepted,1615,232228,439,
s800397061,p02936,u520276780,1570215460,Python,PyPy3 (2.4.0),py,Accepted,1944,109132,627,
s854130357,p02936,u520276780,1570215225,Python,PyPy3 (2.4.0),py,Wrong Answer,1778,93516,523,
s601133102,p02936,u182308660,1570214920,C#,C# (Mono 4.6.2.0),cs,Wrong Answer,989,21492,906,
s060444040,p02936,u182308660,1570214850,C#,C# (Mono 4.6.2.0),cs,Wrong Answer,994,19444,896,
s517215548,p02936,u182308660,1570214763,C#,C# (Mono 4.6.2.0),cs,Wrong Answer,996,18676,894,
s419837938,p02936,u343454379,1570214336,Python,Python (3.4.3),py,Time Limit Exceeded,2118,222972,404,
s498232564,p02936,u343454379,1570213452,Python,PyPy3 (2.4.0),py,Wrong Answer,2125,365432,405,
s249592549,p02936,u882359130,1570212942,Python,Python (3.4.3),py,Time Limit Exceeded,2107,67956,582,
s326362521,p02936,u917101497,1570209605,C++,C++14 (GCC 5.4.1),cpp,Accepted,622,35656,1194,
s141067450,p02936,u556849401,1570206308,Python,Python (3.4.3),py,Time Limit Exceeded,2119,257032,608,
s914567321,p02936,u556849401,1570206167,Python,Python (3.4.3),py,Runtime Error,1810,66276,605,
s127974986,p02936,u556849401,1570205620,Python,Python (3.4.3),py,Runtime Error,1640,61504,564,
s582052029,p02936,u761989513,1570198250,Python,Python (3.4.3),py,Accepted,1604,230960,510,
s687079873,p02936,u761989513,1570198086,Python,PyPy3 (2.4.0),py,Time Limit Exceeded,2126,369016,483,
s777913244,p02936,u761989513,1570197979,Python,Python (3.4.3),py,Time Limit Exceeded,2123,230960,483,
s499277381,p02936,u761989513,1570197833,Python,Python (3.4.3),py,Runtime Error,1692,52292,444,
s454343594,p02936,u761989513,1570197054,Python,Python (3.4.3),py,Runtime Error,1699,52292,438,
s482119345,p02936,u882359130,1570196670,Python,Python (3.4.3),py,Wrong Answer,1905,69936,450,
s128376186,p02936,u882359130,1570196525,Python,Python (3.4.3),py,Wrong Answer,1832,69964,450,
s140237896,p02936,u620084012,1570191884,Python,Python (3.4.3),py,Accepted,1727,269972,710,
s120048111,p02936,u620084012,1570191290,Python,Python (3.4.3),py,Wrong Answer,2045,270008,817,
s879662434,p02936,u620084012,1570191149,Python,Python (3.4.3),py,Wrong Answer,2074,270000,813,
s192404249,p02936,u620084012,1570190613,Python,Python (3.4.3),py,Wrong Answer,1472,262072,567,
s193279935,p02936,u620084012,1570190544,Python,Python (3.4.3),py,Runtime Error,1723,258412,567,
s352741789,p02936,u631277801,1570190520,Python,PyPy3 (2.4.0),py,Accepted,937,123120,1212,
s112538348,p02936,u620084012,1570190482,Python,PyPy3 (2.4.0),py,Wrong Answer,2172,913400,567,
s698229727,p02936,u620084012,1570190363,Python,PyPy3 (2.4.0),py,Runtime Error,817,120908,538,
s428308080,p02936,u024809932,1570189808,C++,C++14 (GCC 5.4.1),cpp,Accepted,306,23424,746,
s184832773,p02936,u578409327,1570177096,C++,C++14 (GCC 5.4.1),cpp,Wrong Answer,2105,21376,822,
s569417132,p02936,u578409327,1570176969,C++,C++14 (GCC 5.4.1),cpp,Wrong Answer,2104,23440,822,
s587605236,p02936,u482982507,1570161906,C,C (GCC 5.4.1),c,Accepted,117,24192,1089,
s068047055,p02936,u703912513,1570156554,C++,C++14 (GCC 5.4.1),cpp,Wrong Answer,2104,22016,1399,
s774488680,p02936,u482982507,1570153727,C,C (GCC 5.4.1),c,Runtime Error,99,128,986,
s594819518,p02936,u482982507,1570153215,C,C (GCC 5.4.1),c,Runtime Error,97,2176,1009,
s657610423,p02936,u482982507,1570153042,C,C (GCC 5.4.1),c,Runtime Error,99,2176,1005,
s139048376,p02936,u299994354,1570151471,C++,C++14 (GCC 5.4.1),cpp,Accepted,372,23424,644,
s064782192,p02936,u672220554,1570134777,Python,Python (3.4.3),py,Accepted,1662,66848,533,
s214971323,p02936,u672220554,1570134360,Python,Python (3.4.3),py,Accepted,1725,65312,464,
s115728753,p02936,u133566678,1570133906,Python,Python (3.4.3),py,Wrong Answer,2113,153112,777,
s152628515,p02936,u133566678,1570132933,Python,Python (3.4.3),py,Wrong Answer,2113,149536,652,
s206966562,p02936,u672220554,1570132611,Python,Python (3.4.3),py,Wrong Answer,1488,58964,413,
s142249532,p02936,u343454379,1570131561,Python,PyPy3 (2.4.0),py,Time Limit Exceeded,2124,346664,450,
s934274140,p02936,u343454379,1570131458,Python,Python (3.4.3),py,Time Limit Exceeded,2118,233892,450,
s355823123,p02936,u343454379,1570131365,Python,Python (3.4.3),py,Runtime Error,1656,68940,410,
s438469184,p02936,u042267121,1570128239,C++,C++14 (GCC 5.4.1),cpp,Wrong Answer,2104,10880,1469,
s708252386,p02936,u042267121,1570127831,C++,C++14 (GCC 5.4.1),cpp,Wrong Answer,2104,11520,1441,
s897828828,p02936,u042267121,1570126965,C++,C++14 (GCC 5.4.1),cpp,Wrong Answer,2104,10368,1293,
s964675944,p02936,u255657363,1570126604,C++,C++14 (GCC 5.4.1),cpp,Accepted,152,24320,590,
s869597310,p02936,u042267121,1570121658,C++,C++14 (GCC 5.4.1),cpp,Wrong Answer,2104,5632,1064,
s383018645,p02936,u832152513,1570108188,Python,PyPy3 (2.4.0),py,Wrong Answer,1909,120792,361,
s725260370,p02936,u832152513,1570108152,Python,PyPy3 (2.4.0),py,Wrong Answer,1828,121816,277,
s852911875,p02936,u832152513,1570108104,Python,PyPy3 (2.4.0),py,Runtime Error,2060,145260,623,
s664788385,p02936,u832152513,1570107599,Python,PyPy3 (2.4.0),py,Runtime Error,2112,146668,611,
s526168758,p02936,u832152513,1570107519,Python,PyPy3 (2.4.0),py,Runtime Error,2038,148312,619,
s425548329,p02936,u482982507,1570072182,C,C (GCC 5.4.1),c,Wrong Answer,116,32000,1123,
s922143059,p02936,u552137999,1570069564,C++,C++14 (GCC 5.4.1),cpp,Wrong Answer,279,14848,814,
s818065411,p02936,u552137999,1570069496,C++,C++14 (GCC 5.4.1),cpp,Compile Error,,,803,
s465368838,p02936,u980909653,1570069228,C++,C++14 (GCC 5.4.1),cpp,Compile Error,,,656,
s035630144,p02936,u552137999,1570068741,C++,C++14 (GCC 5.4.1),cpp,Wrong Answer,574,15744,890,
s395645495,p02936,u017415492,1570064252,Python,Python (3.4.3),py,Wrong Answer,1459,49592,353,
s734491215,p02936,u482982507,1570063486,C,C (GCC 5.4.1),c,Time Limit Exceeded,2104,4864,881,
s050577004,p02936,u703052130,1570060601,C++,C++14 (GCC 5.4.1),cpp,Wrong Answer,262,5504,1168,
s130780054,p02936,u864667985,1570051239,C++,C++14 (GCC 5.4.1),cpp,Accepted,364,24320,1115,
s863786282,p02936,u507749492,1570045633,C++,C++14 (GCC 5.4.1),cpp,Accepted,366,23424,847,
s728631275,p02936,u521723672,1570045433,C++,C++14 (GCC 5.4.1),cpp,Accepted,139,24320,1248,
s006340687,p02936,u521723672,1570045331,C++,C++14 (GCC 5.4.1),cpp,Wrong Answer,116,16128,1241,
s624625656,p02936,u539199630,1570044861,C++,C++14 (GCC 5.4.1),cpp,Accepted,148,24320,852,
s645908761,p02936,u599365206,1570044049,C#,C# (Mono 4.6.2.0),cs,Accepted,678,73260,6567,
s610460995,p02936,u832152513,1570043806,Python,Python (3.4.3),py,Runtime Error,2113,149172,611,
s425125844,p02936,u239493918,1570043763,C++,C++14 (GCC 5.4.1),cpp,Accepted,142,24320,6332,
s395413166,p02936,u507749492,1570043078,C++,C++14 (GCC 5.4.1),cpp,Time Limit Exceeded,2209,2026232,896,
s175844705,p02936,u507749492,1570042723,C++,C++14 (GCC 5.4.1),cpp,Time Limit Exceeded,2205,1617536,911,
s902263599,p02936,u382907940,1570039443,Python,Python (3.4.3),py,Runtime Error,2109,81876,669,
s917569709,p02936,u382907940,1570039223,Python,Python (3.4.3),py,Runtime Error,2108,81840,601,
s598592117,p02936,u382907940,1570038998,Python,Python (3.4.3),py,Runtime Error,17,2940,686,
s309926176,p02936,u813181182,1570006538,C++,C++14 (GCC 5.4.1),cpp,Accepted,155,28928,998,
s470081632,p02936,u507749492,1569981319,C++,C++14 (GCC 5.4.1),cpp,Time Limit Exceeded,2200,1547720,1088,
s577756267,p02936,u612175324,1569981058,C++,C++14 (GCC 5.4.1),cpp,Accepted,311,15604,608,
s322158074,p02936,u226108478,1569980557,Python,PyPy3 (2.4.0),py,Accepted,1847,137464,952,
s651914881,p02936,u226108478,1569980507,Python,Python (3.4.3),py,Accepted,1529,67192,952,
s489044401,p02936,u612175324,1569980431,C++,C++14 (GCC 5.4.1),cpp,Wrong Answer,282,14080,556,
s620444649,p02936,u091059144,1569969066,C++,C++14 (GCC 5.4.1),cpp,Accepted,313,32896,1149,
s563528246,p02936,u091059144,1569968874,C++,C++14 (GCC 5.4.1),cpp,Wrong Answer,335,32896,1118,
s884054638,p02936,u091059144,1569967692,C++,C++14 (GCC 5.4.1),cpp,Wrong Answer,294,29696,889,
s823449830,p02936,u716529032,1569961550,Python,Python (3.4.3),py,Wrong Answer,2106,49936,423,
s762799018,p02936,u379440427,1569959182,C++,C++14 (GCC 5.4.1),cpp,Wrong Answer,295,16384,1072,
s547806512,p02936,u379440427,1569959009,C++,C++14 (GCC 5.4.1),cpp,Accepted,164,44672,850,
s400371183,p02936,u379440427,1569958907,C++,C++14 (GCC 5.4.1),cpp,Wrong Answer,290,14848,1045,
s022138688,p02936,u379440427,1569958851,C++,C++14 (GCC 5.4.1),cpp,Wrong Answer,279,14848,1054,
s073097348,p02936,u379440427,1569958796,C++,C++14 (GCC 5.4.1),cpp,Wrong Answer,304,14080,1055,
s810618698,p02936,u379440427,1569958125,C++,C++14 (GCC 5.4.1),cpp,Wrong Answer,2226,1725576,1105,
s292839751,p02936,u436045956,1569957527,C++,C++14 (GCC 5.4.1),cpp,Accepted,393,26624,615,
s265649807,p02936,u202570162,1569948829,Python,Python (3.4.3),py,Accepted,1970,107912,835,
s966497716,p02936,u202570162,1569944334,Python,Python (3.4.3),py,Wrong Answer,1823,104940,482,
s424959122,p02936,u202570162,1569944015,Python,Python (3.4.3),py,Wrong Answer,1846,104924,906,
s074216879,p02936,u202570162,1569941607,Python,Python (3.4.3),py,Wrong Answer,1850,104632,1339,
s264342973,p02936,u202570162,1569940207,Python,Python (3.4.3),py,Accepted,1331,106940,1159,
s940522700,p02936,u080883543,1569932549,Python,Python (3.4.3),py,Wrong Answer,2112,81944,745,
s426574826,p02936,u845620905,1569905831,Python,Python (3.4.3),py,Runtime Error,1825,49220,440,
s567252566,p02936,u845620905,1569902606,Python,Python (3.4.3),py,Runtime Error,1836,49212,445,
s646414794,p02936,u202570162,1569901635,Python,PyPy3 (2.4.0),py,Wrong Answer,2111,131660,489,
s132760214,p02936,u202570162,1569901149,Python,PyPy3 (2.4.0),py,Wrong Answer,2112,130808,514,
s041798056,p02936,u202570162,1569900822,Python,Python (3.4.3),py,Wrong Answer,2111,106896,552,
s486583106,p02936,u202570162,1569900752,Python,Python (3.4.3),py,Wrong Answer,2110,130952,549,
s206036386,p02936,u720447689,1569898206,C++,C++14 (GCC 5.4.1),cpp,Accepted,596,20980,944,
s854633008,p02936,u030246664,1569897869,C++,C++14 (GCC 5.4.1),cpp,Accepted,683,26624,638,
s836923458,p02936,u030246664,1569897823,C++,C++14 (GCC 5.4.1),cpp,Accepted,668,26624,640,
s153779124,p02936,u030246664,1569897782,C++,C++14 (GCC 5.4.1),cpp,Accepted,672,26624,640,
s554600323,p02936,u030246664,1569897738,C++,C++14 (GCC 5.4.1),cpp,Accepted,671,26624,643,
s780689567,p02936,u030246664,1569897714,C++,C++14 (GCC 5.4.1),cpp,Compile Error,,,642,
s753765042,p02936,u030246664,1569897687,C++,C++14 (GCC 5.4.1),cpp,Compile Error,,,642,
s721168422,p02936,u030246664,1569897530,C++,C++14 (GCC 5.4.1),cpp,Accepted,650,26624,630,
s773392329,p02936,u030246664,1569897497,C++,C++14 (GCC 5.4.1),cpp,Runtime Error,97,768,629,
s178520999,p02936,u030246664,1569897451,C++,C++14 (GCC 5.4.1),cpp,Runtime Error,97,896,625,
s185888368,p02936,u030246664,1569897399,C++,C++14 (GCC 5.4.1),cpp,Runtime Error,288,896,625,
s220808140,p02936,u030246664,1569897284,C++,C++14 (GCC 5.4.1),cpp,Runtime Error,98,896,625,
s638686388,p02936,u874996917,1569897234,C++,C++14 (GCC 5.4.1),cpp,Accepted,324,25856,2773,
s971176098,p02936,u030246664,1569897214,C++,C++14 (GCC 5.4.1),cpp,Runtime Error,100,768,626,
s136423584,p02936,u030246664,1569897154,C++,C++14 (GCC 5.4.1),cpp,Runtime Error,100,768,604,
s988687207,p02936,u874996917,1569897135,C++,C++14 (GCC 5.4.1),cpp,Accepted,329,25856,2772,
s896267085,p02936,u030246664,1569897054,C++,C++14 (GCC 5.4.1),cpp,Runtime Error,104,768,609,
s648275131,p02936,u030246664,1569897004,C++,C++14 (GCC 5.4.1),cpp,Runtime Error,132,768,606,
s772182189,p02936,u030246664,1569896931,C++,C++14 (GCC 5.4.1),cpp,Runtime Error,98,768,670,
s753826649,p02936,u874996917,1569896804,C++,C++14 (GCC 5.4.1),cpp,Wrong Answer,314,25856,2752,
s590667089,p02936,u030246664,1569896761,C++,C++14 (GCC 5.4.1),cpp,Accepted,653,26624,643,
s840875845,p02936,u720447689,1569896748,C++,C++14 (GCC 5.4.1),cpp,Wrong Answer,2104,5504,1615,
s670163513,p02936,u030246664,1569896413,C++,C++14 (GCC 5.4.1),cpp,Accepted,681,68736,625,
s341654965,p02936,u030246664,1569896343,C++,C++14 (GCC 5.4.1),cpp,Accepted,701,68736,625,
s822027080,p02936,u030246664,1569896224,C++,C++14 (GCC 5.4.1),cpp,Accepted,676,68736,587,
s234707207,p02936,u030246664,1569896073,C++,C++14 (GCC 5.4.1),cpp,Accepted,678,65664,575,
s204292709,p02936,u030246664,1569895550,C++,C++14 (GCC 5.4.1),cpp,Runtime Error,2115,316664,670,
s612337205,p02936,u142082997,1569894026,Go,Go (1.6),go,Wrong Answer,663,18968,1074,
s812505650,p02936,u142082997,1569892732,Go,Go (1.6),go,Wrong Answer,615,14592,900,
s822828714,p02936,u142082997,1569891627,Go,Go (1.6),go,Wrong Answer,2108,12544,640,
s418884715,p02936,u263830634,1569889772,Python,Python (3.4.3),py,Accepted,1188,55856,605,
s308320229,p02936,u263830634,1569889666,Python,Python (3.4.3),py,Accepted,1862,55856,533,
s244374670,p02936,u263830634,1569889042,Python,Python (3.4.3),py,Wrong Answer,1620,47820,422,
s041854867,p02936,u679951803,1569881583,C,C (GCC 5.4.1),c,Wrong Answer,138,17660,2555,
s702697882,p02936,u030246664,1569880438,C++,C++14 (GCC 5.4.1),cpp,Wrong Answer,253,3968,487,
s184392353,p02936,u679951803,1569880400,C,C (GCC 5.4.1),c,Wrong Answer,126,11104,2266,
s027290084,p02936,u679951803,1569880317,C,C (GCC 5.4.1),c,Wrong Answer,130,8556,2265,
s181604121,p02936,u030246664,1569880003,C++,C++14 (GCC 5.4.1),cpp,Runtime Error,318,3968,487,
s316917825,p02936,u030246664,1569879937,C++,C++14 (GCC 5.4.1),cpp,Wrong Answer,270,5376,679,
s774684697,p02936,u572955809,1569879138,Java,Java8 (OpenJDK 1.8.0),java,Runtime Error,419,59924,2459,
s959546922,p02936,u030246664,1569878916,C++,C++14 (GCC 5.4.1),cpp,Runtime Error,328,3968,487,
s253033176,p02936,u030246664,1569878254,C++,C++14 (GCC 5.4.1),cpp,Wrong Answer,361,12544,538,
s289624457,p02936,u030246664,1569878116,C++,C++14 (GCC 5.4.1),cpp,Runtime Error,388,12544,508,
s522812545,p02936,u030246664,1569877771,C++,C++14 (GCC 5.4.1),cpp,Runtime Error,401,12544,509,
s575416158,p02936,u030246664,1569877141,C++,C++14 (GCC 5.4.1),cpp,Runtime Error,429,12544,495,
s604536335,p02936,u247576416,1569876028,C++,C++ (GCC 5.4.1),cpp,Accepted,635,23552,884,
s322302641,p02936,u030246664,1569875988,C++,C++14 (GCC 5.4.1),cpp,Wrong Answer,2104,21632,582,
s181611820,p02936,u247576416,1569875684,C++,C++ (GCC 5.4.1),cpp,Time Limit Exceeded,2104,12788,845,
s922061468,p02936,u397763977,1569871613,Java,Java8 (OpenJDK 1.8.0),java,Accepted,1477,156052,1444,
s325966703,p02936,u397763977,1569871110,Java,Java8 (OpenJDK 1.8.0),java,Wrong Answer,1458,143120,1255,
s440452187,p02936,u828388155,1569863707,C++,C++14 (GCC 5.4.1),cpp,Accepted,368,23424,914,
s889810162,p02936,u828388155,1569863627,C++,C++14 (GCC 5.4.1),cpp,Compile Error,,,914,
s899744863,p02936,u828388155,1569863358,C++,C++14 (GCC 5.4.1),cpp,Compile Error,,,916,
s117088596,p02936,u316542627,1569818861,Java,Java8 (OpenJDK 1.8.0),java,Accepted,1578,259048,1464,
s521176831,p02936,u316542627,1569817689,Java,Java8 (OpenJDK 1.8.0),java,Wrong Answer,1401,197264,1516,
s226995065,p02936,u063052907,1569804364,Python,PyPy3 (2.4.0),py,Accepted,960,130088,851,
s893576892,p02936,u409872261,1569804358,C++,C++14 (GCC 5.4.1),cpp,Accepted,306,24448,2343,
s400795801,p02936,u063052907,1569804319,Python,Python (3.4.3),py,Accepted,1131,116376,851,
s414981087,p02936,u409872261,1569798285,C++,C++14 (GCC 5.4.1),cpp,Runtime Error,517,277248,2216,
s084737538,p02936,u440566786,1569797397,C++,C++14 (GCC 5.4.1),cpp,Accepted,653,27392,1527,
s793420533,p02936,u409872261,1569796855,C++,C++14 (GCC 5.4.1),cpp,Wrong Answer,283,24320,2224,
s710787258,p02936,u440566786,1569796532,C++,C++14 (GCC 5.4.1),cpp,Accepted,620,27392,1544,
s545951675,p02936,u409872261,1569796522,C++,C++14 (GCC 5.4.1),cpp,Wrong Answer,282,24320,2215,
s952327852,p02936,u042370792,1569788499,Java,Java8 (OpenJDK 1.8.0),java,Wrong Answer,2109,215812,2531,
s026745665,p02936,u448407332,1569787206,C++,C++14 (GCC 5.4.1),cpp,Accepted,296,25856,1108,
s787273928,p02936,u137747137,1569787023,C++,C++14 (GCC 5.4.1),cpp,Wrong Answer,294,27392,777,
s292208499,p02936,u137747137,1569786868,C++,C++14 (GCC 5.4.1),cpp,Wrong Answer,1,256,835,
s986080176,p02936,u448407332,1569786612,C++,C++14 (GCC 5.4.1),cpp,Wrong Answer,304,24320,1033,
s331421224,p02936,u137747137,1569786569,C++,C++14 (GCC 5.4.1),cpp,Accepted,308,27392,774,
s354505825,p02936,u042370792,1569776713,Java,Java8 (OpenJDK 1.8.0),java,Runtime Error,2109,57836,2867,
s814747012,p02936,u042370792,1569774844,Java,Java8 (OpenJDK 1.8.0),java,Runtime Error,1508,289748,2728,
s512470273,p02936,u476674388,1569774514,Python,Python (3.4.3),py,Wrong Answer,1671,320496,2348,
s400095290,p02936,u476674388,1569774297,Python,Python (3.4.3),py,Wrong Answer,1494,294648,2258,
s841630890,p02936,u476674388,1569773944,Python,Python (3.4.3),py,Runtime Error,1181,91124,2215,
s199471111,p02936,u381120152,1569770344,Rust,Rust (1.15.1),rs,Wrong Answer,179,45820,3127,
s235903380,p02936,u603158869,1569767543,Java,Java8 (OpenJDK 1.8.0),java,Accepted,1861,206708,1035,
s166064544,p02936,u603158869,1569757516,Java,Java8 (OpenJDK 1.8.0),java,Wrong Answer,1491,236684,1177,
s490833490,p02936,u603158869,1569755693,Java,Java8 (OpenJDK 1.8.0),java,Wrong Answer,1379,232572,1175,
s620130347,p02936,u986985627,1569737606,Python,Python (3.4.3),py,Accepted,1565,230928,618,
s667441779,p02936,u986985627,1569737568,Python,Python (3.4.3),py,Runtime Error,1106,52344,571,
s214903294,p02936,u628597699,1569737525,C++,C++14 (GCC 5.4.1),cpp,Accepted,357,26624,678,
s794730054,p02936,u581807854,1569731640,C++,C++14 (GCC 5.4.1),cpp,Accepted,410,25856,1484,
s731124529,p02936,u042370792,1569726648,Java,Java8 (OpenJDK 1.8.0),java,Runtime Error,2106,341064,2833,
s483818975,p02936,u042370792,1569720717,Java,Java8 (OpenJDK 1.8.0),java,Runtime Error,2106,350480,2781,
s263240441,p02936,u842634123,1569719235,Java,Java8 (OpenJDK 1.8.0),java,Time Limit Exceeded,2103,298064,1605,
s695713428,p02936,u842634123,1569719218,Java,Java8 (OpenJDK 1.8.0),java,Compile Error,,,1605,
s779789338,p02936,u577138895,1569717738,Python,PyPy3 (2.4.0),py,Runtime Error,1980,136536,476,
s153275694,p02936,u806657856,1569713043,C++,C++14 (GCC 5.4.1),cpp,Wrong Answer,2229,1688864,899,
s357181186,p02936,u806657856,1569711988,C++,C++14 (GCC 5.4.1),cpp,Wrong Answer,272,14848,665,
s367646384,p02936,u042370792,1569711323,Java,Java8 (OpenJDK 1.8.0),java,Wrong Answer,2109,352104,2660,
s054197782,p02936,u042370792,1569710119,Java,Java8 (OpenJDK 1.8.0),java,Runtime Error,2109,288084,2686,
s777445682,p02936,u783674761,1569709047,C++,C++14 (GCC 5.4.1),cpp,Accepted,129,20096,968,
s581093407,p02936,u573653733,1569709002,C++,C++14 (GCC 5.4.1),cpp,Accepted,374,21120,1133,
s193333140,p02936,u609061751,1569706814,Python,PyPy3 (2.4.0),py,Time Limit Exceeded,2110,124124,997,
s907041600,p02936,u609061751,1569706714,Python,Python (3.4.3),py,Time Limit Exceeded,2110,115132,997,
s636911899,p02936,u261886891,1569703599,C++,C++14 (GCC 5.4.1),cpp,Accepted,354,23552,767,
s671545796,p02936,u918601425,1569699966,Python,Python (3.4.3),py,Accepted,1886,83428,1055,
s910202027,p02936,u918601425,1569696480,Python,Python (3.4.3),py,Time Limit Exceeded,2112,134128,1543,
s206593664,p02936,u918601425,1569695881,Python,Python (3.4.3),py,Time Limit Exceeded,2112,132560,1470,
s477042167,p02936,u256027816,1569694079,Python,Python (3.4.3),py,Accepted,1749,57980,512,
s471364366,p02936,u256027816,1569693422,Python,Python (3.4.3),py,Wrong Answer,1494,47868,357,
s883177310,p02936,u216264781,1569693022,Rust,Rust (1.15.1),rs,Accepted,109,54904,1573,
s941574231,p02936,u102461423,1569691769,Python,Python (3.4.3),py,Accepted,1284,67076,680,
s493044112,p02936,u102461423,1569691553,Python,Python (3.4.3),py,Accepted,1246,106928,680,
s970445180,p02936,u102461423,1569691512,Python,Python (3.4.3),py,Runtime Error,1985,68144,700,
s985813790,p02936,u102461423,1569691340,Python,Python (3.4.3),py,Accepted,1241,95468,696,
s633966283,p02936,u216264781,1569690906,Rust,Rust (1.15.1),rs,Wrong Answer,106,48632,1402,
s297489012,p02936,u537234062,1569689679,C++,C++14 (GCC 5.4.1),cpp,Accepted,552,52520,4654,
s306844197,p02936,u128978302,1569689580,Java,Java8 (OpenJDK 1.8.0),java,Wrong Answer,1285,222608,1449,
s135369675,p02936,u128978302,1569688994,Java,Java8 (OpenJDK 1.8.0),java,Wrong Answer,1320,218804,1403,
s704482975,p02936,u111497285,1569680599,Python,Python (3.4.3),py,Accepted,1719,56160,556,
s873390423,p02936,u528523331,1569679940,C++,C++14 (GCC 5.4.1),cpp,Accepted,297,20352,771,
s532687992,p02936,u216264781,1569664410,Rust,Rust (1.15.1),rs,Wrong Answer,2314,59636,1793,
s501030626,p02936,u133716699,1569660884,C++,C++14 (GCC 5.4.1),cpp,Accepted,233,55552,986,
s858754544,p02936,u133716699,1569659795,C++,C++14 (GCC 5.4.1),cpp,Wrong Answer,171,41472,830,
s041379375,p02936,u609061751,1569656009,Python,Python (3.4.3),py,Accepted,1708,337852,746,
s346576742,p02936,u258096065,1569655803,C++,C++14 (GCC 5.4.1),cpp,Accepted,359,23424,783,
s923216848,p02936,u123518636,1569648587,Python,PyPy2 (5.6.0),py,Accepted,569,119244,2084,
s850904939,p02936,u123518636,1569648127,Python,PyPy2 (5.6.0),py,Time Limit Exceeded,2189,1383536,2033,
s536469007,p02936,u123518636,1569648081,Python,Python (2.7.6),py,Time Limit Exceeded,2120,281548,2033,
s789892671,p02936,u123518636,1569647930,Python,PyPy2 (5.6.0),py,Runtime Error,669,138776,2033,
s505091629,p02936,u224073013,1569644621,C++,C++14 (GCC 5.4.1),cpp,Accepted,743,21760,1149,
s932812886,p02936,u304913019,1569634144,Go,Go (1.6),go,Time Limit Exceeded,2108,22144,898,
s888430787,p02936,u304913019,1569633696,Go,Go (1.6),go,Time Limit Exceeded,2108,22144,1164,
s526864644,p02936,u304913019,1569633029,Go,Go (1.6),go,Time Limit Exceeded,2108,25472,1041,
s953086446,p02936,u625729943,1569629416,Python,PyPy3 (2.4.0),py,Time Limit Exceeded,2126,368248,473,
s127003869,p02936,u625729943,1569629388,Python,PyPy3 (2.4.0),py,Time Limit Exceeded,2150,762744,500,
s276421320,p02936,u625729943,1569629305,Python,Python (3.4.3),py,Accepted,1772,230960,500,
s891155886,p02936,u625729943,1569629089,Python,Python (3.4.3),py,Time Limit Exceeded,2118,229768,486,
s129341962,p02936,u625729943,1569628882,Python,Python (3.4.3),py,Time Limit Exceeded,2123,274208,509,
s148105404,p02936,u625729943,1569628821,Python,Python (3.4.3),py,Runtime Error,42,4456,498,
s702260367,p02936,u304913019,1569628727,Go,Go (1.6),go,Wrong Answer,2108,21120,973,
s041118394,p02936,u625729943,1569628514,Python,Python (3.4.3),py,Runtime Error,1885,101796,470,
s638557177,p02936,u304913019,1569628164,Go,Go (1.6),go,Wrong Answer,2108,21376,949,
s865698611,p02936,u625729943,1569627230,Python,Python (3.4.3),py,Time Limit Exceeded,2110,100504,788,
s828220431,p02936,u732817215,1569625994,C++,C++14 (GCC 5.4.1),cpp,Accepted,328,35200,1609,
s757528998,p02936,u103435617,1569624924,C++,C++14 (GCC 5.4.1),cpp,Accepted,336,16372,1310,
s732120743,p02936,u016572066,1569624145,C++,C++14 (GCC 5.4.1),cpp,Accepted,304,16372,2011,
s866894500,p02936,u103435617,1569623696,C++,C++14 (GCC 5.4.1),cpp,Accepted,368,30464,933,
s122540194,p02936,u413165887,1569622119,Python,Python (3.4.3),py,Time Limit Exceeded,2107,66952,758,
s892461512,p02936,u413165887,1569621848,Python,Python (3.4.3),py,Time Limit Exceeded,2106,66976,794,
s399316056,p02936,u413165887,1569621678,Python,Python (3.4.3),py,Time Limit Exceeded,2107,80808,815,
s758882207,p02936,u413165887,1569621663,Python,PyPy3 (2.4.0),py,Time Limit Exceeded,2108,145400,815,
s956535709,p02936,u647203471,1569621543,Python,PyPy3 (2.4.0),py,Time Limit Exceeded,2152,786424,500,
s395613173,p02936,u647203471,1569621483,Python,PyPy3 (2.4.0),py,Runtime Error,1927,133196,437,
s158163832,p02936,u413165887,1569621397,Python,PyPy3 (2.4.0),py,Time Limit Exceeded,2108,145272,809,
s422529101,p02936,u413165887,1569621373,Python,PyPy3 (2.4.0),py,Time Limit Exceeded,2108,140784,842,
s465268342,p02936,u647203471,1569621345,Python,PyPy3 (2.4.0),py,Runtime Error,1980,130252,423,
s102758941,p02936,u413165887,1569621321,Python,Python (3.4.3),py,Time Limit Exceeded,2107,87356,842,
s013270703,p02936,u647203471,1569621206,Python,PyPy3 (2.4.0),py,Runtime Error,1979,130144,422,
s130840885,p02936,u413165887,1569621075,Python,Python (3.4.3),py,Time Limit Exceeded,2107,80952,809,
s784521772,p02936,u413165887,1569620924,Python,PyPy3 (2.4.0),py,Time Limit Exceeded,2109,145016,878,
s239016432,p02936,u413165887,1569620890,Python,Python (3.4.3),py,Time Limit Exceeded,2106,80824,878,
s721973284,p02936,u107292917,1569620810,C++,C++14 (GCC 5.4.1),cpp,Accepted,358,22656,1825,
s291341111,p02936,u413165887,1569620735,Python,Python (3.4.3),py,Time Limit Exceeded,2106,80780,844,
s470175519,p02936,u647203471,1569620441,Python,Python (3.4.3),py,Runtime Error,1841,52300,417,
s215059863,p02936,u647203471,1569620302,Python,Python (3.4.3),py,Runtime Error,1714,52300,416,
s381562557,p02936,u432356156,1569620240,Python,Python (3.4.3),py,Runtime Error,2071,75248,657,
s501024769,p02936,u647203471,1569619830,Python,Python (3.4.3),py,Runtime Error,1855,52312,415,
s652014791,p02936,u413165887,1569617275,Python,Python (3.4.3),py,Time Limit Exceeded,2118,271380,741,
s912910148,p02936,u413165887,1569617251,Python,PyPy3 (2.4.0),py,Time Limit Exceeded,2118,229880,741,
s528826210,p02936,u016572066,1569617137,C++,C++14 (GCC 5.4.1),cpp,Accepted,330,30464,1678,
s630619347,p02936,u413165887,1569616512,Python,PyPy3 (2.4.0),py,Time Limit Exceeded,2123,302968,577,
s113001505,p02936,u413165887,1569616438,Python,PyPy3 (2.4.0),py,Runtime Error,2018,131916,538,
s315915652,p02936,u413165887,1569616032,Python,Python (3.4.3),py,Time Limit Exceeded,2121,269928,713,
s244706813,p02936,u413165887,1569615754,Python,PyPy3 (2.4.0),py,Runtime Error,2068,133596,640,
s387050030,p02936,u413165887,1569615511,Python,PyPy3 (2.4.0),py,Time Limit Exceeded,2122,303776,689,
s104048792,p02936,u413165887,1569615399,Python,Python (3.4.3),py,Time Limit Exceeded,2120,270032,689,
s973145518,p02936,u413165887,1569615075,Python,Python (3.4.3),py,Runtime Error,1876,53848,538,
s594301240,p02936,u977925575,1569613747,C++,C++14 (GCC 5.4.1),cpp,Accepted,140,23552,709,
s211907626,p02936,u217121806,1569613396,Python,PyPy3 (2.4.0),py,Wrong Answer,940,127324,662,
s033401974,p02936,u217121806,1569613301,Python,PyPy3 (2.4.0),py,Runtime Error,184,38256,650,
s680719026,p02936,u977925575,1569612908,C++,C++14 (GCC 5.4.1),cpp,Wrong Answer,361,20352,573,
s002389665,p02936,u977925575,1569612748,C++,C++14 (GCC 5.4.1),cpp,Wrong Answer,346,20352,640,
s809316491,p02936,u308256845,1569612070,C++,C++14 (GCC 5.4.1),cpp,Accepted,367,24320,541,
s225500140,p02936,u308256845,1569612040,C++,C++14 (GCC 5.4.1),cpp,Accepted,369,24064,639,
s787321154,p02936,u988076584,1569609078,C++,C++14 (GCC 5.4.1),cpp,Accepted,323,30720,1058,
s397108900,p02936,u988076584,1569607410,C++,C++14 (GCC 5.4.1),cpp,Compile Error,,,1092,
s717966482,p02936,u988076584,1569607359,C++,C++14 (GCC 5.4.1),cpp,Compile Error,,,1094,
s606281518,p02936,u647203471,1569605405,Python,PyPy3 (2.4.0),py,Wrong Answer,2109,112216,597,
s228880465,p02936,u647203471,1569605074,Python,PyPy3 (2.4.0),py,Runtime Error,1648,89688,568,
s337029198,p02936,u475584892,1569604400,Python,Python (3.4.3),py,Accepted,1689,98244,821,
s329092195,p02936,u475584892,1569604223,Python,Python (3.4.3),py,Accepted,1417,98276,835,
s003566065,p02936,u504103417,1569604148,C++,C++14 (GCC 5.4.1),cpp,Accepted,371,29056,674,
s838268826,p02936,u475584892,1569604008,Python,Python (3.4.3),py,Accepted,1515,107440,847,
s628909663,p02936,u753803401,1569600096,Python,PyPy3 (2.4.0),py,Accepted,983,124584,847,
s899930524,p02936,u753803401,1569600041,Python,PyPy3 (2.4.0),py,Wrong Answer,1005,143428,846,
s265510743,p02936,u730018644,1569586778,C++,C++14 (GCC 5.4.1),cpp,Accepted,370,24064,639,
s962651763,p02936,u391667116,1569568977,C,C (GCC 5.4.1),c,Runtime Error,101,10496,1683,
s301652249,p02936,u391667116,1569567315,C,C (GCC 5.4.1),c,Runtime Error,99,10496,1683,
s706228577,p02936,u133716699,1569562416,C++,C++14 (GCC 5.4.1),cpp,Wrong Answer,2105,38428,826,
s229082152,p02936,u133716699,1569561504,C++,C++14 (GCC 5.4.1),cpp,Wrong Answer,2105,34688,692,
s016629342,p02936,u609061751,1569559461,Python,PyPy3 (2.4.0),py,Time Limit Exceeded,2110,124056,933,
s782546238,p02936,u609061751,1569559442,Python,Python (3.4.3),py,Time Limit Exceeded,2110,113904,933,
s774573757,p02936,u609061751,1569558831,Python,Python (3.4.3),py,Time Limit Exceeded,2110,114040,775,
s500661389,p02936,u609061751,1569558720,Python,PyPy3 (2.4.0),py,Time Limit Exceeded,2110,123996,775,
s407304720,p02936,u609061751,1569558565,Python,PyPy3 (2.4.0),py,Time Limit Exceeded,2112,120864,738,
s115879300,p02936,u793733774,1569548442,Ruby,Ruby (2.3.3),rb,Wrong Answer,1273,36672,364,
s408177417,p02936,u615258936,1569548053,C++,C++14 (GCC 5.4.1),cpp,Accepted,322,24320,858,
s668665175,p02936,u615258936,1569547391,C++,C++14 (GCC 5.4.1),cpp,Wrong Answer,293,21120,761,
s259947656,p02936,u793733774,1569547172,Ruby,Ruby (2.3.3),rb,Wrong Answer,1298,36672,307,
s668963096,p02936,u793733774,1569542186,Ruby,Ruby (2.3.3),rb,Runtime Error,2109,52984,507,
s280915093,p02936,u213143275,1569537208,C++,C++14 (GCC 5.4.1),cpp,Accepted,305,25600,4248,
s533707437,p02936,u213143275,1569537098,C++,C++14 (GCC 5.4.1),cpp,Wrong Answer,331,25600,4186,
s473678673,p02936,u815659544,1569530394,C++,C++14 (GCC 5.4.1),cpp,Accepted,378,24320,2120,
s530477748,p02936,u478997153,1569527405,C++,C++14 (GCC 5.4.1),cpp,Accepted,306,28928,998,
s128284359,p02936,u833295869,1569526973,C++,C++14 (GCC 5.4.1),cpp,Wrong Answer,317,15616,622,
s753737476,p02936,u833295869,1569526916,C++,C++14 (GCC 5.4.1),cpp,Runtime Error,227,11264,618,
s935352739,p02936,u833295869,1569526242,C++,C++14 (GCC 5.4.1),cpp,Runtime Error,98,256,574,
s728189091,p02936,u423585790,1569526122,Python,PyPy3 (2.4.0),py,Accepted,1192,112708,2001,
s487951161,p02936,u423585790,1569526084,Python,PyPy3 (2.4.0),py,Accepted,1001,112840,2005,
s099983007,p02936,u423585790,1569525935,Python,Python (3.4.3),py,Runtime Error,1628,171856,1977,
s197399948,p02936,u423585790,1569525840,Python,PyPy3 (2.4.0),py,Time Limit Exceeded,2146,689272,1977,
s571764216,p02936,u656995812,1569522376,C++,C++14 (GCC 5.4.1),cpp,Wrong Answer,285,28672,1128,
s066133915,p02936,u656995812,1569521995,C++,C++14 (GCC 5.4.1),cpp,Accepted,329,28672,1123,
s613060392,p02936,u673361376,1569521313,Python,Python (3.4.3),py,Accepted,1602,268348,510,
s339249457,p02936,u673361376,1569521234,Python,PyPy3 (2.4.0),py,Time Limit Exceeded,2153,787064,510,
s685888936,p02936,u656995812,1569521110,C++,C++14 (GCC 5.4.1),cpp,Wrong Answer,2104,25856,1094,
s683126793,p02936,u673361376,1569521055,Python,PyPy3 (2.4.0),py,Time Limit Exceeded,2154,807928,519,
s682727244,p02936,u673361376,1569520762,Python,PyPy3 (2.4.0),py,Time Limit Exceeded,2154,761080,465,
s783185462,p02936,u656995812,1569520277,C++,C++14 (GCC 5.4.1),cpp,Wrong Answer,2104,22144,996,
s265173540,p02936,u918601425,1569508038,Python,Python (3.4.3),py,Time Limit Exceeded,2111,119540,2011,
s376173443,p02936,u366023106,1569501629,C++,C++14 (GCC 5.4.1),cpp,Accepted,151,25856,1431,
s253995101,p02936,u366023106,1569500843,C++,C++14 (GCC 5.4.1),cpp,Wrong Answer,156,25856,1426,
s359396267,p02936,u366023106,1569500742,C++,C++14 (GCC 5.4.1),cpp,Wrong Answer,157,25088,1427,
s539854652,p02936,u540799318,1569499377,Python,PyPy3 (2.4.0),py,Wrong Answer,893,86860,713,
s116427145,p02936,u540799318,1569498841,Python,PyPy3 (2.4.0),py,Wrong Answer,2172,1022032,801,
s933848153,p02936,u013803727,1569489718,C++,C++14 (GCC 5.4.1),cpp,Accepted,162,23552,703,
s889592355,p02936,u513844316,1569477535,Python,Python (3.4.3),py,Accepted,1692,230920,434,
s028800290,p02936,u272496669,1569477429,C++,C++14 (GCC 5.4.1),cpp,Accepted,183,25520,3688,
s506151933,p02936,u272496669,1569477301,C++,C++14 (GCC 5.4.1),cpp,Time Limit Exceeded,2106,23964,3684,
s963245777,p02936,u708914857,1569477208,Java,Java8 (OpenJDK 1.8.0),java,Accepted,1071,139500,1352,
s660896832,p02936,u513844316,1569477179,Python,Python (3.4.3),py,Accepted,1756,232424,464,
s802424224,p02936,u513844316,1569477097,Python,Python (3.4.3),py,Time Limit Exceeded,2118,232556,439,
s359894642,p02936,u513844316,1569476868,Python,Python (3.4.3),py,Time Limit Exceeded,2119,232428,442,
s387395543,p02936,u513844316,1569476809,Python,Python (3.4.3),py,Runtime Error,1703,58476,439,
s818839549,p02936,u513844316,1569476717,Python,Python (3.4.3),py,Runtime Error,1456,51112,436,
s274404734,p02936,u513844316,1569476086,Python,PyPy3 (2.4.0),py,Time Limit Exceeded,2125,347000,406,
s002642413,p02936,u513844316,1569476008,Python,PyPy3 (2.4.0),py,Runtime Error,2070,129996,365,
s998518692,p02936,u513844316,1569475768,Python,PyPy3 (2.4.0),py,Runtime Error,1892,129996,384,
s158814060,p02936,u272496669,1569475723,C++,C++14 (GCC 5.4.1),cpp,Time Limit Exceeded,2104,9200,2826,
s094770470,p02936,u513844316,1569475588,Python,Python (3.4.3),py,Runtime Error,1625,52300,384,
s343647634,p02936,u328294851,1569473375,C++,C++14 (GCC 5.4.1),cpp,Accepted,322,24320,1226,
s944226260,p02936,u328294851,1569473224,C++,C++14 (GCC 5.4.1),cpp,Wrong Answer,353,17408,1256,
s430322106,p02936,u328294851,1569473164,C++,C++14 (GCC 5.4.1),cpp,Wrong Answer,285,24320,1232,
s987641889,p02936,u917972976,1569469695,C++,C++14 (GCC 5.4.1),cpp,Wrong Answer,2238,1682716,5234,
s460530206,p02936,u917972976,1569468986,C++,C++14 (GCC 5.4.1),cpp,Wrong Answer,2236,1769236,5073,
s547282673,p02936,u231458241,1569465507,C++,C++14 (GCC 5.4.1),cpp,Accepted,378,25856,1036,
s162746977,p02936,u673361376,1569465456,Python,PyPy3 (2.4.0),py,Time Limit Exceeded,2145,665080,463,
s133379105,p02936,u673361376,1569465178,Python,PyPy3 (2.4.0),py,Time Limit Exceeded,2126,378116,419,
s728087726,p02936,u673361376,1569464970,Python,PyPy3 (2.4.0),py,Time Limit Exceeded,2123,313100,423,
s946225799,p02936,u673361376,1569464872,Python,PyPy3 (2.4.0),py,Time Limit Exceeded,2125,345228,450,
s822839778,p02936,u673361376,1569464173,Python,PyPy3 (2.4.0),py,Wrong Answer,1853,120544,410,
s472799394,p02936,u673361376,1569463904,Python,PyPy3 (2.4.0),py,Runtime Error,1959,140128,410,
s222642588,p02936,u673361376,1569462847,Python,PyPy3 (2.4.0),py,Runtime Error,1981,149196,436,
s178436122,p02936,u522035594,1569461280,C++,C++14 (GCC 5.4.1),cpp,Accepted,369,23424,737,
s474913903,p02936,u073852194,1569459622,Python,PyPy3 (2.4.0),py,Accepted,1979,128784,648,
s827574995,p02936,u073852194,1569459480,Python,Python (3.4.3),py,Time Limit Exceeded,2110,142904,648,
s023192730,p02936,u868438411,1569456974,C++,C++14 (GCC 5.4.1),cpp,Accepted,370,23680,598,
s148635780,p02936,u868438411,1569456712,C++,C++14 (GCC 5.4.1),cpp,Runtime Error,101,2560,598,
s208764669,p02936,u440566786,1569440026,Python,Python (3.4.3),py,Accepted,1719,268348,588,
s627314390,p02936,u440566786,1569439973,Python,PyPy3 (2.4.0),py,Time Limit Exceeded,2147,695416,588,
s960602097,p02936,u866968224,1569435220,C++,C++14 (GCC 5.4.1),cpp,Accepted,140,23552,963,
s209110023,p02936,u828388155,1569434777,C++,C++14 (GCC 5.4.1),cpp,Accepted,686,23552,884,
s199350899,p02936,u440566786,1569433528,Python,Python (3.4.3),py,Time Limit Exceeded,2086,241944,1334,
s022410447,p02936,u440566786,1569433462,Python,PyPy3 (2.4.0),py,Time Limit Exceeded,2156,851832,1334,
s779271562,p02936,u440566786,1569433086,Python,Python (3.4.3),py,Accepted,1996,245072,1496,
s823175122,p02936,u440566786,1569433016,Python,PyPy3 (2.4.0),py,Time Limit Exceeded,2156,864760,1496,
s946895171,p02936,u638516820,1569427117,Ruby,Ruby (2.3.3),rb,Accepted,781,26236,511,
s942383517,p02936,u709142358,1569426527,C++,C++14 (GCC 5.4.1),cpp,Accepted,392,24320,939,
s032811620,p02936,u638516820,1569425883,Ruby,Ruby (2.3.3),rb,Wrong Answer,685,23780,405,
s760092580,p02936,u598273654,1569423677,C++,C++14 (GCC 5.4.1),cpp,Wrong Answer,261,6272,630,
s036163023,p02936,u598273654,1569423469,C++,C++14 (GCC 5.4.1),cpp,Wrong Answer,252,5504,629,
s842176230,p02936,u598273654,1569423409,C++,C++14 (GCC 5.4.1),cpp,Wrong Answer,250,4736,628,
s264101529,p02936,u638516820,1569417651,Ruby,Ruby (2.3.3),rb,Wrong Answer,2108,10492,397,
s415022270,p02936,u618604643,1569391171,C++,C++14 (GCC 5.4.1),cpp,Accepted,584,16372,1712,
s230047582,p02936,u819048695,1569385677,Python,PyPy3 (2.4.0),py,Accepted,1831,105984,429,
s785739247,p02936,u819048695,1569383698,Python,Python (3.4.3),py,Time Limit Exceeded,2106,46592,491,
s395894188,p02936,u819048695,1569383299,Python,Python (3.4.3),py,Runtime Error,17,2940,910,
s870618054,p02936,u231458241,1569383182,C++,C++14 (GCC 5.4.1),cpp,Wrong Answer,361,22656,920,
s601849349,p02936,u819048695,1569383097,Python,Python (3.4.3),py,Time Limit Exceeded,2106,46332,573,
s010943150,p02936,u819048695,1569382381,Python,Python (3.4.3),py,Time Limit Exceeded,2106,46072,584,
s030222319,p02936,u819048695,1569381408,Python,Python (3.4.3),py,Time Limit Exceeded,2106,45944,511,
s999023963,p02936,u819048695,1569380163,Python,Python (3.4.3),py,Time Limit Exceeded,2106,47736,510,
s868899977,p02936,u819048695,1569380054,Python,Python (3.4.3),py,Time Limit Exceeded,2107,45944,540,
s614820583,p02936,u819048695,1569379752,Python,PyPy3 (2.4.0),py,Time Limit Exceeded,2110,98796,510,
s883019096,p02936,u673361376,1569378616,Python,PyPy3 (2.4.0),py,Runtime Error,2109,142752,991,
s972467675,p02936,u093744128,1569377900,C++,C++14 (GCC 5.4.1),cpp,Accepted,300,27392,746,
s918183904,p02936,u089230684,1569377840,C++,C++14 (GCC 5.4.1),cpp,Accepted,374,88448,4988,
s861410183,p02936,u018679195,1569377783,C++,C++14 (GCC 5.4.1),cpp,Runtime Error,317,277760,4988,
s457045986,p02936,u353919145,1569377763,Python,Python (3.4.3),py,Runtime Error,17,3064,4988,
s799622136,p02936,u943070796,1569375369,C++,C++14 (GCC 5.4.1),cpp,Wrong Answer,2217,1811856,3685,
s903293087,p02936,u857510905,1569375060,Rust,Rust (1.15.1),rs,Accepted,245,48796,1574,
s716946053,p02936,u819048695,1569370625,Python,PyPy3 (2.4.0),py,Wrong Answer,1799,91440,443,
s074632233,p02936,u819048695,1569370591,Python,Python (3.4.3),py,Wrong Answer,1555,48372,443,
s154793452,p02936,u819048695,1569370560,Python,Python (3.4.3),py,Runtime Error,17,2940,447,
s768488144,p02936,u819048695,1569370512,Python,PyPy3 (2.4.0),py,Runtime Error,181,38256,447,
s492272980,p02936,u819048695,1569370271,Python,Python (3.4.3),py,Wrong Answer,1611,48252,495,
s461080972,p02936,u673361376,1569367560,Python,PyPy3 (2.4.0),py,Wrong Answer,2112,139488,642,
s303861435,p02936,u673361376,1569367158,Python,PyPy3 (2.4.0),py,Wrong Answer,2111,155776,634,
s219833527,p02936,u673361376,1569366942,Python,PyPy3 (2.4.0),py,Wrong Answer,2110,143680,542,
s204188304,p02936,u495267515,1569365241,C++,C++14 (GCC 5.4.1),cpp,Accepted,332,26756,4794,
s360495197,p02936,u495267515,1569364088,C++,C++14 (GCC 5.4.1),cpp,Time Limit Exceeded,2104,23552,4685,
s159699230,p02936,u495267515,1569364032,C++,C++14 (GCC 5.4.1),cpp,Accepted,310,23296,4626,
s920792828,p02936,u466331465,1569361822,Python,Python (3.4.3),py,Accepted,1416,98672,646,
s401364288,p02936,u188117876,1569361289,C++,C++14 (GCC 5.4.1),cpp,Accepted,307,24320,776,
s078695255,p02936,u912862653,1569360722,Python,Python (3.4.3),py,Accepted,1487,241476,770,
s845895518,p02936,u912862653,1569360411,Python,Python (3.4.3),py,Runtime Error,1868,241188,769,
s758013044,p02936,u912862653,1569359494,Python,PyPy3 (2.4.0),py,Runtime Error,824,121292,740,
s760408631,p02936,u912862653,1569358301,Python,Python (3.4.3),py,Runtime Error,835,70564,702,
s166748115,p02936,u466331465,1569357947,Python,Python (3.4.3),py,Wrong Answer,1018,90232,415,
s560333796,p02936,u466331465,1569357722,Python,PyPy3 (2.4.0),py,Wrong Answer,2112,125168,405,
s968121423,p02936,u874101014,1569350131,C++,C++14 (GCC 5.4.1),cpp,Accepted,406,23424,747,
s988682442,p02936,u874101014,1569348254,C++,C++14 (GCC 5.4.1),cpp,Wrong Answer,2105,21248,948,
s277731179,p02936,u640834132,1569348175,C++,C++14 (GCC 5.4.1),cpp,Accepted,367,23424,845,
s919361824,p02936,u640834132,1569347159,C++,C++14 (GCC 5.4.1),cpp,Runtime Error,274,18176,1036,
s509872020,p02936,u874101014,1569347141,C++,C++14 (GCC 5.4.1),cpp,Wrong Answer,2105,23296,764,
s635661228,p02936,u640834132,1569345240,C++,C++14 (GCC 5.4.1),cpp,Wrong Answer,314,7808,1136,
s641065853,p02936,u640834132,1569344554,C++,C++14 (GCC 5.4.1),cpp,Wrong Answer,324,7808,984,
s191546980,p02936,u495267515,1569344290,C++,C++14 (GCC 5.4.1),cpp,Time Limit Exceeded,2104,23552,4685,
s347553372,p02936,u661308718,1569336206,C++,C++14 (GCC 5.4.1),cpp,Accepted,464,52352,1050,
s308022174,p02936,u847758719,1569318598,Python,Python (3.4.3),py,Accepted,1959,230960,506,
s305868111,p02936,u847758719,1569318565,Python,Python (3.4.3),py,Time Limit Exceeded,2141,614684,444,
s185733097,p02936,u661308718,1569304576,C++,C++14 (GCC 5.4.1),cpp,Time Limit Exceeded,2104,12536,1262,
s555886636,p02936,u661308718,1569303872,C++,C++14 (GCC 5.4.1),cpp,Wrong Answer,289,27392,744,
s685263464,p02936,u661308718,1569303093,C++,C++14 (GCC 5.4.1),cpp,Time Limit Exceeded,2104,12532,1336,
s610091009,p02936,u661308718,1569302889,C++,C++14 (GCC 5.4.1),cpp,Wrong Answer,2104,15476,1397,
s902120091,p02936,u863957421,1569302642,C++,C++14 (GCC 5.4.1),cpp,Accepted,318,29696,641,
s653014139,p02936,u772304668,1569298893,C++,C++14 (GCC 5.4.1),cpp,Accepted,301,30464,1120,
s215195768,p02936,u913232477,1569292421,C++,C++14 (GCC 5.4.1),cpp,Accepted,123,16372,3087,
s712473764,p02936,u869919400,1569291143,Python,PyPy3 (2.4.0),py,Wrong Answer,1733,64092,446,
s808141746,p02936,u869919400,1569288565,Python,PyPy3 (2.4.0),py,Runtime Error,2115,222928,455,
s330541325,p02936,u869919400,1569288005,Python,PyPy3 (2.4.0),py,Runtime Error,2117,228048,410,
s706063849,p02936,u869919400,1569287868,Python,Python (3.4.3),py,Wrong Answer,2119,234460,410,
s106703183,p02936,u869919400,1569287693,Python,Python (3.4.3),py,Wrong Answer,2118,236564,390,
s157571580,p02936,u543933043,1569285576,Go,Go (1.6),go,Accepted,656,49536,1049,
s322745886,p02936,u952656646,1569284315,Python,Python (3.4.3),py,Wrong Answer,2109,227376,610,
s222131554,p02936,u826263061,1569282684,Python,PyPy3 (2.4.0),py,Accepted,1998,117836,564,
s804088420,p02936,u952656646,1569282501,Python,Python (3.4.3),py,Wrong Answer,2110,225844,517,
s041774743,p02936,u952656646,1569282351,Python,Python (3.4.3),py,Runtime Error,1459,54496,477,
s578929480,p02936,u952656646,1569282008,Python,Python (3.4.3),py,Runtime Error,2106,49976,485,
s659170677,p02936,u661308718,1569281200,C++,C++14 (GCC 5.4.1),cpp,Wrong Answer,341,37704,840,
s039011338,p02936,u917872021,1569277523,Python,Python (3.4.3),py,Time Limit Exceeded,2108,99896,882,
s253229466,p02936,u917872021,1569277313,Python,PyPy3 (2.4.0),py,Time Limit Exceeded,2107,49304,882,
s759364776,p02936,u222188267,1569275417,C++,C++14 (GCC 5.4.1),cpp,Wrong Answer,287,6272,1142,
s152660559,p02936,u238786149,1569274449,C++,C++14 (GCC 5.4.1),cpp,Accepted,342,40448,1058,
s297091806,p02936,u915934642,1569270445,C++,C++14 (GCC 5.4.1),cpp,Accepted,362,22128,1184,
s504057843,p02936,u881037761,1569265700,Java,Java8 (OpenJDK 1.8.0),java,Accepted,1675,146416,5472,
s094340500,p02936,u269517448,1569264492,C++,C++14 (GCC 5.4.1),cpp,Wrong Answer,292,24320,892,
s828730645,p02936,u881037761,1569263566,Java,Java8 (OpenJDK 1.8.0),java,Wrong Answer,1492,146548,5453,
s384279811,p02936,u881037761,1569263306,Java,Java8 (OpenJDK 1.8.0),java,Accepted,1227,134332,2283,
s317076344,p02936,u881037761,1569263226,Java,Java8 (OpenJDK 1.8.0),java,Wrong Answer,1692,147488,5509,
s074554677,p02936,u881037761,1569262838,Java,Java8 (OpenJDK 1.8.0),java,Wrong Answer,1414,150484,5473,
s443465121,p02936,u642874916,1569261674,C++,C++14 (GCC 5.4.1),cpp,Accepted,358,24320,1322,
s157384907,p02936,u881037761,1569261593,Java,Java8 (OpenJDK 1.8.0),java,Wrong Answer,1487,150608,5474,
s736336047,p02936,u642874916,1569258336,Python,PyPy3 (2.4.0),py,Accepted,788,92876,1200,
s275581028,p02936,u642874916,1569257748,Python,PyPy3 (2.4.0),py,Time Limit Exceeded,2110,100680,1200,
s688520356,p02936,u642874916,1569257652,Python,PyPy3 (2.4.0),py,Accepted,1335,130164,633,
s920292999,p02936,u642874916,1569257240,Python,PyPy3 (2.4.0),py,Time Limit Exceeded,2110,100808,1218,
s739737229,p02936,u642874916,1569257206,Python,PyPy3 (2.4.0),py,Wrong Answer,2110,121040,1216,
s966516314,p02936,u412164358,1569255033,C++,C++14 (GCC 5.4.1),cpp,Wrong Answer,282,21120,1288,
s355444658,p02936,u642874916,1569254172,Python,PyPy3 (2.4.0),py,Wrong Answer,1705,66720,440,
s022940006,p02936,u642874916,1569253903,Python,PyPy3 (2.4.0),py,Wrong Answer,1743,108108,461,
s542838255,p02936,u642874916,1569253767,Python,PyPy3 (2.4.0),py,Runtime Error,1846,116812,422,
s861121873,p02936,u642874916,1569252804,Python,PyPy3 (2.4.0),py,Runtime Error,1677,100568,815,
s303590887,p02936,u642874916,1569251597,Python,PyPy3 (2.4.0),py,Runtime Error,1617,102232,662,
s115836089,p02936,u254187258,1569206906,C++,C++14 (GCC 5.4.1),cpp,Accepted,156,39296,2856,
s719965253,p02936,u254187258,1569206840,C++,C++14 (GCC 5.4.1),cpp,Runtime Error,209,17272,2856,
s200894210,p02936,u324139341,1569206042,C++,C++14 (GCC 5.4.1),cpp,Accepted,330,43008,1493,
s332248280,p02936,u755310927,1569204632,C++,C++14 (GCC 5.4.1),cpp,Accepted,370,25856,1257,
s259515615,p02936,u913232477,1569202347,C++,C++14 (GCC 5.4.1),cpp,Time Limit Exceeded,2104,11264,3739,
s645979890,p02936,u324139341,1569202314,C++,C++14 (GCC 5.4.1),cpp,Wrong Answer,265,7788,1196,
s849339819,p02936,u913232477,1569202221,C++,C++14 (GCC 5.4.1),cpp,Time Limit Exceeded,2104,15864,3709,
s522902047,p02936,u181039779,1569191626,Java,Java8 (OpenJDK 1.8.0),java,Accepted,1062,131264,23994,
s611094072,p02936,u181039779,1569190103,Java,Java8 (OpenJDK 1.8.0),java,Wrong Answer,378,38620,23798,
s088691865,p02936,u181039779,1569189909,Java,Java8 (OpenJDK 1.8.0),java,Wrong Answer,378,38204,23796,
s204170637,p02936,u391667116,1569185344,C,C (GCC 5.4.1),c,Accepted,145,26496,1858,
s336017250,p02936,u391667116,1569181026,C,C (GCC 5.4.1),c,Runtime Error,0,128,1495,
s918105864,p02936,u391667116,1569180383,C,C (GCC 5.4.1),c,Runtime Error,0,128,1495,
s242830852,p02936,u391667116,1569178810,C,C (GCC 5.4.1),c,Compile Error,,,1464,
s077607671,p02936,u915797797,1569177496,C++,C++14 (GCC 5.4.1),cpp,Accepted,379,26624,601,
s043514559,p02936,u915797797,1569176256,C++,C++14 (GCC 5.4.1),cpp,Runtime Error,2831,0,599,
s031949520,p02936,u988916215,1569169399,Python,PyPy3 (2.4.0),py,Accepted,1863,105932,674,
s415479676,p02936,u824358246,1569168327,C++,C++14 (GCC 5.4.1),cpp,Accepted,112,13312,832,
s665180188,p02936,u692746605,1569167307,Python,Python (3.4.3),py,Wrong Answer,1574,47920,347,
s403833513,p02936,u692746605,1569164845,Python,Python (3.4.3),py,Wrong Answer,2111,224560,362,
s945971056,p02936,u692746605,1569163884,Python,Python (3.4.3),py,Time Limit Exceeded,2118,230960,382,
s830161339,p02936,u692746605,1569163728,Python,Python (3.4.3),py,Time Limit Exceeded,2118,227160,421,
s344976523,p02936,u692746605,1569162555,Python,Python (3.4.3),py,Time Limit Exceeded,2117,226648,406,
s319742282,p02936,u692746605,1569162416,Python,Python (3.4.3),py,Runtime Error,1937,49088,405,
s746114148,p02936,u692746605,1569160756,Python,Python (3.4.3),py,Wrong Answer,2118,226044,381,
s686015301,p02936,u692746605,1569160399,Python,Python (3.4.3),py,Runtime Error,1788,45852,340,
s566306498,p02936,u692746605,1569159713,Python,Python (3.4.3),py,Runtime Error,2106,43952,357,
s873507302,p02936,u692746605,1569159307,Python,Python (3.4.3),py,Runtime Error,2106,37936,316,
s003248483,p02936,u692746605,1569158892,Python,Python (3.4.3),py,Runtime Error,2106,39720,273,
s109729850,p02936,u391667116,1569132869,C,C (GCC 5.4.1),c,Wrong Answer,92,3840,1182,
s037145326,p02936,u634201987,1569126694,C++,C++14 (GCC 5.4.1),cpp,Accepted,134,23168,1257,
s964102552,p02936,u619197965,1569123028,Python,Python (3.4.3),py,Accepted,1623,230932,502,
s258309658,p02936,u619197965,1569122881,Python,Python (3.4.3),py,Time Limit Exceeded,2117,222896,477,
s325511472,p02936,u619197965,1569122606,Python,PyPy3 (2.4.0),py,Time Limit Exceeded,2150,775416,477,
s646528627,p02936,u619197965,1569122471,Python,Python (3.4.3),py,Accepted,1637,230960,477,
s699874166,p02936,u619197965,1569122292,Python,PyPy3 (2.4.0),py,Time Limit Exceeded,2153,813432,507,
s876294761,p02936,u619197965,1569122023,Python,PyPy3 (2.4.0),py,Time Limit Exceeded,2152,775544,494,
s291957229,p02936,u619197965,1569121968,Python,PyPy3 (2.4.0),py,Time Limit Exceeded,2122,298872,467,
s166075131,p02936,u619197965,1569121868,Python,PyPy3 (2.4.0),py,Time Limit Exceeded,2122,302456,494,
s203407235,p02936,u208497224,1569120960,Python,Python (3.4.3),py,Accepted,1529,57332,792,
s380103954,p02936,u921178362,1569107759,Python,PyPy3 (2.4.0),py,Accepted,889,129572,583,
s150100582,p02936,u921178362,1569107679,Python,PyPy3 (2.4.0),py,Time Limit Exceeded,2108,83660,537,
s463119818,p02936,u921178362,1569107621,Python,PyPy3 (2.4.0),py,Time Limit Exceeded,2110,92748,498,
s312276140,p02936,u921178362,1569107258,Python,PyPy3 (2.4.0),py,Time Limit Exceeded,2001,140708,558,
s575619125,p02936,u921178362,1569107150,Python,PyPy3 (2.4.0),py,Time Limit Exceeded,2109,117964,583,
s335704945,p02936,u921178362,1569107069,Python,PyPy3 (2.4.0),py,Time Limit Exceeded,2109,90700,512,
s776911521,p02936,u382423941,1569106970,C++,C++14 (GCC 5.4.1),cpp,Accepted,141,24320,2784,
s226424769,p02936,u921178362,1569106915,Python,PyPy3 (2.4.0),py,Accepted,859,129572,1139,
s175147850,p02936,u921178362,1569106633,Python,PyPy3 (2.4.0),py,Time Limit Exceeded,2114,106880,534,
s172120685,p02936,u526603504,1569106517,Python,PyPy3 (2.4.0),py,Wrong Answer,2111,113040,330,
s867155642,p02936,u526603504,1569106367,Python,PyPy3 (2.4.0),py,Wrong Answer,2158,628380,523,
s383705143,p02936,u526603504,1569106209,Python,Python (3.4.3),py,Wrong Answer,2193,1386304,471,
s925611133,p02936,u921178362,1569105622,Python,PyPy3 (2.4.0),py,Runtime Error,2110,88780,600,
s543043801,p02936,u815863697,1569105564,C++,C++14 (GCC 5.4.1),cpp,Wrong Answer,338,8704,1137,
s075802325,p02936,u526603504,1569105151,Python,Python (3.4.3),py,Wrong Answer,1754,66848,317,
s345868092,p02936,u815863697,1569105069,C++,C++14 (GCC 5.4.1),cpp,Wrong Answer,320,6144,964,
s402630874,p02936,u815863697,1569104883,C++,C++14 (GCC 5.4.1),cpp,Wrong Answer,314,6144,943,
s063990907,p02936,u815863697,1569104768,C++,C++14 (GCC 5.4.1),cpp,Wrong Answer,315,8320,1030,
s763287320,p02936,u815863697,1569104667,C++,C++14 (GCC 5.4.1),cpp,Wrong Answer,330,8576,1040,
s165118517,p02936,u815863697,1569104479,C++,C++14 (GCC 5.4.1),cpp,Wrong Answer,327,6144,971,
s493510849,p02936,u585918714,1569103852,C++,C++14 (GCC 5.4.1),cpp,Runtime Error,2104,4008,782,
s109947897,p02936,u585918714,1569103587,C++,C++14 (GCC 5.4.1),cpp,Wrong Answer,2104,7028,667,
s524065449,p02936,u921178362,1569103569,Python,PyPy3 (2.4.0),py,Runtime Error,2113,150604,1035,
s352209085,p02936,u585918714,1569103002,C++,C++14 (GCC 5.4.1),cpp,Wrong Answer,2104,7028,669,
s369717016,p02936,u945949346,1569102821,Haskell,Haskell (GHC 7.10.3),hs,Accepted,1571,123772,1451,
s006502786,p02936,u585918714,1569102637,C++,C++14 (GCC 5.4.1),cpp,Wrong Answer,2104,7028,653,
s919342585,p02936,u945949346,1569102597,Haskell,Haskell (GHC 7.10.3),hs,Time Limit Exceeded,2114,196348,1448,
s628375469,p02936,u585918714,1569102543,C++,C++14 (GCC 5.4.1),cpp,Runtime Error,136,3328,639,
s802575154,p02936,u585918714,1569102427,C++,C++14 (GCC 5.4.1),cpp,Wrong Answer,2103,3668,579,
s634661806,p02936,u301875524,1569099206,C++,C++14 (GCC 5.4.1),cpp,Accepted,317,16372,748,
s939279992,p02936,u301875524,1569094438,C++,C++14 (GCC 5.4.1),cpp,Runtime Error,4325,1780,869,
s660146056,p02936,u171252458,1569093876,C++,C++14 (GCC 5.4.1),cpp,Accepted,324,15604,847,
s634976843,p02936,u883104091,1569093872,C++,C++14 (GCC 5.4.1),cpp,Wrong Answer,393,14080,716,
s698950035,p02936,u911828387,1569093597,C++,C++14 (GCC 5.4.1),cpp,Accepted,291,15604,898,
s111933700,p02936,u911828387,1569093470,C++,C++14 (GCC 5.4.1),cpp,Wrong Answer,285,14080,869,
s961365358,p02936,u301875524,1569092906,C++,C++14 (GCC 5.4.1),cpp,Runtime Error,3675,1780,851,
s784668576,p02936,u334213423,1569089826,C#,C# (Mono 4.6.2.0),cs,Wrong Answer,696,56180,1530,
s847158386,p02936,u428805520,1569089816,C++,C++14 (GCC 5.4.1),cpp,Accepted,341,22656,649,
s712624471,p02936,u334213423,1569089443,C#,C# (Mono 4.6.2.0),cs,Wrong Answer,715,60916,1721,
s878528077,p02936,u428805520,1569089331,C++,C++14 (GCC 5.4.1),cpp,Accepted,300,19440,764,
s832673887,p02936,u610473220,1569087094,Python,Python (3.4.3),py,Accepted,1441,271380,728,
s856508138,p02936,u610473220,1569086784,Python,PyPy3 (2.4.0),py,Time Limit Exceeded,2158,839928,929,
s508485355,p02936,u610473220,1569086661,Python,Python (3.4.3),py,Time Limit Exceeded,2112,271380,929,
s261541444,p02936,u610473220,1569086583,Python,Python (3.4.3),py,Runtime Error,1200,63260,900,
s009485152,p02936,u334213423,1569086397,C#,C# (Mono 4.6.2.0),cs,Wrong Answer,732,65448,1930,
s231168480,p02936,u334213423,1569086181,C#,C# (Mono 4.6.2.0),cs,Compile Error,,,1793,
s028669184,p02936,u548834738,1569085279,C++,C++14 (GCC 5.4.1),cpp,Accepted,130,15604,866,
s496483922,p02936,u548834738,1569083130,C++,C++14 (GCC 5.4.1),cpp,Accepted,141,15604,902,
s252074224,p02936,u548834738,1569082919,C++,C++14 (GCC 5.4.1),cpp,Accepted,299,15604,857,
s490193679,p02936,u186089447,1569081393,C++,C++14 (GCC 5.4.1),cpp,Accepted,157,22784,1750,
s048285583,p02936,u091051505,1569078204,Python,Python (3.4.3),py,Wrong Answer,2060,98304,808,
s484102691,p02936,u887142477,1569077237,Java,Java8 (OpenJDK 1.8.0),java,Accepted,1931,140444,3537,
s400052118,p02936,u887142477,1569076959,Java,Java8 (OpenJDK 1.8.0),java,Time Limit Exceeded,2109,164140,1322,
s818095882,p02936,u551408542,1569076606,C++,C++14 (GCC 5.4.1),cpp,Accepted,321,24320,1643,
s834564193,p02936,u887142477,1569076538,Java,Java8 (OpenJDK 1.8.0),java,Wrong Answer,2110,158788,1303,
s575226180,p02936,u887142477,1569075984,Java,Java8 (OpenJDK 1.8.0),java,Wrong Answer,2109,216236,1213,
s849771379,p02936,u301875524,1569042335,C++,C++14 (GCC 5.4.1),cpp,Runtime Error,3608,1780,790,
s857887480,p02936,u227307124,1569040923,Java,Java8 (OpenJDK 1.8.0),java,Accepted,1197,129404,2283,
s984593162,p02936,u768152935,1569033829,C++,C++14 (GCC 5.4.1),cpp,Accepted,311,19440,1128,
s931356055,p02936,u768152935,1569033499,C++,C++14 (GCC 5.4.1),cpp,Wrong Answer,282,14848,1041,
s618782893,p02936,u768152935,1569033411,C++,C++14 (GCC 5.4.1),cpp,Wrong Answer,280,14720,1040,
s102356378,p02936,u679014636,1569031200,C++,C++14 (GCC 5.4.1),cpp,Accepted,312,20212,1147,
s914900248,p02936,u316170293,1569030427,C++,C++14 (GCC 5.4.1),cpp,Accepted,437,24320,981,
s022643690,p02936,u679014636,1569029674,C++,C++14 (GCC 5.4.1),cpp,Accepted,334,27392,1035,
s961874362,p02936,u505870180,1569028957,C++,C++14 (GCC 5.4.1),cpp,Wrong Answer,289,25856,552,
s720299126,p02936,u781095600,1569009943,C++,C++14 (GCC 5.4.1),cpp,Accepted,155,23424,499,
s564223257,p02936,u186089447,1569008277,C++,C++14 (GCC 5.4.1),cpp,Wrong Answer,136,22784,1709,
s172030472,p02936,u186089447,1569007949,C++,C++14 (GCC 5.4.1),cpp,Wrong Answer,115,21120,1651,
s174965475,p02936,u186089447,1569007868,C++,C++14 (GCC 5.4.1),cpp,Wrong Answer,129,21120,1654,
s481745312,p02936,u186089447,1569007814,C++,C++14 (GCC 5.4.1),cpp,Wrong Answer,116,20352,1654,
s642813969,p02936,u946090308,1568993204,C++,C++14 (GCC 5.4.1),cpp,Accepted,127,27392,1027,
s979467373,p02936,u726501606,1568988868,C++,C++14 (GCC 5.4.1),cpp,Accepted,296,16500,1767,
s204261389,p02936,u726501606,1568987632,C++,C++14 (GCC 5.4.1),cpp,Time Limit Exceeded,2104,15744,1909,
s729859740,p02936,u945949346,1568987410,Haskell,Haskell (GHC 7.10.3),hs,Wrong Answer,1387,193532,1358,
s280162762,p02936,u476435125,1568986009,Python,PyPy3 (2.4.0),py,Accepted,1982,106276,864,
s006647384,p02936,u312473205,1568967418,C#,C# (Mono 4.6.2.0),cs,Accepted,554,76400,12028,
s166931557,p02936,u312473205,1568966155,C#,C# (Mono 4.6.2.0),cs,Wrong Answer,527,80368,11894,
s979230320,p02936,u312473205,1568965962,C#,C# (Mono 4.6.2.0),cs,Wrong Answer,556,76276,11810,
s720519880,p02936,u312473205,1568965894,C#,C# (Mono 4.6.2.0),cs,Wrong Answer,533,72212,11809,
s540474258,p02936,u661308718,1568960501,C++,C++14 (GCC 5.4.1),cpp,Wrong Answer,2104,23296,618,
s605820547,p02936,u501724534,1568955941,Python,Python (3.4.3),py,Accepted,1863,56160,895,
s046415201,p02936,u501724534,1568955426,C++,C++14 (GCC 5.4.1),cpp,Wrong Answer,307,14848,1143,
s608376699,p02936,u501724534,1568955400,C++,C++ (GCC 5.4.1),cpp,Compile Error,,,1143,
s103031071,p02936,u501724534,1568955372,Python,Python (3.4.3),py,Runtime Error,17,2940,1143,
s790031330,p02936,u501724534,1568955217,Python,Python (3.4.3),py,Wrong Answer,2109,87004,938,
s827382584,p02936,u476435125,1568953730,Python,Python (3.4.3),py,Accepted,1922,53604,750,
s534454328,p02936,u476435125,1568953440,Python,Python (3.4.3),py,Accepted,1944,52972,668,
s475571642,p02936,u476435125,1568952316,Python,Python (3.4.3),py,Accepted,1955,52624,642,
s263022695,p02936,u598273654,1568950180,C++,C++14 (GCC 5.4.1),cpp,Wrong Answer,2104,14848,657,
s737123473,p02936,u391667116,1568949965,C,C (GCC 5.4.1),c,Wrong Answer,93,3712,1257,
s704232231,p02936,u598273654,1568949508,C++,C++14 (GCC 5.4.1),cpp,Wrong Answer,2104,13952,682,
s454963534,p02936,u391667116,1568948998,C,C (GCC 5.4.1),c,Wrong Answer,93,2816,1258,
s154551292,p02936,u391667116,1568948902,C,C (GCC 5.4.1),c,Compile Error,,,1258,
s959408976,p02936,u391667116,1568947521,C,C (GCC 5.4.1),c,Wrong Answer,92,3712,1155,
s248644672,p02936,u076917070,1568946820,Python,Python (3.4.3),py,Accepted,944,102448,764,
s903136463,p02936,u247407965,1568945447,C++,C++14 (GCC 5.4.1),cpp,Accepted,308,16372,1426,
s477995368,p02936,u247407965,1568945173,C++,C++14 (GCC 5.4.1),cpp,Wrong Answer,286,14080,1143,
s814495297,p02936,u076917070,1568944302,Python,Python (3.4.3),py,Accepted,1148,102472,613,
s680511846,p02936,u798818115,1568943718,Python,Python (3.4.3),py,Wrong Answer,1520,236860,455,
s491313975,p02936,u798818115,1568943642,Python,Python (3.4.3),py,Wrong Answer,1565,236928,441,
s641047735,p02936,u798818115,1568943602,Python,Python (3.4.3),py,Runtime Error,853,48596,442,
s854052234,p02936,u798818115,1568943450,Python,PyPy3 (2.4.0),py,Runtime Error,801,122572,410,
s211684694,p02936,u798818115,1568943347,Python,PyPy3 (2.4.0),py,Wrong Answer,2126,378104,416,
s392324876,p02936,u798818115,1568943267,Python,Python (3.4.3),py,Wrong Answer,2119,236928,416,
s101656280,p02936,u245414044,1568942148,C++,C++14 (GCC 5.4.1),cpp,Accepted,370,23552,627,
s483557183,p02936,u076917070,1568942108,Python,Python (3.4.3),py,Accepted,1188,91832,594,
s846455912,p02936,u245414044,1568942067,C++,C++14 (GCC 5.4.1),cpp,Wrong Answer,364,23552,636,
s947517692,p02936,u076917070,1568941884,Python,Python (3.4.3),py,Accepted,1202,93948,639,
s940536617,p02936,u798818115,1568941200,Python,Python (3.4.3),py,Wrong Answer,2162,859312,460,
s227374396,p02936,u798818115,1568940675,Python,Python (3.4.3),py,Wrong Answer,13230,1215408,385,
s152405059,p02936,u798818115,1568940535,Python,Python (3.4.3),py,Wrong Answer,2206,1706160,422,
s489625995,p02936,u945949346,1568940076,Haskell,Haskell (GHC 7.10.3),hs,Wrong Answer,1416,196348,1359,
s496295770,p02936,u798818115,1568939883,Python,Python (3.4.3),py,Wrong Answer,2152,781228,362,
s417818042,p02936,u945949346,1568939491,Haskell,Haskell (GHC 7.10.3),hs,Wrong Answer,1466,196860,1255,
s749776044,p02936,u076917070,1568939367,Python,Python (3.4.3),py,Time Limit Exceeded,2107,88160,1260,
s761924007,p02936,u146240825,1568937463,C++,C++14 (GCC 5.4.1),cpp,Wrong Answer,282,25856,503,
s442837040,p02936,u146240825,1568937368,C++,C++14 (GCC 5.4.1),cpp,Wrong Answer,350,24320,469,
s176188517,p02936,u170650966,1568930472,C++,C++14 (GCC 5.4.1),cpp,Accepted,370,23552,1338,
s232661218,p02936,u707498674,1568923154,C++,C++14 (GCC 5.4.1),cpp,Accepted,660,23680,673,
s080287991,p02936,u873538240,1568918900,C++,C++14 (GCC 5.4.1),cpp,Runtime Error,3152,1780,1563,
s485394209,p02936,u873538240,1568918032,C++,C++14 (GCC 5.4.1),cpp,Runtime Error,2788,1908,1294,
s052770497,p02936,u809476955,1568914424,C++,C++14 (GCC 5.4.1),cpp,Accepted,102,16384,648,
s778354139,p02936,u326152409,1568909066,C++,C++14 (GCC 5.4.1),cpp,Accepted,665,23424,659,
s264420499,p02936,u360309211,1568902128,C++,C++14 (GCC 5.4.1),cpp,Accepted,80,20864,13069,
s350375590,p02936,u917872021,1568897015,Python,PyPy3 (2.4.0),py,Time Limit Exceeded,2106,49528,1127,
s788820320,p02936,u917872021,1568896290,Python,Python (3.4.3),py,Time Limit Exceeded,2108,99956,1127,
s453755947,p02936,u893063840,1568895083,Python,Python (3.4.3),py,Accepted,1873,301636,579,
s090879495,p02936,u893063840,1568894932,Python,Python (3.4.3),py,Time Limit Exceeded,2122,300640,552,
s564944447,p02936,u893063840,1568894808,Python,Python (3.4.3),py,Runtime Error,2058,129764,508,
s664634285,p02936,u215268883,1568873941,C++,C++14 (GCC 5.4.1),cpp,Accepted,364,23424,736,
s196659058,p02936,u666957185,1568872236,Haskell,Haskell (GHC 7.10.3),hs,Accepted,681,152444,2051,
s553283319,p02936,u666957185,1568871994,Haskell,Haskell (GHC 7.10.3),hs,Accepted,933,167676,1950,
s195719766,p02936,u666957185,1568871769,Haskell,Haskell (GHC 7.10.3),hs,Accepted,993,180476,2068,
s690527924,p02936,u047668580,1568869037,Rust,Rust (1.15.1),rs,Accepted,207,41468,1749,
s743992949,p02936,u047668580,1568868117,Rust,Rust (1.15.1),rs,Wrong Answer,202,39420,1488,
s358240563,p02936,u098012509,1568868017,Python,PyPy3 (2.4.0),py,Accepted,846,129572,555,
s982580945,p02936,u098012509,1568868007,Python,Python (3.4.3),py,Accepted,1144,74912,555,
s131510318,p02936,u098012509,1568867929,Python,PyPy3 (2.4.0),py,Time Limit Exceeded,2115,142968,547,
s792088857,p02936,u098012509,1568867906,Python,Python (3.4.3),py,Time Limit Exceeded,2106,48892,547,
s257103008,p02936,u098012509,1568867677,Python,Python (3.4.3),py,Time Limit Exceeded,2106,48420,518,
s070184575,p02936,u098012509,1568867563,Python,PyPy3 (2.4.0),py,Time Limit Exceeded,2112,91852,561,
s067271585,p02936,u098012509,1568867511,Python,Python (3.4.3),py,Time Limit Exceeded,2108,70696,561,
s612526508,p02936,u098012509,1568866877,Python,Python (3.4.3),py,Wrong Answer,2108,74976,819,
s526312842,p02936,u601444374,1568866686,C++,C++14 (GCC 5.4.1),cpp,Accepted,205,33792,1131,
s512631957,p02936,u598229387,1568864743,Python,Python (3.4.3),py,Wrong Answer,2086,113028,414,
s565910314,p02936,u098012509,1568864575,Python,Python (3.4.3),py,Wrong Answer,927,49500,488,
s336995187,p02936,u945949346,1568863101,Haskell,Haskell (GHC 7.10.3),hs,Wrong Answer,2131,454012,1153,
s429525297,p02936,u098012509,1568863094,Python,Python (3.4.3),py,Wrong Answer,936,49448,426,
s714068984,p02936,u562319622,1568861103,C++,C++14 (GCC 5.4.1),cpp,Accepted,148,26624,780,
s084609192,p02936,u562319622,1568861072,C++,C++14 (GCC 5.4.1),cpp,Wrong Answer,137,26624,779,
s870620805,p02936,u945949346,1568860101,Haskell,Haskell (GHC 7.10.3),hs,Wrong Answer,2127,396668,1059,
s243490385,p02936,u945949346,1568859968,Haskell,Haskell (GHC 7.10.3),hs,Wrong Answer,2133,409084,1053,
s202310404,p02936,u098012509,1568858029,Python,Python (3.4.3),py,Wrong Answer,860,47820,503,
s936338395,p02936,u489186465,1568855568,Python,PyPy3 (2.4.0),py,Wrong Answer,1701,63776,661,
s592341241,p02936,u489186465,1568855412,Python,PyPy3 (2.4.0),py,Accepted,1788,105472,462,
s888042537,p02936,u489186465,1568854920,Python,PyPy3 (2.4.0),py,Time Limit Exceeded,2108,105472,470,
s177692962,p02936,u528523331,1568853165,C++,C++14 (GCC 5.4.1),cpp,Accepted,309,20352,1032,
s399327945,p02936,u489186465,1568852117,Python,PyPy3 (2.4.0),py,Wrong Answer,1632,65568,656,
s416789188,p02936,u489186465,1568849021,Python,PyPy3 (2.4.0),py,Wrong Answer,1673,64600,248,
s319142970,p02936,u489186465,1568848889,Python,PyPy3 (2.4.0),py,Wrong Answer,1736,63776,296,
s610673173,p02936,u489186465,1568848605,Python,PyPy3 (2.4.0),py,Wrong Answer,1744,108748,295,
s723278607,p02936,u362400786,1568847442,C++,C++14 (GCC 5.4.1),cpp,Accepted,323,31480,1435,
s042361495,p02936,u489186465,1568846909,Python,PyPy3 (2.4.0),py,Wrong Answer,2108,74584,355,
s825462369,p02936,u185037583,1568838596,C++,C++14 (GCC 5.4.1),cpp,Accepted,376,23552,699,
s745668128,p02936,u507188501,1568837690,C++,C++14 (GCC 5.4.1),cpp,Accepted,607,16376,1052,
s012698162,p02936,u122874387,1568824022,C++,C++14 (GCC 5.4.1),cpp,Wrong Answer,314,6144,451,
s523111580,p02936,u118642796,1568813124,Python,PyPy3 (2.4.0),py,Accepted,816,134264,726,
s124302432,p02936,u118642796,1568812719,Python,PyPy3 (2.4.0),py,Accepted,899,133060,1063,
s737706712,p02936,u118642796,1568812422,Python,PyPy3 (2.4.0),py,Runtime Error,174,38256,1062,
s479606442,p02936,u076917070,1568809888,Python,Python (3.4.3),py,Wrong Answer,1317,70588,410,
s315814260,p02936,u076917070,1568809709,Python,Python (3.4.3),py,Wrong Answer,1313,72572,410,
s791537019,p02936,u076917070,1568808760,Python,Python (3.4.3),py,Wrong Answer,1284,71220,396,
s924692436,p02936,u118642796,1568806327,Python,PyPy3 (2.4.0),py,Time Limit Exceeded,2112,137136,1234,
s142192499,p02936,u118642796,1568805842,Python,PyPy3 (2.4.0),py,Time Limit Exceeded,2112,139240,1276,
s309555522,p02936,u669551866,1568790796,C++,C++14 (GCC 5.4.1),cpp,Accepted,140,25856,11287,
s931763584,p02936,u669551866,1568790710,C++,C++14 (GCC 5.4.1),cpp,Wrong Answer,129,25856,11287,
s523875285,p02936,u933895652,1568788471,C++,C++14 (GCC 5.4.1),cpp,Accepted,305,26624,943,
s235896100,p02936,u707498674,1568788183,C++,C++14 (GCC 5.4.1),cpp,Accepted,444,49280,1119,
s117119780,p02936,u933895652,1568787571,C++,C++14 (GCC 5.4.1),cpp,Wrong Answer,281,23424,885,
s472035311,p02936,u933895652,1568787445,C++,C++14 (GCC 5.4.1),cpp,Wrong Answer,2104,23424,875,
s161846144,p02936,u707498674,1568785050,Python,Python (3.4.3),py,Time Limit Exceeded,2119,246504,716,
s099352206,p02936,u707498674,1568784708,Python,Python (3.4.3),py,Time Limit Exceeded,2119,255084,673,
s249528012,p02936,u707498674,1568784595,Python,Python (3.4.3),py,Runtime Error,1985,101340,630,
s473657588,p02936,u098012509,1568784564,Python,PyPy3 (2.4.0),py,Wrong Answer,2134,792516,683,
s402980853,p02936,u098012509,1568784352,Python,PyPy3 (2.4.0),py,Wrong Answer,2134,792552,594,
s275381844,p02936,u098012509,1568784127,Python,Python (3.4.3),py,Wrong Answer,2111,150304,594,
s898142547,p02936,u098012509,1568783990,Python,Python (3.4.3),py,Wrong Answer,2111,143904,556,
s905894660,p02936,u970197315,1568783688,Python,Python (3.4.3),py,Accepted,1716,56084,477,
s551062578,p02936,u098012509,1568780925,Python,Python (3.4.3),py,Wrong Answer,2108,100976,482,
s661600691,p02936,u868702169,1568779675,C++,C++14 (GCC 5.4.1),cpp,Accepted,146,29696,1135,
s239910024,p02936,u729707098,1568770061,Python,Python (3.4.3),py,Accepted,1932,66952,457,
s219240804,p02936,u679014636,1568767323,C++,C++14 (GCC 5.4.1),cpp,Wrong Answer,2104,6644,1227,
s101383636,p02936,u026620445,1568764768,C++,C++14 (GCC 5.4.1),cpp,Accepted,130,29312,912,
s761236687,p02936,u026620445,1568764664,C++,C++14 (GCC 5.4.1),cpp,Runtime Error,101,4224,912,
s806643506,p02936,u073852194,1568763988,Python,Python (3.4.3),py,Wrong Answer,1964,113612,373,
s045054047,p02936,u679014636,1568759219,C++,C++14 (GCC 5.4.1),cpp,Wrong Answer,253,6912,680,
s029139572,p02936,u684120680,1568734720,Python,PyPy3 (2.4.0),py,Accepted,1952,119244,565,
s673836763,p02936,u741397536,1568726909,Python,Python (3.4.3),py,Accepted,1663,265280,645,
s517776968,p02936,u741397536,1568726759,Python,Python (3.4.3),py,Runtime Error,17,2940,554,
s509619709,p02936,u741397536,1568726747,Python,PyPy3 (2.4.0),py,Runtime Error,178,38256,554,
s482233642,p02936,u882370611,1568704057,Python,Python (3.4.3),py,Accepted,1739,63156,774,
s883534515,p02936,u684120680,1568703931,Python,Python (3.4.3),py,Accepted,990,92908,623,
s281017928,p02936,u038326140,1568703703,C++,C++14 (GCC 5.4.1),cpp,Accepted,666,23424,659,
s848130262,p02936,u684120680,1568703517,Python,Python (3.4.3),py,Accepted,1103,92156,627,
s230172850,p02936,u684120680,1568703188,Python,Python (3.4.3),py,Accepted,1978,123180,654,
s148951005,p02936,u684120680,1568703001,Python,Python (3.4.3),py,Accepted,943,92900,878,
s032822851,p02936,u684120680,1568702954,Python,Python (3.4.3),py,Wrong Answer,1187,92900,897,
s903458844,p02936,u038326140,1568702662,C++,C++14 (GCC 5.4.1),cpp,Wrong Answer,622,11008,721,
s115969748,p02936,u038326140,1568701833,C++,C++14 (GCC 5.4.1),cpp,Wrong Answer,637,23424,577,
s198628765,p02936,u038326140,1568701215,C++,C++14 (GCC 5.4.1),cpp,Wrong Answer,2104,18176,541,
s222646411,p02936,u684120680,1568698374,Python,Python (3.4.3),py,Accepted,1804,65272,565,
s900829545,p02936,u684120680,1568698076,Python,Python (3.4.3),py,Time Limit Exceeded,2107,63916,655,
s487433067,p02936,u684120680,1568697733,Python,Python (3.4.3),py,Time Limit Exceeded,2107,62900,608,
s543260875,p02936,u684120680,1568696845,Python,Python (3.4.3),py,Time Limit Exceeded,2124,316792,637,
s141700278,p02936,u684120680,1568696788,Python,Python (3.4.3),py,Runtime Error,2108,110496,595,
s659143451,p02936,u684120680,1568694654,Python,Python (3.4.3),py,Runtime Error,1937,117356,585,
s495471529,p02936,u684120680,1568694542,Python,Python (3.4.3),py,Wrong Answer,1938,117276,575,
s934686963,p02936,u501724534,1568694030,Python,Python (3.4.3),py,Wrong Answer,2109,91976,953,
s890999920,p02936,u684120680,1568694019,Python,Python (3.4.3),py,Wrong Answer,1999,118304,556,
s951383561,p02936,u684120680,1568692439,Python,Python (3.4.3),py,Runtime Error,2110,111068,545,
s732488087,p02936,u786793781,1568690188,Python,Python (3.4.3),py,Accepted,1841,60384,1050,
s238130517,p02936,u786793781,1568689911,Python,Python (3.4.3),py,Wrong Answer,1817,59496,1049,
s782686175,p02936,u666683460,1568688320,C++,C++14 (GCC 5.4.1),cpp,Accepted,597,26624,2037,
s256889998,p02936,u442030035,1568683528,C++,C++14 (GCC 5.4.1),cpp,Runtime Error,430,21120,2864,
s697845977,p02936,u694859623,1568682356,C++,C++14 (GCC 5.4.1),cpp,Accepted,302,17908,1086,
s270348858,p02936,u694859623,1568681404,C++,C++14 (GCC 5.4.1),cpp,Wrong Answer,344,24064,882,
s498781930,p02936,u694859623,1568681274,C++,C++14 (GCC 5.4.1),cpp,Wrong Answer,320,25728,891,
s560026428,p02936,u694859623,1568681078,C++,C++14 (GCC 5.4.1),cpp,Wrong Answer,313,23296,881,
s813177723,p02936,u683134447,1568681002,C++,C++14 (GCC 5.4.1),cpp,Wrong Answer,2233,1746904,1324,
s042531060,p02936,u694859623,1568680990,C++,C++14 (GCC 5.4.1),cpp,Wrong Answer,1289,28928,1019,
s946691998,p02936,u683134447,1568680888,C++,C++14 (GCC 5.4.1),cpp,Wrong Answer,2236,1791804,1324,
s431029815,p02936,u309758014,1568679554,C++,C++14 (GCC 5.4.1),cpp,Wrong Answer,314,6144,363,
s310314131,p02936,u309758014,1568679456,C++,C++14 (GCC 5.4.1),cpp,Runtime Error,315,6144,364,
s772293848,p02936,u942160358,1568676839,C++,C++14 (GCC 5.4.1),cpp,Accepted,328,26624,770,
s279712541,p02936,u632094970,1568673879,C#,C# (Mono 4.6.2.0),cs,Accepted,635,83600,1624,
s663902707,p02936,u071730284,1568670871,C++,C++14 (GCC 5.4.1),cpp,Accepted,152,35768,40692,
s225787031,p02936,u632094970,1568670768,C#,C# (Mono 4.6.2.0),cs,Runtime Error,631,83232,1663,
s688445777,p02936,u632094970,1568670539,C#,C# (Mono 4.6.2.0),cs,Runtime Error,727,42892,1774,
s952509551,p02936,u008408098,1568670513,C++,C++14 (GCC 5.4.1),cpp,Accepted,382,23552,2535,
s879297882,p02936,u188117876,1568670216,C++,C++14 (GCC 5.4.1),cpp,Accepted,318,23552,781,
s359453627,p02936,u632094970,1568669173,C#,C# (Mono 4.6.2.0),cs,Runtime Error,601,87324,1706,
s592587396,p02936,u632094970,1568669050,C#,C# (Mono 4.6.2.0),cs,Runtime Error,2112,73672,1753,
s651133455,p02936,u008408098,1568668315,C++,C++14 (GCC 5.4.1),cpp,Wrong Answer,270,13952,2305,
s039243869,p02936,u632094970,1568668192,C#,C# (Mono 4.6.2.0),cs,Runtime Error,2108,30716,1345,
s365589551,p02936,u008408098,1568668095,C++,C++14 (GCC 5.4.1),cpp,Wrong Answer,282,13056,2299,
s136344213,p02936,u585670083,1568666871,C++,C++14 (GCC 5.4.1),cpp,Accepted,442,23552,2092,
s030559670,p02936,u811978802,1568666514,C++,C++14 (GCC 5.4.1),cpp,Accepted,371,20608,724,
s306936861,p02936,u585670083,1568666186,C++,C++14 (GCC 5.4.1),cpp,Wrong Answer,339,20352,1954,
s056812948,p02936,u570124150,1568664604,C++,C++14 (GCC 5.4.1),cpp,Wrong Answer,281,7040,723,
s137349769,p02936,u632094970,1568662587,C#,C# (Mono 4.6.2.0),cs,Wrong Answer,570,56096,1138,
s063393124,p02936,u654115433,1568661538,C++,C++14 (GCC 5.4.1),cpp,Accepted,325,27392,948,
s798782612,p02936,u988916215,1568660802,Python,PyPy3 (2.4.0),py,Runtime Error,1887,131600,690,
s621785590,p02936,u632094970,1568660052,C#,C# (Mono 4.6.2.0),cs,Runtime Error,525,38968,799,
s856499752,p02936,u988916215,1568659204,Python,PyPy3 (2.4.0),py,Runtime Error,1967,101196,668,
s402849242,p02936,u488352661,1568653991,C++,C++14 (GCC 5.4.1),cpp,Wrong Answer,276,21120,732,
s458730476,p02936,u488352661,1568653169,C++,C++14 (GCC 5.4.1),cpp,Wrong Answer,260,11008,647,
s185396721,p02936,u488352661,1568653074,C++,C++14 (GCC 5.4.1),cpp,Wrong Answer,252,7040,649,
s910592287,p02936,u452284656,1568651356,C++,C++14 (GCC 5.4.1),cpp,Accepted,139,23680,700,
s433875101,p02936,u892687772,1568647334,C++,C++14 (GCC 5.4.1),cpp,Accepted,359,23424,1070,
s029195546,p02936,u892687772,1568647319,Python,Python (3.4.3),py,Runtime Error,17,2940,1070,
s073304337,p02936,u800720322,1568635038,C++,C++14 (GCC 5.4.1),cpp,Wrong Answer,436,21120,824,
s164885658,p02936,u798818115,1568634909,Python,Python (3.4.3),py,Wrong Answer,2156,841008,355,
s001251220,p02936,u519336948,1568627027,C++,C++14 (GCC 5.4.1),cpp,Wrong Answer,281,24064,1138,
s883872158,p02936,u519336948,1568626927,C++,C++14 (GCC 5.4.1),cpp,Accepted,314,24064,1135,
s958835967,p02936,u518042385,1568621474,Python,Python (3.4.3),py,Runtime Error,2106,39160,388,
s888493725,p02936,u518042385,1568621097,Python,Python (3.4.3),py,Runtime Error,2106,39192,406,
s318881356,p02936,u423624748,1568614521,C++,C++14 (GCC 5.4.1),cpp,Accepted,309,25856,889,
s525362397,p02936,u203033720,1568613269,C++,C++14 (GCC 5.4.1),cpp,Accepted,382,23552,719,
s385970699,p02936,u454087021,1568612681,C++,C++14 (GCC 5.4.1),cpp,Accepted,310,24320,624,
s389387464,p02936,u309758014,1568610415,C++,C++14 (GCC 5.4.1),cpp,Wrong Answer,319,6144,365,
s954102692,p02936,u309758014,1568610350,C++,C++14 (GCC 5.4.1),cpp,Wrong Answer,962,8704,470,
s343686191,p02936,u526395606,1568609558,Python,Python (3.4.3),py,Wrong Answer,1220,85920,1028,
s495018743,p02936,u309758014,1568607403,C++,C++14 (GCC 5.4.1),cpp,Runtime Error,924,6528,411,
s988105534,p02936,u786793781,1568604987,Python,PyPy3 (2.4.0),py,Accepted,1901,110080,637,
s075273543,p02936,u876784108,1568604638,C++,C++14 (GCC 5.4.1),cpp,Wrong Answer,963,24960,1043,
s140495848,p02936,u876784108,1568604566,C++,C++14 (GCC 5.4.1),cpp,Accepted,321,30464,1038,
s302985944,p02936,u876784108,1568604375,C++,C++14 (GCC 5.4.1),cpp,Wrong Answer,287,30464,1004,
s394027699,p02936,u798818115,1568603996,Python,Python (3.4.3),py,Wrong Answer,2178,1245352,349,
s626133142,p02936,u786793781,1568603825,Python,PyPy3 (2.4.0),py,Runtime Error,2110,132176,921,
s571035842,p02936,u786793781,1568603737,Python,PyPy3 (2.4.0),py,Runtime Error,173,40688,921,
s624666530,p02936,u876784108,1568602829,C++,C++14 (GCC 5.4.1),cpp,Wrong Answer,288,21120,782,
s494192542,p02936,u026620445,1568602117,C++,C++14 (GCC 5.4.1),cpp,Wrong Answer,339,15616,763,
s184576988,p02936,u825429292,1568599194,C++,C++14 (GCC 5.4.1),cpp,Accepted,208,24192,3174,
s047334083,p02936,u798818115,1568595478,Python,Python (3.4.3),py,Runtime Error,2163,913456,447,
s915967107,p02936,u476674388,1568594730,Python,Python (3.4.3),py,Runtime Error,2107,85780,1321,
s316791393,p02936,u876784108,1568593183,C++,C++14 (GCC 5.4.1),cpp,Wrong Answer,288,21120,783,
s885585475,p02936,u195257137,1568590251,Ruby,Ruby (2.3.3),rb,Accepted,881,27388,472,
s702210315,p02936,u679014636,1568588815,C++,C++14 (GCC 5.4.1),cpp,Wrong Answer,2104,6644,1308,
s004786135,p02936,u181806820,1568588773,C++,C++14 (GCC 5.4.1),cpp,Runtime Error,518,274304,6291,
s441465598,p02936,u679014636,1568588519,C++,C++14 (GCC 5.4.1),cpp,Wrong Answer,2104,6644,1224,
s244035041,p02936,u181806820,1568588180,C++,C++14 (GCC 5.4.1),cpp,Wrong Answer,279,21760,6211,
s933276304,p02936,u455366471,1568588137,Ruby,Ruby (2.3.3),rb,Runtime Error,813,29564,481,
s596463480,p02936,u455366471,1568587975,Ruby,Ruby (2.3.3),rb,Runtime Error,705,22140,472,
s260851454,p02936,u455366471,1568587873,Ruby,Ruby (2.3.3),rb,Runtime Error,659,22140,469,
s454114033,p02936,u134238756,1568587331,Python,Python (2.7.6),py,Accepted,1218,70184,588,
s760716342,p02936,u455366471,1568587253,Ruby,Ruby (2.3.3),rb,Accepted,1054,38908,624,
s581706633,p02936,u865741247,1568587102,Python,PyPy3 (2.4.0),py,Accepted,1834,129528,768,
s571663915,p02936,u679014636,1568587041,C++,C++14 (GCC 5.4.1),cpp,Wrong Answer,2107,6648,1531,
s193333778,p02936,u195257137,1568586215,Ruby,Ruby (2.3.3),rb,Wrong Answer,2109,22044,377,
s905152824,p02936,u746849686,1568585613,C++,C++14 (GCC 5.4.1),cpp,Accepted,115,25984,5211,
s806137111,p02936,u728498511,1568585463,Python,Python (3.4.3),py,Wrong Answer,1153,44796,356,
s650844892,p02936,u280114218,1568585186,C++,C++14 (GCC 5.4.1),cpp,Accepted,597,30592,1012,
s732227120,p02936,u986437843,1568584414,C++,C++14 (GCC 5.4.1),cpp,Accepted,265,91396,139330,
s133477643,p02936,u987591601,1568582276,C++,C++14 (GCC 5.4.1),cpp,Accepted,358,23552,810,
s170240048,p02936,u913232477,1568582261,C++,C++14 (GCC 5.4.1),cpp,Wrong Answer,115,14080,3090,
s868321905,p02936,u913232477,1568581815,C++,C++14 (GCC 5.4.1),cpp,Wrong Answer,113,14080,3217,
s582844607,p02936,u987591601,1568581643,C++,C++14 (GCC 5.4.1),cpp,Wrong Answer,353,20352,644,
s522953645,p02936,u594244257,1568580849,Python,Python (3.4.3),py,Time Limit Exceeded,2107,66848,768,
s467990046,p02936,u594244257,1568580296,Python,Python (3.4.3),py,Wrong Answer,2106,58952,493,
s181512843,p02936,u899866702,1568574977,Python,Python (3.4.3),py,Wrong Answer,1788,47916,682,
s052410478,p02936,u596430580,1568574826,C,C (GCC 5.4.1),c,Accepted,740,817664,1100,
s773411252,p02936,u476435125,1568570043,Python,Python (3.4.3),py,Time Limit Exceeded,2107,52616,916,
s233885644,p02936,u476435125,1568569842,Python,Python (3.4.3),py,Time Limit Exceeded,2107,52676,950,
s899531189,p02936,u342051078,1568568668,C++,C++14 (GCC 5.4.1),cpp,Accepted,330,30464,2123,
s316529596,p02936,u917282863,1568567305,C++,C++14 (GCC 5.4.1),cpp,Accepted,589,29696,965,
s021112250,p02936,u594244257,1568562038,Python,Python (3.4.3),py,Wrong Answer,2106,58928,638,
s359422413,p02936,u378752007,1568559787,C#,C# (Mono 4.6.2.0),cs,Accepted,724,59068,2235,
s659520676,p02936,u378752007,1568559763,C#,C# (Mono 4.6.2.0),cs,Accepted,746,59952,2235,
s838415531,p02936,u378752007,1568559396,C#,C# (Mono 4.6.2.0),cs,Compile Error,,,2234,
s415080195,p02936,u564902833,1568558385,Rust,Rust (1.15.1),rs,Accepted,326,152028,2113,
s556853574,p02936,u225581241,1568558359,C++,C++14 (GCC 5.4.1),cpp,Accepted,385,23552,807,
s928850407,p02936,u798818115,1568557642,Python,PyPy3 (2.4.0),py,Wrong Answer,2331,42100,357,
s831483832,p02936,u195257137,1568556877,Ruby,Ruby (2.3.3),rb,Wrong Answer,747,21756,267,
s864730304,p02936,u083910207,1568556851,C++,C++14 (GCC 5.4.1),cpp,Wrong Answer,289,21120,939,
s056032229,p02936,u195257137,1568556803,Ruby,Ruby (2.3.3),rb,Wrong Answer,749,23676,263,
s762802175,p02936,u195257137,1568556668,Ruby,Ruby (2.3.3),rb,Wrong Answer,682,22140,254,
s593837776,p02936,u195257137,1568556135,Ruby,Ruby (2.3.3),rb,Wrong Answer,1853,29436,261,
s359458895,p02936,u120564432,1568550162,C++,C++14 (GCC 5.4.1),cpp,Accepted,432,24320,1300,
s964774773,p02936,u798818115,1568549699,Python,Python (3.4.3),py,Wrong Answer,2244,3064,357,
s609092974,p02936,u472926449,1568530282,D,D (DMD64 v2.070.1),d,Accepted,601,46460,755,
s598093935,p02936,u472926449,1568529725,D,D (DMD64 v2.070.1),d,Wrong Answer,565,37884,768,
s167163292,p02936,u472926449,1568528970,D,D (DMD64 v2.070.1),d,Wrong Answer,558,37628,666,
s991816794,p02936,u636235110,1568527205,C++,C++14 (GCC 5.4.1),cpp,Accepted,444,24320,1300,
s118094844,p02936,u472926449,1568526762,D,D (DMD64 v2.070.1),d,Wrong Answer,559,39804,790,
s077651815,p02936,u472926449,1568526394,D,D (DMD64 v2.070.1),d,Wrong Answer,565,39164,762,
s312913386,p02936,u636235110,1568526069,C++,C++14 (GCC 5.4.1),cpp,Wrong Answer,98,8704,1229,
s358314304,p02936,u636235110,1568525872,C++,C++14 (GCC 5.4.1),cpp,Wrong Answer,98,8704,1246,
s283359824,p02936,u472926449,1568525691,D,D (DMD64 v2.070.1),d,Wrong Answer,2104,39036,686,
s944994202,p02936,u378752007,1568519611,C#,C# (Mono 4.6.2.0),cs,Wrong Answer,2115,67084,2148,
s630847689,p02936,u378752007,1568519475,C#,C# (Mono 4.6.2.0),cs,Wrong Answer,1069,27880,1695,
s799858871,p02936,u378752007,1568519141,C#,C# (Mono 4.6.2.0),cs,Time Limit Exceeded,2114,67628,1972,
s825837003,p02936,u378752007,1568518851,C#,C# (Mono 4.6.2.0),cs,Time Limit Exceeded,2114,67636,2099,
s833149943,p02936,u378752007,1568518231,C#,C# (Mono 4.6.2.0),cs,Wrong Answer,1066,28904,1840,
s605749474,p02936,u378752007,1568518140,C#,C# (Mono 4.6.2.0),cs,Wrong Answer,1042,28124,1840,
s687049100,p02936,u378752007,1568517886,C#,C# (Mono 4.6.2.0),cs,Wrong Answer,1046,28252,1508,
s609759025,p02936,u476604182,1568517849,Python,PyPy3 (2.4.0),py,Accepted,1934,121600,458,
s716129313,p02936,u476604182,1568517803,Python,PyPy3 (2.4.0),py,Accepted,1881,101376,422,
s707061697,p02936,u476604182,1568517746,Python,PyPy3 (2.4.0),py,Accepted,1868,118372,450,
s068544454,p02936,u378752007,1568517383,C#,C# (Mono 4.6.2.0),cs,Wrong Answer,439,26992,1435,
s186065091,p02936,u378752007,1568517187,C#,C# (Mono 4.6.2.0),cs,Wrong Answer,2110,44924,1639,
s845070520,p02936,u378752007,1568516789,C#,C# (Mono 4.6.2.0),cs,Wrong Answer,2115,68668,1778,
s708337523,p02936,u378752007,1568516526,C#,C# (Mono 4.6.2.0),cs,Wrong Answer,2114,67628,2149,
s536947006,p02936,u167604613,1568516173,C++,C++14 (GCC 5.4.1),cpp,Accepted,583,16244,885,
s811137347,p02936,u840810569,1568515604,C++,C++14 (GCC 5.4.1),cpp,Accepted,385,23552,746,
s838328620,p02936,u378752007,1568514689,C#,C# (Mono 4.6.2.0),cs,Wrong Answer,2114,69020,1773,
s557829513,p02936,u378752007,1568514453,C#,C# (Mono 4.6.2.0),cs,Time Limit Exceeded,2115,67636,2099,
s532148087,p02936,u689844566,1568510695,C++,C++14 (GCC 5.4.1),cpp,Accepted,654,23552,701,
s451810433,p02936,u674052481,1568509906,C++,C++14 (GCC 5.4.1),cpp,Runtime Error,3563,1908,879,
s473864723,p02936,u281840563,1568508412,C++,C++14 (GCC 5.4.1),cpp,Wrong Answer,83,3968,1206,
s226739340,p02936,u979640637,1568508064,C#,C# (Mono 4.6.2.0),cs,Runtime Error,597,52196,2013,
s623922344,p02936,u319839544,1568505035,Python,Python (3.4.3),py,Accepted,1888,111784,1515,
s400598736,p02936,u976045502,1568504892,Ruby,Ruby (2.3.3),rb,Accepted,1373,62072,900,
s753573445,p02936,u120564432,1568503652,C++,C++14 (GCC 5.4.1),cpp,Wrong Answer,366,18048,1470,
s229675873,p02936,u319839544,1568503484,Python,Python (3.4.3),py,Wrong Answer,2117,220084,1215,
s655571228,p02936,u225581241,1568502787,C++,C++14 (GCC 5.4.1),cpp,Wrong Answer,254,9984,593,
s703507100,p02936,u225581241,1568502710,C++,C++14 (GCC 5.4.1),cpp,Wrong Answer,258,6144,568,
s561681713,p02936,u976045502,1568497809,Ruby,Ruby (2.3.3),rb,Runtime Error,1293,73080,564,
s756515020,p02936,u976045502,1568497549,Ruby,Ruby (2.3.3),rb,Runtime Error,1060,69880,522,
s441363520,p02936,u976045502,1568496968,Ruby,Ruby (2.3.3),rb,Runtime Error,1105,70012,540,
s405977623,p02936,u976045502,1568496884,Ruby,Ruby (2.3.3),rb,Runtime Error,770,40828,535,
s335236988,p02936,u645369394,1568493766,C++,C++14 (GCC 5.4.1),cpp,Accepted,292,15604,816,
s066762207,p02936,u974214237,1568493062,C++,C++14 (GCC 5.4.1),cpp,Wrong Answer,316,7680,538,
s608480746,p02936,u974214237,1568493010,C++,C++14 (GCC 5.4.1),cpp,Compile Error,,,584,
s331321953,p02936,u974214237,1568492801,C++,C++14 (GCC 5.4.1),cpp,Wrong Answer,315,6912,530,
s895759907,p02936,u120564432,1568491569,C++,C++14 (GCC 5.4.1),cpp,Wrong Answer,2103,4480,944,
s263473556,p02936,u365058393,1568490328,C++,C++14 (GCC 5.4.1),cpp,Accepted,148,21120,692,
s339873987,p02936,u519336948,1568486453,C++,C++14 (GCC 5.4.1),cpp,Wrong Answer,296,27136,917,
s784769424,p02936,u596227625,1568475900,C++,C++14 (GCC 5.4.1),cpp,Wrong Answer,548,42356,2709,
s269762155,p02936,u596227625,1568475667,C++,C++14 (GCC 5.4.1),cpp,Wrong Answer,479,42356,2705,
s746636525,p02936,u749062112,1568474912,C++,C++14 (GCC 5.4.1),cpp,Accepted,101,19712,1087,
s159190195,p02936,u929569377,1568474569,Python,PyPy3 (2.4.0),py,Time Limit Exceeded,2127,363640,439,
s294828207,p02936,u929569377,1568474479,Python,Python (3.4.3),py,Time Limit Exceeded,2120,265264,439,
s063663277,p02936,u929569377,1568474447,Python,Python (3.4.3),py,Runtime Error,17,2940,440,
s788126813,p02936,u542376871,1568474404,Python,Python (3.4.3),py,Runtime Error,2106,65140,386,
s584111955,p02936,u929569377,1568474336,Python,Python (3.4.3),py,Runtime Error,1777,49228,397,
s335033782,p02936,u929569377,1568473171,C++,C++14 (GCC 5.4.1),cpp,Accepted,655,23424,564,
s778754771,p02936,u819048695,1568471905,Python,PyPy3 (2.4.0),py,Wrong Answer,2115,170580,478,
s588238977,p02936,u871980676,1568469096,Python,Python (3.4.3),py,Wrong Answer,2116,146072,794,
s141871285,p02936,u929569377,1568466491,C++,C++14 (GCC 5.4.1),cpp,Time Limit Exceeded,2104,13952,863,
s678653917,p02936,u882831132,1568452347,Python,Python (3.4.3),py,Runtime Error,2108,82864,467,
s586810071,p02936,u513844316,1568443285,Python,Python (3.4.3),py,Wrong Answer,1599,122232,296,
s840802599,p02936,u513844316,1568443043,Python,Python (3.4.3),py,Wrong Answer,1940,125424,306,
s332139198,p02936,u489172963,1568433982,C++,C++14 (GCC 5.4.1),cpp,Accepted,368,23424,1360,
s599718907,p02936,u923285281,1568432479,C++,C++14 (GCC 5.4.1),cpp,Accepted,170,23424,548,
s459041391,p02936,u923285281,1568432083,C++,C++14 (GCC 5.4.1),cpp,Accepted,174,21120,552,
s375865459,p02936,u923285281,1568431481,C++,C++14 (GCC 5.4.1),cpp,Wrong Answer,118,21120,493,
s933860699,p02936,u923285281,1568430924,C++,C++14 (GCC 5.4.1),cpp,Wrong Answer,119,20352,483,
s384025243,p02936,u898967808,1568430518,Python,Python (3.4.3),py,Wrong Answer,1821,125472,265,
s356910191,p02936,u898967808,1568430046,Python,Python (3.4.3),py,Wrong Answer,1547,122244,257,
s656200201,p02936,u905170328,1568429890,C++,C++14 (GCC 5.4.1),cpp,Wrong Answer,2104,13304,709,
s571661274,p02936,u923285281,1568429661,C++,C++14 (GCC 5.4.1),cpp,Wrong Answer,2104,18176,464,
s180240082,p02936,u898967808,1568428752,Python,Python (3.4.3),py,Runtime Error,2114,152268,356,
s014976869,p02936,u519336948,1568427765,C++,C++14 (GCC 5.4.1),cpp,Wrong Answer,2105,24448,835,
s391241719,p02936,u905170328,1568427576,C++,C++14 (GCC 5.4.1),cpp,Runtime Error,2104,6676,2264,
s634075645,p02936,u786793781,1568427178,Python,Python (3.4.3),py,Runtime Error,2110,95048,894,
s552637774,p02936,u399987025,1568422826,C++,C++14 (GCC 5.4.1),cpp,Accepted,361,21120,665,
s355735570,p02936,u399987025,1568422708,C++,C++14 (GCC 5.4.1),cpp,Wrong Answer,377,21120,665,
s701527139,p02936,u747087681,1568422708,C++,C++14 (GCC 5.4.1),cpp,Accepted,145,23552,859,
s486962183,p02936,u399987025,1568422525,C++,C++14 (GCC 5.4.1),cpp,Compile Error,,,660,
s564197755,p02936,u399987025,1568422465,C++,C++14 (GCC 5.4.1),cpp,Compile Error,,,648,
s805448953,p02936,u167523937,1568420509,Python,Python (3.4.3),py,Wrong Answer,2107,54780,760,
s795313765,p02936,u167523937,1568420477,Python,Python (3.4.3),py,Runtime Error,70,21240,762,
s636014058,p02936,u167523937,1568420286,Python,PyPy3 (2.4.0),py,Wrong Answer,2112,142008,729,
s001601584,p02936,u167523937,1568420068,Python,Python (3.4.3),py,Wrong Answer,2108,75816,729,
s677873671,p02936,u787195982,1568419286,C++,C++14 (GCC 5.4.1),cpp,Accepted,126,24448,1669,
s655440940,p02936,u167523937,1568418257,Python,Python (3.4.3),py,Runtime Error,2108,73940,759,
s518255233,p02936,u976045235,1568417859,C++,C++14 (GCC 5.4.1),cpp,Accepted,136,25600,2816,
s522573708,p02936,u196697332,1568416250,Python,Python (3.4.3),py,Accepted,1727,56188,572,
s387474561,p02936,u196697332,1568415780,Python,Python (3.4.3),py,Runtime Error,1562,64960,451,
s184962927,p02936,u196697332,1568415226,Python,Python (3.4.3),py,Runtime Error,1468,64944,419,
s102445914,p02936,u196697332,1568414951,Python,Python (3.4.3),py,Runtime Error,1549,53868,400,
s749659601,p02936,u196697332,1568414506,Python,Python (3.4.3),py,Runtime Error,1494,53968,462,
s923234848,p02936,u829737781,1568409982,C++,C++14 (GCC 5.4.1),cpp,Accepted,304,16372,947,
s231518378,p02936,u829737781,1568409454,C++,C++14 (GCC 5.4.1),cpp,Runtime Error,2548,1780,1022,
s409562248,p02936,u819048695,1568407253,Python,PyPy3 (2.4.0),py,Wrong Answer,2114,172628,426,
s252110914,p02936,u819048695,1568406597,Python,PyPy3 (2.4.0),py,Wrong Answer,2121,266196,455,
s286305663,p02936,u829737781,1568406444,C++,C++14 (GCC 5.4.1),cpp,Runtime Error,2141,1780,997,
s076496632,p02936,u770622049,1568405268,C++,C++14 (GCC 5.4.1),cpp,Accepted,435,48620,1134,
s187697703,p02936,u391422681,1568404747,C++,C++14 (GCC 5.4.1),cpp,Accepted,126,25600,994,
s415569831,p02936,u455366471,1568400483,Ruby,Ruby (2.3.3),rb,Runtime Error,2112,69116,914,
s110027080,p02936,u455366471,1568400297,Ruby,Ruby (2.3.3),rb,Runtime Error,2113,70724,1025,
s912242093,p02936,u476435125,1568399958,Python,PyPy3 (2.4.0),py,Time Limit Exceeded,2158,887676,763,
s749824424,p02936,u455366471,1568399746,Ruby,Ruby (2.3.3),rb,Runtime Error,2112,70692,970,
s026085456,p02936,u455366471,1568398927,Ruby,Ruby (2.3.3),rb,Runtime Error,2111,69152,963,
s847577116,p02936,u709142358,1568398518,C++,C++14 (GCC 5.4.1),cpp,Wrong Answer,2104,17152,778,
s167262668,p02936,u999331208,1568395971,C++,C++14 (GCC 5.4.1),cpp,Accepted,396,25600,574,
s091380056,p02936,u772311880,1568395675,Python,Python (3.4.3),py,Accepted,1699,56084,681,
s195975896,p02936,u772311880,1568395615,Python,Python (3.4.3),py,Wrong Answer,1809,56168,675,
s583047743,p02936,u999331208,1568395501,C++,C++14 (GCC 5.4.1),cpp,Wrong Answer,254,5504,397,
s090198269,p02936,u772311880,1568395483,Python,Python (3.4.3),py,Wrong Answer,1775,56160,675,
s375377399,p02936,u999331208,1568395222,C++,C++14 (GCC 5.4.1),cpp,Wrong Answer,248,5504,390,
s115144472,p02936,u999331208,1568395120,C++,C++14 (GCC 5.4.1),cpp,Wrong Answer,253,3968,361,
s357551614,p02936,u999331208,1568394770,C++,C++14 (GCC 5.4.1),cpp,Wrong Answer,247,3968,361,
s188328172,p02936,u999331208,1568394517,C++,C++14 (GCC 5.4.1),cpp,Wrong Answer,248,5504,361,
s978135954,p02936,u999331208,1568394393,C++,C++14 (GCC 5.4.1),cpp,Wrong Answer,255,3968,361,
s790901414,p02936,u999331208,1568394324,C++,C++14 (GCC 5.4.1),cpp,Runtime Error,99,1024,361,
s659841918,p02936,u437779154,1568393476,C++,C++14 (GCC 5.4.1),cpp,Wrong Answer,250,4736,454,
s026473241,p02936,u201455094,1568391088,C++,C++14 (GCC 5.4.1),cpp,Accepted,370,25088,674,
s776671956,p02936,u399987025,1568388535,C++,C++14 (GCC 5.4.1),cpp,Wrong Answer,329,4736,522,
s235806903,p02936,u394420840,1568351776,C++,C++14 (GCC 5.4.1),cpp,Wrong Answer,2104,3328,926,
s820634805,p02936,u394420840,1568350510,C++,C++14 (GCC 5.4.1),cpp,Runtime Error,2107,3328,716,
s080521282,p02936,u363768711,1568350068,Python,Python (3.4.3),py,Wrong Answer,1564,63208,319,
s414435834,p02936,u905170328,1568349986,C++,C++14 (GCC 5.4.1),cpp,Runtime Error,2104,6676,2131,
s258080751,p02936,u905170328,1568349878,C++,C++14 (GCC 5.4.1),cpp,Compile Error,,,2167,
s415968520,p02936,u905170328,1568347726,C++,C++14 (GCC 5.4.1),cpp,Runtime Error,2104,6676,1858,
s453467550,p02936,u768347697,1568345928,C++,C++14 (GCC 5.4.1),cpp,Accepted,329,15604,799,
s255824962,p02936,u768347697,1568345538,C++,C++14 (GCC 5.4.1),cpp,Runtime Error,367,15860,923,
s226135449,p02936,u316322317,1568337942,Python,PyPy3 (2.4.0),py,Accepted,1971,105036,461,
s138979687,p02936,u598229387,1568336868,Python,Python (3.4.3),py,Accepted,1282,124240,559,
s690877535,p02936,u598229387,1568336750,Python,Python (3.4.3),py,Accepted,1381,124240,589,
s882890145,p02936,u598229387,1568336686,Python,Python (3.4.3),py,Accepted,1906,124236,520,
s133408361,p02936,u209647862,1568331773,C++,C++14 (GCC 5.4.1),cpp,Accepted,343,21876,3048,
s542338651,p02936,u335590796,1568331252,C++,C++14 (GCC 5.4.1),cpp,Accepted,600,21492,794,
s798823089,p02936,u698598617,1568330141,C++,C++14 (GCC 5.4.1),cpp,Accepted,695,23552,641,
s832284335,p02936,u891635666,1568328792,Python,Python (3.4.3),py,Accepted,1127,63248,522,
s148875844,p02936,u891635666,1568328412,Python,PyPy3 (2.4.0),py,Time Limit Exceeded,2107,89164,593,
s227643665,p02936,u891635666,1568328339,Python,Python (3.4.3),py,Time Limit Exceeded,2107,55828,593,
s945880000,p02936,u891635666,1568326831,Python,Python (3.4.3),py,Time Limit Exceeded,2108,63516,568,
s543907449,p02936,u891635666,1568326484,Python,PyPy3 (2.4.0),py,Time Limit Exceeded,2111,125228,660,
s294140953,p02936,u891635666,1568326395,Python,Python (3.4.3),py,Time Limit Exceeded,2107,75020,660,
s552943349,p02936,u787259080,1568325535,C++,C++14 (GCC 5.4.1),cpp,Accepted,305,26624,708,
s376440072,p02936,u897304429,1568322949,C++,C++14 (GCC 5.4.1),cpp,Accepted,146,21376,2566,
s301571261,p02936,u897304429,1568322898,C++,C++14 (GCC 5.4.1),cpp,Runtime Error,316,2304,2566,
s089282763,p02936,u891635666,1568322450,Python,Python (3.4.3),py,Wrong Answer,1610,68056,261,
s758849099,p02936,u756604554,1568322401,Python,Python (3.4.3),py,Accepted,1846,55828,542,
s302759817,p02936,u891635666,1568321965,Python,Python (3.4.3),py,Wrong Answer,1874,72656,271,
s447247835,p02936,u601444374,1568321060,C++,C++14 (GCC 5.4.1),cpp,Wrong Answer,334,6272,663,
s825283415,p02936,u756604554,1568319112,Python,Python (3.4.3),py,Wrong Answer,1529,64264,311,
s630021558,p02936,u756604554,1568319080,Python,Python (3.4.3),py,Runtime Error,17,3060,274,
s801625371,p02936,u142878260,1568318657,C++,C++14 (GCC 5.4.1),cpp,Accepted,321,23552,5975,
s286802459,p02936,u142878260,1568318517,C++,C++14 (GCC 5.4.1),cpp,Time Limit Exceeded,2109,32768,5966,
s473565481,p02936,u756604554,1568317556,Python,Python (3.4.3),py,Wrong Answer,2105,33396,442,
s148657422,p02936,u967594789,1568315786,Python,PyPy3 (2.4.0),py,Runtime Error,179,38640,1195,
s628965554,p02936,u157322125,1568311625,C++,C++14 (GCC 5.4.1),cpp,Accepted,388,24320,700,
s031270040,p02936,u108540384,1568310586,C++,C++14 (GCC 5.4.1),cpp,Accepted,387,23424,730,
s917568667,p02936,u188117876,1568307845,C++,C++14 (GCC 5.4.1),cpp,Accepted,295,23552,809,
s796953591,p02936,u792088162,1568307260,C++,C++14 (GCC 5.4.1),cpp,Accepted,376,21120,691,
s225571043,p02936,u792088162,1568307121,C++,C++14 (GCC 5.4.1),cpp,Accepted,310,21888,727,
s789470557,p02936,u792088162,1568306865,C++,C++14 (GCC 5.4.1),cpp,Accepted,302,24320,676,
s493336111,p02936,u792088162,1568305322,C++,C++14 (GCC 5.4.1),cpp,Runtime Error,99,768,674,
s020489326,p02936,u792088162,1568305252,C++,C++14 (GCC 5.4.1),cpp,Runtime Error,99,768,663,
s026087572,p02936,u157322125,1568304799,C++,C++14 (GCC 5.4.1),cpp,Accepted,364,24320,699,
s660600363,p02936,u157322125,1568304691,C++,C++14 (GCC 5.4.1),cpp,Runtime Error,99,3328,699,
s767151049,p02936,u738450435,1568303293,C++,C++14 (GCC 5.4.1),cpp,Accepted,685,23552,584,
s107773497,p02936,u785578220,1568297376,Python,PyPy3 (2.4.0),py,Time Limit Exceeded,2109,121812,554,
s980582777,p02936,u785578220,1568297159,Python,PyPy3 (2.4.0),py,Time Limit Exceeded,2110,126324,563,
s674469459,p02936,u785578220,1568297048,Python,PyPy3 (2.4.0),py,Time Limit Exceeded,2110,126920,528,
s918037030,p02936,u785578220,1568297023,Python,Python (3.4.3),py,Time Limit Exceeded,2108,94596,528,
s938484243,p02936,u929569377,1568295794,Python,PyPy3 (2.4.0),py,Time Limit Exceeded,2109,100220,592,
s275409435,p02936,u714225686,1568295758,Python,PyPy3 (2.4.0),py,Wrong Answer,935,125808,1602,
s230650875,p02936,u929569377,1568295672,Python,Python (3.4.3),py,Time Limit Exceeded,2106,50164,591,
s747837603,p02936,u738450435,1568295549,C++,C++14 (GCC 5.4.1),cpp,Accepted,368,21120,652,
s758990472,p02936,u929569377,1568293204,Python,Python (3.4.3),py,Wrong Answer,1933,41720,381,
s643061080,p02936,u929569377,1568292587,Python,Python (3.4.3),py,Wrong Answer,2200,1558656,471,
s434222949,p02936,u525227429,1568283318,Python,PyPy3 (2.4.0),py,Accepted,1871,104004,522,
s822025848,p02936,u525227429,1568283255,Python,Python (3.4.3),py,Time Limit Exceeded,2108,62808,474,
s391240057,p02936,u525227429,1568283128,Python,Python (3.4.3),py,Wrong Answer,2108,62812,470,
s624218822,p02936,u525227429,1568282940,Python,Python (3.4.3),py,Time Limit Exceeded,2107,62768,477,
s182028499,p02936,u525227429,1568282838,Python,Python (3.4.3),py,Accepted,1881,57004,522,
s278255458,p02936,u525227429,1568282755,Python,Python (3.4.3),py,Accepted,1707,57696,487,
s656541059,p02936,u525227429,1568282655,Python,Python (3.4.3),py,Time Limit Exceeded,2106,56984,604,
s499011089,p02936,u525227429,1568282230,Python,PyPy3 (2.4.0),py,Time Limit Exceeded,2110,115404,559,
s634441698,p02936,u525227429,1568282200,Python,Python (3.4.3),py,Time Limit Exceeded,2107,62796,559,
s179655591,p02936,u525227429,1568281108,Python,PyPy3 (2.4.0),py,Time Limit Exceeded,2112,117196,688,
s399813754,p02936,u525227429,1568280908,Python,PyPy3 (2.4.0),py,Time Limit Exceeded,2114,121892,698,
s393222422,p02936,u525227429,1568280871,Python,Python (3.4.3),py,Time Limit Exceeded,2108,74036,698,
s007370852,p02936,u525227429,1568280035,Python,PyPy3 (2.4.0),py,Time Limit Exceeded,2136,477560,790,
s158057798,p02936,u525227429,1568279955,Python,Python (3.4.3),py,Time Limit Exceeded,2115,154348,790,
s974085602,p02936,u077291787,1568279138,Python,Python (3.4.3),py,Accepted,895,93048,710,
s691243356,p02936,u077291787,1568279000,Python,Python (3.4.3),py,Accepted,843,92900,748,
s160793630,p02936,u077291787,1568278958,Python,Python (3.4.3),py,Time Limit Exceeded,2109,94828,706,
s994824372,p02936,u077291787,1568278620,Python,Python (3.4.3),py,Accepted,1402,251184,710,
s284629808,p02936,u752146271,1568275593,C++,C++14 (GCC 5.4.1),cpp,Accepted,289,17140,402,
s861523261,p02936,u646051775,1568275336,C++,C++14 (GCC 5.4.1),cpp,Wrong Answer,2104,10112,648,
s116144009,p02936,u646051775,1568275131,C++,C++14 (GCC 5.4.1),cpp,Runtime Error,2104,10112,640,
s619707806,p02936,u646051775,1568274187,C++,C++14 (GCC 5.4.1),cpp,Wrong Answer,539,8448,448,
s696857735,p02936,u646051775,1568274127,C++,C++14 (GCC 5.4.1),cpp,Wrong Answer,546,6144,442,
s292227495,p02936,u646051775,1568274013,C++,C++14 (GCC 5.4.1),cpp,Runtime Error,322,4096,436,
s949582693,p02936,u646051775,1568273975,C++,C++14 (GCC 5.4.1),cpp,Compile Error,,,437,
s740853850,p02936,u646051775,1568273947,C++,C++14 (GCC 5.4.1),cpp,Compile Error,,,436,
s187830680,p02936,u514731354,1568271923,C++,C++14 (GCC 5.4.1),cpp,Accepted,167,28160,2446,
s434085853,p02936,u656771711,1568271235,Ruby,Ruby (2.3.3),rb,Wrong Answer,844,23716,194,
s135766121,p02936,u752146271,1568270528,C++,C++14 (GCC 5.4.1),cpp,Accepted,287,16356,863,
s585633713,p02936,u752146271,1568267705,C++,C++14 (GCC 5.4.1),cpp,Wrong Answer,293,16372,851,
s238232124,p02936,u301875524,1568258287,C++,C++14 (GCC 5.4.1),cpp,Wrong Answer,2104,4864,630,
s542454149,p02936,u775631897,1568257025,Python,Python (3.4.3),py,Wrong Answer,1791,116964,1766,
s401497446,p02936,u775631897,1568256752,Python,Python (3.4.3),py,Wrong Answer,1495,116980,1721,
s066020974,p02936,u296262239,1568256191,Python,Python (3.4.3),py,Wrong Answer,2111,121392,826,
s759069758,p02936,u775631897,1568255891,Python,Python (3.4.3),py,Wrong Answer,1193,114868,1556,
s098814606,p02936,u775631897,1568255783,Python,Python (3.4.3),py,Wrong Answer,1318,122444,1552,
s906955525,p02936,u775631897,1568255628,Python,Python (3.4.3),py,Wrong Answer,1236,122316,1532,
s272085585,p02936,u947304300,1568250116,C++,C++14 (GCC 5.4.1),cpp,Accepted,314,16500,1269,
s282969445,p02936,u234435881,1568246846,C++,C++14 (GCC 5.4.1),cpp,Accepted,312,30592,780,
s616370967,p02936,u623819879,1568228370,C++,C++14 (GCC 5.4.1),cpp,Wrong Answer,533,14200,865,
s258113175,p02936,u141642872,1568227719,C++,C++14 (GCC 5.4.1),cpp,Accepted,133,24320,2964,
s847819899,p02936,u967594789,1568225390,Python,PyPy3 (2.4.0),py,Wrong Answer,898,118740,513,
s802510148,p02936,u468862268,1568224080,C++,C++14 (GCC 5.4.1),cpp,Wrong Answer,591,14848,658,
s505397308,p02936,u468862268,1568223808,C++,C++14 (GCC 5.4.1),cpp,Wrong Answer,595,14080,667,
s380717671,p02936,u809967037,1568220401,C++,C++14 (GCC 5.4.1),cpp,Accepted,436,24320,1966,
s013026644,p02936,u958766300,1568218189,Python,PyPy3 (2.4.0),py,Accepted,829,126248,570,
s541216237,p02936,u958766300,1568218001,Python,PyPy3 (2.4.0),py,Time Limit Exceeded,2151,761464,532,
s005700238,p02936,u958766300,1568216731,Python,PyPy3 (2.4.0),py,Time Limit Exceeded,2151,788344,534,
s831640060,p02936,u958766300,1568216624,Python,PyPy3 (2.4.0),py,Time Limit Exceeded,2127,376440,594,
s380964064,p02936,u958766300,1568216422,Python,PyPy3 (2.4.0),py,Runtime Error,1965,129868,453,
s321874077,p02936,u501148202,1568214056,JavaScript,JavaScript (node.js v5.12),js,Accepted,949,129528,2574,
s039342892,p02936,u501148202,1568213572,JavaScript,JavaScript (node.js v5.12),js,Accepted,1006,126200,2789,
s798344647,p02936,u495186373,1568213525,Java,Java8 (OpenJDK 1.8.0),java,Accepted,1958,163264,5572,
s031754676,p02936,u967594789,1568210565,Python,PyPy3 (2.4.0),py,Wrong Answer,1116,219900,800,
s097940481,p02936,u501148202,1568210313,JavaScript,JavaScript (node.js v5.12),js,Runtime Error,52,7244,2811,
s782124164,p02936,u452343113,1568209072,C++,C++14 (GCC 5.4.1),cpp,Accepted,407,23424,715,
s758220832,p02936,u967594789,1568204945,Python,PyPy3 (2.4.0),py,Wrong Answer,1038,203900,756,
s143779715,p02936,u892227843,1568200539,Python,Python (3.4.3),py,Wrong Answer,2106,36364,750,
s591175808,p02936,u458444102,1568189099,C++,C++14 (GCC 5.4.1),cpp,Accepted,153,23552,752,
s258087126,p02936,u270851941,1568183663,Python,Python (3.4.3),py,Wrong Answer,1307,46160,327,
s836546253,p02936,u876661803,1568182710,C++,C++14 (GCC 5.4.1),cpp,Accepted,351,40448,879,
s983734999,p02936,u876661803,1568181322,C++,C++14 (GCC 5.4.1),cpp,Wrong Answer,319,37376,723,
s523784189,p02936,u480938608,1568176992,C++,C++14 (GCC 5.4.1),cpp,Accepted,630,27392,742,
s528368974,p02936,u321149875,1568176098,C++,C++14 (GCC 5.4.1),cpp,Wrong Answer,250,6272,655,
s776509309,p02936,u321149875,1568175729,C++,C++14 (GCC 5.4.1),cpp,Wrong Answer,253,6272,701,
s485347440,p02936,u321149875,1568175376,C++,C++14 (GCC 5.4.1),cpp,Wrong Answer,251,4736,697,
s345784829,p02936,u480938608,1568174156,C++,C++14 (GCC 5.4.1),cpp,Wrong Answer,538,5504,507,
s019171387,p02936,u231458241,1568173618,C++,C++14 (GCC 5.4.1),cpp,Wrong Answer,280,16512,876,
s994189249,p02936,u181837459,1568171152,Java,Java8 (OpenJDK 1.8.0),java,Accepted,1364,210872,2020,
s568984445,p02936,u314089899,1568169378,Python,Python (3.4.3),py,Wrong Answer,2108,63348,1272,
s876683408,p02936,u046482892,1568169252,Java,Java8 (OpenJDK 1.8.0),java,Accepted,1778,210304,1200,
s830367779,p02936,u059727354,1568156243,C++,C++14 (GCC 5.4.1),cpp,Accepted,312,23680,3454,
s385204128,p02936,u237513745,1568152920,Python,PyPy3 (2.4.0),py,Accepted,1925,105804,487,
s425886861,p02936,u237513745,1568152798,Python,Python (3.4.3),py,Accepted,1983,57724,487,
s245686922,p02936,u237513745,1568152692,Python,Python (3.4.3),py,Time Limit Exceeded,2107,57576,525,
s474064962,p02936,u237513745,1568152318,Python,Python (3.4.3),py,Wrong Answer,1795,57884,487,
s855151640,p02936,u237513745,1568152033,Python,Python (3.4.3),py,Wrong Answer,1890,47624,509,
s565046353,p02936,u967594789,1568152032,Python,PyPy3 (2.4.0),py,Wrong Answer,2149,723068,610,
s217543346,p02936,u967594789,1568151885,Python,PyPy3 (2.4.0),py,Runtime Error,808,179712,610,
s926888754,p02936,u967594789,1568151774,Python,Python (3.4.3),py,Runtime Error,1363,250524,610,
s880630317,p02936,u967594789,1568151641,Python,Python (3.4.3),py,Wrong Answer,2119,250524,582,
s321389736,p02936,u237513745,1568151387,Python,Python (3.4.3),py,Wrong Answer,1992,87784,642,
s028446862,p02936,u967594789,1568151295,Python,Python (3.4.3),py,Runtime Error,2114,250516,582,
s749258826,p02936,u645250356,1568150989,Python,Python (3.4.3),py,Wrong Answer,2106,61296,661,
s313411818,p02936,u645250356,1568150916,Python,Python (3.4.3),py,Wrong Answer,2105,62936,660,
s464988285,p02936,u033645522,1568149132,Java,Java8 (OpenJDK 1.8.0),java,Wrong Answer,2114,205592,1018,
s555083651,p02936,u033645522,1568148864,Java,Java8 (OpenJDK 1.8.0),java,Wrong Answer,2106,201968,888,
s742560393,p02936,u926181697,1568148009,Python,Python (3.4.3),py,Wrong Answer,1752,41672,357,
s456895379,p02936,u967594789,1568147681,Python,PyPy3 (2.4.0),py,Wrong Answer,2119,235400,582,
s838435527,p02936,u967594789,1568146939,Python,PyPy3 (2.4.0),py,Runtime Error,2116,230140,545,
s863861253,p02936,u874885251,1568134758,Python,Python (3.4.3),py,Runtime Error,1578,62852,758,
s627523700,p02936,u200394944,1568130556,C++,C++14 (GCC 5.4.1),cpp,Accepted,381,21760,644,
s868230798,p02936,u828388155,1568130200,C++,C++14 (GCC 5.4.1),cpp,Accepted,172,19456,1030,
s694853280,p02936,u200394944,1568129795,C++,C++14 (GCC 5.4.1),cpp,Wrong Answer,350,20864,545,
s575928076,p02936,u095021077,1568125321,Python,Python (3.4.3),py,Wrong Answer,1851,121808,417,
s684189998,p02936,u280938208,1568125230,Python,Python (3.4.3),py,Runtime Error,23,3572,941,
s318417337,p02936,u280938208,1568124665,Python,Python (3.4.3),py,Runtime Error,24,3812,839,
s895780831,p02936,u399819590,1568123739,C++,C++14 (GCC 5.4.1),cpp,Accepted,321,32896,913,
s272071790,p02936,u280938208,1568122303,Python,Python (3.4.3),py,Wrong Answer,2106,41708,691,
s000271856,p02936,u280938208,1568121201,Python,Python (3.4.3),py,Runtime Error,2108,83492,600,
s264030895,p02936,u501148202,1568121158,JavaScript,JavaScript (node.js v5.12),js,Accepted,1053,129400,2197,
s543220429,p02936,u195257137,1568119773,Ruby,Ruby (2.3.3),rb,Wrong Answer,2109,21396,339,
s070352283,p02936,u651480702,1568117645,Go,Go (1.6),go,Accepted,724,73856,1116,
s250335383,p02936,u110681742,1568117261,C++,C++14 (GCC 5.4.1),cpp,Accepted,658,23424,949,
s369180100,p02936,u651480702,1568117122,Go,Go (1.6),go,Time Limit Exceeded,2112,72704,1196,
s576495125,p02936,u651480702,1568116679,Go,Go (1.6),go,Time Limit Exceeded,2109,77312,1197,
s436988518,p02936,u578409327,1568113076,C++,C++14 (GCC 5.4.1),cpp,Wrong Answer,582,22144,2102,
s154484551,p02936,u578409327,1568112827,C++,C++14 (GCC 5.4.1),cpp,Wrong Answer,556,22144,2089,
s589301521,p02936,u651480702,1568112514,Go,Go (1.6),go,Time Limit Exceeded,2108,24980,960,
s907721047,p02936,u066253157,1568091997,Python,Python (3.4.3),py,Accepted,1948,300120,649,
s766270979,p02936,u066253157,1568091970,Python,Python (3.4.3),py,Runtime Error,2109,128192,581,
s198401295,p02936,u526395606,1568091207,Python,Python (3.4.3),py,Runtime Error,2108,78412,943,
s425204938,p02936,u526395606,1568091089,Python,Python (3.4.3),py,Runtime Error,2108,79064,947,
s778224949,p02936,u526395606,1568089578,Python,Python (3.4.3),py,Runtime Error,2106,50612,804,
s665957928,p02936,u526395606,1568089228,Python,Python (3.4.3),py,Runtime Error,2106,50512,965,
s492988945,p02936,u526395606,1568088712,Python,Python (3.4.3),py,Runtime Error,2106,49924,960,
s850931939,p02936,u526395606,1568088579,Python,Python (3.4.3),py,Runtime Error,2106,54288,950,
s439281582,p02936,u526395606,1568087893,Python,Python (3.4.3),py,Runtime Error,1304,47748,762,
s849422816,p02936,u216264781,1568087851,Rust,Rust (1.15.1),rs,Wrong Answer,2,4352,564,
s726036662,p02936,u526395606,1568087713,Python,Python (3.4.3),py,Runtime Error,2106,49976,767,
s880511091,p02936,u620219777,1568087390,Ruby,Ruby (2.3.3),rb,Runtime Error,746,29948,404,
s811374340,p02936,u526395606,1568087242,Python,Python (3.4.3),py,Runtime Error,2106,49952,1043,
s619914083,p02936,u651480702,1568082857,Go,Go (1.6),go,Time Limit Exceeded,2108,25216,1150,
s648994284,p02936,u660756849,1568080085,C++,C++14 (GCC 5.4.1),cpp,Wrong Answer,118,20352,871,
s965780789,p02936,u660756849,1568079441,C++,C++14 (GCC 5.4.1),cpp,Wrong Answer,134,23552,1007,
s036633090,p02936,u216264781,1568078056,Rust,Rust (1.15.1),rs,Wrong Answer,2107,83784,2486,
s352934483,p02936,u216264781,1568075417,Rust,Rust (1.15.1),rs,Wrong Answer,205,83232,2048,
s551473707,p02936,u177053419,1568075203,C,C (GCC 5.4.1),c,Runtime Error,0,128,790,
s984933166,p02936,u216264781,1568074705,Rust,Rust (1.15.1),rs,Wrong Answer,2205,80212,2210,
s241441554,p02936,u177053419,1568074647,C,C (GCC 5.4.1),c,Runtime Error,0,128,761,
s462649325,p02936,u716566635,1568072357,C++,C++14 (GCC 5.4.1),cpp,Accepted,376,47744,1442,
s830203860,p02936,u716566635,1568071152,C++,C++14 (GCC 5.4.1),cpp,Wrong Answer,332,24320,1084,
s757657273,p02936,u423624748,1568068759,C++,C++14 (GCC 5.4.1),cpp,Accepted,161,32128,2407,
s198387027,p02936,u739353676,1568068225,C++,C++14 (GCC 5.4.1),cpp,Accepted,217,19456,1029,
s186504483,p02936,u237362582,1568065457,Python,PyPy3 (2.4.0),py,Accepted,795,121292,704,
s887203618,p02936,u237362582,1568064142,Python,PyPy3 (2.4.0),py,Wrong Answer,691,118348,564,
s760104541,p02936,u501148202,1568062654,JavaScript,JavaScript (node.js v5.12),js,Accepted,1036,126072,2191,
s938927251,p02936,u501148202,1568062461,JavaScript,JavaScript (node.js v5.12),js,Wrong Answer,2111,125908,2183,
s398432675,p02936,u501148202,1568062364,JavaScript,JavaScript (node.js v5.12),js,Time Limit Exceeded,2113,126328,2196,
s538081883,p02936,u501148202,1568061962,JavaScript,JavaScript (node.js v5.12),js,Time Limit Exceeded,2112,126328,2193,
s921176649,p02936,u660756849,1568060493,C++,C++14 (GCC 5.4.1),cpp,Wrong Answer,130,23552,979,
s444034123,p02936,u660756849,1568060423,C++,C++14 (GCC 5.4.1),cpp,Compile Error,,,976,
s441099878,p02936,u660756849,1568060257,C++,C++14 (GCC 5.4.1),cpp,Wrong Answer,113,22784,942,
s739194666,p02936,u399987025,1568060110,C++,C++14 (GCC 5.4.1),cpp,Runtime Error,409,4736,520,
s470361993,p02936,u660756849,1568059612,C++,C++14 (GCC 5.4.1),cpp,Runtime Error,2104,14208,911,
s223761828,p02936,u424469683,1568059260,Haskell,Haskell (GHC 7.10.3),hs,Wrong Answer,2131,1606524,1903,
s745575139,p02936,u216264781,1568059184,Rust,Rust (1.15.1),rs,Wrong Answer,141,49560,1685,
s983525892,p02936,u424469683,1568058698,Haskell,Haskell (GHC 7.10.3),hs,Wrong Answer,2132,1828604,1892,
s261760038,p02936,u216264781,1568058662,Rust,Rust (1.15.1),rs,Wrong Answer,142,49560,1631,
s987273892,p02936,u481767096,1568057187,C++,C++14 (GCC 5.4.1),cpp,Wrong Answer,437,22528,2263,
s016956353,p02936,u481767096,1568054659,C++,C++14 (GCC 5.4.1),cpp,Wrong Answer,446,22656,2138,
s456152445,p02936,u817783285,1568053890,C++,C++14 (GCC 5.4.1),cpp,Accepted,667,24064,582,
s573916511,p02936,u803481017,1568053177,C++,C++14 (GCC 5.4.1),cpp,Accepted,294,19444,941,
s520130628,p02936,u651480702,1568050964,Go,Go (1.6),go,Time Limit Exceeded,2111,24960,1074,
s065153316,p02936,u216264781,1568050492,Rust,Rust (1.15.1),rs,Runtime Error,151,42776,1674,
s664881488,p02936,u216264781,1568050134,Rust,Rust (1.15.1),rs,Runtime Error,2104,38672,1773,
s716590037,p02936,u957084285,1568034495,C++,C++14 (GCC 5.4.1),cpp,Accepted,391,34432,1295,
s508555574,p02936,u493440196,1568034135,C++,C++14 (GCC 5.4.1),cpp,Accepted,369,23424,582,
s629534898,p02936,u493440196,1568033557,C++,C++14 (GCC 5.4.1),cpp,Wrong Answer,345,20352,494,
s443493702,p02936,u216264781,1568023208,Rust,Rust (1.15.1),rs,Wrong Answer,2104,28176,2197,
s183072481,p02936,u216264781,1568022490,Rust,Rust (1.15.1),rs,Wrong Answer,2105,41496,2227,
s894785900,p02936,u216264781,1568022346,Rust,Rust (1.15.1),rs,Wrong Answer,2107,41496,2226,
s374220858,p02936,u169580012,1568016480,C++,C++14 (GCC 5.4.1),cpp,Accepted,666,23424,2540,
s449829985,p02936,u493440196,1568009508,C++,C++14 (GCC 5.4.1),cpp,Wrong Answer,345,20352,513,
s472600150,p02936,u339419997,1568004331,C++,C++14 (Clang 3.8.0),cpp,Accepted,163,24320,1086,
s234920660,p02936,u339419997,1568004289,C++,C++14 (Clang 3.8.0),cpp,Runtime Error,108,2936,1085,
s457258895,p02936,u339419997,1568004177,C++,C++14 (Clang 3.8.0),cpp,Runtime Error,293,1528,1084,
s440732195,p02936,u339419997,1568003913,C++,C++14 (Clang 3.8.0),cpp,Runtime Error,99,896,1082,
s716769399,p02936,u339419997,1568003829,C++,C++14 (Clang 3.8.0),cpp,Runtime Error,96,896,1079,
s578316731,p02936,u296518383,1568003229,Python,Python (3.4.3),py,Wrong Answer,1980,72804,537,
s056258479,p02936,u339419997,1568003100,C++,C++14 (Clang 3.8.0),cpp,Runtime Error,99,896,1143,
s474255392,p02936,u296518383,1568002966,Python,Python (3.4.3),py,Wrong Answer,1957,72812,495,
s161698944,p02936,u296518383,1568002664,Python,Python (3.4.3),py,Runtime Error,1910,72804,497,
s648632475,p02936,u296518383,1568002599,Python,Python (3.4.3),py,Runtime Error,17,3064,503,
s078083690,p02936,u296518383,1568002563,Python,Python (3.4.3),py,Runtime Error,1250,56024,506,
s515399806,p02936,u296518383,1568002498,Python,Python (3.4.3),py,Runtime Error,1784,70104,503,
s822787145,p02936,u296518383,1568002356,Python,Python (3.4.3),py,Runtime Error,2083,72788,501,
s594221870,p02936,u386170566,1568001278,Python,Python (3.4.3),py,Runtime Error,2110,65384,620,
s465390440,p02936,u386170566,1568000842,Python,Python (3.4.3),py,Wrong Answer,2110,65388,578,
s233012508,p02936,u386170566,1568000562,Python,Python (3.4.3),py,Wrong Answer,2110,67384,751,
s281647370,p02936,u339419997,1568000225,C++,C++14 (Clang 3.8.0),cpp,Runtime Error,169,3060,1052,
s823544870,p02936,u339419997,1568000130,C++,C++14 (Clang 3.8.0),cpp,Runtime Error,167,3060,1044,
s775995946,p02936,u526894223,1568000065,C++,C++14 (GCC 5.4.1),cpp,Accepted,307,19568,976,
s984181640,p02936,u939702463,1567999063,Nim,Nim (0.13.0),nim,Wrong Answer,283,52736,468,
s830962647,p02936,u803481017,1567996872,C++,C++14 (GCC 5.4.1),cpp,Wrong Answer,329,20620,901,
s349142152,p02936,u037430802,1567996813,Python,Python (3.4.3),py,Accepted,1908,62572,529,
s975812368,p02936,u803481017,1567996736,C++,C++14 (GCC 5.4.1),cpp,Wrong Answer,306,19448,903,
s239802219,p02936,u037430802,1567996623,Python,PyPy3 (2.4.0),py,Accepted,1829,107028,569,
s829635523,p02936,u037430802,1567996527,Python,Python (3.4.3),py,Accepted,2000,63528,569,
s968349330,p02936,u037430802,1567996308,Python,Python (3.4.3),py,Wrong Answer,1794,62580,490,
s747809779,p02936,u037430802,1567996100,Python,Python (3.4.3),py,Wrong Answer,1852,62584,469,
s784679745,p02936,u936985471,1567996090,Python,Python (3.4.3),py,Runtime Error,1740,134684,608,
s731139439,p02936,u936985471,1567995479,Python,Python (3.4.3),py,Runtime Error,1850,134684,552,
s139365686,p02936,u936985471,1567995454,Python,Python (3.4.3),py,Runtime Error,17,2940,33,
s306212888,p02936,u037430802,1567994987,Python,Python (3.4.3),py,Wrong Answer,1621,44844,303,
s854484735,p02936,u936985471,1567993737,Python,Python (3.4.3),py,Runtime Error,2109,126948,469,
s249069786,p02936,u936985471,1567993615,Python,Python (3.4.3),py,Runtime Error,2106,40712,428,
s643785679,p02936,u936985471,1567993210,Python,Python (3.4.3),py,Runtime Error,2105,35628,440,
s487551155,p02936,u168621426,1567992759,C++,C++14 (Clang 3.8.0),cpp,Accepted,754,23552,1069,
s717995587,p02936,u999238730,1567990844,Java,Java8 (OpenJDK 1.8.0),java,Wrong Answer,1686,128768,2021,
s083696062,p02936,u999238730,1567990488,Java,Java8 (OpenJDK 1.8.0),java,Wrong Answer,2109,213956,799,
s646737235,p02936,u999238730,1567990377,Java,Java8 (OpenJDK 1.8.0),java,Wrong Answer,2109,212424,797,
s074286259,p02936,u989345508,1567990158,Python,Python (3.4.3),py,Time Limit Exceeded,2107,76696,776,
s480311701,p02936,u216264781,1567988594,Rust,Rust (1.15.1),rs,Wrong Answer,2104,36248,1421,
s287077521,p02936,u724742135,1567988473,Python,Python (3.4.3),py,Accepted,1693,230932,651,
s048778834,p02936,u561186440,1567986230,C++,C++14 (GCC 5.4.1),cpp,Accepted,371,24320,948,
s219492608,p02936,u418199806,1567984112,Python,Python (3.4.3),py,Accepted,1761,56168,747,
s631950013,p02936,u418199806,1567983698,Python,Python (3.4.3),py,Runtime Error,1741,61144,1054,
s078608572,p02936,u418199806,1567983599,Python,Python (3.4.3),py,Wrong Answer,1312,25852,491,
s784548178,p02936,u683134447,1567978511,Python,Python (3.4.3),py,Runtime Error,1851,61072,605,
s775004545,p02936,u683134447,1567978384,Python,PyPy3 (2.4.0),py,Runtime Error,1974,138276,605,
s778422718,p02936,u588829932,1567976916,Python,Python (3.4.3),py,Wrong Answer,2110,105724,1036,
s718683044,p02936,u172035535,1567970803,Python,PyPy3 (2.4.0),py,Accepted,1954,125572,616,
s079266585,p02936,u172035535,1567970548,Python,PyPy3 (2.4.0),py,Wrong Answer,1907,123152,580,
s860744946,p02936,u172035535,1567970036,Python,Python (3.4.3),py,Wrong Answer,1926,145612,579,
s432492822,p02936,u683588090,1567965331,C++,C++14 (GCC 5.4.1),cpp,Accepted,324,24448,1209,
s352112858,p02936,u683588090,1567965145,C++,C++14 (GCC 5.4.1),cpp,Wrong Answer,323,35456,1371,
s329983900,p02936,u683588090,1567964908,C++,C++14 (GCC 5.4.1),cpp,Wrong Answer,285,15104,1098,
s455987658,p02936,u683588090,1567964677,C++,C++14 (GCC 5.4.1),cpp,Wrong Answer,288,16512,1125,
s153715788,p02936,u781381862,1567963223,C++,C++14 (GCC 5.4.1),cpp,Accepted,661,24960,1291,
s504603043,p02936,u534998883,1567963197,C++,C++14 (GCC 5.4.1),cpp,Accepted,296,28928,1057,
s324802312,p02936,u781381862,1567963053,C++,C++14 (GCC 5.4.1),cpp,Wrong Answer,633,25088,1270,
s468719582,p02936,u845000384,1567962559,C++,C++14 (GCC 5.4.1),cpp,Wrong Answer,574,25600,1783,
s353414317,p02936,u413165887,1567961663,Python,Python (3.4.3),py,Wrong Answer,2122,283700,578,
s522536378,p02936,u413165887,1567961520,Python,Python (3.4.3),py,Time Limit Exceeded,2121,284620,562,
s635744822,p02936,u413165887,1567961449,Python,Python (3.4.3),py,Time Limit Exceeded,2122,284584,576,
s509485107,p02936,u413165887,1567961326,Python,Python (3.4.3),py,Time Limit Exceeded,2121,296532,569,
s771376980,p02936,u413165887,1567960948,Python,Python (3.4.3),py,Time Limit Exceeded,2117,230920,529,
s887483348,p02936,u413165887,1567960648,Python,Python (3.4.3),py,Time Limit Exceeded,2126,372512,465,
s810983188,p02936,u413165887,1567960605,Python,Python (3.4.3),py,Time Limit Exceeded,2111,230900,496,
s623987955,p02936,u413165887,1567960249,Python,Python (3.4.3),py,Time Limit Exceeded,2121,305800,596,
s274564071,p02936,u700334327,1567959807,Python,Python (3.4.3),py,Accepted,1814,238672,556,
s139835371,p02936,u413165887,1567959770,Python,Python (3.4.3),py,Time Limit Exceeded,2117,230924,511,
s483793651,p02936,u413165887,1567959624,Python,Python (3.4.3),py,Time Limit Exceeded,2118,233496,541,
s161472133,p02936,u413165887,1567959532,Python,Python (3.4.3),py,Time Limit Exceeded,2119,233524,662,
s019454105,p02936,u989336028,1567959065,C++,C++14 (GCC 5.4.1),cpp,Accepted,292,18676,1225,
s287810659,p02936,u413165887,1567958963,Python,Python (3.4.3),py,Time Limit Exceeded,2118,225428,587,
s572783165,p02936,u413165887,1567958763,Python,Python (3.4.3),py,Time Limit Exceeded,2122,232444,604,
s522538824,p02936,u700334327,1567958741,Python,Python (3.4.3),py,Runtime Error,2155,817416,453,
s490059890,p02936,u700334327,1567958296,Python,Python (3.4.3),py,Runtime Error,17,2940,454,
s321863347,p02936,u413165887,1567957751,Python,Python (3.4.3),py,Runtime Error,1928,53856,588,
s094160487,p02936,u413165887,1567957204,Python,Python (3.4.3),py,Runtime Error,1970,53952,549,
s997430941,p02936,u413165887,1567957061,Python,Python (3.4.3),py,Runtime Error,1897,53860,584,
s955225871,p02936,u413165887,1567956623,Python,Python (3.4.3),py,Runtime Error,1767,53836,594,
s481703755,p02936,u493440196,1567946333,C++,C++14 (GCC 5.4.1),cpp,Wrong Answer,2105,16512,763,
s851699639,p02936,u851470173,1567940133,C++,C++14 (GCC 5.4.1),cpp,Accepted,606,30464,1099,
s788940645,p02936,u895838522,1567932929,Go,Go (1.6),go,Wrong Answer,879,55936,945,
s960253162,p02936,u895838522,1567932479,Go,Go (1.6),go,Wrong Answer,679,47744,886,
s540759042,p02936,u895838522,1567932404,Go,Go (1.6),go,Accepted,708,48128,913,
s184138401,p02936,u895838522,1567932360,Go,Go (1.6),go,Runtime Error,3,640,908,
s592289901,p02936,u895838522,1567924123,Go,Go (1.6),go,Wrong Answer,580,13824,1355,
s527418691,p02936,u951847940,1567920286,Java,Java8 (OpenJDK 1.8.0),java,Wrong Answer,1480,166248,998,
s876487938,p02936,u951847940,1567919651,Java,Java8 (OpenJDK 1.8.0),java,Wrong Answer,1991,177016,945,
s731032955,p02936,u951847940,1567919214,Java,Java8 (OpenJDK 1.8.0),java,Wrong Answer,2095,173296,1619,
s465413071,p02936,u951847940,1567918108,Java,Java8 (OpenJDK 1.8.0),java,Wrong Answer,1998,172632,1445,
s868672953,p02936,u340303097,1567917265,C++,C++14 (GCC 5.4.1),cpp,Accepted,365,30600,1778,
s788203177,p02936,u438592861,1567916826,C++,C++14 (GCC 5.4.1),cpp,Accepted,674,23424,524,
s050487367,p02936,u340303097,1567916423,C++,C++14 (GCC 5.4.1),cpp,Wrong Answer,223,27392,1620,
s197260787,p02936,u340303097,1567916219,C++,C++14 (GCC 5.4.1),cpp,Wrong Answer,220,27392,1633,
s942823422,p02936,u424110125,1567916007,C++,C++14 (GCC 5.4.1),cpp,Accepted,158,35456,3497,
s897024880,p02936,u425019904,1567904270,C++,C++14 (GCC 5.4.1),cpp,Wrong Answer,297,30464,916,
s364758928,p02936,u111421568,1567904105,Kotlin,Kotlin (1.0.0),kt,Time Limit Exceeded,2111,152076,5462,
s506984701,p02936,u111421568,1567904051,Kotlin,Kotlin (1.0.0),kt,Wrong Answer,2111,151180,5458,
s227597722,p02936,u111421568,1567903849,Kotlin,Kotlin (1.0.0),kt,Time Limit Exceeded,2111,151224,5426,
s303454123,p02936,u111421568,1567903452,Kotlin,Kotlin (1.0.0),kt,Time Limit Exceeded,2115,152272,5410,
s645498642,p02936,u111421568,1567903001,Kotlin,Kotlin (1.0.0),kt,Time Limit Exceeded,2111,153692,5359,
s495064961,p02936,u932913455,1567902876,Python,Python (3.4.3),py,Wrong Answer,2108,77472,4100,
s421212816,p02936,u111421568,1567902845,Kotlin,Kotlin (1.0.0),kt,Runtime Error,1613,151576,5285,
s661699512,p02936,u521723672,1567901510,C++,C++14 (GCC 5.4.1),cpp,Accepted,140,24320,1152,
s689685203,p02936,u521723672,1567901274,C++,C++14 (GCC 5.4.1),cpp,Accepted,135,24320,1170,
s595972600,p02936,u521723672,1567901052,C++,C++14 (GCC 5.4.1),cpp,Accepted,131,24320,1186,
s269116032,p02936,u412164358,1567900620,C++,C++14 (GCC 5.4.1),cpp,Accepted,366,24320,804,
s599469192,p02936,u111421568,1567900534,Kotlin,Kotlin (1.0.0),kt,Time Limit Exceeded,2111,154020,5207,
s756972039,p02936,u111421568,1567900360,Kotlin,Kotlin (1.0.0),kt,Time Limit Exceeded,2111,154368,5206,
s264196978,p02936,u412164358,1567899224,C++,C++14 (GCC 5.4.1),cpp,Runtime Error,418,275700,802,
s466492970,p02936,u211109468,1567898749,C++,C++14 (GCC 5.4.1),cpp,Wrong Answer,296,25856,541,
s576040113,p02936,u211109468,1567898502,C++,C++14 (GCC 5.4.1),cpp,Wrong Answer,2104,24192,538,
s163535676,p02936,u592944963,1567898345,Python,Python (3.4.3),py,Wrong Answer,2118,245708,516,
s098698817,p02936,u592944963,1567897541,Python,Python (3.4.3),py,Runtime Error,2106,89632,472,
s098334172,p02936,u116756586,1567897500,C#,C# (Mono 4.6.2.0),cs,Wrong Answer,2108,34792,4410,
s028043050,p02936,u116756586,1567896684,C#,C# (Mono 4.6.2.0),cs,Wrong Answer,2108,32872,4359,
s909739485,p02936,u412164358,1567895959,C++,C++14 (GCC 5.4.1),cpp,Wrong Answer,2104,20864,752,
s478840040,p02936,u068654145,1567895285,C++,C++14 (GCC 5.4.1),cpp,Accepted,138,27392,2660,
s619435896,p02936,u116756586,1567895202,C#,C# (Mono 4.6.2.0),cs,Wrong Answer,2109,34920,4346,
s134277061,p02936,u116756586,1567894656,C#,C# (Mono 4.6.2.0),cs,Wrong Answer,2108,36968,4270,
s290166007,p02936,u700334327,1567892885,Python,Python (3.4.3),py,Runtime Error,17,2940,451,
s384472618,p02936,u412164358,1567892543,C++,C++14 (GCC 5.4.1),cpp,Wrong Answer,2104,18944,717,
s905113578,p02936,u275786410,1567892362,C++,C++14 (GCC 5.4.1),cpp,Accepted,308,26624,727,
s442184328,p02936,u275786410,1567892169,C++,C++14 (GCC 5.4.1),cpp,Wrong Answer,284,23552,609,
s350610591,p02936,u412164358,1567892050,C++,C++14 (GCC 5.4.1),cpp,Wrong Answer,2104,18944,711,
s318056422,p02936,u473116917,1567891650,C++,C++14 (GCC 5.4.1),cpp,Accepted,296,16372,1528,
s942748613,p02936,u268318377,1567891071,Python,Python (3.4.3),py,Wrong Answer,1375,42852,307,
s838545257,p02936,u492352831,1567889760,C++,C++14 (Clang 3.8.0),cpp,Accepted,745,24320,1316,
s906617117,p02936,u492352831,1567889549,C++,C++14 (Clang 3.8.0),cpp,Runtime Error,919,278656,1242,
s503764696,p02936,u268318377,1567889351,Python,Python (3.4.3),py,Runtime Error,2106,57692,334,
s927185794,p02936,u492352831,1567889290,C++,C++14 (Clang 3.8.0),cpp,Wrong Answer,726,21120,1197,
s454025308,p02936,u275786410,1567889056,C++,C++14 (GCC 5.4.1),cpp,Wrong Answer,270,14080,561,
s379139642,p02936,u492352831,1567888723,C++,C++14 (Clang 3.8.0),cpp,Wrong Answer,2203,2020276,1197,
s188488662,p02936,u010004797,1567888171,C++,C++14 (GCC 5.4.1),cpp,Accepted,131,24320,2616,
s854388265,p02936,u774202056,1567886444,C++,C++14 (GCC 5.4.1),cpp,Accepted,301,21632,561,
s730857052,p02936,u764744362,1567885562,C++,C++14 (GCC 5.4.1),cpp,Accepted,614,27392,1171,
s217991277,p02936,u774202056,1567885254,C++,C++14 (GCC 5.4.1),cpp,Wrong Answer,256,5504,394,
s526439695,p02936,u609061751,1567885019,Python,Python (3.4.3),py,Accepted,1787,284540,536,
s606531395,p02936,u609061751,1567884450,Python,Python (3.4.3),py,Accepted,1790,284544,578,
s256671340,p02936,u058348416,1567882974,C++,C++14 (GCC 5.4.1),cpp,Wrong Answer,332,4736,497,
s664926548,p02936,u645304546,1567882946,Java,Java8 (OpenJDK 1.8.0),java,Accepted,1302,122904,4190,
s634647685,p02936,u342051078,1567882839,C++,C++14 (GCC 5.4.1),cpp,Accepted,308,30464,1748,
s609057544,p02936,u058348416,1567882791,C++,C++14 (GCC 5.4.1),cpp,Wrong Answer,332,4736,489,
s953167539,p02936,u848433916,1567877251,C++,C++14 (Clang 3.8.0),cpp,Accepted,726,24320,1124,
s193763208,p02936,u095021077,1567873264,Python,Python (3.4.3),py,Wrong Answer,1637,122756,332,
s009105757,p02936,u095021077,1567873022,Python,Python (3.4.3),py,Wrong Answer,1697,122240,330,
s296741440,p02936,u848433916,1567872399,C++,C++14 (Clang 3.8.0),cpp,Wrong Answer,684,21120,1031,
s860538999,p02936,u816645498,1567871646,C++,C++14 (GCC 5.4.1),cpp,Accepted,305,30464,772,
s314854333,p02936,u816645498,1567870765,C++,C++14 (GCC 5.4.1),cpp,Wrong Answer,460,175872,1124,
s511446133,p02936,u816645498,1567870351,C++,C++14 (GCC 5.4.1),cpp,Wrong Answer,937,819712,1076,
s042626950,p02936,u816645498,1567870223,C++,C++14 (GCC 5.4.1),cpp,Wrong Answer,545,175872,1072,
s051699162,p02936,u816645498,1567869120,C++,C++14 (GCC 5.4.1),cpp,Wrong Answer,2114,176768,1044,
s425769780,p02936,u609061751,1567864577,Python,Python (3.4.3),py,Time Limit Exceeded,2121,285880,546,
s992292855,p02936,u609061751,1567864496,Python,Python (3.4.3),py,Accepted,1760,285828,573,
s498164894,p02936,u609061751,1567864410,Python,PyPy3 (2.4.0),py,Time Limit Exceeded,2117,230508,546,
s002978044,p02936,u609061751,1567864323,Python,PyPy3 (2.4.0),py,Time Limit Exceeded,2153,731756,573,
s118781607,p02936,u609061751,1567864175,Python,PyPy3 (2.4.0),py,Wrong Answer,2116,207852,498,
s033860334,p02936,u609061751,1567863987,Python,PyPy3 (2.4.0),py,Time Limit Exceeded,2120,254060,552,
s307837675,p02936,u609061751,1567863759,Python,PyPy3 (2.4.0),py,Time Limit Exceeded,2118,181100,534,
s006030248,p02936,u609061751,1567862073,Python,PyPy3 (2.4.0),py,Time Limit Exceeded,2115,185068,504,
s836885533,p02936,u968638278,1567861742,Python,Python (3.4.3),py,Wrong Answer,1990,65056,423,
s112947594,p02936,u968638278,1567859920,Python,Python (3.4.3),py,Wrong Answer,1588,46976,407,
s876817406,p02936,u968638278,1567858331,Python,Python (3.4.3),py,Runtime Error,669,18944,448,
s092397150,p02936,u843954136,1567851862,C++,C++14 (GCC 5.4.1),cpp,Accepted,140,15604,895,
s204612094,p02936,u480117549,1567832173,C++,C++14 (GCC 5.4.1),cpp,Accepted,131,23552,805,
s432177867,p02936,u480117549,1567832112,C++,C++14 (GCC 5.4.1),cpp,Wrong Answer,116,23552,781,
s848548437,p02936,u086056891,1567826713,Python,Python (3.4.3),py,Accepted,1704,56080,548,
s042279049,p02936,u591914971,1567824475,C++,C++14 (Clang 3.8.0),cpp,Accepted,1080,24576,1002,
s577932567,p02936,u989345508,1567822345,Python,Python (3.4.3),py,Time Limit Exceeded,2107,66248,745,
s432432323,p02936,u764569828,1567820422,Python,Python (3.4.3),py,Accepted,1234,66996,648,
s094493415,p02936,u764569828,1567820317,Python,Python (3.4.3),py,Accepted,1895,66996,607,
s751400491,p02936,u978519204,1567820274,C++,C++14 (GCC 5.4.1),cpp,Accepted,133,17904,883,
s949496052,p02936,u764569828,1567820165,Python,Python (3.4.3),py,Runtime Error,18,3064,650,
s668894820,p02936,u764569828,1567820109,Python,Python (3.4.3),py,Time Limit Exceeded,2106,66996,612,
s836009341,p02936,u978519204,1567820047,C++,C++14 (GCC 5.4.1),cpp,Wrong Answer,113,14976,863,
s566629910,p02936,u764569828,1567819950,Python,Python (3.4.3),py,Time Limit Exceeded,2120,268360,591,
s145521429,p02936,u764569828,1567819802,Python,PyPy3 (2.4.0),py,Time Limit Exceeded,2126,355064,591,
s508234251,p02936,u764569828,1567819684,Python,PyPy3 (2.4.0),py,Accepted,1848,117064,883,
s207395332,p02936,u764569828,1567819415,Python,PyPy3 (2.4.0),py,Wrong Answer,2110,174152,847,
s750060292,p02936,u764569828,1567818925,Python,PyPy3 (2.4.0),py,Runtime Error,1955,130508,788,
s421931935,p02936,u764569828,1567818535,Python,Python (3.4.3),py,Accepted,1642,268456,782,
s410377008,p02936,u764569828,1567818481,Python,Python (3.4.3),py,Runtime Error,1753,52320,668,
s639876467,p02936,u764569828,1567818328,Python,Python (3.4.3),py,Runtime Error,1824,52364,655,
s719580904,p02936,u764569828,1567816746,Python,Python (3.4.3),py,Runtime Error,1566,45092,626,
s885367426,p02936,u320896631,1567815657,C++,C++14 (GCC 5.4.1),cpp,Accepted,377,25472,557,
s559993161,p02936,u320896631,1567815555,C++,C++14 (GCC 5.4.1),cpp,Compile Error,,,476,
s058708486,p02936,u413165887,1567814783,Python,Python (3.4.3),py,Runtime Error,1743,63276,585,
s428284259,p02936,u413165887,1567814571,Python,Python (3.4.3),py,Runtime Error,1752,63276,573,
s731259217,p02936,u413165887,1567814450,Python,Python (3.4.3),py,Runtime Error,1772,53836,554,
s853993483,p02936,u413165887,1567814124,Python,Python (3.4.3),py,Runtime Error,1707,49324,484,
s291568930,p02936,u802905102,1567813419,C++,C++14 (GCC 5.4.1),cpp,Accepted,315,22528,1263,
s065555784,p02936,u802905102,1567813378,C++,C++14 (GCC 5.4.1),cpp,Compile Error,,,1094,
s393859358,p02936,u802905102,1567813001,C++,C++14 (GCC 5.4.1),cpp,Wrong Answer,284,22528,1233,
s380066474,p02936,u802905102,1567811524,C++,C++14 (GCC 5.4.1),cpp,Wrong Answer,2103,5376,1227,
s931354721,p02936,u764569828,1567810022,Python,Python (3.4.3),py,Wrong Answer,1973,65272,773,
s977682867,p02936,u764569828,1567809038,Python,Python (3.4.3),py,Wrong Answer,1734,65272,637,
s841840593,p02936,u374929478,1567808362,C++,C++14 (GCC 5.4.1),cpp,Wrong Answer,248,6912,597,
s935738157,p02936,u374929478,1567808332,C++,C++14 (GCC 5.4.1),cpp,Compile Error,,,566,
s421783419,p02936,u374929478,1567808264,C++,C++14 (GCC 5.4.1),cpp,Wrong Answer,249,4608,599,
s922462072,p02936,u764569828,1567808251,Python,Python (3.4.3),py,Runtime Error,1739,70280,580,
s566081422,p02936,u764569828,1567807740,Python,Python (3.4.3),py,Runtime Error,2106,56092,550,
s067479131,p02936,u214712859,1567807112,C++,C++14 (GCC 5.4.1),cpp,Wrong Answer,2106,47616,943,
s828393497,p02936,u764569828,1567806715,Python,Python (3.4.3),py,Runtime Error,2107,56092,516,
s334897579,p02936,u986276444,1567806556,C++,C++14 (GCC 5.4.1),cpp,Accepted,430,22640,1275,
s440080040,p02936,u040599127,1567805938,D,D (DMD64 v2.070.1),d,Accepted,504,54396,1371,
s600272019,p02936,u592944963,1567794832,Python,Python (3.4.3),py,Runtime Error,2106,88068,451,
s669281121,p02936,u874885251,1567793661,Python,Python (3.4.3),py,Runtime Error,1420,65096,769,
s759419488,p02936,u814608389,1567789978,Python,Python (3.4.3),py,Wrong Answer,1371,44380,331,
s233468211,p02936,u824237520,1567782339,C++,C++14 (GCC 5.4.1),cpp,Accepted,363,23424,1206,
s611024416,p02936,u824237520,1567782089,C++,C++14 (GCC 5.4.1),cpp,Runtime Error,99,2560,1206,
s591645324,p02936,u815863697,1567781020,C++,C++14 (GCC 5.4.1),cpp,Wrong Answer,617,7808,1320,
s412352921,p02936,u815863697,1567780885,C++,C++14 (GCC 5.4.1),cpp,Wrong Answer,630,7808,1308,
s027266671,p02936,u815863697,1567779717,C++,C++14 (GCC 5.4.1),cpp,Wrong Answer,624,7808,1040,
s555054927,p02936,u814608389,1567779256,Python,Python (3.4.3),py,Runtime Error,2106,82952,475,
s498384960,p02936,u989345508,1567776981,Python,Python (3.4.3),py,Wrong Answer,2107,62688,1233,
s243255093,p02936,u989345508,1567776812,Python,Python (3.4.3),py,Wrong Answer,2107,63896,660,
s373061975,p02936,u989345508,1567776748,Python,Python (3.4.3),py,Runtime Error,17,3064,754,
s377310649,p02936,u989345508,1567776279,Python,Python (3.4.3),py,Time Limit Exceeded,2107,62688,761,
s144968557,p02936,u809967037,1567774982,C++,C++14 (GCC 5.4.1),cpp,Accepted,430,24320,2192,
s889778469,p02936,u989345508,1567774628,Python,Python (3.4.3),py,Time Limit Exceeded,2107,62680,737,
s876777395,p02936,u989345508,1567774315,Python,Python (3.4.3),py,Wrong Answer,1526,62704,598,
s822032214,p02936,u732304692,1567771380,OCaml,OCaml (4.02.3),ml,Accepted,317,36224,517,
s762215203,p02936,u732304692,1567769606,OCaml,OCaml (4.02.3),ml,Accepted,351,45308,595,
s077055955,p02936,u200215998,1567749466,C++,C++14 (GCC 5.4.1),cpp,Accepted,128,22784,2558,
s208181581,p02936,u200215998,1567748955,C++,C++14 (GCC 5.4.1),cpp,Wrong Answer,105,14976,2431,
s787058906,p02936,u486065927,1567747968,Python,Python (3.4.3),py,Wrong Answer,1773,69520,362,
s350880871,p02936,u486065927,1567747411,Python,Python (3.4.3),py,Wrong Answer,1635,51416,334,
s607877329,p02936,u486065927,1567746776,Python,Python (3.4.3),py,Wrong Answer,2109,51416,343,
s410337965,p02936,u486065927,1567746225,Python,Python (3.4.3),py,Wrong Answer,2109,51420,356,
s106791374,p02936,u399527088,1567746122,C++,C++14 (GCC 5.4.1),cpp,Accepted,310,43520,2607,
s645691883,p02936,u486065927,1567745624,Python,Python (3.4.3),py,Wrong Answer,2110,54468,549,
s666053759,p02936,u486065927,1567745392,Python,Python (3.4.3),py,Wrong Answer,2111,81376,571,
s042807133,p02936,u486065927,1567745241,Python,Python (3.4.3),py,Wrong Answer,2114,81380,577,
s416312045,p02936,u699826748,1567743824,C++,C++14 (GCC 5.4.1),cpp,Accepted,102,13312,623,
s290940317,p02936,u772311880,1567743295,Python,Python (3.4.3),py,Wrong Answer,1462,68500,663,
s908771405,p02936,u772311880,1567743094,Python,Python (3.4.3),py,Wrong Answer,1406,68496,549,
s829891762,p02936,u772311880,1567743068,Python,Python (3.4.3),py,Runtime Error,17,3064,637,
s816104985,p02936,u772311880,1567742850,Python,Python (3.4.3),py,Wrong Answer,1336,64780,713,
s551222053,p02936,u342051078,1567742680,C++,C++14 (GCC 5.4.1),cpp,Accepted,293,17904,1746,
s838768588,p02936,u409962311,1567741713,Java,Java8 (OpenJDK 1.8.0),java,Wrong Answer,1863,173720,1065,
s106666718,p02936,u409962311,1567741551,Java,Java8 (OpenJDK 1.8.0),java,Wrong Answer,1887,174144,1168,
s437041943,p02936,u409962311,1567741355,Java,Java8 (OpenJDK 1.8.0),java,Wrong Answer,1891,171960,1063,
s435894380,p02936,u185896732,1567740966,Python,Python (3.4.3),py,Accepted,1609,268464,721,
s808549768,p02936,u669950745,1567740518,C++,C++14 (GCC 5.4.1),cpp,Accepted,139,25856,953,
s336201082,p02936,u409962311,1567740506,Java,Java8 (OpenJDK 1.8.0),java,Wrong Answer,1522,160836,1038,
s829120647,p02936,u054501336,1567740385,C++,C++14 (GCC 5.4.1),cpp,Wrong Answer,419,25964,1145,
s522050036,p02936,u054501336,1567740330,C++,C++14 (GCC 5.4.1),cpp,Accepted,334,28928,1220,
s477331633,p02936,u409962311,1567740203,Java,Java8 (OpenJDK 1.8.0),java,Wrong Answer,2109,157172,896,
s700167143,p02936,u054501336,1567740083,C++,C++14 (GCC 5.4.1),cpp,Wrong Answer,285,28928,1192,
s982135563,p02936,u054501336,1567739911,C++,C++14 (GCC 5.4.1),cpp,Runtime Error,358,16000,1189,
s381225257,p02936,u409962311,1567739876,Java,Java8 (OpenJDK 1.8.0),java,Wrong Answer,2109,158508,863,
s082727695,p02936,u164551938,1567739818,Python,Python (3.4.3),py,Accepted,1738,56060,435,
s811850623,p02936,u669950745,1567739552,C++,C++14 (GCC 5.4.1),cpp,Wrong Answer,127,22784,938,
s360027913,p02936,u409962311,1567739537,Java,Java8 (OpenJDK 1.8.0),java,Wrong Answer,2110,156268,850,
s334043125,p02936,u409962311,1567739258,Java,Java8 (OpenJDK 1.8.0),java,Wrong Answer,2109,159220,848,
s563920907,p02936,u409962311,1567739146,Java,Java8 (OpenJDK 1.8.0),java,Wrong Answer,2113,157628,829,
s911019617,p02936,u669950745,1567739072,C++,C++14 (GCC 5.4.1),cpp,Wrong Answer,120,25856,936,
s308904613,p02936,u409962311,1567738807,Java,Java8 (OpenJDK 1.8.0),java,Wrong Answer,2109,157576,977,
s663790096,p02936,u008582165,1567738803,C++,C++14 (GCC 5.4.1),cpp,Accepted,655,27392,1168,
s139617699,p02936,u054501336,1567738749,C++,C++14 (GCC 5.4.1),cpp,Compile Error,,,1246,
s538560143,p02936,u008582165,1567738699,C++,C++14 (GCC 5.4.1),cpp,Runtime Error,288,13440,1149,
s562424167,p02936,u409962311,1567738513,Java,Java8 (OpenJDK 1.8.0),java,Wrong Answer,2109,157068,970,
s346413401,p02936,u669950745,1567738372,C++,C++14 (GCC 5.4.1),cpp,Wrong Answer,125,24320,955,
s817232357,p02936,u054501336,1567738368,C++,C++14 (GCC 5.4.1),cpp,Runtime Error,97,2304,1242,
s957203253,p02936,u772311880,1567737986,Python,Python (3.4.3),py,Runtime Error,1522,67336,813,
s307242573,p02936,u127890024,1567736933,C++,C++14 (GCC 5.4.1),cpp,Wrong Answer,421,67968,924,
s224312447,p02936,u054501336,1567736286,C++,C++14 (GCC 5.4.1),cpp,Wrong Answer,356,26604,1123,
s834537667,p02936,u409962311,1567735905,Java,Java8 (OpenJDK 1.8.0),java,Runtime Error,1597,1021604,1502,
s532183575,p02936,u666683460,1567735517,C++,C++14 (GCC 5.4.1),cpp,Accepted,668,23552,1848,
s068254961,p02936,u963903527,1567735454,C++,C++14 (GCC 5.4.1),cpp,Accepted,303,24320,674,
s978694029,p02936,u409962311,1567734427,Java,Java8 (OpenJDK 1.8.0),java,Runtime Error,1623,1021876,1447,
s311586052,p02936,u409962311,1567731549,Java,Java8 (OpenJDK 1.8.0),java,Compile Error,,,1511,
s998089473,p02936,u409962311,1567731370,Java,Java8 (OpenJDK 1.8.0),java,Runtime Error,1541,1023196,1517,
s809914397,p02936,u409962311,1567731316,Java,Java8 (OpenJDK 1.8.0),java,Runtime Error,1558,1023016,1507,
s191415581,p02936,u409962311,1567731276,Java,Java8 (OpenJDK 1.8.0),java,Wrong Answer,951,158060,1507,
s817918447,p02936,u409962311,1567731251,Java,Java8 (OpenJDK 1.8.0),java,Compile Error,,,1509,
s011155453,p02936,u409962311,1567731222,Java,Java8 (OpenJDK 1.8.0),java,Runtime Error,1532,1023004,1506,
s754437140,p02936,u028302014,1567730715,C++,C++14 (GCC 5.4.1),cpp,Accepted,142,24320,777,
s900906866,p02936,u325704929,1567727377,Python,Python (3.4.3),py,Accepted,1700,280760,980,
s645097180,p02936,u325704929,1567727063,Python,Python (3.4.3),py,Runtime Error,1811,277240,983,
s609526847,p02936,u008582165,1567726322,C++,C++14 (GCC 5.4.1),cpp,Accepted,668,27392,1171,
s240484003,p02936,u772311880,1567724820,Python,Python (3.4.3),py,Runtime Error,1377,67452,779,
s231489428,p02936,u772311880,1567724175,Python,Python (3.4.3),py,Runtime Error,1471,71172,797,
s781515612,p02936,u008229752,1567722902,C++,C++14 (Clang 3.8.0),cpp,Accepted,738,24320,1310,
s695025794,p02936,u858520692,1567722778,C++,C++14 (GCC 5.4.1),cpp,Wrong Answer,124,17280,767,
s565801159,p02936,u008229752,1567721678,C++,C++14 (Clang 3.8.0),cpp,Time Limit Exceeded,2105,34560,1465,
s939453850,p02936,u191874006,1567721089,Python,Python (3.4.3),py,Accepted,1862,237684,837,
s040324149,p02936,u191874006,1567721038,Python,PyPy3 (2.4.0),py,Time Limit Exceeded,2151,773624,837,
s076412507,p02936,u191874006,1567720763,Python,PyPy3 (2.4.0),py,Time Limit Exceeded,2145,683876,1148,
s486537606,p02936,u191874006,1567720155,Python,Python (3.4.3),py,Time Limit Exceeded,2116,224596,1174,
s463221419,p02936,u164551938,1567719587,Python,Python (3.4.3),py,Runtime Error,2106,46276,408,
s027605987,p02936,u164551938,1567719470,Python,Python (3.4.3),py,Runtime Error,2106,46276,407,
s141035134,p02936,u824956430,1567717686,Java,Java8 (OpenJDK 1.8.0),java,Wrong Answer,2111,315716,1249,
s605702661,p02936,u824956430,1567717286,Java,Java8 (OpenJDK 1.8.0),java,Wrong Answer,2110,434292,1234,
s778460200,p02936,u824956430,1567716350,Java,Java8 (OpenJDK 1.8.0),java,Runtime Error,2105,180536,1227,
s243312128,p02936,u181343932,1567714583,C#,C# (Mono 4.6.2.0),cs,Accepted,1171,64356,2971,
s615297753,p02936,u181343932,1567713470,C#,C# (Mono 4.6.2.0),cs,Wrong Answer,1165,64100,2183,
s685094742,p02936,u474016796,1567711786,C++,C++14 (GCC 5.4.1),cpp,Accepted,332,27392,1550,
s185591972,p02936,u989345508,1567711755,Python,Python (3.4.3),py,Time Limit Exceeded,2107,61636,1021,
s363725815,p02936,u926025622,1567709323,C++,C++14 (GCC 5.4.1),cpp,Wrong Answer,247,3968,437,
s574333572,p02936,u750783400,1567708961,Python,PyPy3 (2.4.0),py,Wrong Answer,1914,131448,942,
s896464135,p02936,u750783400,1567707455,Python,PyPy3 (2.4.0),py,Wrong Answer,1898,131448,939,
s455070443,p02936,u414665384,1567706707,Java,Java8 (OpenJDK 1.8.0),java,Accepted,1738,209984,1071,
s854700293,p02936,u989345508,1567706625,Python,Python (3.4.3),py,Runtime Error,1623,63184,634,
s046812962,p02936,u414665384,1567705927,Java,Java8 (OpenJDK 1.8.0),java,Time Limit Exceeded,2110,378604,1035,
s703673424,p02936,u989345508,1567705888,Python,Python (3.4.3),py,Wrong Answer,2108,61620,1182,
s890494595,p02936,u989345508,1567705862,Python,Python (3.4.3),py,Time Limit Exceeded,2107,61976,1174,
s270645497,p02936,u989345508,1567703476,Python,Python (3.4.3),py,Runtime Error,17,3064,546,
s963708373,p02936,u989345508,1567702266,Python,Python (3.4.3),py,Time Limit Exceeded,2108,61128,633,
s187407878,p02936,u989345508,1567700396,Python,Python (3.4.3),py,Wrong Answer,2107,55388,1029,
s333199903,p02936,u989345508,1567700329,Python,Python (3.4.3),py,Time Limit Exceeded,2111,55360,1020,
s279229340,p02936,u989345508,1567700257,Python,Python (3.4.3),py,Time Limit Exceeded,2108,53480,1061,
s019584235,p02936,u989345508,1567699766,Python,Python (3.4.3),py,Wrong Answer,2107,55380,966,
s508109697,p02936,u989345508,1567699637,Python,Python (3.4.3),py,Time Limit Exceeded,2107,55388,957,
s464366338,p02936,u191874006,1567699259,Python,PyPy3 (2.4.0),py,Wrong Answer,2158,888000,1156,
s980394598,p02936,u989345508,1567699115,Python,Python (3.4.3),py,Wrong Answer,2107,55316,1140,
s473895429,p02936,u989345508,1567698952,Python,Python (3.4.3),py,Time Limit Exceeded,2109,55352,1131,
s085418786,p02936,u968638278,1567690645,Python,Python (3.4.3),py,Runtime Error,17,3064,414,
s778246186,p02936,u039805629,1567689390,C++,C++14 (Clang 3.8.0),cpp,Accepted,186,17520,2333,
s236292133,p02936,u215268883,1567663740,C++,C++14 (GCC 5.4.1),cpp,Time Limit Exceeded,2222,1483796,720,
s643749818,p02936,u215268883,1567662681,C++,C++14 (GCC 5.4.1),cpp,Time Limit Exceeded,2225,1560168,692,
s513201750,p02936,u800591358,1567658717,C#,C# (Mono 4.6.2.0),cs,Wrong Answer,667,59116,4541,
s933272830,p02936,u772311880,1567658587,Python,Python (3.4.3),py,Runtime Error,1428,95108,869,
s501845795,p02936,u772311880,1567658108,Python,Python (3.4.3),py,Runtime Error,1317,95116,818,
s135584530,p02936,u772311880,1567658002,Python,Python (3.4.3),py,Runtime Error,1366,95112,780,
s213007394,p02936,u679951803,1567656940,C,C (GCC 5.4.1),c,Wrong Answer,2104,19948,2266,
s819174718,p02936,u679951803,1567656779,C,C (GCC 5.4.1),c,Wrong Answer,124,15356,2218,
s227915521,p02936,u401452016,1567656718,Python,Python (3.4.3),py,Accepted,1897,351060,508,
s094832724,p02936,u679951803,1567656422,C,C (GCC 5.4.1),c,Wrong Answer,2104,19968,2100,
s580890217,p02936,u679951803,1567655202,C,C (GCC 5.4.1),c,Wrong Answer,2104,22784,2134,
s468568712,p02936,u379841945,1567650879,C++,C++14 (GCC 5.4.1),cpp,Accepted,160,28800,1231,
s450489519,p02936,u127890024,1567650374,C++,C++14 (GCC 5.4.1),cpp,Wrong Answer,2106,55424,1201,
s697437315,p02936,u127890024,1567649878,C++,C++14 (GCC 5.4.1),cpp,Wrong Answer,2106,37760,1102,
s465076022,p02936,u127890024,1567649060,C++,C++14 (GCC 5.4.1),cpp,Wrong Answer,2106,34560,1091,
s953812852,p02936,u760868074,1567647886,Rust,Rust (1.15.1),rs,Accepted,220,39036,4671,
s055416987,p02936,u379841945,1567647771,C++,C++14 (GCC 5.4.1),cpp,Time Limit Exceeded,2104,25216,1611,
s290333419,p02936,u410118019,1567645498,Python,Python (3.4.3),py,Accepted,1734,161756,594,
s161340056,p02936,u423143252,1567643757,C++,C++14 (GCC 5.4.1),cpp,Accepted,142,23424,1456,
s920294268,p02936,u325704929,1567643607,Python,Python (3.4.3),py,Time Limit Exceeded,2126,277240,1015,
s290399079,p02936,u325704929,1567643432,Python,Python (3.4.3),py,Wrong Answer,2121,275640,1111,
s510027027,p02936,u989345508,1567642514,Python,Python (3.4.3),py,Runtime Error,1709,56032,1819,
s408925373,p02936,u325704929,1567636639,Python,Python (3.4.3),py,Wrong Answer,2118,236956,932,
s725658368,p02936,u095021077,1567633252,Python,Python (3.4.3),py,Wrong Answer,1566,122208,317,
s158635530,p02936,u095021077,1567633174,Python,Python (3.4.3),py,Runtime Error,1474,107232,297,
s195152680,p02936,u689442090,1567632345,C++,C++14 (GCC 5.4.1),cpp,Accepted,353,28024,1187,
s878186216,p02936,u730476362,1567631703,C++,C++14 (GCC 5.4.1),cpp,Wrong Answer,265,13312,1446,
s545303570,p02936,u989345508,1567630817,Python,Python (3.4.3),py,Runtime Error,1695,55904,1820,
s779429921,p02936,u989345508,1567629844,Python,Python (3.4.3),py,Runtime Error,1716,55908,488,
s096899429,p02936,u989345508,1567627570,Python,Python (3.4.3),py,Wrong Answer,1691,58728,357,
s603298783,p02936,u687044304,1567627323,Python,Python (3.4.3),py,Accepted,1609,268404,1018,
s903367338,p02936,u687044304,1567627049,Python,Python (3.4.3),py,Accepted,1955,350252,586,
s024470560,p02936,u687044304,1567626977,Python,PyPy3 (2.4.0),py,Time Limit Exceeded,2122,302456,997,
s868410799,p02936,u687044304,1567626877,Python,Python (3.4.3),py,Time Limit Exceeded,2122,272700,997,
s393349488,p02936,u210310992,1567626760,Python,Python (3.4.3),py,Accepted,1124,73444,1109,
s050873620,p02936,u210310992,1567626378,Python,Python (3.4.3),py,Time Limit Exceeded,2030,271792,910,
s689037177,p02936,u210310992,1567626194,Python,PyPy3 (2.4.0),py,Time Limit Exceeded,2141,599416,910,
s254703181,p02936,u210310992,1567625832,Python,PyPy3 (2.4.0),py,Runtime Error,1064,120140,896,
s701739197,p02936,u989345508,1567624497,Python,Python (3.4.3),py,Wrong Answer,1963,69588,305,
s539841366,p02936,u989345508,1567624232,Python,Python (3.4.3),py,Wrong Answer,1837,63576,393,
s235010232,p02936,u989345508,1567624054,Python,Python (3.4.3),py,Wrong Answer,2110,111000,373,
s516147061,p02936,u657913472,1567624007,Julia,Julia (0.5.0),jl,Accepted,1839,349968,412,
s968676166,p02936,u657913472,1567623973,Julia,Julia (0.5.0),jl,Time Limit Exceeded,2113,204696,386,
s766094871,p02936,u989345508,1567623785,Python,Python (3.4.3),py,Wrong Answer,2109,110996,406,
s371851491,p02936,u989345508,1567623679,Python,Python (3.4.3),py,Wrong Answer,1973,109736,1423,
s287969128,p02936,u419330815,1567622036,C++,C++14 (GCC 5.4.1),cpp,Accepted,318,15604,1099,
s495052749,p02936,u419330815,1567621658,Scala,Scala (2.11.7),scala,Accepted,1971,143556,797,
s975213982,p02936,u419330815,1567621299,C++,C++14 (Clang 3.8.0),cpp,Runtime Error,745,19168,1309,
s786452491,p02936,u912294434,1567616896,C++,C++14 (GCC 5.4.1),cpp,Accepted,127,24320,1716,
s097955798,p02936,u097790401,1567606779,C#,C# (Mono 4.6.2.0),cs,Accepted,851,86408,1731,
s974742994,p02936,u365000388,1567601224,Python,PyPy3 (2.4.0),py,Wrong Answer,2109,94984,420,
s608423383,p02936,u365000388,1567600403,Python,PyPy3 (2.4.0),py,Wrong Answer,2109,94748,384,
s703394422,p02936,u365000388,1567599915,Python,PyPy3 (2.4.0),py,Wrong Answer,2109,95112,393,
s404291100,p02936,u325704929,1567590380,Python,Python (3.4.3),py,Runtime Error,1601,65892,621,
s885768012,p02936,u261263275,1567586363,C++,C++14 (GCC 5.4.1),cpp,Accepted,126,24320,751,
s165140311,p02936,u261263275,1567586252,C++,C++14 (GCC 5.4.1),cpp,Wrong Answer,125,24320,698,
s084677750,p02936,u365000388,1567571075,Python,PyPy3 (2.4.0),py,Runtime Error,1631,59352,346,
s858800556,p02936,u365000388,1567570662,Python,PyPy3 (2.4.0),py,Wrong Answer,1618,68640,350,
s288851794,p02936,u365000388,1567570549,Python,PyPy3 (2.4.0),py,Wrong Answer,2112,142740,380,
s722386326,p02936,u365000388,1567569316,Python,PyPy3 (2.4.0),py,Wrong Answer,1722,87156,382,
s215295565,p02936,u651480702,1567567734,Go,Go (1.6),go,Wrong Answer,2108,25344,970,
s570008309,p02936,u039805629,1567566163,C++,C++14 (Clang 3.8.0),cpp,Accepted,748,17520,2307,
s520381010,p02936,u039805629,1567566102,C++,C++14 (Clang 3.8.0),cpp,Accepted,761,17520,2303,
s522995860,p02936,u180407835,1567561384,Rust,Rust (1.15.1),rs,Accepted,116,54776,2484,
s400208101,p02936,u338791285,1567557856,C++,C++14 (GCC 5.4.1),cpp,Accepted,674,23552,848,
s043346624,p02936,u924516356,1567557163,C++,C++14 (GCC 5.4.1),cpp,Wrong Answer,300,27392,780,
s453282350,p02936,u623115612,1567556625,C++,C++14 (GCC 5.4.1),cpp,Accepted,319,17904,783,
s986225720,p02936,u989928804,1567556390,C++,C++14 (GCC 5.4.1),cpp,Accepted,137,25856,1892,
s537928559,p02936,u989928804,1567556344,C++,C++14 (GCC 5.4.1),cpp,Runtime Error,99,2560,1893,
s695881516,p02936,u909616675,1567554192,Python,Python (3.4.3),py,Wrong Answer,1551,45312,355,
s714454126,p02936,u909616675,1567553479,Python,Python (3.4.3),py,Wrong Answer,2106,38132,504,
s692504116,p02936,u909616675,1567552401,Python,Python (3.4.3),py,Runtime Error,1033,4596,358,
s796630231,p02936,u093922224,1567550419,C++,C++14 (GCC 5.4.1),cpp,Accepted,293,17140,2204,
s142269179,p02936,u282228874,1567550042,C++,C++14 (GCC 5.4.1),cpp,Accepted,141,25984,1227,
s048503990,p02936,u282228874,1567550006,C++,C++14 (GCC 5.4.1),cpp,Runtime Error,101,2688,1227,
s363268386,p02936,u513960802,1567548656,Java,Java8 (OpenJDK 1.8.0),java,Wrong Answer,1761,235628,1090,
s129303928,p02936,u332201621,1567547356,C++,C++14 (GCC 5.4.1),cpp,Accepted,134,21632,2385,
s566777634,p02936,u701389155,1567547190,C++,C++14 (GCC 5.4.1),cpp,Accepted,130,21888,2174,
s260564516,p02936,u857510905,1567545103,Ruby,Ruby (2.3.3),rb,Accepted,1005,38908,534,
s927402262,p02936,u857510905,1567544191,Ruby,Ruby (2.3.3),rb,Wrong Answer,2114,127920,504,
s016351376,p02936,u076522215,1567544178,Java,Java8 (OpenJDK 1.8.0),java,Accepted,1175,113244,3567,
s434711187,p02936,u076522215,1567543771,Java,Java8 (OpenJDK 1.8.0),java,Accepted,1938,132568,3499,
s793205867,p02936,u359856428,1567540175,C++,C++14 (GCC 5.4.1),cpp,Accepted,656,23424,650,
s201576841,p02936,u857510905,1567539953,Ruby,Ruby (2.3.3),rb,Wrong Answer,2116,159192,579,
s179073807,p02936,u359856428,1567539873,C++,C++14 (GCC 5.4.1),cpp,Runtime Error,2117,274424,646,
s382681448,p02936,u359856428,1567539756,C++,C++14 (GCC 5.4.1),cpp,Runtime Error,2112,274424,650,
s828072096,p02936,u857510905,1567539582,Ruby,Ruby (2.3.3),rb,Wrong Answer,2117,142624,502,
s630844871,p02936,u190555868,1567537442,Java,Java8 (OpenJDK 1.8.0),java,Time Limit Exceeded,2109,205668,1507,
s920481414,p02936,u786944534,1567529445,C++,C++14 (GCC 5.4.1),cpp,Accepted,655,30464,739,
s560316888,p02936,u842633542,1567528524,Ruby,Ruby (2.3.3),rb,Accepted,1049,50684,562,
s716820048,p02936,u786944534,1567528451,C++,C++14 (GCC 5.4.1),cpp,Wrong Answer,636,24320,653,
s658690838,p02936,u786944534,1567528372,C++,C++14 (GCC 5.4.1),cpp,Wrong Answer,694,23424,654,
s770132454,p02936,u786944534,1567528280,C++,C++14 (GCC 5.4.1),cpp,Wrong Answer,705,23296,653,
s857618441,p02936,u786944534,1567527845,C++,C++14 (GCC 5.4.1),cpp,Wrong Answer,2104,21376,637,
s202246185,p02936,u405010758,1567524476,C++,C++14 (GCC 5.4.1),cpp,Wrong Answer,2104,18944,668,
s112457422,p02936,u809967037,1567520507,C++,C++14 (GCC 5.4.1),cpp,Accepted,446,24320,2165,
s788274812,p02936,u258009780,1567511777,C++,C++14 (GCC 5.4.1),cpp,Accepted,131,26608,2162,
s374883110,p02936,u258009780,1567510951,C++,C++14 (GCC 5.4.1),cpp,Wrong Answer,118,22016,2029,
s710761207,p02936,u258009780,1567510758,C++,C++14 (GCC 5.4.1),cpp,Wrong Answer,141,22016,2009,
s435293104,p02936,u258009780,1567510390,C++,C++14 (GCC 5.4.1),cpp,Wrong Answer,2104,20224,1961,
s167856837,p02936,u423831742,1567501355,C++,C++14 (GCC 5.4.1),cpp,Accepted,136,30592,929,
s797231765,p02936,u842633542,1567501265,Ruby,Ruby (2.3.3),rb,Accepted,1041,50616,575,
s964247041,p02936,u842633542,1567500973,Ruby,Ruby (2.3.3),rb,Runtime Error,962,49788,746,
s757414745,p02936,u842633542,1567500496,Ruby,Ruby (2.3.3),rb,Wrong Answer,924,48764,628,
s223693279,p02936,u842633542,1567499995,Ruby,Ruby (2.3.3),rb,Runtime Error,1452,393440,1008,
s489301045,p02936,u842633542,1567499063,Ruby,Ruby (2.3.3),rb,Runtime Error,977,49788,615,
s182453817,p02936,u842633542,1567498872,Ruby,Ruby (2.3.3),rb,Runtime Error,1521,46264,612,
s474867396,p02936,u842633542,1567498125,Ruby,Ruby (2.3.3),rb,Runtime Error,1526,46332,600,
s986406722,p02936,u842633542,1567497742,Ruby,Ruby (2.3.3),rb,Runtime Error,1044,50424,620,
s491705355,p02936,u842633542,1567497056,Ruby,Ruby (2.3.3),rb,Runtime Error,1473,87676,622,
s745804009,p02936,u842633542,1567493574,Ruby,Ruby (2.3.3),rb,Runtime Error,1146,71288,523,
s011407469,p02936,u842633542,1567493030,Ruby,Ruby (2.3.3),rb,Runtime Error,1294,71204,544,
s333593870,p02936,u842633542,1567492483,Ruby,Ruby (2.3.3),rb,Runtime Error,1589,111568,590,
s607041701,p02936,u842633542,1567490532,Ruby,Ruby (2.3.3),rb,Runtime Error,2113,110856,554,
s448458628,p02936,u816631826,1567489088,C++,C++14 (GCC 5.4.1),cpp,Accepted,390,24448,739,
s052229239,p02936,u577528788,1567488895,C++,C++14 (GCC 5.4.1),cpp,Wrong Answer,2104,12800,854,
s606241765,p02936,u577528788,1567488354,C++,C++14 (GCC 5.4.1),cpp,Wrong Answer,2104,24960,899,
s585056024,p02936,u863370423,1567488160,C++,C++14 (GCC 5.4.1),cpp,Wrong Answer,2104,24960,899,
s465742429,p02936,u806159048,1567487865,C++,C++14 (GCC 5.4.1),cpp,Runtime Error,2546,1908,804,
s804793003,p02936,u187597169,1567487769,C++,C++14 (GCC 5.4.1),cpp,Accepted,147,29696,1053,
s557634877,p02936,u806159048,1567487686,C++,C++14 (GCC 5.4.1),cpp,Compile Error,,,792,
s017092754,p02936,u168698471,1567487448,C++,C++14 (GCC 5.4.1),cpp,Accepted,386,24448,739,
s015700789,p02936,u863370423,1567487371,Python,Python (3.4.3),py,Runtime Error,1651,45824,609,
s084383817,p02936,u168698471,1567487280,C++,C++14 (GCC 5.4.1),cpp,Wrong Answer,336,24192,753,
s697374391,p02936,u806159048,1567487222,C++,C++14 (GCC 5.4.1),cpp,Runtime Error,2578,1780,790,
s856311553,p02936,u168698471,1567487215,C++,C++14 (GCC 5.4.1),cpp,Wrong Answer,356,23936,753,
s632853401,p02936,u168698471,1567486914,C++,C++14 (GCC 5.4.1),cpp,Runtime Error,98,2560,753,
s224139326,p02936,u168698471,1567486849,C++,C++14 (GCC 5.4.1),cpp,Runtime Error,237,264704,731,
s755891010,p02936,u168698471,1567486800,C++,C++14 (GCC 5.4.1),cpp,Compile Error,,,723,
s556267897,p02936,u353919145,1567486614,Python,Python (3.4.3),py,Runtime Error,1433,60684,720,
s962111647,p02936,u863370423,1567486501,Python,Python (3.4.3),py,Runtime Error,1415,60688,690,
s571301494,p02936,u018679195,1567486069,Python,Python (3.4.3),py,Wrong Answer,1418,60680,655,
s696070023,p02936,u863370423,1567485445,Python,Python (3.4.3),py,Runtime Error,1399,60676,829,
s257329181,p02936,u503870829,1567483506,C++,C++14 (GCC 5.4.1),cpp,Accepted,297,17904,893,
s977051503,p02936,u482969053,1567483363,C++,C++14 (GCC 5.4.1),cpp,Accepted,129,24320,851,
s611311229,p02936,u503870829,1567482093,C++,C++14 (GCC 5.4.1),cpp,Wrong Answer,276,14976,866,
s979427083,p02936,u503870829,1567481924,C++,C++14 (GCC 5.4.1),cpp,Wrong Answer,296,14976,891,
s000016329,p02936,u482969053,1567480795,C++,C++14 (GCC 5.4.1),cpp,Wrong Answer,314,7296,361,
s944802302,p02936,u503870829,1567480537,C++,C++14 (GCC 5.4.1),cpp,Wrong Answer,285,14976,893,
s591763500,p02936,u503870829,1567480353,C++,C++14 (GCC 5.4.1),cpp,Wrong Answer,2193,1534732,858,
s992122235,p02936,u089230684,1567480303,C++,C++14 (GCC 5.4.1),cpp,Accepted,312,27392,819,
s640138156,p02936,u503870829,1567480161,C++,C++14 (GCC 5.4.1),cpp,Runtime Error,2192,1509916,856,
s520612676,p02936,u503870829,1567480113,C++,C++14 (GCC 5.4.1),cpp,Compile Error,,,854,
s072260919,p02936,u314008046,1567477049,C++,C++14 (GCC 5.4.1),cpp,Accepted,305,25892,1124,
s260197324,p02936,u806159048,1567476846,C++,C++14 (GCC 5.4.1),cpp,Runtime Error,3626,1780,786,
s460405177,p02936,u806159048,1567476691,C++,C++14 (GCC 5.4.1),cpp,Runtime Error,2524,1780,788,
s450109711,p02936,u154756110,1567474711,C++,C++14 (GCC 5.4.1),cpp,Accepted,295,24320,887,
s249008829,p02936,u154756110,1567474475,C++,C++14 (GCC 5.4.1),cpp,Accepted,299,24320,912,
s041717589,p02936,u422633119,1567471742,C++,C++14 (GCC 5.4.1),cpp,Accepted,373,26624,578,
s922140996,p02936,u325704929,1567471486,Python,Python (3.4.3),py,Runtime Error,2109,100772,712,
s546333507,p02936,u127630289,1567467777,Ruby,Ruby (2.3.3),rb,Runtime Error,2115,118268,482,
s019482899,p02936,u151724181,1567461004,Nim,Nim (0.13.0),nim,Accepted,386,25728,16707,
s113365999,p02936,u913444337,1567460956,Ruby,Ruby (2.3.3),rb,Accepted,1227,49020,502,
s833769611,p02936,u151724181,1567460924,Nim,Nim (0.13.0),nim,Accepted,424,25856,16664,
s331827428,p02936,u151724181,1567460803,Nim,Nim (0.13.0),nim,Wrong Answer,372,25456,16596,
s384905357,p02936,u151724181,1567460610,Nim,Nim (0.13.0),nim,Wrong Answer,379,24064,16492,
s197495433,p02936,u151724181,1567459935,C++,C++14 (GCC 5.4.1),cpp,Accepted,301,20980,877,
s298260322,p02936,u151724181,1567459902,C++,C++14 (Clang 3.8.0),cpp,Compile Error,,,876,
s774145428,p02936,u151724181,1567459383,Nim,Nim (0.13.0),nim,Wrong Answer,180,25088,16548,
s485548133,p02936,u151724181,1567458597,Nim,Nim (0.13.0),nim,Wrong Answer,413,26168,16500,
s141513498,p02936,u946810083,1567457955,C,C (GCC 5.4.1),c,Accepted,182,16428,1085,
s712026363,p02936,u946810083,1567457773,C,C (GCC 5.4.1),c,Wrong Answer,182,16428,1072,
s551524768,p02936,u946810083,1567457164,C,C (GCC 5.4.1),c,Wrong Answer,174,11132,1081,
s427189198,p02936,u921178362,1567456101,Python,PyPy3 (2.4.0),py,Runtime Error,2110,101708,446,
s913936398,p02936,u037098269,1567448965,C++,C++14 (GCC 5.4.1),cpp,Accepted,654,23552,675,
s944873177,p02936,u125647284,1567444354,C++,C++14 (GCC 5.4.1),cpp,Accepted,152,30592,1134,
s334216182,p02936,u125647284,1567444290,C++,C++14 (GCC 5.4.1),cpp,Wrong Answer,118,27392,1081,
s571341252,p02936,u125647284,1567443361,C++,C++14 (GCC 5.4.1),cpp,Wrong Answer,2105,26496,1025,
s274566968,p02936,u125647284,1567442914,C++,C++14 (GCC 5.4.1),cpp,Wrong Answer,2104,21376,1026,
s036876672,p02936,u396824275,1567437804,Python,PyPy3 (2.4.0),py,Wrong Answer,2110,123792,491,
s943763207,p02936,u396824275,1567435581,Python,PyPy3 (2.4.0),py,Wrong Answer,1748,118488,597,
s284955466,p02936,u801608329,1567433907,C++,C++14 (GCC 5.4.1),cpp,Accepted,145,20608,759,
s810965287,p02936,u801608329,1567433607,C++,C++14 (GCC 5.4.1),cpp,Wrong Answer,120,21120,581,
s736294515,p02936,u801608329,1567433310,C++,C++14 (GCC 5.4.1),cpp,Wrong Answer,128,20352,556,
s877875893,p02936,u065025264,1567433131,Python,PyPy3 (2.4.0),py,Runtime Error,1855,128460,748,
s864610897,p02936,u065025264,1567431911,Python,PyPy3 (2.4.0),py,Wrong Answer,1864,123584,727,
s311922087,p02936,u598710706,1567430172,C++,C++14 (GCC 5.4.1),cpp,Accepted,347,44544,952,
s324631906,p02936,u598710706,1567429546,C++,C++14 (GCC 5.4.1),cpp,Wrong Answer,293,30464,709,
s131201122,p02936,u598710706,1567429270,C++,C++14 (GCC 5.4.1),cpp,Wrong Answer,293,27392,710,
s808208423,p02936,u598710706,1567428771,C++,C++14 (GCC 5.4.1),cpp,Accepted,325,67712,1839,
s732679023,p02936,u598710706,1567428608,C++,C++14 (GCC 5.4.1),cpp,Wrong Answer,318,24320,596,
s679528421,p02936,u294397492,1567425243,C++,C++14 (GCC 5.4.1),cpp,Accepted,316,67712,1840,
s453822767,p02936,u415905784,1567412647,Python,Python (3.4.3),py,Accepted,1992,74776,496,
s381245731,p02936,u415905784,1567412336,Python,PyPy3 (2.4.0),py,Time Limit Exceeded,2110,112076,462,
s372187104,p02936,u415905784,1567412271,Python,Python (3.4.3),py,Time Limit Exceeded,2107,73240,462,
s920062620,p02936,u338847482,1567410917,C++,C++14 (GCC 5.4.1),cpp,Accepted,137,24192,635,
s648474603,p02936,u262602763,1567401565,C++,C++14 (GCC 5.4.1),cpp,Runtime Error,400,3968,430,
s216979837,p02936,u380762346,1567401125,C++,C++14 (GCC 5.4.1),cpp,Accepted,143,25856,2059,
s838315126,p02936,u089230684,1567401068,C++,C++14 (GCC 5.4.1),cpp,Accepted,134,25856,2059,
s365754073,p02936,u420194640,1567399883,Python,Python (3.4.3),py,Runtime Error,151,12500,875,
s573761580,p02936,u420194640,1567399673,Python,Python (3.4.3),py,Runtime Error,149,12500,862,
s824520548,p02936,u480806810,1567398726,Rust,Rust (1.15.1),rs,Accepted,297,33276,1364,
s643083577,p02936,u480806810,1567398700,C++,C++14 (GCC 5.4.1),cpp,Compile Error,,,1364,
s660381512,p02936,u058568575,1567397640,Ruby,Ruby (2.3.3),rb,Accepted,1731,68676,900,
s804809606,p02936,u058568575,1567396896,Ruby,Ruby (2.3.3),rb,Runtime Error,1618,59772,813,
s088516290,p02936,u033542583,1567396641,JavaScript,JavaScript (node.js v5.12),js,Runtime Error,859,123260,1228,
s312662124,p02936,u018679195,1567396499,C++,C++14 (GCC 5.4.1),cpp,Accepted,269,38016,3339,
s620464270,p02936,u380762346,1567396390,C++,C++14 (GCC 5.4.1),cpp,Accepted,264,38016,3339,
s590356349,p02936,u058568575,1567396120,Ruby,Ruby (2.3.3),rb,Runtime Error,1227,62460,684,
s315775932,p02936,u380762346,1567395998,C++,C++14 (GCC 5.4.1),cpp,Wrong Answer,269,33024,3270,
s550055725,p02936,u058568575,1567395934,Ruby,Ruby (2.3.3),rb,Runtime Error,1283,62972,682,
s069232901,p02936,u058568575,1567395482,Ruby,Ruby (2.3.3),rb,Runtime Error,1235,49660,659,
s375929017,p02936,u380762346,1567395272,C++,C++14 (GCC 5.4.1),cpp,Wrong Answer,278,28672,3284,
s566143996,p02936,u332657092,1567394822,Python,PyPy3 (2.4.0),py,Runtime Error,2109,144404,789,
s942301693,p02936,u056277698,1567394474,Python,Python (3.4.3),py,Wrong Answer,2112,240240,611,
s969500275,p02936,u965602776,1567394111,C++,C++14 (GCC 5.4.1),cpp,Accepted,660,23552,755,
s994355728,p02936,u332657092,1567393976,Python,PyPy3 (2.4.0),py,Runtime Error,2111,135188,771,
s384348787,p02936,u629246993,1567393871,Python,Python (3.4.3),py,Runtime Error,1520,45172,446,
s888411369,p02936,u476482490,1567393446,Java,Java8 (OpenJDK 1.8.0),java,Accepted,1646,113124,3572,
s867924399,p02936,u476482490,1567392799,Java,Java8 (OpenJDK 1.8.0),java,Time Limit Exceeded,2110,284792,2114,
s201854992,p02936,u862714542,1567390718,Rust,Rust (1.15.1),rs,Accepted,270,27636,1557,
s628928254,p02936,u430527172,1567390239,C++,C++14 (GCC 5.4.1),cpp,Accepted,299,16372,1028,
s373583758,p02936,u599785147,1567385656,C++,C++14 (GCC 5.4.1),cpp,Accepted,138,23680,784,
s750546214,p02936,u579651661,1567385332,Java,Java8 (OpenJDK 1.8.0),java,Accepted,1867,220828,1912,
s571981886,p02936,u965602776,1567385227,C++,C++14 (GCC 5.4.1),cpp,Time Limit Exceeded,2105,32768,1137,
s660707017,p02936,u625046108,1567385206,Python,PyPy3 (2.4.0),py,Time Limit Exceeded,2111,148252,533,
s848034160,p02936,u325704929,1567385112,Python,Python (3.4.3),py,Runtime Error,2105,40680,446,
s832388106,p02936,u918601425,1567384707,Python,PyPy3 (2.4.0),py,Wrong Answer,1715,98980,270,
s261166675,p02936,u918601425,1567384523,Python,Python (3.4.3),py,Wrong Answer,1355,51804,283,
s587942442,p02936,u918601425,1567384456,Python,Python (3.4.3),py,Time Limit Exceeded,2110,94512,1449,
s566263915,p02936,u170324846,1567384392,Python,PyPy3 (2.4.0),py,Wrong Answer,1910,91340,450,
s291820681,p02936,u965602776,1567384249,C++,C++14 (GCC 5.4.1),cpp,Time Limit Exceeded,2105,27520,1461,
s766479263,p02936,u598710706,1567383487,C++,C++14 (GCC 5.4.1),cpp,Wrong Answer,287,24320,596,
s185103276,p02936,u598710706,1567383331,C++,C++14 (GCC 5.4.1),cpp,Wrong Answer,290,24320,585,
s880401476,p02936,u301030835,1567383330,C++,C++14 (GCC 5.4.1),cpp,Accepted,382,25856,775,
s673352999,p02936,u170324846,1567383203,Python,PyPy3 (2.4.0),py,Wrong Answer,2108,96460,476,
s117267712,p02936,u239087789,1567383177,C++,C++14 (GCC 5.4.1),cpp,Wrong Answer,289,15052,1033,
s975169989,p02936,u239087789,1567383159,C++,C++14 (GCC 5.4.1),cpp,Compile Error,,,1033,
s383982486,p02936,u598710706,1567383119,C++,C++14 (GCC 5.4.1),cpp,Wrong Answer,290,23424,583,
s434872451,p02936,u598710706,1567382994,C++,C++14 (GCC 5.4.1),cpp,Wrong Answer,284,23296,582,
s564814071,p02936,u598710706,1567382940,C#,C# (Mono 4.6.2.0),cs,Compile Error,,,582,
s464507298,p02936,u239087789,1567382861,C++,C++14 (GCC 5.4.1),cpp,Wrong Answer,590,15180,1024,
s398332290,p02936,u422633119,1567381696,C++,C++14 (GCC 5.4.1),cpp,Wrong Answer,314,14720,542,
s960171987,p02936,u356331749,1567381558,Java,Java8 (OpenJDK 1.8.0),java,Wrong Answer,2114,350520,1629,
s727595774,p02936,u356331749,1567381548,Java,Java8 (OpenJDK 1.8.0),java,Wrong Answer,2131,348144,1629,
s301780023,p02936,u422633119,1567381532,C++,C++14 (GCC 5.4.1),cpp,Wrong Answer,312,13952,506,
s259982416,p02936,u422633119,1567380797,C++,C++14 (GCC 5.4.1),cpp,Wrong Answer,352,13312,492,
s747682548,p02936,u422633119,1567380691,C++,C++14 (GCC 5.4.1),cpp,Compile Error,,,508,
s353263190,p02936,u354719836,1567380644,Python,Python (3.4.3),py,Runtime Error,1596,62584,549,
s904321969,p02936,u862714542,1567380144,Rust,Rust (1.15.1),rs,Wrong Answer,239,22780,1341,
s884324882,p02936,u862714542,1567380007,Rust,Rust (1.15.1),rs,Wrong Answer,610,24060,1368,
s624822312,p02936,u239087789,1567379246,C++,C++14 (GCC 5.4.1),cpp,Wrong Answer,594,15180,1020,
s364164370,p02936,u918601425,1567379200,Python,PyPy3 (2.4.0),py,Time Limit Exceeded,2111,123352,2013,
s793780446,p02936,u918601425,1567378962,Python,Python (3.4.3),py,Wrong Answer,2110,110256,2012,
s017538042,p02936,u422592877,1567378871,C++,C++14 (GCC 5.4.1),cpp,Accepted,621,35804,3125,
s487080162,p02936,u422592877,1567378720,C++,C++14 (GCC 5.4.1),cpp,Wrong Answer,569,35804,3105,
s475937901,p02936,u427344224,1567378370,C++,C++14 (GCC 5.4.1),cpp,Accepted,164,32128,1452,
s270797551,p02936,u581511366,1567378350,Python,Python (3.4.3),py,Time Limit Exceeded,2111,269716,724,
s693722175,p02936,u581511366,1567378159,Python,Python (3.4.3),py,Time Limit Exceeded,2098,269716,706,
s626534010,p02936,u581511366,1567377720,Python,Python (3.4.3),py,Time Limit Exceeded,2113,269716,679,
s973604262,p02936,u581511366,1567377544,Python,Python (3.4.3),py,Time Limit Exceeded,2114,269716,699,
s167642093,p02936,u354719836,1567377538,C++,C++14 (GCC 5.4.1),cpp,Wrong Answer,296,24320,665,
s703019510,p02936,u862714542,1567377511,Rust,Rust (1.15.1),rs,Wrong Answer,2104,26564,1366,
s097851333,p02936,u354719836,1567377409,C++,C++14 (GCC 5.4.1),cpp,Compile Error,,,678,
s216958053,p02936,u354719836,1567377350,C++,C++14 (GCC 5.4.1),cpp,Wrong Answer,297,23424,656,
s593434412,p02936,u581511366,1567377276,Python,Python (3.4.3),py,Runtime Error,1654,61752,656,
s443702605,p02936,u427344224,1567377053,C++,C++14 (GCC 5.4.1),cpp,Wrong Answer,173,28800,1419,
s479287619,p02936,u862714542,1567376728,Rust,Rust (1.15.1),rs,Wrong Answer,2104,22780,1236,
s510603813,p02936,u596082532,1567376682,C++,C++14 (GCC 5.4.1),cpp,Accepted,142,17904,1053,
s050713214,p02936,u581511366,1567376602,Python,Python (3.4.3),py,Runtime Error,1628,61740,705,
s191745062,p02936,u862714542,1567376326,Rust,Rust (1.15.1),rs,Wrong Answer,2104,22780,1236,
s978853787,p02936,u581511366,1567376218,Python,Python (3.4.3),py,Wrong Answer,1729,66972,706,
s807383979,p02936,u581511366,1567375457,Python,Python (3.4.3),py,Wrong Answer,1754,66848,703,
s384404114,p02936,u860782770,1567375350,Java,Java8 (OpenJDK 1.8.0),java,Wrong Answer,2122,390088,1354,
s207770263,p02936,u007567244,1567375127,C++,C++14 (GCC 5.4.1),cpp,Accepted,126,17140,1087,
s895066623,p02936,u862714542,1567375026,Rust,Rust (1.15.1),rs,Wrong Answer,2107,9284,1231,
s413110084,p02936,u862714542,1567374380,Rust,Rust (1.15.1),rs,Wrong Answer,2103,12356,1281,
s768703166,p02936,u622715972,1567373564,Ruby,Ruby (2.3.3),rb,Wrong Answer,2111,97988,1058,
s688008664,p02936,u862714542,1567373293,Rust,Rust (1.15.1),rs,Wrong Answer,2103,17084,1758,
s086586113,p02936,u007567244,1567372701,C++,C++14 (GCC 5.4.1),cpp,Time Limit Exceeded,2104,24192,1404,
s625483811,p02936,u937966850,1567372620,Java,Java8 (OpenJDK 1.8.0),java,Runtime Error,1161,166004,1246,
s733332586,p02936,u764744362,1567372618,C++,C++14 (GCC 5.4.1),cpp,Wrong Answer,597,27392,1123,
s706294608,p02936,u937966850,1567372336,Java,Java8 (OpenJDK 1.8.0),java,Runtime Error,1157,169776,1206,
s579000465,p02936,u680788721,1567372050,C++,C++ (GCC 5.4.1),cpp,Compile Error,,,1741,
s861886512,p02936,u354719836,1567372026,Python,Python (3.4.3),py,Runtime Error,1609,62584,549,
s277306068,p02936,u862714542,1567371922,Rust,Rust (1.15.1),rs,Wrong Answer,2103,16580,1724,
s124922460,p02936,u862714542,1567371805,Rust,Rust (1.15.1),rs,Compile Error,,,1728,
s473846963,p02936,u622715972,1567371219,Ruby,Ruby (2.3.3),rb,Time Limit Exceeded,2114,98904,1204,
s462564835,p02936,u883824971,1567371083,Ruby,Ruby (2.3.3),rb,Wrong Answer,1958,88152,541,
s908297543,p02936,u883824971,1567370929,Ruby,Ruby (2.3.3),rb,Wrong Answer,1808,88152,545,
s465320286,p02936,u883824971,1567370775,Ruby,Ruby (2.3.3),rb,Wrong Answer,1773,86488,523,
s944008106,p02936,u772816188,1567370132,Python,Python (3.4.3),py,Wrong Answer,2111,73004,848,
s423018397,p02936,u622715972,1567370123,Ruby,Ruby (2.3.3),rb,Wrong Answer,2113,95428,1173,
s462518219,p02936,u772816188,1567369625,Python,Python (3.4.3),py,Wrong Answer,2107,73056,828,
s811736145,p02936,u883824971,1567369569,Ruby,Ruby (2.3.3),rb,Runtime Error,1724,73724,303,
s201366076,p02936,u302576580,1567369473,C++,C++14 (GCC 5.4.1),cpp,Accepted,81,18048,911,
s393046877,p02936,u033542583,1567368234,JavaScript,JavaScript (node.js v5.12),js,Wrong Answer,2111,87612,1131,
s818038630,p02936,u402327305,1567368234,Python,Python (3.4.3),py,Runtime Error,2109,97180,703,
s091854263,p02936,u402327305,1567368110,Python,Python (3.4.3),py,Runtime Error,2113,97180,692,
s441836735,p02936,u402327305,1567368074,Python,Python (3.4.3),py,Runtime Error,2109,97308,691,
s064881442,p02936,u402327305,1567368030,Python,Python (3.4.3),py,Runtime Error,2108,97184,667,
s437246626,p02936,u402327305,1567367960,Python,Python (3.4.3),py,Runtime Error,2109,98852,685,
s698062256,p02936,u261532770,1567367735,C++,C++14 (GCC 5.4.1),cpp,Wrong Answer,2104,24256,650,
s376528701,p02936,u402327305,1567367680,Python,Python (3.4.3),py,Runtime Error,17,3064,669,
s070560697,p02936,u471819781,1567367371,Ruby,Ruby (2.3.3),rb,Runtime Error,2111,69752,576,
s764420453,p02936,u849073847,1567366827,C++,C++14 (GCC 5.4.1),cpp,Accepted,311,17136,795,
s024813927,p02936,u701053210,1567366106,C++,C++14 (GCC 5.4.1),cpp,Accepted,131,24320,594,
s109070400,p02936,u514612673,1567365078,C++,C++14 (GCC 5.4.1),cpp,Accepted,427,49408,1621,
s904390064,p02936,u997055883,1567364977,Java,Java8 (OpenJDK 1.8.0),java,Time Limit Exceeded,2115,213780,12122,
s837635913,p02936,u997055883,1567364904,Java,Java8 (OpenJDK 1.8.0),java,Time Limit Exceeded,2110,224080,12117,
s085932936,p02936,u936790121,1567364815,C++,C++14 (GCC 5.4.1),cpp,Accepted,269,45672,11138,
s754561717,p02936,u997055883,1567364499,Java,Java8 (OpenJDK 1.8.0),java,Wrong Answer,2111,251536,11882,
s818394842,p02936,u514612673,1567363591,C++,C++14 (GCC 5.4.1),cpp,Time Limit Exceeded,2227,2009080,1903,
s087358657,p02936,u564375731,1567362763,C++,C++14 (GCC 5.4.1),cpp,Accepted,136,32896,1577,
s177536555,p02936,u872217461,1567362067,C++,C++14 (GCC 5.4.1),cpp,Accepted,217,24832,2560,
s084442747,p02936,u961052574,1567358657,C++,C++14 (GCC 5.4.1),cpp,Accepted,662,26624,608,
s498041787,p02936,u719699113,1567358466,C++,C++14 (GCC 5.4.1),cpp,Accepted,137,21376,1199,
s835913494,p02936,u719699113,1567358155,C++,C++14 (GCC 5.4.1),cpp,Time Limit Exceeded,2104,23552,1285,
s821747469,p02936,u049931175,1567356457,C++,C++14 (GCC 5.4.1),cpp,Accepted,134,21120,654,
s965428340,p02936,u195201371,1567355765,C++,C++14 (GCC 5.4.1),cpp,Accepted,436,24320,652,
s284907935,p02936,u508077444,1567355752,C++,C++14 (GCC 5.4.1),cpp,Wrong Answer,749,37248,933,
s555290415,p02936,u508077444,1567355600,C++,C++14 (GCC 5.4.1),cpp,Wrong Answer,625,25856,931,
s202746574,p02936,u127630289,1567355358,Ruby,Ruby (2.3.3),rb,Runtime Error,2114,112764,421,
s827276494,p02936,u127630289,1567355059,Ruby,Ruby (2.3.3),rb,Runtime Error,2116,116988,425,
s881962597,p02936,u816631826,1567354169,C++,C++14 (GCC 5.4.1),cpp,Accepted,177,26752,729,
s335155355,p02936,u049931175,1567354157,C++,C++14 (GCC 5.4.1),cpp,Accepted,135,21120,719,
s825988491,p02936,u527293637,1567352064,C++,C++14 (GCC 5.4.1),cpp,Accepted,609,27136,573,
s478294875,p02936,u401452016,1567351891,Python,Python (3.4.3),py,Accepted,1895,350248,594,
s293731978,p02936,u401452016,1567351755,Python,Python (3.4.3),py,Runtime Error,1986,351228,592,
s111258982,p02936,u401452016,1567351534,Python,Python (3.4.3),py,Time Limit Exceeded,2125,351224,554,
s856082064,p02936,u401452016,1567351346,Python,Python (3.4.3),py,Runtime Error,2107,190084,559,
s896408917,p02936,u800591358,1567351002,C#,C# (Mono 4.6.2.0),cs,Wrong Answer,2110,58060,4869,
s049246907,p02936,u401452016,1567350937,Python,Python (3.4.3),py,Runtime Error,2107,157684,558,
s141764786,p02936,u729246375,1567349805,Ruby,Ruby (2.3.3),rb,Runtime Error,2115,165868,332,
s062177750,p02936,u685009987,1567349525,C++,C++14 (GCC 5.4.1),cpp,Accepted,337,25856,1084,
s802016904,p02936,u401452016,1567348939,Python,Python (3.4.3),py,Time Limit Exceeded,2117,121440,589,
s650110010,p02936,u401452016,1567348374,Python,Python (3.4.3),py,Runtime Error,2117,142500,540,
s493735259,p02936,u800591358,1567348312,C#,C# (Mono 4.6.2.0),cs,Wrong Answer,2111,83324,4901,
s083021291,p02936,u765163549,1567347983,C++,C++14 (GCC 5.4.1),cpp,Wrong Answer,324,4480,603,
s684890251,p02936,u800591358,1567347807,C#,C# (Mono 4.6.2.0),cs,Wrong Answer,2109,52668,4528,
s842847854,p02936,u482969053,1567347794,C++,C++14 (GCC 5.4.1),cpp,Wrong Answer,83,3968,642,
s879618166,p02936,u360980679,1567345952,C++,C++14 (GCC 5.4.1),cpp,Accepted,396,29184,4697,
s384704001,p02936,u631528186,1567344622,Python,Python (3.4.3),py,Accepted,1428,232216,628,
s948329430,p02936,u197038614,1567344597,Python,Python (3.4.3),py,Accepted,1790,56108,647,
s808008935,p02936,u631528186,1567344534,Python,Python (3.4.3),py,Time Limit Exceeded,2075,232256,621,
s617980582,p02936,u631528186,1567344406,Python,Python (3.4.3),py,Accepted,1533,232256,648,
s279808720,p02936,u631528186,1567344367,Python,Python (3.4.3),py,Accepted,1528,230956,614,
s231150769,p02936,u197038614,1567344188,Python,Python (3.4.3),py,Wrong Answer,1543,49828,692,
s021728986,p02936,u631528186,1567344178,Python,Python (3.4.3),py,Runtime Error,1598,52364,528,
s918075454,p02936,u100139927,1567344061,C++,C++14 (GCC 5.4.1),cpp,Accepted,366,29184,4697,
s835575362,p02936,u518574248,1567343899,C++,C++14 (GCC 5.4.1),cpp,Wrong Answer,2104,21376,606,
s620305795,p02936,u631528186,1567343874,Python,Python (3.4.3),py,Runtime Error,1587,62072,555,
s560075059,p02936,u197038614,1567343844,Python,Python (3.4.3),py,Wrong Answer,1591,49776,621,
s865753391,p02936,u518574248,1567343650,C++,C++14 (GCC 5.4.1),cpp,Runtime Error,2104,274048,607,
s552743718,p02936,u631528186,1567343497,Python,Python (3.4.3),py,Runtime Error,1520,62036,546,
s135077307,p02936,u197038614,1567342433,Python,Python (3.4.3),py,Wrong Answer,1593,49776,580,
s679980809,p02936,u197038614,1567341901,Python,Python (3.4.3),py,Wrong Answer,1585,48216,499,
s393728904,p02936,u533534705,1567333163,C++,C++14 (GCC 5.4.1),cpp,Accepted,145,18676,681,
s716476455,p02936,u596082532,1567331945,C++,C++14 (GCC 5.4.1),cpp,Wrong Answer,98,7040,883,
s806042057,p02936,u596082532,1567331882,C++,C++14 (GCC 5.4.1),cpp,Compile Error,,,794,
s841189449,p02936,u596082532,1567331075,C++,C++14 (GCC 5.4.1),cpp,Wrong Answer,94,5504,791,
s056762754,p02936,u874842623,1567329472,C++,C++14 (GCC 5.4.1),cpp,Accepted,357,25856,746,
s355583972,p02936,u024768467,1567324261,Python,PyPy3 (2.4.0),py,Accepted,1979,122508,1082,
s954072399,p02936,u024768467,1567324067,Python,PyPy3 (2.4.0),py,Runtime Error,1927,120712,1062,
s498330964,p02936,u971421535,1567324021,C++,C++14 (GCC 5.4.1),cpp,Accepted,418,25856,665,
s640704292,p02936,u971421535,1567323734,C++,C++14 (GCC 5.4.1),cpp,Wrong Answer,374,25856,660,
s921497745,p02936,u710393251,1567323559,Python,Python (3.4.3),py,Runtime Error,1581,47712,575,
s755825871,p02936,u710393251,1567322678,Python,Python (3.4.3),py,Runtime Error,1600,47720,585,
s522567322,p02936,u280802329,1567322427,C#,C# (Mono 4.6.2.0),cs,Wrong Answer,1200,42008,1272,
s389986357,p02936,u710393251,1567321351,Python,Python (3.4.3),py,Runtime Error,2106,44684,593,
s522953246,p02936,u710393251,1567320580,Python,Python (3.4.3),py,Runtime Error,2106,39184,505,
s512583175,p02936,u216392490,1567320336,Python,Python (3.4.3),py,Wrong Answer,1500,49428,426,
s638237183,p02936,u710393251,1567319903,Python,Python (3.4.3),py,Runtime Error,2106,39628,431,
s930539949,p02936,u216392490,1567319179,Python,Python (3.4.3),py,Wrong Answer,2066,224532,492,
s490655074,p02936,u216392490,1567319059,Python,Python (3.4.3),py,Runtime Error,1899,130028,492,
s161658386,p02936,u383025592,1567318987,Python,Python (3.4.3),py,Time Limit Exceeded,2111,119096,919,
s096887717,p02936,u216392490,1567318350,Python,Python (3.4.3),py,Runtime Error,2110,126940,460,
s032059686,p02936,u058252012,1567318294,C++,C++14 (GCC 5.4.1),cpp,Accepted,364,25856,685,
s675003487,p02936,u216392490,1567318208,Python,Python (3.4.3),py,Runtime Error,2110,126940,456,
s069636557,p02936,u255673886,1567316445,Python,PyPy3 (2.4.0),py,Accepted,960,120268,669,
s785952971,p02936,u280802329,1567315632,C#,C# (Mono 4.6.2.0),cs,Wrong Answer,2109,41132,1525,
s599505903,p02936,u915056276,1567315616,Rust,Rust (1.15.1),rs,Wrong Answer,2104,40388,1652,
s224000187,p02936,u255673886,1567315582,Python,PyPy3 (2.4.0),py,Time Limit Exceeded,2109,120396,720,
s232318722,p02936,u915056276,1567315417,Rust,Rust (1.15.1),rs,Wrong Answer,2104,40260,1696,
s925166127,p02936,u280802329,1567315372,C#,C# (Mono 4.6.2.0),cs,Wrong Answer,2113,43180,1510,
s164805141,p02936,u280802329,1567314854,C#,C# (Mono 4.6.2.0),cs,Wrong Answer,2109,41132,1481,
s483688665,p02936,u280802329,1567313321,C#,C# (Mono 4.6.2.0),cs,Wrong Answer,2109,38044,1627,
s424617204,p02936,u024768467,1567313190,Python,PyPy3 (2.4.0),py,Wrong Answer,2062,121100,812,
s009025521,p02936,u092278825,1567313014,Python,Python (3.4.3),py,Runtime Error,150,14420,657,
s257032810,p02936,u280802329,1567312745,C#,C# (Mono 4.6.2.0),cs,Wrong Answer,2109,39708,2237,
s180467969,p02936,u024768467,1567312674,Python,Python (3.4.3),py,Wrong Answer,2111,136432,812,
s362595454,p02936,u559996513,1567312387,Python,Python (3.4.3),py,Runtime Error,1443,45068,399,
s695564339,p02936,u802614675,1567312183,Go,Go (1.6),go,Accepted,1380,123392,1199,
s103124846,p02936,u802614675,1567312050,Go,Go (1.6),go,Wrong Answer,1383,121600,1165,
s138704073,p02936,u802614675,1567311759,Go,Go (1.6),go,Time Limit Exceeded,2059,121852,1132,
s141196857,p02936,u693716675,1567311088,Python,Python (3.4.3),py,Wrong Answer,1592,22712,404,
s082940911,p02936,u255673886,1567310935,Python,PyPy3 (2.4.0),py,Time Limit Exceeded,2107,120780,706,
s530156089,p02936,u255673886,1567310855,Python,PyPy3 (2.4.0),py,Runtime Error,174,38256,703,
s434465488,p02936,u802614675,1567310832,Go,Go (1.6),go,Time Limit Exceeded,2108,20096,1040,
s542916794,p02936,u802614675,1567310536,Go,Go (1.6),go,Time Limit Exceeded,2109,76416,1016,
s850950020,p02936,u802614675,1567310205,Go,Go (1.6),go,Time Limit Exceeded,2109,76416,1020,
s291631179,p02936,u693716675,1567310152,Python,Python (3.4.3),py,Runtime Error,2106,37612,437,
s436822215,p02936,u255673886,1567310132,Python,PyPy3 (2.4.0),py,Time Limit Exceeded,2110,147448,664,
s599201837,p02936,u693716675,1567310047,Python,Python (3.4.3),py,Runtime Error,82,18988,447,
s907553057,p02936,u255673886,1567310012,Python,PyPy3 (2.4.0),py,Time Limit Exceeded,2109,145528,752,
s051265779,p02936,u255673886,1567309858,Python,PyPy3 (2.4.0),py,Time Limit Exceeded,2109,145528,763,
s694079530,p02936,u255673886,1567309824,Python,PyPy3 (2.4.0),py,Runtime Error,203,38384,762,
s096323015,p02936,u255673886,1567309420,Python,Python (3.4.3),py,Time Limit Exceeded,2110,114504,802,
s637266825,p02936,u255673886,1567309315,Python,PyPy3 (2.4.0),py,Time Limit Exceeded,2109,145528,802,
s557317116,p02936,u255673886,1567309263,Python,PyPy3 (2.4.0),py,Runtime Error,805,111308,803,
s997305905,p02936,u667084803,1567309105,Python,Python (3.4.3),py,Accepted,1986,66384,514,
s987405362,p02936,u255673886,1567309084,Python,PyPy3 (2.4.0),py,Time Limit Exceeded,2109,145400,977,
s167178120,p02936,u255673886,1567308944,Python,PyPy3 (2.4.0),py,Wrong Answer,2111,145496,949,
s216235154,p02936,u255673886,1567308845,Python,Python (3.4.3),py,Wrong Answer,2110,122912,943,
s091217715,p02936,u255673886,1567308761,Python,Python (3.4.3),py,Runtime Error,17,3064,922,
s612168022,p02936,u667084803,1567308648,Python,Python (3.4.3),py,Wrong Answer,1777,53884,449,
s660382318,p02936,u667084803,1567308346,Python,Python (3.4.3),py,Wrong Answer,1856,53760,429,
s335487262,p02936,u667084803,1567308204,Python,Python (3.4.3),py,Wrong Answer,1701,53880,433,
s272365080,p02936,u971421535,1567307849,C++,C++14 (GCC 5.4.1),cpp,Compile Error,,,656,
s989156808,p02936,u476482490,1567307650,Java,Java8 (OpenJDK 1.8.0),java,Time Limit Exceeded,2109,202556,1791,
s813539379,p02936,u476482490,1567307499,Java,Java8 (OpenJDK 1.8.0),java,Accepted,1972,108204,3083,
s267917748,p02936,u033542583,1567307058,JavaScript,JavaScript (node.js v5.12),js,Wrong Answer,2111,85848,1008,
s804608582,p02936,u191380597,1567306279,C++,C++14 (GCC 5.4.1),cpp,Accepted,141,23552,624,
s634907190,p02936,u033542583,1567306257,JavaScript,JavaScript (node.js v5.12),js,Runtime Error,2111,86028,1000,
s991625667,p02936,u695857481,1567306241,C++,C++14 (GCC 5.4.1),cpp,Accepted,300,24320,678,
s590286267,p02936,u191380597,1567306146,C++,C++14 (GCC 5.4.1),cpp,Wrong Answer,137,24064,644,
s688940383,p02936,u695857481,1567306067,C++,C++14 (GCC 5.4.1),cpp,Accepted,611,24320,679,
s638696760,p02936,u255673886,1567304500,Python,Python (3.4.3),py,Wrong Answer,1179,112844,462,
s760341043,p02936,u033542583,1567304163,JavaScript,JavaScript (node.js v5.12),js,Runtime Error,2110,101444,1020,
s737382243,p02936,u255673886,1567304083,Python,Python (3.4.3),py,Wrong Answer,1202,110520,460,
s752051286,p02936,u485617080,1567304012,Java,Java8 (OpenJDK 1.8.0),java,Wrong Answer,1044,84652,2822,
s434625197,p02936,u033542583,1567303880,JavaScript,JavaScript (node.js v5.12),js,Runtime Error,2109,101448,1020,
s932931822,p02936,u358748139,1567303471,C++,C++14 (GCC 5.4.1),cpp,Accepted,366,21888,1723,
s481772284,p02936,u358748139,1567303283,C++,C++ (Clang 3.8.0),cpp,Compile Error,,,1720,
s979052352,p02936,u358748139,1567303239,C++,C++14 (GCC 5.4.1),cpp,Runtime Error,105,256,1720,
s223272032,p02936,u527374820,1567300957,C++,C++14 (GCC 5.4.1),cpp,Accepted,394,29812,965,
s212982887,p02936,u045287479,1567300546,C#,C# (Mono 4.6.2.0),cs,Wrong Answer,730,66812,1439,
s984255041,p02936,u151724181,1567299317,Nim,Nim (0.13.0),nim,Wrong Answer,2121,258380,16059,
s263481833,p02936,u987591601,1567299004,C++,C++14 (GCC 5.4.1),cpp,Wrong Answer,3479,1780,1120,
s788751311,p02936,u151724181,1567298819,Nim,Nim (0.13.0),nim,Time Limit Exceeded,2119,244656,16040,
s899292380,p02936,u151724181,1567298720,Nim,Nim (0.13.0),nim,Time Limit Exceeded,2121,272908,15988,
s684691121,p02936,u151724181,1567298569,Nim,Nim (0.13.0),nim,Runtime Error,2,3328,15978,
s577698705,p02936,u987591601,1567298441,C++,C++14 (GCC 5.4.1),cpp,Wrong Answer,4406,1908,928,
s457554247,p02936,u151724181,1567298295,Nim,Nim (0.13.0),nim,Compile Error,,,16037,
s935426291,p02936,u151724181,1567298071,Nim,Nim (0.13.0),nim,Compile Error,,,16005,
s517879522,p02936,u151724181,1567297986,Nim,Nim (0.13.0),nim,Compile Error,,,15989,
s166503291,p02936,u987591601,1567297930,C++,C++14 (GCC 5.4.1),cpp,Wrong Answer,4249,1908,957,
s259590513,p02936,u151724181,1567297912,Nim,Nim (0.13.0),nim,Compile Error,,,15987,
s615091083,p02936,u346077300,1567297167,Ruby,Ruby (2.3.3),rb,Runtime Error,2113,94972,829,
s606720764,p02936,u987591601,1567295461,C++,C++14 (GCC 5.4.1),cpp,Wrong Answer,2113,156416,738,
s057776469,p02936,u603356062,1567293574,C++,C++14 (GCC 5.4.1),cpp,Accepted,376,39828,1494,
s540072404,p02936,u115306811,1567291241,C++,C++14 (GCC 5.4.1),cpp,Accepted,397,32000,899,
s058945642,p02936,u115306811,1567289471,C++,C++14 (GCC 5.4.1),cpp,Time Limit Exceeded,2214,1508840,948,
s454731926,p02936,u115306811,1567289136,C++,C++14 (GCC 5.4.1),cpp,Time Limit Exceeded,2225,1519464,986,
s988406845,p02936,u115306811,1567288850,C++,C++14 (GCC 5.4.1),cpp,Time Limit Exceeded,2219,1553768,959,
s569515208,p02936,u045287479,1567287540,C#,C# (Mono 4.6.2.0),cs,Wrong Answer,780,69368,1438,
s766362786,p02936,u115306811,1567287385,C++,C++14 (GCC 5.4.1),cpp,Time Limit Exceeded,2190,1415640,1004,
s833995469,p02936,u625893557,1567286068,C++,C++14 (GCC 5.4.1),cpp,Accepted,100,17536,1034,
s994009969,p02936,u198905553,1567285869,Python,Python (3.4.3),py,Runtime Error,1163,130088,422,
s947615966,p02936,u045287479,1567285729,C#,C# (Mono 4.6.2.0),cs,Wrong Answer,2110,59876,1775,
s864639770,p02936,u045287479,1567285681,C#,C# (Mono 4.6.2.0),cs,Compile Error,,,1774,
s623490180,p02936,u045287479,1567285465,C#,C# (Mono 4.6.2.0),cs,Compile Error,,,1689,
s291568248,p02936,u045287479,1567285331,C#,C# (Mono 4.6.2.0),cs,Compile Error,,,1664,
s272377018,p02936,u261237205,1567284047,C++,C++14 (GCC 5.4.1),cpp,Accepted,309,33664,850,
s826364179,p02936,u045287479,1567283124,C#,C# (Mono 4.6.2.0),cs,Compile Error,,,1544,
s006156546,p02936,u042751985,1567283062,C++,C++14 (GCC 5.4.1),cpp,Accepted,330,19440,1116,
s663196138,p02936,u737262551,1567282746,C++,C++14 (GCC 5.4.1),cpp,Time Limit Exceeded,2106,40588,1232,
s758473338,p02936,u737262551,1567282608,C++,C++14 (GCC 5.4.1),cpp,Wrong Answer,2105,26868,1087,
s695028688,p02936,u045287479,1567282351,C#,C# (Mono 4.6.2.0),cs,Compile Error,,,1446,
s550925770,p02936,u042751985,1567282303,C++,C++14 (GCC 5.4.1),cpp,Wrong Answer,299,14848,937,
s533081928,p02936,u737262551,1567281962,C++,C++14 (GCC 5.4.1),cpp,Time Limit Exceeded,2106,41440,1671,
s742821597,p02936,u042751985,1567281103,C++,C++14 (GCC 5.4.1),cpp,Wrong Answer,270,21120,826,
s297883299,p02936,u045287479,1567278303,C#,C# (Mono 4.6.2.0),cs,Wrong Answer,2111,68556,1318,
s043419739,p02936,u059680467,1567278071,C++,C++14 (GCC 5.4.1),cpp,Accepted,361,43776,1425,
s724785290,p02936,u059680467,1567277971,C++,C++14 (GCC 5.4.1),cpp,Wrong Answer,267,43776,1397,
s082957807,p02936,u358748139,1567277636,C++,C++ (Clang 3.8.0),cpp,Runtime Error,2104,7792,1483,
s448091985,p02936,u103435617,1567277200,C++,C++14 (GCC 5.4.1),cpp,Wrong Answer,265,6272,865,
s627535381,p02936,u042751985,1567276777,C++,C++14 (GCC 5.4.1),cpp,Wrong Answer,246,6912,805,
s453203276,p02936,u042751985,1567276329,C++,C++14 (GCC 5.4.1),cpp,Wrong Answer,260,7040,1214,
s137204629,p02936,u958141542,1567275820,Python,PyPy3 (2.4.0),py,Wrong Answer,2258,112720,562,
s617961990,p02936,u958141542,1567275689,Python,Python (3.4.3),py,Wrong Answer,2239,2080888,562,
s435268634,p02936,u958141542,1567275507,Python,Python (3.4.3),py,Wrong Answer,2260,82108,560,
s205942637,p02936,u656845405,1567274988,Python,PyPy3 (2.4.0),py,Time Limit Exceeded,2125,353304,530,
s305569245,p02936,u656845405,1567274802,Python,PyPy3 (2.4.0),py,Wrong Answer,2124,348772,535,
s569255822,p02936,u086407583,1567274750,C++,C++14 (GCC 5.4.1),cpp,Wrong Answer,2106,47104,441,
s699398820,p02936,u656845405,1567274455,Python,PyPy3 (2.4.0),py,Runtime Error,2128,402424,534,
s281594801,p02936,u656845405,1567274382,Python,PyPy3 (2.4.0),py,Runtime Error,1822,128588,494,
s252137390,p02936,u460358759,1567274274,C++,C++14 (GCC 5.4.1),cpp,Accepted,378,32128,727,
s925076150,p02936,u128527648,1567272491,Fortran,Fortran (gfortran v4.8.4),f,Accepted,346,21732,1216,
s581489300,p02936,u128527648,1567271017,Fortran,Fortran (gfortran v4.8.4),f,Accepted,364,95332,1296,
s927728894,p02936,u760604008,1567267742,Python,Python (3.4.3),py,Accepted,1560,107536,1401,
s230006171,p02936,u760604008,1567267605,Python,Python (3.4.3),py,Accepted,1581,107544,1370,
s618145122,p02936,u760604008,1567267359,Python,Python (3.4.3),py,Accepted,1573,109472,1663,
s230687072,p02936,u760604008,1567267155,Python,Python (3.4.3),py,Accepted,1498,107544,1618,
s057745512,p02936,u760604008,1567266511,Python,Python (3.4.3),py,Accepted,1996,132760,1581,
s407890528,p02936,u760604008,1567265899,Python,Python (3.4.3),py,Time Limit Exceeded,2109,127520,1653,
s181471032,p02936,u760604008,1567265421,Python,Python (3.4.3),py,Time Limit Exceeded,2076,118120,1516,
s724423294,p02936,u185502200,1567262903,Python,Python (3.4.3),py,Wrong Answer,1528,47892,327,
s886844682,p02936,u622045059,1567261235,Python,Python (3.4.3),py,Runtime Error,2112,145892,1474,
s455560119,p02936,u185502200,1567260394,Python,Python (3.4.3),py,Wrong Answer,2082,224560,368,
s665895439,p02936,u185502200,1567259339,Python,Python (3.4.3),py,Wrong Answer,2112,224560,394,
s099362551,p02936,u185502200,1567258827,Python,Python (3.4.3),py,Wrong Answer,2080,224564,421,
s697279284,p02936,u185502200,1567256467,Python,Python (3.4.3),py,Wrong Answer,2120,254088,620,
s094883737,p02936,u185502200,1567255934,Python,Python (3.4.3),py,Runtime Error,1789,75160,577,
s277976519,p02936,u835482198,1567248469,Python,Python (3.4.3),py,Accepted,1115,66836,997,
s386466680,p02936,u835482198,1567247636,Python,Python (3.4.3),py,Runtime Error,1152,70572,708,
s998642177,p02936,u835482198,1567247543,Python,Python (3.4.3),py,Runtime Error,17,3064,651,
s614443597,p02936,u835482198,1567247156,Python,PyPy3 (2.4.0),py,Runtime Error,1921,133916,657,
s678110983,p02936,u835482198,1567246946,Python,Python (3.4.3),py,Runtime Error,1695,78828,699,
s476106056,p02936,u835482198,1567246870,Python,Python (3.4.3),py,Runtime Error,1725,77264,607,
s018857563,p02936,u835482198,1567246723,Python,Python (3.4.3),py,Runtime Error,1790,68952,564,
s105796635,p02936,u119566015,1567246130,C++,C++14 (GCC 5.4.1),cpp,Wrong Answer,2104,13300,1120,
s255016700,p02936,u384109138,1567245920,C#,C# (Mono 4.6.2.0),cs,Accepted,726,59084,1941,
s552203315,p02936,u119566015,1567245848,C++,C++14 (GCC 5.4.1),cpp,Wrong Answer,2104,12416,789,
s697678840,p02936,u119566015,1567245736,C++,C++14 (GCC 5.4.1),cpp,Wrong Answer,2104,13952,758,
s988833805,p02936,u384109138,1567244618,C#,C# (Mono 4.6.2.0),cs,Wrong Answer,2126,304860,1664,
s717504710,p02936,u059313618,1567241426,C++,C++14 (GCC 5.4.1),cpp,Accepted,142,26240,2996,
s165500923,p02936,u737262551,1567239176,C++,C++14 (GCC 5.4.1),cpp,Time Limit Exceeded,2106,41368,1545,
s268386379,p02936,u089049901,1567238833,C++,C++14 (GCC 5.4.1),cpp,Accepted,124,21120,655,
s044608753,p02936,u737262551,1567238059,C++,C++14 (GCC 5.4.1),cpp,Runtime Error,459,277236,1383,
s748584671,p02936,u997368585,1567236185,C,C (GCC 5.4.1),c,Accepted,128,31232,1191,
s890918128,p02936,u997368585,1567235903,C,C (GCC 5.4.1),c,Wrong Answer,205,38272,1384,
s082784772,p02936,u737262551,1567231565,C++,C++14 (GCC 5.4.1),cpp,Time Limit Exceeded,2107,43712,1147,
s195353752,p02936,u443975466,1567230520,C++,C++14 (GCC 5.4.1),cpp,Wrong Answer,271,11648,1373,
s822790757,p02936,u737262551,1567230068,C++,C++14 (GCC 5.4.1),cpp,Time Limit Exceeded,2107,53864,1683,
s724598424,p02936,u737262551,1567228928,C++,C++14 (GCC 5.4.1),cpp,Wrong Answer,373,51824,1662,
s092327818,p02936,u737262551,1567228883,C++,C++14 (GCC 5.4.1),cpp,Compile Error,,,1663,
s744381406,p02936,u737262551,1567228838,C++,C++14 (GCC 5.4.1),cpp,Compile Error,,,1661,
s877423662,p02936,u443975466,1567227319,C++,C++14 (GCC 5.4.1),cpp,Wrong Answer,292,24320,1199,
s292811272,p02936,u288948615,1567227314,Python,Python (3.4.3),py,Wrong Answer,1915,125120,435,
s926835950,p02936,u443975466,1567227220,C++,C++14 (GCC 5.4.1),cpp,Wrong Answer,284,24320,1195,
s156514593,p02936,u288948615,1567226988,Python,Python (3.4.3),py,Wrong Answer,1940,117688,415,
s582848234,p02936,u443975466,1567226816,C++,C++14 (GCC 5.4.1),cpp,Wrong Answer,286,24320,1126,
s203430796,p02936,u443975466,1567224365,C++,C++14 (GCC 5.4.1),cpp,Wrong Answer,2108,22144,1083,
s220503526,p02936,u927753745,1567224202,C++,C++14 (GCC 5.4.1),cpp,Accepted,659,23552,665,
s766566371,p02936,u443975466,1567223798,C++,C++14 (GCC 5.4.1),cpp,Runtime Error,100,256,1084,
s003017034,p02936,u927753745,1567223421,C++,C++14 (GCC 5.4.1),cpp,Wrong Answer,552,11392,665,
s267425148,p02936,u927753745,1567223219,C++,C++14 (GCC 5.4.1),cpp,Compile Error,,,665,
s486337928,p02936,u737262551,1567223040,C++,C++14 (GCC 5.4.1),cpp,Wrong Answer,2105,22900,814,
s482090615,p02936,u737262551,1567222572,C++,C++14 (GCC 5.4.1),cpp,Wrong Answer,2105,22900,818,
s244509786,p02936,u737262551,1567222377,C++,C++14 (GCC 5.4.1),cpp,Wrong Answer,2104,22132,816,
s966343216,p02936,u737262551,1567222299,C++,C++14 (GCC 5.4.1),cpp,Wrong Answer,2105,22132,759,
s425859551,p02936,u016189984,1567222112,C++,C++14 (GCC 5.4.1),cpp,Accepted,368,23552,906,
s621867215,p02936,u737262551,1567221000,C++,C++14 (GCC 5.4.1),cpp,Runtime Error,2105,17608,1767,
s648949185,p02936,u737262551,1567220936,C++,C++14 (GCC 5.4.1),cpp,Compile Error,,,1721,
s694385724,p02936,u485617080,1567220782,Java,Java8 (OpenJDK 1.8.0),java,Wrong Answer,924,81860,2893,
s225310827,p02936,u485617080,1567220549,Java,Java8 (OpenJDK 1.8.0),java,Wrong Answer,440,91320,2767,
s233971462,p02936,u803539855,1567219709,Python,Python (3.4.3),py,Wrong Answer,2107,77068,659,
s487407240,p02936,u190405389,1567219621,Python,PyPy3 (2.4.0),py,Accepted,1852,130196,549,
s243844663,p02936,u190405389,1567218240,Python,Python (3.4.3),py,Time Limit Exceeded,2107,57252,580,
s017690832,p02936,u190405389,1567218030,Python,PyPy3 (2.4.0),py,Time Limit Exceeded,2111,115400,580,
s991330768,p02936,u954094464,1567217107,Java,Java8 (OpenJDK 1.8.0),java,Runtime Error,1951,186160,516,
s561341445,p02936,u485617080,1567216272,Java,Java8 (OpenJDK 1.8.0),java,Wrong Answer,2110,275956,2848,
s549141678,p02936,u237722085,1567216172,C++,C++14 (GCC 5.4.1),cpp,Accepted,125,18160,1198,
s383196231,p02936,u910991251,1567215997,C++,C++14 (GCC 5.4.1),cpp,Accepted,358,23424,623,
s133583960,p02936,u237722085,1567214415,C++,C++14 (GCC 5.4.1),cpp,Wrong Answer,2104,20992,1177,
s553084097,p02936,u237722085,1567214258,C++,C++14 (GCC 5.4.1),cpp,Runtime Error,2104,17792,1175,
s341888279,p02936,u237722085,1567214217,C++,C++14 (GCC 5.4.1),cpp,Runtime Error,2104,16768,1173,
s253082915,p02936,u237722085,1567214059,C++,C++14 (GCC 5.4.1),cpp,Runtime Error,142,6644,1171,
s957629024,p02936,u485617080,1567212953,Java,Java8 (OpenJDK 1.8.0),java,Runtime Error,575,932820,2807,
s211644966,p02936,u739168239,1567211930,C++,C++14 (GCC 5.4.1),cpp,Wrong Answer,324,3968,741,
s604558343,p02936,u739168239,1567211612,C++,C++14 (GCC 5.4.1),cpp,Wrong Answer,177,3712,741,
s444296740,p02936,u393604857,1567211530,C++,C++14 (GCC 5.4.1),cpp,Accepted,126,26624,1413,
s705088975,p02936,u065025264,1567211141,Python,PyPy3 (2.4.0),py,Wrong Answer,2021,122444,747,
s235342796,p02936,u739168239,1567209368,C++,C++14 (GCC 5.4.1),cpp,Wrong Answer,2104,20608,1215,
s252397738,p02936,u393604857,1567208979,C++,C++14 (GCC 5.4.1),cpp,Wrong Answer,116,23680,850,
s777765184,p02936,u485617080,1567207908,Java,Java8 (OpenJDK 1.8.0),java,Wrong Answer,2112,434692,3435,
s447148307,p02936,u485617080,1567206593,Java,Java8 (OpenJDK 1.8.0),java,Wrong Answer,2123,427584,3355,
s870991537,p02936,u384109138,1567205954,C#,C# (Mono 4.6.2.0),cs,Wrong Answer,2110,139232,1824,
s029514499,p02936,u095021077,1567205297,Python,Python (3.4.3),py,Runtime Error,149,12504,374,
s341855072,p02936,u095021077,1567205230,Python,Python (3.4.3),py,Runtime Error,151,12500,349,
s683778690,p02936,u455908169,1567205152,Python,Python (3.4.3),py,Runtime Error,2110,118368,727,
s089215250,p02936,u485617080,1567204760,Java,Java8 (OpenJDK 1.8.0),java,Wrong Answer,2112,999072,3026,
s575970584,p02936,u455908169,1567204613,Python,Python (3.4.3),py,Runtime Error,2110,119248,814,
s265657219,p02936,u111365362,1567200136,Python,Python (3.4.3),py,Accepted,1736,66832,535,
s626328187,p02936,u634159866,1567199303,Python,Python (3.4.3),py,Wrong Answer,1656,89176,371,
s344538708,p02936,u088727290,1567199094,C++,C++14 (GCC 5.4.1),cpp,Accepted,144,27392,1445,
s142518671,p02936,u593938737,1567198341,Python,Python (3.4.3),py,Wrong Answer,999,73552,691,
s550510332,p02936,u593938737,1567198285,Python,Python (3.4.3),py,Wrong Answer,922,76648,690,
s751536834,p02936,u645855527,1567197911,C++,C++14 (GCC 5.4.1),cpp,Wrong Answer,290,21120,800,
s947504302,p02936,u645855527,1567197847,C++,C++ (GCC 5.4.1),cpp,Compile Error,,,800,
s084140848,p02936,u910991251,1567196717,C++,C++14 (GCC 5.4.1),cpp,Wrong Answer,364,24064,628,
s879735289,p02936,u522200796,1567196699,C++,C++14 (GCC 5.4.1),cpp,Accepted,383,26624,659,
s011681045,p02936,u522200796,1567196475,C++,C++14 (GCC 5.4.1),cpp,Time Limit Exceeded,2105,25984,743,
s464492954,p02936,u767785562,1567196429,C++,C++14 (GCC 5.4.1),cpp,Accepted,586,24320,679,
s107014088,p02936,u767785562,1567196352,C++,C++14 (GCC 5.4.1),cpp,Runtime Error,98,2560,660,
s177523608,p02936,u522200796,1567196105,C++,C++14 (GCC 5.4.1),cpp,Time Limit Exceeded,2109,28032,914,
s382521230,p02936,u979852867,1567195958,Java,Java8 (OpenJDK 1.8.0),java,Wrong Answer,2111,164016,2317,
s085650517,p02936,u023195454,1567195859,C++,C++14 (GCC 5.4.1),cpp,Accepted,394,32768,671,
s335732286,p02936,u522200796,1567195696,C++,C++14 (GCC 5.4.1),cpp,Time Limit Exceeded,2105,28032,856,
s955336070,p02936,u522200796,1567195663,C++,C++14 (GCC 5.4.1),cpp,Compile Error,,,854,
s650791677,p02936,u522200796,1567195247,C++,C++14 (GCC 5.4.1),cpp,Time Limit Exceeded,2105,29184,912,
s213758054,p02936,u522200796,1567192322,C++,C++14 (GCC 5.4.1),cpp,Compile Error,,,936,
s863258461,p02936,u522200796,1567192207,C++,C++14 (GCC 5.4.1),cpp,Compile Error,,,935,
s158568068,p02936,u265392294,1567191488,C++,C++14 (GCC 5.4.1),cpp,Accepted,371,27136,505,
s239088821,p02936,u265392294,1567190936,C++,C++14 (GCC 5.4.1),cpp,Wrong Answer,359,24192,488,
s015355283,p02936,u265392294,1567190382,C++,C++14 (GCC 5.4.1),cpp,Wrong Answer,367,24064,432,
s406994857,p02936,u760604008,1567183971,Python,Python (3.4.3),py,Time Limit Exceeded,2086,135144,1754,
s348991047,p02936,u760604008,1567183608,Python,Python (3.4.3),py,Wrong Answer,2109,129040,1710,
s414726215,p02936,u882209234,1567183308,Python,Python (3.4.3),py,Accepted,1775,84768,563,
s275414169,p02936,u760604008,1567183183,Python,Python (3.4.3),py,Time Limit Exceeded,2110,141268,1660,
s489027804,p02936,u882209234,1567181969,Python,Python (3.4.3),py,Time Limit Exceeded,2119,274100,623,
s479169987,p02936,u108648546,1567181863,Rust,Rust (1.15.1),rs,Accepted,289,29684,1783,
s153862733,p02936,u882209234,1567181724,Python,Python (3.4.3),py,Time Limit Exceeded,2125,278704,641,
s985093940,p02936,u882209234,1567181451,Python,Python (3.4.3),py,Time Limit Exceeded,2124,367512,694,
s836329357,p02936,u887207211,1567179371,C++,C++14 (GCC 5.4.1),cpp,Accepted,658,23424,578,
s377943124,p02936,u557492306,1567178591,C++,C++14 (GCC 5.4.1),cpp,Accepted,132,21120,1113,
s431619580,p02936,u557492306,1567178442,C++,C++14 (GCC 5.4.1),cpp,Time Limit Exceeded,2104,21120,1096,
s230840413,p02936,u424655672,1567178370,C++,C++14 (GCC 5.4.1),cpp,Accepted,148,32128,1028,
s031463347,p02936,u726221125,1567177632,Python,Python (3.4.3),py,Wrong Answer,2104,5860,362,
s731327159,p02936,u910991251,1567177041,C++,C++14 (GCC 5.4.1),cpp,Wrong Answer,2104,21376,605,
s451693854,p02936,u142277735,1567176273,Python,Python (3.4.3),py,Accepted,1116,73040,567,
s388208869,p02936,u514206029,1567174717,Python,Python (3.4.3),py,Wrong Answer,2111,116916,765,
s863413972,p02936,u142277735,1567174663,Python,Python (3.4.3),py,Wrong Answer,2113,66964,659,
s117190402,p02936,u514206029,1567174552,Python,Python (3.4.3),py,Wrong Answer,2111,117020,809,
s881352517,p02936,u773265208,1567173929,Python,Python (3.4.3),py,Runtime Error,601,18940,450,
s844740712,p02936,u379951749,1567171055,C++,C++14 (GCC 5.4.1),cpp,Accepted,376,26368,1581,
s069133400,p02936,u760604008,1567170791,Python,Python (3.4.3),py,Time Limit Exceeded,2111,180740,1597,
s783672906,p02936,u760604008,1567169466,Python,Python (3.4.3),py,Wrong Answer,1934,177536,1383,
s569323068,p02936,u698176039,1567169407,Python,PyPy3 (2.4.0),py,Time Limit Exceeded,2151,767512,644,
s846768327,p02936,u760604008,1567169073,Python,Python (3.4.3),py,Wrong Answer,1953,177536,1431,
s915316567,p02936,u760604008,1567168746,Python,Python (3.4.3),py,Wrong Answer,1946,177540,1383,
s091618554,p02936,u285443936,1567163831,Python,Python (3.4.3),py,Accepted,1100,73104,566,
s653892574,p02936,u285443936,1567163799,Python,Python (3.4.3),py,Runtime Error,1069,56912,569,
s532269132,p02936,u285443936,1567163641,Python,Python (3.4.3),py,Accepted,1284,58836,570,
s339544936,p02936,u285443936,1567163584,Python,Python (3.4.3),py,Accepted,1798,58880,532,
s547689995,p02936,u406158207,1567159673,C++,C++14 (GCC 5.4.1),cpp,Accepted,300,19440,1520,
s138532569,p02936,u000720363,1567157294,C++,C++14 (GCC 5.4.1),cpp,Accepted,133,23424,715,
s936235619,p02936,u216460814,1567156541,C++,C++14 (GCC 5.4.1),cpp,Accepted,137,27392,1914,
s971679026,p02936,u216460814,1567156392,C++,C++14 (GCC 5.4.1),cpp,Runtime Error,102,2560,1898,
s446860933,p02936,u554650951,1567156296,C++,C++14 (GCC 5.4.1),cpp,Accepted,384,27392,1104,
s770731505,p02936,u554650951,1567156020,C++,C++14 (GCC 5.4.1),cpp,Compile Error,,,690,
s764826788,p02936,u383025592,1567155013,Python,Python (3.4.3),py,Runtime Error,2110,99460,988,
s597130566,p02936,u634159866,1567151980,Python,PyPy3 (2.4.0),py,Accepted,1994,123828,572,
s756034075,p02936,u634159866,1567151771,Python,Python (3.4.3),py,Accepted,1974,89032,572,
s799178703,p02936,u359025499,1567150147,C++,C++14 (GCC 5.4.1),cpp,Accepted,139,29696,694,
s455675444,p02936,u088727290,1567146855,C++,C++14 (GCC 5.4.1),cpp,Runtime Error,193,19072,1479,
s629794462,p02936,u178192749,1567141543,Python,Python (3.4.3),py,Wrong Answer,1796,124144,457,
s585480723,p02936,u420105436,1567139114,Java,Java8 (OpenJDK 1.8.0),java,Time Limit Exceeded,2112,251924,4052,
s057110318,p02936,u212437180,1567138882,Nim,Nim (0.13.0),nim,Wrong Answer,319,62712,2830,
s088103710,p02936,u010708243,1567137402,C++,C++14 (GCC 5.4.1),cpp,Accepted,299,19712,1026,
s266520918,p02936,u550943777,1567135469,Python,Python (3.4.3),py,Accepted,1842,64988,633,
s092050420,p02936,u420105436,1567135304,Java,Java8 (OpenJDK 1.8.0),java,Accepted,1331,138924,4005,
s765277925,p02936,u397070717,1567134327,C++,C++14 (GCC 5.4.1),cpp,Wrong Answer,289,15720,1215,
s786529905,p02936,u600640214,1567134236,C++,C++14 (GCC 5.4.1),cpp,Accepted,152,25088,670,
s285481208,p02936,u397070717,1567134008,C++,C++14 (GCC 5.4.1),cpp,Wrong Answer,280,16360,1197,
s712078842,p02936,u900303768,1567133500,Python,Python (3.4.3),py,Accepted,1676,285840,520,
s633922988,p02936,u900303768,1567132770,Python,Python (3.4.3),py,Accepted,1703,285840,520,
s228334262,p02936,u900303768,1567132738,Python,Python (3.4.3),py,Runtime Error,1899,121844,452,
s882987595,p02936,u600588566,1567132669,Python,Python (3.4.3),py,Wrong Answer,2110,102392,567,
s952133923,p02936,u900303768,1567132304,Python,Python (3.4.3),py,Accepted,1714,285888,576,
s802977674,p02936,u900303768,1567132045,Python,Python (3.4.3),py,Runtime Error,1429,121900,489,
s357047747,p02936,u900303768,1567131715,Python,Python (3.4.3),py,Runtime Error,1273,121900,489,
s295624627,p02936,u940569542,1567131393,C++,C++14 (GCC 5.4.1),cpp,Accepted,141,23552,1395,
s186359680,p02936,u933052354,1567131023,C++,C++14 (GCC 5.4.1),cpp,Accepted,388,23424,749,
s118027234,p02936,u600588566,1567131000,Python,Python (3.4.3),py,Wrong Answer,2110,102276,551,
s040265340,p02936,u900303768,1567130606,Python,Python (3.4.3),py,Runtime Error,1307,134244,490,
s814364724,p02936,u777137418,1567130580,C++,C++14 (GCC 5.4.1),cpp,Accepted,369,25984,1505,
s608074729,p02936,u777137418,1567130540,C++,C++14 (GCC 5.4.1),cpp,Runtime Error,101,2560,1505,
s008524278,p02936,u006721330,1567130171,C++,C++14 (GCC 5.4.1),cpp,Accepted,658,24320,596,
s198930393,p02936,u006721330,1567130132,C++,C++14 (GCC 5.4.1),cpp,Wrong Answer,674,23296,595,
s075831433,p02936,u900303768,1567130055,Python,PyPy3 (2.4.0),py,Runtime Error,1969,148936,498,
s730188366,p02936,u900303768,1567129986,Python,Python (3.4.3),py,Runtime Error,1927,134240,498,
s457800935,p02936,u476383383,1567129803,Python,Python (3.4.3),py,Accepted,1502,230956,613,
s778317348,p02936,u238510421,1567129715,Python,PyPy3 (2.4.0),py,Time Limit Exceeded,2118,271676,935,
s473208324,p02936,u238510421,1567128855,Python,PyPy3 (2.4.0),py,Wrong Answer,2116,221332,823,
s757525416,p02936,u160861278,1567127852,Python,Python (3.4.3),py,Accepted,1743,56168,555,
s135028225,p02936,u476383383,1567127649,C++,C++14 (GCC 5.4.1),cpp,Accepted,379,23424,848,
s690665437,p02936,u476383383,1567127289,C++,C++14 (GCC 5.4.1),cpp,Wrong Answer,375,23424,823,
s529426781,p02936,u939903905,1567125121,C++,C++14 (GCC 5.4.1),cpp,Wrong Answer,359,23424,588,
s005281831,p02936,u939903905,1567124029,C++,C++14 (GCC 5.4.1),cpp,Wrong Answer,348,23424,590,
s671650574,p02936,u939903905,1567123895,C++,C++14 (GCC 5.4.1),cpp,Accepted,369,23424,586,
s021012963,p02936,u995439034,1567123624,C++,C++14 (GCC 5.4.1),cpp,Accepted,135,20352,895,
s306043951,p02936,u148555958,1567123103,C++,C++14 (GCC 5.4.1),cpp,Wrong Answer,255,12288,2420,
s099555340,p02936,u041920892,1567123095,C++,C++14 (GCC 5.4.1),cpp,Accepted,152,24448,960,
s565616931,p02936,u148555958,1567122150,C++,C++14 (GCC 5.4.1),cpp,Wrong Answer,252,10752,2135,
s802598105,p02936,u148555958,1567122091,C++,C++14 (GCC 5.4.1),cpp,Wrong Answer,259,7424,2147,
s346892080,p02936,u463243362,1567120612,C++,C++14 (GCC 5.4.1),cpp,Accepted,314,27392,812,
s701320179,p02936,u921177152,1567120456,C++,C++14 (GCC 5.4.1),cpp,Wrong Answer,408,16256,1694,
s536201834,p02936,u148555958,1567120351,C++,C++14 (GCC 5.4.1),cpp,Wrong Answer,248,5504,1951,
s138232761,p02936,u921177152,1567120096,C++,C++14 (GCC 5.4.1),cpp,Wrong Answer,399,16512,1640,
s603421747,p02936,u657667703,1567119814,C++,C++14 (GCC 5.4.1),cpp,Wrong Answer,2104,20608,1098,
s451952666,p02936,u657667703,1567119660,C++,C++14 (GCC 5.4.1),cpp,Wrong Answer,2104,22016,1079,
s035879281,p02936,u228943017,1567118827,C++,C++14 (GCC 5.4.1),cpp,Runtime Error,100,256,377,
s786858441,p02936,u858575800,1567118546,C++,C++14 (GCC 5.4.1),cpp,Accepted,365,23424,691,
s510338974,p02936,u160861278,1567118464,Python,Python (3.4.3),py,Wrong Answer,1856,76148,424,
s076349908,p02936,u160861278,1567118261,Python,Python (3.4.3),py,Wrong Answer,1839,76100,420,
s599164468,p02936,u160861278,1567118002,Python,Python (3.4.3),py,Wrong Answer,1597,80776,378,
s745674642,p02936,u171803978,1567117622,C++,C++14 (GCC 5.4.1),cpp,Wrong Answer,83,7808,746,
s931886968,p02936,u171803978,1567117443,C++,C++14 (GCC 5.4.1),cpp,Wrong Answer,82,7168,729,
s616607710,p02936,u160861278,1567117391,Python,Python (3.4.3),py,Wrong Answer,1609,45144,460,
s267721387,p02936,u148555958,1567117226,C++,C++14 (GCC 5.4.1),cpp,Runtime Error,324,5504,1924,
s325095572,p02936,u148555958,1567117061,C++,C++14 (GCC 5.4.1),cpp,Runtime Error,319,5504,1943,
s916375211,p02936,u375616706,1567116940,C++,C++14 (GCC 5.4.1),cpp,Accepted,371,25600,658,
s221137010,p02936,u375616706,1567116860,C++,C++14 (GCC 5.4.1),cpp,Wrong Answer,216,23808,658,
s053892930,p02936,u148555958,1567116783,C++,C++14 (GCC 5.4.1),cpp,Runtime Error,336,5504,1937,
s873357526,p02936,u473116917,1567116560,C++,C++14 (GCC 5.4.1),cpp,Accepted,308,15604,916,
s848405666,p02936,u506898932,1567116461,Go,Go (1.6),go,Wrong Answer,2109,37888,1150,
s701662333,p02936,u450096124,1567116415,C++,C++14 (GCC 5.4.1),cpp,Accepted,155,44160,930,
s382156496,p02936,u375616706,1567116327,Python,Python (3.4.3),py,Time Limit Exceeded,2109,88620,620,
s670464287,p02936,u375616706,1567116220,Python,PyPy3 (2.4.0),py,Time Limit Exceeded,2110,119464,620,
s669824589,p02936,u375616706,1567116175,Python,PyPy3 (2.4.0),py,Runtime Error,692,104360,620,
s904781847,p02936,u148555958,1567115990,C++,C++14 (GCC 5.4.1),cpp,Wrong Answer,2104,7040,2053,
s866281143,p02936,u375616706,1567115855,Python,PyPy3 (2.4.0),py,Time Limit Exceeded,2110,125224,612,
s429493399,p02936,u375616706,1567115819,Python,PyPy3 (2.4.0),py,Time Limit Exceeded,2110,125224,588,
s491292341,p02936,u375616706,1567115544,Python,PyPy3 (2.4.0),py,Time Limit Exceeded,2111,128936,560,
s895310779,p02936,u375616706,1567115521,Python,Python (3.4.3),py,Time Limit Exceeded,2110,102236,560,
s991068611,p02936,u375616706,1567115448,Python,Python (3.4.3),py,Wrong Answer,2110,99720,599,
s788223669,p02936,u375616706,1567115264,Python,Python (3.4.3),py,Wrong Answer,2109,93336,548,
s033541612,p02936,u375616706,1567115191,Python,PyPy3 (2.4.0),py,Wrong Answer,2110,112424,548,
s694615295,p02936,u480938608,1567114469,C++,C++14 (GCC 5.4.1),cpp,Wrong Answer,579,14848,566,
s951606410,p02936,u480938608,1567114296,C++,C++14 (GCC 5.4.1),cpp,Wrong Answer,565,14080,560,
s455061459,p02936,u622585907,1567114060,C++,C++14 (GCC 5.4.1),cpp,Accepted,363,24320,1453,
s592907698,p02936,u949027606,1567113789,Python,Python (3.4.3),py,Wrong Answer,2108,84780,800,
s639041874,p02936,u949027606,1567113758,Python,Python (3.4.3),py,Wrong Answer,2109,88972,811,
s730750469,p02936,u447762256,1567113283,Ruby,Ruby (2.3.3),rb,Runtime Error,2109,55292,579,
s342208160,p02936,u418502493,1567112855,Python,Python (3.4.3),py,Wrong Answer,2117,217788,600,
s435243131,p02936,u418502493,1567112667,Python,Python (3.4.3),py,Wrong Answer,2117,217784,601,
s977423656,p02936,u418502493,1567112556,Python,Python (3.4.3),py,Runtime Error,2106,40692,572,
s687073876,p02936,u509680664,1567110430,C++,C++14 (GCC 5.4.1),cpp,Accepted,128,23552,2148,
s895168280,p02936,u509680664,1567110404,C++,C++14 (GCC 5.4.1),cpp,Compile Error,,,2148,
s041311130,p02936,u509680664,1567110392,C++,C++14 (GCC 5.4.1),cpp,Compile Error,,,2148,
s914377516,p02936,u509680664,1567110357,C++,C++14 (GCC 5.4.1),cpp,Accepted,136,23552,2156,
s645373223,p02936,u509680664,1567110212,C++,C++14 (GCC 5.4.1),cpp,Accepted,129,23552,2147,
s684323368,p02936,u509680664,1567110130,C++,C++14 (GCC 5.4.1),cpp,Accepted,130,23552,2145,
s995015698,p02936,u622585907,1567110022,C++,C++14 (GCC 5.4.1),cpp,Wrong Answer,351,24320,1460,
s464377419,p02936,u181950635,1567109905,C++,C++14 (GCC 5.4.1),cpp,Accepted,132,25088,772,
s426675984,p02936,u509680664,1567109700,C++,C++14 (GCC 5.4.1),cpp,Accepted,412,23552,2146,
s004278822,p02936,u181950635,1567109436,C++,C++14 (GCC 5.4.1),cpp,Wrong Answer,120,21888,719,
s514338737,p02936,u295600538,1567109332,C++,C++14 (GCC 5.4.1),cpp,Accepted,96,18304,2462,
s905238856,p02936,u949027606,1567109289,Python,Python (3.4.3),py,Wrong Answer,1563,89564,542,
s051785301,p02936,u065025264,1567108955,Python,PyPy3 (2.4.0),py,Runtime Error,1909,129740,534,
s059110519,p02936,u914762730,1567106586,C++,C++14 (GCC 5.4.1),cpp,Accepted,361,21120,714,
s496048479,p02936,u949027606,1567104976,Python,Python (3.4.3),py,Wrong Answer,1480,88028,381,
s230767643,p02936,u910991251,1567104112,C++,C++14 (GCC 5.4.1),cpp,Wrong Answer,2106,42112,674,
s997245607,p02936,u258808501,1567103784,Python,Python (3.4.3),py,Wrong Answer,2107,52780,370,
s586479926,p02936,u258808501,1567103578,Python,Python (3.4.3),py,Wrong Answer,2107,74400,380,
s078252702,p02936,u258808501,1567103434,Python,Python (3.4.3),py,Wrong Answer,2107,55344,444,
s763103238,p02936,u258808501,1567102988,Python,Python (3.4.3),py,Wrong Answer,2107,85936,455,
s284791945,p02936,u102334466,1567102789,C++,C++14 (GCC 5.4.1),cpp,Wrong Answer,289,14848,741,
s137999146,p02936,u939903905,1567101937,Python,Python (3.4.3),py,Runtime Error,2107,62984,1136,
s178871757,p02936,u960687982,1567101430,C++,C++14 (GCC 5.4.1),cpp,Accepted,329,33664,795,
s938256379,p02936,u939903905,1567101306,Python,Python (3.4.3),py,Runtime Error,2107,62984,1090,
s953184817,p02936,u271163543,1567101166,C++,C++14 (GCC 5.4.1),cpp,Accepted,225,35072,965,
s789348744,p02936,u824402098,1567100879,C++,C++14 (GCC 5.4.1),cpp,Accepted,159,24448,875,
s174002777,p02936,u271163543,1567100269,C++,C++14 (GCC 5.4.1),cpp,Wrong Answer,211,35072,996,
s352627786,p02936,u949027606,1567099941,Python,Python (3.4.3),py,Runtime Error,2112,154996,649,
s570643933,p02936,u960687982,1567099941,C++,C++14 (GCC 5.4.1),cpp,Runtime Error,2104,460656,1038,
s082092202,p02936,u960687982,1567099789,C++,C++14 (GCC 5.4.1),cpp,Runtime Error,2105,460656,1036,
s564169578,p02936,u960687982,1567099669,C++,C++14 (GCC 5.4.1),cpp,Runtime Error,2105,390640,989,
s006777549,p02936,u508622044,1567099236,C++,C++14 (GCC 5.4.1),cpp,Accepted,127,20096,757,
s541157809,p02936,u960687982,1567099120,C++,C++14 (GCC 5.4.1),cpp,Wrong Answer,2104,41456,834,
s091721754,p02936,u271163543,1567099101,C++,C++14 (GCC 5.4.1),cpp,Wrong Answer,122,23552,864,
s234227857,p02936,u949027606,1567099093,Python,Python (3.4.3),py,Runtime Error,2113,152200,609,
s579369297,p02936,u623079985,1567099056,C++,C++14 (GCC 5.4.1),cpp,Runtime Error,100,11136,1332,
s627923204,p02936,u623079985,1567098933,C++,C++14 (GCC 5.4.1),cpp,Runtime Error,101,11136,1331,
s893470474,p02936,u271163543,1567098664,C++,C++14 (GCC 5.4.1),cpp,Wrong Answer,123,24320,870,
s803357981,p02936,u900624743,1567098276,Ruby,Ruby (2.3.3),rb,Wrong Answer,875,35380,403,
s578575739,p02936,u900624743,1567098201,Ruby,Ruby (2.3.3),rb,Wrong Answer,858,35404,403,
s227080113,p02936,u900624743,1567098146,Ruby,Ruby (2.3.3),rb,Wrong Answer,885,35380,436,
s076487520,p02936,u900624743,1567097988,Ruby,Ruby (2.3.3),rb,Wrong Answer,872,35380,436,
s837414774,p02936,u760604008,1567097625,Python,Python (3.4.3),py,Wrong Answer,1935,177532,1871,
s497104540,p02936,u760604008,1567096828,Python,Python (3.4.3),py,Wrong Answer,133,39784,2046,
s427957143,p02936,u760604008,1567096285,Python,Python (3.4.3),py,Wrong Answer,18,3064,1914,
s832840266,p02936,u760604008,1567096140,Python,Python (3.4.3),py,Accepted,1685,56164,895,
s553061742,p02936,u161007542,1567094197,C++,C++14 (GCC 5.4.1),cpp,Accepted,145,31872,919,
s631745847,p02936,u882209234,1567094061,Python,Python (3.4.3),py,Wrong Answer,2119,280196,551,
s014051768,p02936,u882209234,1567093933,Python,Python (3.4.3),py,Wrong Answer,2120,304208,519,
s024545561,p02936,u294211484,1567090801,Python,Python (3.4.3),py,Runtime Error,865,61324,663,
s024905706,p02936,u021548497,1567090459,Python,Python (3.4.3),py,Runtime Error,1512,39764,293,
s832284021,p02936,u294211484,1567090240,Python,Python (3.4.3),py,Wrong Answer,648,36056,599,
s519805791,p02936,u021548497,1567090185,Python,Python (3.4.3),py,Runtime Error,1274,44504,268,
s285509578,p02936,u574766029,1567089937,Java,Java8 (OpenJDK 1.8.0),java,Accepted,1077,120484,2781,
s851615368,p02936,u574766029,1567089877,Java,Java8 (OpenJDK 1.8.0),java,Accepted,1061,118628,3127,
s200034052,p02936,u021548497,1567089853,Python,Python (3.4.3),py,Wrong Answer,1295,44524,259,
s542590961,p02936,u021548497,1567089823,Python,Python (3.4.3),py,Runtime Error,17,3064,220,
s389130400,p02936,u574766029,1567089327,Java,Java8 (OpenJDK 1.8.0),java,Wrong Answer,924,117760,3088,
s292886368,p02936,u294211484,1567089287,Python,Python (3.4.3),py,Runtime Error,2106,49920,597,
s013358926,p02936,u574766029,1567089084,Java,Java8 (OpenJDK 1.8.0),java,Wrong Answer,1043,111296,2900,
s646897323,p02936,u294211484,1567088840,Python,Python (3.4.3),py,Runtime Error,2107,49920,557,
s706376010,p02936,u574766029,1567088636,Java,Java8 (OpenJDK 1.8.0),java,Wrong Answer,1070,112840,2893,
s192753730,p02936,u020230257,1567087205,C++,C++14 (GCC 5.4.1),cpp,Accepted,157,24320,1018,
s184620397,p02936,u020230257,1567086354,C++,C++14 (GCC 5.4.1),cpp,Wrong Answer,341,21120,987,
s033008049,p02936,u760604008,1567084381,Python,Python (3.4.3),py,Wrong Answer,1986,177528,1871,
s588500034,p02936,u506898932,1567083446,Go,Go (1.6),go,Wrong Answer,2109,29060,984,
s546661301,p02936,u015187377,1567082343,Python,Python (3.4.3),py,Wrong Answer,1935,41712,284,
s149076009,p02936,u506898932,1567082271,Go,Go (1.6),go,Wrong Answer,2110,30356,975,
s325668589,p02936,u851470173,1567081348,C++,C++14 (GCC 5.4.1),cpp,Wrong Answer,312,23040,924,
s214103462,p02936,u760604008,1567081102,Python,Python (3.4.3),py,Wrong Answer,2114,159196,1152,
s238709405,p02936,u760604008,1567080936,Python,Python (3.4.3),py,Wrong Answer,2113,160664,1149,
s459058636,p02936,u882209234,1567080730,Python,Python (3.4.3),py,Wrong Answer,1355,25828,267,
s543812309,p02936,u760604008,1567080656,Python,Python (3.4.3),py,Wrong Answer,2114,159080,1153,
s872122996,p02936,u882209234,1567080607,Python,Python (3.4.3),py,Wrong Answer,1308,25828,254,
s411952174,p02936,u882209234,1567080554,Python,Python (3.4.3),py,Wrong Answer,1398,25828,254,
s159374008,p02936,u851470173,1567080543,C++,C++14 (GCC 5.4.1),cpp,Wrong Answer,2105,23680,853,
s149477269,p02936,u919017918,1567080511,Python,Python (3.4.3),py,Accepted,1626,67164,673,
s873227689,p02936,u316029122,1567080490,C++,C++14 (GCC 5.4.1),cpp,Accepted,150,25320,1027,
s927876429,p02936,u851470173,1567080328,C++,C++14 (GCC 5.4.1),cpp,Wrong Answer,2105,23680,1002,
s316454226,p02936,u172035535,1567079953,Python,PyPy3 (2.4.0),py,Wrong Answer,1959,123092,521,
s808929142,p02936,u172035535,1567079871,Python,PyPy3 (2.4.0),py,Wrong Answer,1949,151832,520,
s262881767,p02936,u851470173,1567079553,C++,C++14 (GCC 5.4.1),cpp,Wrong Answer,2109,34560,999,
s861007177,p02936,u316029122,1567078612,C++,C++14 (GCC 5.4.1),cpp,Time Limit Exceeded,2104,25960,1450,
s012743282,p02936,u851470173,1567078506,C++,C++14 (GCC 5.4.1),cpp,Wrong Answer,2106,50176,906,
s960092066,p02936,u634677999,1567067053,C++,C++14 (GCC 5.4.1),cpp,Accepted,135,16372,962,
s090541958,p02936,u752814744,1567063803,C++,C++14 (GCC 5.4.1),cpp,Accepted,135,24320,1957,
s102892264,p02936,u768031280,1567062192,Java,Java8 (OpenJDK 1.8.0),java,Accepted,972,151168,8328,
s922214623,p02936,u542075673,1567059396,C++,C++14 (GCC 5.4.1),cpp,Accepted,347,21120,1680,
s682112558,p02936,u128527648,1567056951,Fortran,Fortran (gfortran v4.8.4),f,Runtime Error,1,1024,847,
s424542170,p02936,u441254033,1567056579,Python,Python (3.4.3),py,Accepted,1599,232312,804,
s724098391,p02936,u128527648,1567056198,Fortran,Fortran (gfortran v4.8.4),f,Runtime Error,1,1024,882,
s268394458,p02936,u441254033,1567056147,Python,PyPy3 (2.4.0),py,Time Limit Exceeded,2126,339944,777,
s820811745,p02936,u441254033,1567055907,Python,Python (3.4.3),py,Time Limit Exceeded,2116,232312,777,
s623387974,p02936,u272496669,1567055840,C++,C++14 (GCC 5.4.1),cpp,Wrong Answer,276,9712,4493,
s957401724,p02936,u255655806,1567055823,C++,C++14 (GCC 5.4.1),cpp,Wrong Answer,281,21120,632,
s298899418,p02936,u874408230,1567055586,Java,Java8 (OpenJDK 1.8.0),java,Wrong Answer,1154,124368,4713,
s993044466,p02936,u430966577,1567055085,C++,C++14 (GCC 5.4.1),cpp,Accepted,314,24296,1361,
s946434435,p02936,u441254033,1567055080,Python,Python (3.4.3),py,Time Limit Exceeded,2121,285852,691,
s930953947,p02936,u874408230,1567055008,Java,Java8 (OpenJDK 1.8.0),java,Wrong Answer,2111,387620,4614,
s614858256,p02936,u430966577,1567054868,C++,C++14 (GCC 5.4.1),cpp,Runtime Error,510,277096,1249,
s447274719,p02936,u441254033,1567054841,Python,Python (3.4.3),py,Wrong Answer,2118,235620,527,
s612992582,p02936,u430966577,1567054654,C++,C++14 (GCC 5.4.1),cpp,Wrong Answer,287,22248,1214,
s497300184,p02936,u255655806,1567054513,C++,C++14 (GCC 5.4.1),cpp,Wrong Answer,277,22656,679,
s097377529,p02936,u874408230,1567054456,Java,Java8 (OpenJDK 1.8.0),java,Wrong Answer,2110,207944,4895,
s817307550,p02936,u441254033,1567054144,Python,Python (3.4.3),py,Runtime Error,1671,52312,450,
s915095207,p02936,u272496669,1567054041,C++,C++14 (GCC 5.4.1),cpp,Wrong Answer,254,7152,3415,
s579447697,p02936,u441254033,1567053893,Python,Python (3.4.3),py,Runtime Error,1648,61752,515,
s804692972,p02936,u430966577,1567053734,C++,C++14 (GCC 5.4.1),cpp,Runtime Error,2106,28776,1764,
s544164341,p02936,u430966577,1567053685,C++,C++14 (Clang 3.8.0),cpp,Wrong Answer,2105,31848,1764,
s185526363,p02936,u430966577,1567053652,C,C (Clang 3.8.0),c,Compile Error,,,1764,
s868739924,p02936,u310449281,1567053556,C++,C++14 (GCC 5.4.1),cpp,Wrong Answer,237,35656,832,
s215366193,p02936,u430966577,1567053540,C++,C++14 (GCC 5.4.1),cpp,Runtime Error,2105,29160,1740,
s660504541,p02936,u430966577,1567053497,C++,C++14 (GCC 5.4.1),cpp,Runtime Error,2105,28904,1738,
s821297166,p02936,u430966577,1567053441,C++,C++14 (GCC 5.4.1),cpp,Wrong Answer,277,29160,1748,
s145377678,p02936,u430966577,1567053406,C++,C++14 (GCC 5.4.1),cpp,Wrong Answer,161,28264,1756,
s182674747,p02936,u255655806,1567053366,C++,C++14 (GCC 5.4.1),cpp,Wrong Answer,281,22656,683,
s902652545,p02936,u430966577,1567053181,C++,C++14 (GCC 5.4.1),cpp,Runtime Error,2105,29032,1778,
s768080538,p02936,u621657275,1567052996,C++,C++14 (GCC 5.4.1),cpp,Accepted,585,30464,795,
s694914084,p02936,u272496669,1567052696,C++,C++14 (GCC 5.4.1),cpp,Runtime Error,264,9584,2220,
s738862744,p02936,u441254033,1567052562,Python,Python (3.4.3),py,Runtime Error,1543,61984,554,
s722042967,p02936,u310449281,1567052388,C++,C++14 (GCC 5.4.1),cpp,Wrong Answer,2105,33480,801,
s381932592,p02936,u272496669,1567052371,C++,C++14 (GCC 5.4.1),cpp,Runtime Error,2104,9328,2334,
s941592834,p02936,u255655806,1567052239,C++,C++14 (GCC 5.4.1),cpp,Wrong Answer,358,22656,667,
s035707976,p02936,u621657275,1567052081,C++,C++14 (GCC 5.4.1),cpp,Wrong Answer,591,24320,711,
s805574959,p02936,u310449281,1567051878,C++,C++14 (GCC 5.4.1),cpp,Wrong Answer,2106,45568,780,
s951433319,p02936,u255655806,1567051851,C++,C++14 (GCC 5.4.1),cpp,Wrong Answer,352,21888,668,
s083906360,p02936,u621657275,1567051819,C++,C++14 (GCC 5.4.1),cpp,Wrong Answer,567,23552,702,
s532543697,p02936,u310449281,1567051643,C++,C++14 (GCC 5.4.1),cpp,Wrong Answer,2106,44032,779,
s278069332,p02936,u272496669,1567050988,C++,C++14 (GCC 5.4.1),cpp,Runtime Error,252,7152,1722,
s842610614,p02936,u799939777,1567050905,C++,C++14 (GCC 5.4.1),cpp,Accepted,650,26624,640,
s403787899,p02936,u799939777,1567050584,C++,C++14 (GCC 5.4.1),cpp,Wrong Answer,356,23424,583,
s466480657,p02936,u799939777,1567050485,C++,C++14 (GCC 5.4.1),cpp,Wrong Answer,646,23552,584,
s854430700,p02936,u441254033,1567050402,Python,Python (3.4.3),py,Runtime Error,1963,121856,649,
s906827988,p02936,u441254033,1567050314,Python,Python (3.4.3),py,Runtime Error,1755,107712,647,
s191283253,p02936,u272496669,1567050129,C++,C++14 (GCC 5.4.1),cpp,Wrong Answer,2104,4848,1583,
s969947627,p02936,u630713695,1567050084,C++,C++14 (GCC 5.4.1),cpp,Accepted,141,23424,549,
s246965958,p02936,u272496669,1567049866,C++,C++14 (GCC 5.4.1),cpp,Wrong Answer,2104,6384,1562,
s122450680,p02936,u441254033,1567048546,Python,Python (3.4.3),py,Runtime Error,1946,121804,814,
s217356093,p02936,u917343765,1567045118,Java,Java8 (OpenJDK 1.8.0),java,Accepted,1513,154160,1426,
s279312140,p02936,u917343765,1567044054,Java,Java8 (OpenJDK 1.8.0),java,Time Limit Exceeded,2109,154760,1341,
s556369211,p02936,u095266283,1567043747,C++,C++14 (GCC 5.4.1),cpp,Accepted,143,20736,2347,
s676101897,p02936,u917343765,1567043741,Java,Java8 (OpenJDK 1.8.0),java,Time Limit Exceeded,2109,159200,1303,
s566968791,p02936,u917343765,1567043108,Java,Java8 (OpenJDK 1.8.0),java,Time Limit Exceeded,2110,207008,1283,
s689541635,p02936,u917343765,1567041444,Java,Java8 (OpenJDK 1.8.0),java,Time Limit Exceeded,2110,208372,1370,
s350176536,p02936,u033602950,1567040869,C++,C++14 (GCC 5.4.1),cpp,Accepted,663,23552,1029,
s773313586,p02936,u033602950,1567040802,C++,C++14 (GCC 5.4.1),cpp,Runtime Error,297,768,1028,
s032504690,p02936,u257373249,1567036867,C++,C++14 (GCC 5.4.1),cpp,Accepted,146,23296,1161,
s705734376,p02936,u476383383,1567036792,C++,C++14 (GCC 5.4.1),cpp,Wrong Answer,352,20352,802,
s212033714,p02936,u932465688,1567036409,Python,Python (3.4.3),py,Wrong Answer,1548,58952,413,
s548555744,p02936,u672541593,1567036370,C++,C++14 (GCC 5.4.1),cpp,Accepted,308,24320,1370,
s051082913,p02936,u672541593,1567035976,C++,C++14 (GCC 5.4.1),cpp,Wrong Answer,286,24320,1301,
s756134496,p02936,u932465688,1567035512,Python,Python (3.4.3),py,Wrong Answer,1352,36920,278,
s296969224,p02936,u382880969,1567033915,C++,C++14 (GCC 5.4.1),cpp,Accepted,149,26112,1155,
s497143058,p02936,u917343765,1567033179,Java,Java8 (OpenJDK 1.8.0),java,Wrong Answer,2052,143564,1340,
s570223219,p02936,u581489014,1567033172,C++,C++14 (GCC 5.4.1),cpp,Wrong Answer,617,24304,1345,
s520910661,p02936,u917343765,1567032856,Java,Java8 (OpenJDK 1.8.0),java,Wrong Answer,2111,822736,1340,
s649101604,p02936,u917343765,1567032359,Java,Java8 (OpenJDK 1.8.0),java,Wrong Answer,2109,152688,1339,
s435349705,p02936,u262869085,1567032198,Python,PyPy3 (2.4.0),py,Accepted,801,120908,637,
s597966012,p02936,u262869085,1567031748,Python,PyPy3 (2.4.0),py,Time Limit Exceeded,2109,103900,634,
s744816170,p02936,u262869085,1567031292,Python,Python (3.4.3),py,Time Limit Exceeded,2109,66968,670,
s183585786,p02936,u026620445,1567028452,C++,C++14 (GCC 5.4.1),cpp,Wrong Answer,350,14592,998,
s816237141,p02936,u026620445,1567028254,C++,C++14 (GCC 5.4.1),cpp,Wrong Answer,349,14592,885,
s161951742,p02936,u026620445,1567028125,C++,C++14 (GCC 5.4.1),cpp,Wrong Answer,336,15616,885,
s798947823,p02936,u026620445,1567027916,C++,C++14 (GCC 5.4.1),cpp,Wrong Answer,347,15616,763,
s265253892,p02936,u701136990,1567027432,C++,C++14 (GCC 5.4.1),cpp,Wrong Answer,290,16756,696,
s323917229,p02936,u701136990,1567027423,C++,C++14 (GCC 5.4.1),cpp,Wrong Answer,272,16756,696,
s756669523,p02936,u026620445,1567027239,C++,C++14 (GCC 5.4.1),cpp,Wrong Answer,320,5504,843,
s324350773,p02936,u026620445,1567027127,C++,C++14 (GCC 5.4.1),cpp,Wrong Answer,319,5504,935,
s152843783,p02936,u507613674,1567027083,Python,Python (3.4.3),py,Wrong Answer,1954,273776,847,
s626395340,p02936,u026620445,1567026958,C++,C++14 (GCC 5.4.1),cpp,Wrong Answer,319,5504,935,
s664093661,p02936,u701136990,1567026860,C++,C++14 (GCC 5.4.1),cpp,Wrong Answer,279,16628,596,
s109358608,p02936,u701136990,1567026728,C++,C++14 (GCC 5.4.1),cpp,Wrong Answer,300,14968,530,
s326395502,p02936,u507613674,1567026722,Python,Python (3.4.3),py,Wrong Answer,1988,275212,1086,
s028872099,p02936,u507613674,1567026512,Python,PyPy3 (2.4.0),py,Wrong Answer,2164,897652,1086,
s271306574,p02936,u413165887,1567026386,Python,Python (3.4.3),py,Runtime Error,1708,49788,461,
s084613703,p02936,u507613674,1567026250,Python,Python (3.4.3),py,Runtime Error,1379,91152,1055,
s360916799,p02936,u419383010,1567026007,C++,C++14 (GCC 5.4.1),cpp,Accepted,302,20468,1680,
s996499840,p02936,u507613674,1567025786,Python,Python (3.4.3),py,Runtime Error,1325,91148,1037,
s166963144,p02936,u164573681,1567025710,Python,Python (3.4.3),py,Wrong Answer,1698,55828,434,
s471031144,p02936,u095266283,1567025687,C++,C++14 (GCC 5.4.1),cpp,Accepted,138,23552,2303,
s606256750,p02936,u476383383,1567024135,C++,C++14 (GCC 5.4.1),cpp,Wrong Answer,362,20864,854,
s238026519,p02936,u455823625,1567024127,C++,C++14 (GCC 5.4.1),cpp,Wrong Answer,352,24320,617,
s230193485,p02936,u455823625,1567023957,C++,C++14 (GCC 5.4.1),cpp,Wrong Answer,356,23424,611,
s834526529,p02936,u672541593,1567023246,C++,C++14 (GCC 5.4.1),cpp,Wrong Answer,289,24320,1286,
s627992305,p02936,u672541593,1567023210,C++,C++14 (GCC 5.4.1),cpp,Runtime Error,265,2420,1283,
s449458013,p02936,u382880969,1567023044,C++,C++14 (GCC 5.4.1),cpp,Accepted,134,26112,1155,
s038952695,p02936,u419383010,1567022911,C++,C++14 (GCC 5.4.1),cpp,Wrong Answer,271,18048,1232,
s472758290,p02936,u507613674,1567022606,Python,Python (3.4.3),py,Runtime Error,1404,91808,1009,
s289220969,p02936,u507613674,1567022566,Python,PyPy3 (2.4.0),py,Runtime Error,1017,154176,1009,
s885150479,p02936,u018828540,1567022562,C++,C++14 (GCC 5.4.1),cpp,Accepted,138,28672,1787,
s790757523,p02936,u923105140,1567022327,C++,C++14 (GCC 5.4.1),cpp,Accepted,360,23424,613,
s233613551,p02936,u286465817,1567020717,C++,C++14 (GCC 5.4.1),cpp,Accepted,346,31360,680,
s522322087,p02936,u347452770,1567019784,Java,Java8 (OpenJDK 1.8.0),java,Runtime Error,1592,190540,761,
s145116833,p02936,u660270504,1567019761,C++,C++14 (GCC 5.4.1),cpp,Accepted,316,24320,1980,
s780928075,p02936,u065261876,1567019512,C++,C++14 (GCC 5.4.1),cpp,Wrong Answer,2103,3712,636,
s842917731,p02936,u347452770,1567019455,Java,Java8 (OpenJDK 1.8.0),java,Runtime Error,1025,180540,720,
s593812346,p02936,u347452770,1567019419,Java,Java8 (OpenJDK 1.8.0),java,Compile Error,,,720,
s170205469,p02936,u347452770,1567019362,Java,Java8 (OpenJDK 1.8.0),java,Compile Error,,,719,
s147866554,p02936,u065261876,1567019357,C++,C++ (GCC 5.4.1),cpp,Wrong Answer,2103,3712,636,
s541686877,p02936,u660270504,1567018822,C++,C++14 (GCC 5.4.1),cpp,Wrong Answer,251,5504,1899,
s659189010,p02936,u660270504,1567018794,C++,C++14 (GCC 5.4.1),cpp,Compile Error,,,1899,
s062666725,p02936,u413165887,1567018523,Python,Python (3.4.3),py,Runtime Error,2051,58008,527,
s386983654,p02936,u660270504,1567017681,C++,C++14 (GCC 5.4.1),cpp,Wrong Answer,291,25600,2010,
s376379841,p02936,u356539385,1567016308,C++,C++ (GCC 5.4.1),cpp,Accepted,306,29696,870,
s038266580,p02936,u413165887,1567016050,Python,Python (3.4.3),py,Runtime Error,1974,57764,505,
s161422325,p02936,u370608397,1567015768,C#,C# (Mono 4.6.2.0),cs,Accepted,811,64936,3050,
s304088203,p02936,u056944756,1567015657,C++,C++14 (GCC 5.4.1),cpp,Accepted,318,30464,702,
s858744756,p02936,u370608397,1567015617,C#,C# (Mono 4.6.2.0),cs,Wrong Answer,704,65460,2617,
s606313251,p02936,u056944756,1567015429,C++,C++14 (GCC 5.4.1),cpp,Wrong Answer,285,24320,626,
s478728691,p02936,u370608397,1567015343,C#,C# (Mono 4.6.2.0),cs,Wrong Answer,710,67244,3058,
s937939160,p02936,u688527214,1567015141,Crystal,Crystal (0.20.5),cr,Wrong Answer,721,62460,583,
s668589066,p02936,u762540523,1567014960,Python,Python (3.4.3),py,Wrong Answer,2111,111452,744,
s368145557,p02936,u762540523,1567014182,Python,Python (3.4.3),py,Wrong Answer,2110,105944,645,
s250390104,p02936,u455823625,1567013084,C++,C++14 (GCC 5.4.1),cpp,Wrong Answer,2104,21376,533,
s551804085,p02936,u917343765,1567012878,Java,Java8 (OpenJDK 1.8.0),java,Wrong Answer,2109,153268,1436,
s381518044,p02936,u014847113,1567012480,C++,C++14 (GCC 5.4.1),cpp,Accepted,307,29696,875,
s880808156,p02936,u543954314,1567009976,Python,Python (3.4.3),py,Accepted,1695,92416,424,
s439795194,p02936,u726221125,1567007649,Python,Python (3.4.3),py,Wrong Answer,1938,69044,285,
s687677986,p02936,u413165887,1567007615,Python,Python (3.4.3),py,Wrong Answer,1763,60336,369,
s386166641,p02936,u455309216,1567007446,C++,C++14 (GCC 5.4.1),cpp,Accepted,136,28928,953,
s015240399,p02936,u726221125,1567007386,Python,Python (3.4.3),py,Wrong Answer,1572,63176,276,
s765180483,p02936,u379951749,1567006268,C++,C++14 (GCC 5.4.1),cpp,Accepted,296,17140,1380,
s381971085,p02936,u541263126,1567004120,C++,C++14 (GCC 5.4.1),cpp,Wrong Answer,2104,15872,1175,
s308458598,p02936,u379951749,1567003777,C++,C++14 (GCC 5.4.1),cpp,Accepted,298,20980,876,
s237698997,p02936,u026620445,1567003561,C++,C++14 (GCC 5.4.1),cpp,Runtime Error,2106,265472,1083,
s414677042,p02936,u356539385,1566999486,C++,C++ (GCC 5.4.1),cpp,Time Limit Exceeded,2235,1521768,869,
s347126762,p02936,u760604008,1566998021,Python,Python (3.4.3),py,Wrong Answer,2113,159060,1038,
s708092082,p02936,u356539385,1566995390,C++,C++14 (GCC 5.4.1),cpp,Time Limit Exceeded,2234,1533672,895,
s739243655,p02936,u172035535,1566992745,Python,PyPy3 (2.4.0),py,Accepted,1954,125700,569,
s052121839,p02936,u172035535,1566991446,Python,Python (3.4.3),py,Time Limit Exceeded,2108,150656,569,
s392282560,p02936,u172035535,1566987446,Python,Python (3.4.3),py,Wrong Answer,1992,144788,571,
s615961422,p02936,u591158062,1566984623,C++,C++14 (GCC 5.4.1),cpp,Accepted,143,23552,1871,
s260585702,p02936,u585217068,1566982801,C++,C++14 (GCC 5.4.1),cpp,Accepted,147,24320,898,
s179119150,p02936,u172035535,1566979148,Python,Python (3.4.3),py,Wrong Answer,2112,143464,683,
s058961847,p02936,u172035535,1566976840,Python,Python (3.4.3),py,Wrong Answer,2112,134904,621,
s250554566,p02936,u541263126,1566971636,C++,C++14 (GCC 5.4.1),cpp,Wrong Answer,2103,6272,1161,
s932863264,p02936,u432238161,1566971172,C++,C++14 (GCC 5.4.1),cpp,Accepted,464,57088,1591,
s212731589,p02936,u346527636,1566971059,Python,Python (3.4.3),py,Wrong Answer,1525,42924,524,
s423981153,p02936,u541263126,1566970869,C++,C++14 (GCC 5.4.1),cpp,Time Limit Exceeded,2103,7040,1042,
s774807196,p02936,u346527636,1566970688,Python,Python (3.4.3),py,Wrong Answer,1496,42828,523,
s097789757,p02936,u577138895,1566970439,Python,PyPy3 (2.4.0),py,Runtime Error,1892,133364,588,
s444215134,p02936,u577138895,1566970229,Python,PyPy3 (2.4.0),py,Runtime Error,1967,132812,576,
s771961484,p02936,u541263126,1566970001,C++,C++14 (GCC 5.4.1),cpp,Time Limit Exceeded,2104,6272,1058,
s736970520,p02936,u577138895,1566969522,Python,PyPy3 (2.4.0),py,Runtime Error,1899,132936,575,
s624276757,p02936,u541263126,1566969375,C++,C++14 (GCC 5.4.1),cpp,Wrong Answer,268,4736,658,
s108421254,p02936,u346527636,1566969355,Python,Python (3.4.3),py,Wrong Answer,1500,50640,412,
s027625011,p02936,u541263126,1566968581,C++,C++14 (GCC 5.4.1),cpp,Wrong Answer,266,4480,562,
s508899796,p02936,u062908837,1566968442,C++,C++14 (GCC 5.4.1),cpp,Runtime Error,329,8052,1835,
s852607378,p02936,u541263126,1566968405,C++,C++14 (GCC 5.4.1),cpp,Compile Error,,,563,
s322241712,p02936,u356539385,1566968064,C++,C++14 (GCC 5.4.1),cpp,Time Limit Exceeded,2229,1551720,907,
s383488286,p02936,u047816928,1566967452,C++,C++14 (GCC 5.4.1),cpp,Accepted,315,25516,657,
s924566414,p02936,u703108590,1566967428,Java,Java8 (OpenJDK 1.8.0),java,Accepted,1518,148084,2726,
s934754515,p02936,u625846975,1566967391,C++,C++14 (GCC 5.4.1),cpp,Accepted,294,25856,650,
s701709283,p02936,u543167400,1566967205,C++,C++14 (GCC 5.4.1),cpp,Accepted,144,25600,3642,
s279226641,p02936,u625846975,1566967009,C++,C++14 (GCC 5.4.1),cpp,Wrong Answer,288,25856,649,
s256581950,p02936,u703108590,1566966860,Java,Java8 (OpenJDK 1.8.0),java,Time Limit Exceeded,2113,381388,2671,
s253679087,p02936,u625846975,1566966851,C++,C++14 (GCC 5.4.1),cpp,Wrong Answer,287,25856,643,
s528101619,p02936,u625846975,1566966807,C++,C++14 (GCC 5.4.1),cpp,Wrong Answer,288,25856,640,
s880107738,p02936,u625846975,1566966669,C++,C++14 (GCC 5.4.1),cpp,Wrong Answer,278,25856,612,
s656526825,p02936,u703108590,1566966595,Java,Java8 (OpenJDK 1.8.0),java,Wrong Answer,1390,138676,2670,
s691702347,p02936,u625846975,1566966515,C++,C++14 (GCC 5.4.1),cpp,Wrong Answer,314,25856,615,
s642075674,p02936,u443404767,1566966227,C++,C++14 (GCC 5.4.1),cpp,Accepted,213,26812,1049,
s670420346,p02936,u047816928,1566966164,Python,Python (3.4.3),py,Time Limit Exceeded,2118,232000,466,
s568382289,p02936,u443404767,1566966161,C++,C++14 (GCC 5.4.1),cpp,Time Limit Exceeded,2259,1263312,953,
s620577390,p02936,u413165887,1566965974,Python,Python (3.4.3),py,Wrong Answer,1733,60284,380,
s057705961,p02936,u089870626,1566965783,C++,C++14 (GCC 5.4.1),cpp,Accepted,426,36736,1509,
s881510896,p02936,u089870626,1566965671,C++,C++14 (GCC 5.4.1),cpp,Runtime Error,98,7040,1509,
s188442592,p02936,u443404767,1566965514,C++,C++14 (GCC 5.4.1),cpp,Wrong Answer,170,22984,925,
s204159885,p02936,u543167400,1566965413,C++,C++14 (GCC 5.4.1),cpp,Accepted,157,30592,3070,
s091808759,p02936,u443404767,1566965370,C++,C++14 (GCC 5.4.1),cpp,Runtime Error,197,17992,927,
s261333464,p02936,u047816928,1566965368,Python,Python (3.4.3),py,Runtime Error,1841,60172,425,
s175556232,p02936,u443404767,1566965212,C++,C++14 (GCC 5.4.1),cpp,Runtime Error,197,17992,864,
s117209340,p02936,u703108590,1566964919,Java,Java8 (OpenJDK 1.8.0),java,Wrong Answer,1292,113392,2306,
s810315631,p02936,u703108590,1566964887,Java,Java8 (OpenJDK 1.8.0),java,Compile Error,,,2325,
s140622485,p02936,u413165887,1566964544,Python,Python (3.4.3),py,Wrong Answer,1745,60284,383,
s785507756,p02936,u948882066,1566964510,Go,Go (1.6),go,Accepted,1069,34304,1112,
s574189449,p02936,u703108590,1566964255,Java,Java8 (OpenJDK 1.8.0),java,Wrong Answer,941,67496,1979,
s280112252,p02936,u948882066,1566964208,Go,Go (1.6),go,Wrong Answer,1031,28928,1087,
s318892457,p02936,u703108590,1566964139,Java,Java8 (OpenJDK 1.8.0),java,Wrong Answer,920,67168,1977,
s003754236,p02936,u703108590,1566962252,Java,Java8 (OpenJDK 1.8.0),java,Wrong Answer,2109,373604,2553,
s427308901,p02936,u917343765,1566962250,Java,Java8 (OpenJDK 1.8.0),java,Wrong Answer,2106,157216,1348,
s897659091,p02936,u917343765,1566962090,Java,Java8 (OpenJDK 1.8.0),java,Wrong Answer,2109,157716,1349,
s570104668,p02936,u917343765,1566961921,Java,Java8 (OpenJDK 1.8.0),java,Time Limit Exceeded,2111,831828,1352,
s117592628,p02936,u727557228,1566961690,C++,C++14 (GCC 5.4.1),cpp,Accepted,135,24320,690,
s186888308,p02936,u413165887,1566960676,Python,Python (3.4.3),py,Runtime Error,2106,61388,578,
s274694146,p02936,u379951749,1566960640,C++,C++14 (GCC 5.4.1),cpp,Accepted,155,24320,816,
s871805434,p02936,u917343765,1566960605,Java,Java8 (OpenJDK 1.8.0),java,Wrong Answer,2106,140792,1337,
s936956697,p02936,u379951749,1566960565,C++,C++14 (GCC 5.4.1),cpp,Wrong Answer,462,28928,1386,
s692623915,p02936,u917343765,1566959941,Java,Java8 (OpenJDK 1.8.0),java,Wrong Answer,2109,131788,1353,
s083990386,p02936,u685263709,1566959795,Python,PyPy3 (2.4.0),py,Accepted,1887,135672,952,
s107790590,p02936,u685263709,1566959752,Python,Python (3.4.3),py,Accepted,1611,67164,952,
s893591372,p02936,u225450911,1566959301,C++,C++14 (GCC 5.4.1),cpp,Accepted,591,18032,1028,
s411996185,p02936,u225450911,1566959244,C++,C++14 (GCC 5.4.1),cpp,Runtime Error,98,2560,1032,
s049213699,p02936,u685263709,1566959069,Python,Python (3.4.3),py,Wrong Answer,1302,36896,275,
s819055220,p02936,u685263709,1566958952,Python,Python (3.4.3),py,Wrong Answer,1315,36864,351,
s579001193,p02936,u225450911,1566958765,C++,C++14 (GCC 5.4.1),cpp,Runtime Error,99,2560,1028,
s516543215,p02936,u644796951,1566957897,Java,Java8 (OpenJDK 1.8.0),java,Wrong Answer,2109,202516,1450,
s873919962,p02936,u993381291,1566957716,C#,C# (Mono 4.6.2.0),cs,Accepted,998,132304,853,
s850404239,p02936,u644796951,1566957390,Java,Java8 (OpenJDK 1.8.0),java,Wrong Answer,2109,197620,1371,
s775380413,p02936,u644796951,1566957278,Java,Java8 (OpenJDK 1.8.0),java,Wrong Answer,2110,195604,1367,
s088484877,p02936,u970002663,1566957200,Python,Python (3.4.3),py,Wrong Answer,1265,36924,387,
s355000823,p02936,u870164956,1566957095,Python,PyPy3 (2.4.0),py,Accepted,1400,268292,882,
s730021080,p02936,u870164956,1566957036,Python,PyPy3 (2.4.0),py,Accepted,1413,268292,878,
s462949335,p02936,u993381291,1566956863,C#,C# (Mono 4.6.2.0),cs,Accepted,1310,111780,879,
s306323884,p02936,u870164956,1566956795,Python,PyPy3 (2.4.0),py,Accepted,1032,158596,836,
s474893970,p02936,u993381291,1566956610,C#,C# (Mono 4.6.2.0),cs,Time Limit Exceeded,2112,89980,822,
s205237078,p02936,u870164956,1566956584,Python,PyPy3 (2.4.0),py,Accepted,1110,159096,735,
s546887620,p02936,u870164956,1566956454,Python,PyPy3 (2.4.0),py,Accepted,1945,169800,695,
s928508279,p02936,u917343765,1566956440,Java,Java8 (OpenJDK 1.8.0),java,Wrong Answer,2110,362116,1367,
s412924598,p02936,u870164956,1566956308,Python,PyPy3 (2.4.0),py,Accepted,1899,138496,669,
s434376046,p02936,u870164956,1566956046,Python,PyPy3 (2.4.0),py,Accepted,1998,123468,638,
s391700503,p02936,u993381291,1566956026,C#,C# (Mono 4.6.2.0),cs,Time Limit Exceeded,2112,89092,875,
s803988478,p02936,u645855527,1566955938,Python,Python (3.4.3),py,Wrong Answer,2112,94936,684,
s540968033,p02936,u870164956,1566955799,Python,PyPy3 (2.4.0),py,Time Limit Exceeded,2115,204928,674,
s016709333,p02936,u870164956,1566955559,Python,PyPy3 (2.4.0),py,Accepted,1981,123468,706,
s595144337,p02936,u781535828,1566953901,Python,Python (3.4.3),py,Runtime Error,2109,105052,867,
s336660132,p02936,u781535828,1566953402,Python,Python (3.4.3),py,Runtime Error,2109,105052,825,
s148592149,p02936,u174394352,1566953393,Python,PyPy3 (2.4.0),py,Time Limit Exceeded,2109,138660,531,
s805809225,p02936,u174394352,1566953319,C++,C++14 (GCC 5.4.1),cpp,Accepted,599,28900,1155,
s736077856,p02936,u549383771,1566951376,Python,Python (3.4.3),py,Accepted,1864,69728,629,
s563462119,p02936,u781535828,1566950904,Python,Python (3.4.3),py,Runtime Error,1903,89824,543,
s401296089,p02936,u948882066,1566950873,Go,Go (1.6),go,Wrong Answer,954,18304,977,
s690076969,p02936,u781535828,1566950464,Python,Python (3.4.3),py,Runtime Error,2110,118952,577,
s337504458,p02936,u948882066,1566950464,Go,Go (1.6),go,Wrong Answer,2108,7680,507,
s921303122,p02936,u948882066,1566950101,Go,Go (1.6),go,Wrong Answer,2108,10496,757,
s228371014,p02936,u948882066,1566949982,Go,Go (1.6),go,Wrong Answer,2108,12676,714,
s410713408,p02936,u517779586,1566948636,Java,Java8 (OpenJDK 1.8.0),java,Wrong Answer,91,23764,1126,
s277726367,p02936,u528748570,1566948540,Python,Python (3.4.3),py,Wrong Answer,1964,134292,504,
s869772504,p02936,u200822224,1566946745,C++,C++14 (GCC 5.4.1),cpp,Wrong Answer,2103,4224,1183,
s336175331,p02936,u645855527,1566946688,Python,Python (3.4.3),py,Wrong Answer,2109,105500,682,
s598595841,p02936,u530606147,1566946104,C++,C++14 (GCC 5.4.1),cpp,Wrong Answer,208,16512,3618,
s884873678,p02936,u581187895,1566945997,Python,Python (3.4.3),py,Wrong Answer,2112,243364,479,
s179846966,p02936,u581187895,1566945866,Python,Python (3.4.3),py,Time Limit Exceeded,2119,243336,478,
s385425448,p02936,u645855527,1566945652,Python,Python (3.4.3),py,Wrong Answer,2110,116288,773,
s170621982,p02936,u581187895,1566944628,Python,Python (3.4.3),py,Wrong Answer,1531,63208,355,
s857877033,p02936,u581187895,1566944530,Python,Python (3.4.3),py,Wrong Answer,1572,66688,417,
s052103837,p02936,u386782537,1566944267,Python,Python (3.4.3),py,Wrong Answer,1326,40884,401,
s076406547,p02936,u464355268,1566944072,C++,C++14 (GCC 5.4.1),cpp,Wrong Answer,249,3968,992,
s271077570,p02936,u162455118,1566942231,Go,Go (1.6),go,Accepted,1172,83200,1323,
s817496270,p02936,u015187377,1566941017,Python,PyPy3 (2.4.0),py,Wrong Answer,1671,107980,294,
s544863590,p02936,u015187377,1566940965,Python,Python (3.4.3),py,Wrong Answer,1261,38360,294,
s287261460,p02936,u162455118,1566940745,Go,Go (1.6),go,Wrong Answer,1103,23320,1218,
s618045031,p02936,u015187377,1566940644,Python,Python (3.4.3),py,Wrong Answer,1362,36896,289,
s222345178,p02936,u162455118,1566940637,Go,Go (1.6),go,Wrong Answer,252,19456,1146,
s774354522,p02936,u015187377,1566940504,Python,Python (3.4.3),py,Wrong Answer,1253,36896,276,
s400261372,p02936,u015187377,1566940333,Python,Python (3.4.3),py,Wrong Answer,1233,36896,277,
s577201517,p02936,u015187377,1566940172,Python,Python (3.4.3),py,Wrong Answer,1269,36896,277,
s551249508,p02936,u592686932,1566940096,C++,C++14 (GCC 5.4.1),cpp,Wrong Answer,99,4848,1909,
s492504071,p02936,u592686932,1566939924,C++,C++14 (GCC 5.4.1),cpp,Wrong Answer,85,7652,1952,
s556465234,p02936,u592686932,1566939803,C++,C++14 (GCC 5.4.1),cpp,Wrong Answer,88,7040,1912,
s010506596,p02936,u592686932,1566938690,C++,C++14 (GCC 5.4.1),cpp,Wrong Answer,2105,25460,2094,
s563350754,p02936,u592686932,1566938579,C++,C++14 (GCC 5.4.1),cpp,Runtime Error,2104,26216,2096,
s934745365,p02936,u652286295,1566937276,C++,C++14 (GCC 5.4.1),cpp,Runtime Error,2595,1780,936,
s561041223,p02936,u162455118,1566936109,Go,Go (1.6),go,Runtime Error,2107,45952,1790,
s914242844,p02936,u162455118,1566935669,Go,Go (1.6),go,Runtime Error,1201,36224,1615,
s244280763,p02936,u592686932,1566935646,C++,C++14 (GCC 5.4.1),cpp,Wrong Answer,2104,9712,1722,
s934067745,p02936,u346077300,1566935570,Ruby,Ruby (2.3.3),rb,Runtime Error,843,54012,559,
s943274644,p02936,u781535828,1566934897,Python,Python (3.4.3),py,Runtime Error,2112,139804,767,
s022929926,p02936,u592686932,1566934655,C++,C++14 (GCC 5.4.1),cpp,Wrong Answer,2104,15856,1829,
s301908393,p02936,u162455118,1566934473,Go,Go (1.6),go,Wrong Answer,2108,34068,1902,
s684331426,p02936,u494904204,1566934418,C++,C++14 (GCC 5.4.1),cpp,Accepted,303,16372,976,
s835303467,p02936,u346077300,1566933956,Ruby,Ruby (2.3.3),rb,Runtime Error,791,52860,524,
s661420031,p02936,u346077300,1566933084,Ruby,Ruby (2.3.3),rb,Wrong Answer,916,57724,594,
s154105558,p02936,u162455118,1566932897,Go,Go (1.6),go,Wrong Answer,1117,29696,1798,
s439470124,p02936,u494904204,1566932704,C++,C++14 (GCC 5.4.1),cpp,Wrong Answer,284,14848,818,
s116094310,p02936,u162455118,1566931891,Go,Go (1.6),go,Wrong Answer,1117,24960,1824,
s386979138,p02936,u692632484,1566930858,C++,C++14 (GCC 5.4.1),cpp,Accepted,297,25856,710,
s015743759,p02936,u162455118,1566930685,Go,Go (1.6),go,Wrong Answer,1086,28288,1640,
s786190392,p02936,u494904204,1566930284,C++,C++14 (GCC 5.4.1),cpp,Wrong Answer,278,14848,808,
s635288898,p02936,u111365362,1566929348,Python,Python (3.4.3),py,Accepted,1787,66964,536,
s603007846,p02936,u162455118,1566929312,Go,Go (1.6),go,Compile Error,,,4398,
s551122575,p02936,u162455118,1566929280,Go,Go (1.6),go,Compile Error,,,4396,
s944320533,p02936,u162455118,1566928854,Go,Go (1.6),go,Compile Error,,,1504,
s574323117,p02936,u162455118,1566928830,Go,Go (1.6),go,Compile Error,,,1502,
s024877958,p02936,u162455118,1566928728,Go,Go (1.6),go,Compile Error,,,1481,
s455824855,p02936,u162455118,1566928658,Go,Go (1.6),go,Compile Error,,,1482,
s365127937,p02936,u760604008,1566924895,Python,Python (3.4.3),py,Runtime Error,2112,156516,1207,
s396884200,p02936,u628158887,1566924280,Python,Python (3.4.3),py,Accepted,1918,173848,642,
s875160436,p02936,u628158887,1566924207,Python,Python (3.4.3),py,Wrong Answer,1269,36896,275,
s667556937,p02936,u628158887,1566924115,Python,Python (3.4.3),py,Wrong Answer,1488,64996,496,
s368202266,p02936,u628158887,1566924021,Python,Python (3.4.3),py,Wrong Answer,1977,90200,304,
s604900609,p02936,u628158887,1566923841,Python,PyPy3 (2.4.0),py,Wrong Answer,1355,86308,358,
s873461155,p02936,u628158887,1566923830,Python,Python (3.4.3),py,Wrong Answer,1125,66616,358,
s861189182,p02936,u721316601,1566922002,Python,Python (3.4.3),py,Accepted,1878,172316,641,
s492074989,p02936,u721316601,1566921628,Python,Python (3.4.3),py,Wrong Answer,1909,192496,688,
s011879487,p02936,u350836088,1566920659,Python,Python (3.4.3),py,Wrong Answer,2105,31860,405,
s915381290,p02936,u692254521,1566919030,Ruby,Ruby (2.3.3),rb,Accepted,763,27388,576,
s647316944,p02936,u721316601,1566918819,Python,Python (3.4.3),py,Runtime Error,1591,39860,287,
s845946674,p02936,u136090046,1566918671,C++,C++14 (GCC 5.4.1),cpp,Accepted,504,26612,1420,
s239064019,p02936,u136090046,1566918466,C++,C++14 (GCC 5.4.1),cpp,Compile Error,,,1186,
s516797183,p02936,u136090046,1566918148,C++,C++14 (GCC 5.4.1),cpp,Time Limit Exceeded,2109,27508,1516,
s185877923,p02936,u692254521,1566915398,Ruby,Ruby (2.3.3),rb,Runtime Error,2109,29820,364,
s614960320,p02936,u692254521,1566914138,Ruby,Ruby (2.3.3),rb,Runtime Error,2109,29436,330,
s354460478,p02936,u645855527,1566913326,Python,Python (3.4.3),py,Wrong Answer,2108,91152,634,
s345603466,p02936,u064087840,1566912668,C++,C++14 (GCC 5.4.1),cpp,Accepted,163,38528,1146,
s230906616,p02936,u177143886,1566910227,C++,C++14 (GCC 5.4.1),cpp,Accepted,613,25856,2580,
s196503115,p02936,u177143886,1566909697,C++,C++14 (GCC 5.4.1),cpp,Wrong Answer,566,22656,2536,
s345786840,p02936,u628158887,1566908708,Python,Python (3.4.3),py,Wrong Answer,1256,66676,291,
s485795241,p02936,u628158887,1566908698,Python,PyPy3 (2.4.0),py,Wrong Answer,1320,86436,291,
s407458157,p02936,u628158887,1566908488,Python,Python (3.4.3),py,Wrong Answer,2104,109912,344,
s787518224,p02936,u628158887,1566908155,Python,Python (3.4.3),py,Wrong Answer,1978,113596,272,
s836881652,p02936,u628158887,1566908146,Python,PyPy3 (2.4.0),py,Wrong Answer,2110,113880,272,
s214586849,p02936,u628158887,1566907275,Python,PyPy3 (2.4.0),py,Wrong Answer,2109,87852,226,
s296184406,p02936,u863370423,1566906494,C++,C++14 (GCC 5.4.1),cpp,Accepted,368,25600,591,
s360999931,p02936,u549383771,1566904319,Python,Python (3.4.3),py,Wrong Answer,1835,68188,478,
s671642706,p02936,u151097663,1566904085,C++,C++14 (GCC 5.4.1),cpp,Accepted,144,17140,1659,
s151976338,p02936,u151097663,1566903748,C++,C++14 (GCC 5.4.1),cpp,Wrong Answer,121,15744,1640,
s863900153,p02936,u549383771,1566902218,Python,Python (3.4.3),py,Wrong Answer,1632,61796,427,
s524288974,p02936,u084266712,1566901424,C++,C++14 (GCC 5.4.1),cpp,Accepted,125,23552,1151,
s566954135,p02936,u222383602,1566901021,C++,C++14 (GCC 5.4.1),cpp,Accepted,148,24320,777,
s931268135,p02936,u978141770,1566898329,C++,C++14 (GCC 5.4.1),cpp,Accepted,296,17268,912,
s717145683,p02936,u978141770,1566898316,C++,C++14 (GCC 5.4.1),cpp,Accepted,308,17268,912,
s851159508,p02936,u832158848,1566894080,C++,C++ (GCC 5.4.1),cpp,Wrong Answer,264,6640,610,
s284260327,p02936,u832158848,1566894046,C++,C++ (GCC 5.4.1),cpp,Compile Error,,,609,
s554530731,p02936,u194208056,1566891859,C++,C++14 (GCC 5.4.1),cpp,Wrong Answer,153,27392,1647,
s997933541,p02936,u194208056,1566891020,C++,C++14 (GCC 5.4.1),cpp,Accepted,316,56180,1879,
s281819878,p02936,u082568020,1566889595,C++,C++14 (GCC 5.4.1),cpp,Accepted,519,54008,2150,
s074232377,p02936,u082568020,1566889108,C++,C++14 (GCC 5.4.1),cpp,Wrong Answer,429,54008,2056,
s967945795,p02936,u093792099,1566888977,Python,Python (3.4.3),py,Runtime Error,2107,122008,638,
s605358366,p02936,u082568020,1566888906,C++,C++14 (GCC 5.4.1),cpp,Wrong Answer,490,53240,1947,
s618734044,p02936,u980655160,1566887735,C++,C++14 (GCC 5.4.1),cpp,Accepted,370,26752,1115,
s875864838,p02936,u021358975,1566887404,Ruby,Ruby (2.3.3),rb,Accepted,939,61872,649,
s027356356,p02936,u930997891,1566884289,C++,C++14 (GCC 5.4.1),cpp,Wrong Answer,118,14080,651,
s074504680,p02936,u967398153,1566883057,C++,C++14 (GCC 5.4.1),cpp,Accepted,151,18004,2225,
s018398980,p02936,u930997891,1566882964,C++,C++14 (GCC 5.4.1),cpp,Wrong Answer,2104,12288,643,
s256043448,p02936,u930997891,1566882810,C++,C++14 (GCC 5.4.1),cpp,Wrong Answer,2104,13952,631,
s537876509,p02936,u386610210,1566881880,PHP,PHP7 (7.0.15),php,Wrong Answer,597,223736,769,
s480498098,p02936,u915277742,1566880100,C++,C++14 (GCC 5.4.1),cpp,Wrong Answer,2112,13184,737,
s802455423,p02936,u998741086,1566879530,Ruby,Ruby (2.3.3),rb,Accepted,844,25524,984,
s854370395,p02936,u915277742,1566879247,C++,C++14 (GCC 5.4.1),cpp,Wrong Answer,2104,14848,652,
s443837859,p02936,u915277742,1566878742,C++,C++14 (GCC 5.4.1),cpp,Wrong Answer,2104,13184,673,
s851744191,p02936,u088346902,1566878624,Java,Java8 (OpenJDK 1.8.0),java,Accepted,1458,144700,2602,
s916285089,p02936,u915277742,1566878563,C++,C++14 (GCC 5.4.1),cpp,Wrong Answer,2104,13952,648,
s622504426,p02936,u151037808,1566877641,Python,PyPy3 (2.4.0),py,Time Limit Exceeded,2126,376312,809,
s870008342,p02936,u088346902,1566877538,Java,Java8 (OpenJDK 1.8.0),java,Time Limit Exceeded,2110,396784,2661,
s737318937,p02936,u917343765,1566877073,Java,Java8 (OpenJDK 1.8.0),java,Wrong Answer,2125,365976,1242,
s739546993,p02936,u088346902,1566877024,Java,Java8 (OpenJDK 1.8.0),java,Time Limit Exceeded,2111,411700,2833,
s146250260,p02936,u670047797,1566876839,C++,C++14 (GCC 5.4.1),cpp,Accepted,336,29312,776,
s556311197,p02936,u507989670,1566876821,C++,C++14 (GCC 5.4.1),cpp,Runtime Error,181,7040,534,
s118736579,p02936,u044632922,1566876724,Python,Python (3.4.3),py,Accepted,1707,56184,486,
s202256582,p02936,u044632922,1566876535,Python,Python (3.4.3),py,Wrong Answer,1580,49828,487,
s668076321,p02936,u664207511,1566876367,C++,C++14 (GCC 5.4.1),cpp,Accepted,324,23424,699,
s782571926,p02936,u495035954,1566876238,C++,C++14 (GCC 5.4.1),cpp,Accepted,364,24064,840,
s290094740,p02936,u947000320,1566876214,C++,C++14 (Clang 3.8.0),cpp,Wrong Answer,736,21120,962,
s903141579,p02936,u507989670,1566875773,C++,C++14 (GCC 5.4.1),cpp,Wrong Answer,2103,4864,590,
s631154569,p02936,u947000320,1566875517,C++,C++14 (Clang 3.8.0),cpp,Wrong Answer,2104,20992,1036,
s829029443,p02936,u801195984,1566875290,C++,C++14 (GCC 5.4.1),cpp,Accepted,139,22784,882,
s747114027,p02936,u947000320,1566875208,C++,C++14 (Clang 3.8.0),cpp,Wrong Answer,2104,18944,1019,
s931453675,p02936,u801195984,1566875196,C++,C++14 (GCC 5.4.1),cpp,Wrong Answer,112,22784,860,
s072861911,p02936,u947000320,1566875156,C++,C++14 (Clang 3.8.0),cpp,Runtime Error,353,3060,1018,
s503157215,p02936,u947000320,1566875063,C++,C++14 (Clang 3.8.0),cpp,Runtime Error,355,2804,1018,
s852188129,p02936,u947000320,1566874848,C++,C++14 (Clang 3.8.0),cpp,Wrong Answer,2105,23680,1104,
s055316217,p02936,u947000320,1566874391,C++,C++14 (Clang 3.8.0),cpp,Wrong Answer,2105,23680,906,
s649976415,p02936,u158778550,1566874043,Python,Python (3.4.3),py,Accepted,1638,230960,517,
s970112605,p02936,u158778550,1566873955,Python,Python (3.4.3),py,Time Limit Exceeded,2119,230448,487,
s739640029,p02936,u924514474,1566873777,C++,C++14 (GCC 5.4.1),cpp,Wrong Answer,677,32640,1263,
s304395407,p02936,u158778550,1566873357,Python,PyPy3 (2.4.0),py,Runtime Error,1940,129868,444,
s572943113,p02936,u099643902,1566873025,Python,Python (3.4.3),py,Wrong Answer,1657,72216,419,
s161386041,p02936,u099643902,1566872746,Python,Python (3.4.3),py,Wrong Answer,2108,94864,776,
s372172243,p02936,u342051078,1566872538,C++,C++14 (GCC 5.4.1),cpp,Accepted,306,27392,1814,
s991738375,p02936,u310023971,1566871149,Python,Python (3.4.3),py,Wrong Answer,1498,136204,542,
s514616506,p02936,u057293846,1566870523,C#,C# (Mono 4.6.2.0),cs,Wrong Answer,997,19312,840,
s662136216,p02936,u388817534,1566870115,C++,C++14 (GCC 5.4.1),cpp,Accepted,306,24320,1354,
s267558692,p02936,u549383771,1566869786,Python,Python (3.4.3),py,Wrong Answer,2110,59524,539,
s716195771,p02936,u549383771,1566869636,Python,Python (3.4.3),py,Wrong Answer,2108,61548,556,
s932626011,p02936,u927839462,1566869179,Python,Python (3.4.3),py,Runtime Error,2129,385164,915,
s820693873,p02936,u347850398,1566869161,C++,C++14 (GCC 5.4.1),cpp,Accepted,375,24320,498,
s250826118,p02936,u721269623,1566867517,C++,C++14 (GCC 5.4.1),cpp,Runtime Error,2104,3328,875,
s795964972,p02936,u814781830,1566867079,C#,C# (Mono 4.6.2.0),cs,Accepted,692,72216,2878,
s855332763,p02936,u814781830,1566866063,Python,Python (3.4.3),py,Time Limit Exceeded,2120,273388,468,
s361089277,p02936,u814781830,1566865852,Python,Python (3.4.3),py,Runtime Error,1987,100928,428,
s580578846,p02936,u814781830,1566865746,Python,Python (3.4.3),py,Runtime Error,1938,100928,428,
s814944408,p02936,u223904637,1566865151,Python,Python (3.4.3),py,Accepted,1768,56148,439,
s842783103,p02936,u223904637,1566865105,Python,Python (3.4.3),py,Wrong Answer,1522,54152,439,
s030674326,p02936,u814781830,1566864989,Python,Python (3.4.3),py,Runtime Error,1921,100172,496,
s389360192,p02936,u814781830,1566864924,Python,Python (3.4.3),py,Runtime Error,1940,101324,501,
s609885631,p02936,u223904637,1566864914,Python,Python (3.4.3),py,Wrong Answer,1563,55120,446,
s480039199,p02936,u924406834,1566864845,Go,Go (1.6),go,Accepted,766,31360,3441,
s326273778,p02936,u924406834,1566864777,Go,Go (1.6),go,Compile Error,,,3442,
s972514588,p02936,u093792099,1566861082,Python,Python (3.4.3),py,Runtime Error,2109,122004,638,
s318843805,p02936,u093792099,1566860858,Python,Python (3.4.3),py,Runtime Error,1064,81384,593,
s456733237,p02936,u093792099,1566860633,Python,Python (3.4.3),py,Runtime Error,2108,122008,592,
s988136712,p02936,u929326872,1566860536,C++,C++14 (GCC 5.4.1),cpp,Accepted,134,20608,696,
s347860451,p02936,u284848973,1566860131,C++,C++14 (GCC 5.4.1),cpp,Accepted,342,44672,1950,
s354850940,p02936,u284848973,1566860081,C++,C++14 (GCC 5.4.1),cpp,Accepted,322,44672,1951,
s803174623,p02936,u212486902,1566859605,Go,Go (1.6),go,Accepted,720,52608,1531,
s151572512,p02936,u893351742,1566859602,Ruby,Ruby (2.3.3),rb,Wrong Answer,2110,36956,386,
s047473880,p02936,u212486902,1566859586,Go,Go (1.6),go,Compile Error,,,1911,
s499857428,p02936,u093792099,1566859445,Python,Python (3.4.3),py,Time Limit Exceeded,2107,99052,923,
s154577203,p02936,u893351742,1566859282,Ruby,Ruby (2.3.3),rb,Wrong Answer,2110,31860,360,
s226297728,p02936,u111365362,1566858355,Python,Python (3.4.3),py,Accepted,1819,66848,592,
s412621984,p02936,u223904637,1566857607,Python,PyPy3 (2.4.0),py,Wrong Answer,2109,88396,318,
s391647931,p02936,u223904637,1566857504,Python,Python (3.4.3),py,Wrong Answer,2106,47896,318,
s767250168,p02936,u111365362,1566857492,Python,Python (3.4.3),py,Accepted,1734,66832,628,
s887604098,p02936,u111365362,1566857236,Python,Python (3.4.3),py,Time Limit Exceeded,2023,90520,827,
s004902704,p02936,u111365362,1566857097,Python,Python (3.4.3),py,Wrong Answer,2110,97228,824,
s675174098,p02936,u111365362,1566855947,Python,Python (3.4.3),py,Wrong Answer,1596,58948,479,
s782622332,p02936,u111365362,1566855878,Python,Python (3.4.3),py,Wrong Answer,1608,49616,454,
s464267032,p02936,u605757515,1566855480,C++,C++14 (GCC 5.4.1),cpp,Accepted,327,25856,1058,
s215289861,p02936,u605757515,1566854935,C++,C++14 (GCC 5.4.1),cpp,Time Limit Exceeded,2104,25728,934,
s353193045,p02936,u527984786,1566854352,C++,C++14 (GCC 5.4.1),cpp,Wrong Answer,354,3968,541,
s190503418,p02936,u501592512,1566854269,PHP,PHP7 (7.0.15),php,Wrong Answer,365,120436,426,
s720277436,p02936,u934212306,1566853589,C++,C++14 (GCC 5.4.1),cpp,Accepted,151,21360,1124,
s823625896,p02936,u934212306,1566853496,C++,C++14 (GCC 5.4.1),cpp,Wrong Answer,141,21360,1100,
s597718614,p02936,u106950723,1566853136,C++,C++14 (GCC 5.4.1),cpp,Accepted,319,22656,1413,
s974862690,p02936,u501592512,1566852947,PHP,PHP7 (7.0.15),php,Wrong Answer,346,158200,536,
s119677873,p02936,u611087334,1566852859,C++,C++14 (GCC 5.4.1),cpp,Accepted,313,27392,819,
s074406742,p02936,u218900592,1566851663,C++,C++14 (GCC 5.4.1),cpp,Accepted,290,27392,1299,
s492602374,p02936,u611087334,1566850890,C++,C++14 (GCC 5.4.1),cpp,Wrong Answer,497,21120,480,
s792832348,p02936,u577115580,1566850634,Java,Java7 (OpenJDK 1.7.0),java,Wrong Answer,1962,161212,833,
s609874770,p02936,u218900592,1566850631,C++,C++14 (GCC 5.4.1),cpp,Time Limit Exceeded,2205,1693760,1465,
s684541006,p02936,u577115580,1566850603,Java,Java7 (OpenJDK 1.7.0),java,Compile Error,,,806,
s319259512,p02936,u611087334,1566850544,C++,C++14 (GCC 5.4.1),cpp,Wrong Answer,492,21880,644,
s826171351,p02936,u218900592,1566850539,C++,C++14 (GCC 5.4.1),cpp,Wrong Answer,289,17904,1490,
s634982139,p02936,u577115580,1566850496,Java,Java7 (OpenJDK 1.7.0),java,Wrong Answer,1538,160860,832,
s142600912,p02936,u218900592,1566849929,C++,C++14 (GCC 5.4.1),cpp,Wrong Answer,274,14976,1467,
s701770557,p02936,u218900592,1566849796,C++,C++14 (GCC 5.4.1),cpp,Wrong Answer,271,14976,1492,
s196341140,p02936,u611087334,1566849678,C++,C++14 (GCC 5.4.1),cpp,Wrong Answer,2104,21112,976,
s603551971,p02936,u699290041,1566849242,C++,C++14 (GCC 5.4.1),cpp,Accepted,296,24448,605,
s039474396,p02936,u699290041,1566848670,C++,C++14 (GCC 5.4.1),cpp,Wrong Answer,285,24320,559,
s718364475,p02936,u699290041,1566848320,C++,C++14 (GCC 5.4.1),cpp,Wrong Answer,283,24320,541,
s246788041,p02936,u106950723,1566847570,C++,C++14 (GCC 5.4.1),cpp,Wrong Answer,389,17920,1161,
s397165166,p02936,u680195439,1566846093,C++,C++14 (GCC 5.4.1),cpp,Accepted,103,14848,1287,
s901497253,p02936,u624688258,1566846033,C++,C++14 (GCC 5.4.1),cpp,Wrong Answer,284,23808,754,
s937733634,p02936,u092278825,1566845581,Python,Python (3.4.3),py,Runtime Error,2106,36592,753,
s376623147,p02936,u665613183,1566842653,C++,C++14 (GCC 5.4.1),cpp,Accepted,336,32128,1011,
s703655241,p02936,u665613183,1566842087,C++,C++14 (GCC 5.4.1),cpp,Runtime Error,2105,488192,1017,
s886752530,p02936,u665613183,1566841982,C++,C++14 (Clang 3.8.0),cpp,Runtime Error,2104,393336,1010,
s586066676,p02936,u045939752,1566839120,C++,C++14 (GCC 5.4.1),cpp,Accepted,161,29440,1382,
s830923008,p02936,u090084494,1566839056,C++,C++14 (GCC 5.4.1),cpp,Accepted,305,30464,905,
s430544986,p02936,u136090046,1566838703,C++,C++14 (GCC 5.4.1),cpp,Accepted,547,33920,2123,
s290523053,p02936,u680195439,1566838651,C++,C++14 (GCC 5.4.1),cpp,Wrong Answer,270,23808,754,
s626782129,p02936,u090084494,1566838630,C++,C++14 (GCC 5.4.1),cpp,Runtime Error,494,275700,905,
s694567898,p02936,u680195439,1566838581,C++,C++14 (GCC 5.4.1),cpp,Wrong Answer,92,8704,1087,
s364463049,p02936,u680195439,1566838434,C++,C++14 (GCC 5.4.1),cpp,Wrong Answer,95,8704,1094,
s634296920,p02936,u680195439,1566838263,C++,C++14 (GCC 5.4.1),cpp,Wrong Answer,90,5504,1046,
s124714029,p02936,u090084494,1566838218,C++,C++14 (GCC 5.4.1),cpp,Runtime Error,479,275700,876,
s422148593,p02936,u136090046,1566838183,C++,C++14 (GCC 5.4.1),cpp,Wrong Answer,419,31360,2046,
s253367992,p02936,u090084494,1566838172,C++,C++14 (GCC 5.4.1),cpp,Compile Error,,,876,
s296307015,p02936,u090084494,1566838046,C++,C++14 (GCC 5.4.1),cpp,Runtime Error,489,275700,876,
s740709722,p02936,u136090046,1566838039,C++,C++14 (GCC 5.4.1),cpp,Wrong Answer,416,30720,2037,
s363658451,p02936,u680195439,1566837909,C++,C++14 (GCC 5.4.1),cpp,Wrong Answer,88,3968,1047,
s523870341,p02936,u680195439,1566837868,C++,C++14 (GCC 5.4.1),cpp,Wrong Answer,89,3968,1025,
s323984206,p02936,u665613183,1566834716,C++,C++14 (Clang 3.8.0),cpp,Wrong Answer,2105,28800,1304,
s999310405,p02936,u591440280,1566834582,C++,C++14 (GCC 5.4.1),cpp,Accepted,325,22656,1070,
s276140587,p02936,u926099741,1566832855,Ruby,Ruby (2.3.3),rb,Accepted,785,34544,477,
s886359188,p02936,u090084494,1566832141,C++,C++14 (GCC 5.4.1),cpp,Wrong Answer,299,14328,794,
s664010465,p02936,u760604008,1566831795,Python,Python (3.4.3),py,Runtime Error,2116,215268,1709,
s945934322,p02936,u760604008,1566831676,Python,Python (3.4.3),py,Runtime Error,2116,226788,1702,
s771535727,p02936,u760604008,1566830425,Python,Python (3.4.3),py,Runtime Error,2113,159088,1651,
s088698683,p02936,u507989670,1566830252,C++,C++14 (GCC 5.4.1),cpp,Runtime Error,2103,512,620,
s462878050,p02936,u760604008,1566829698,Python,Python (3.4.3),py,Runtime Error,2113,168948,1581,
s933174596,p02936,u760604008,1566828829,Python,Python (3.4.3),py,Runtime Error,2113,168948,1525,
s071364127,p02936,u760604008,1566828220,Python,Python (3.4.3),py,Runtime Error,2113,168948,1445,
s104169034,p02936,u760604008,1566827369,Python,Python (3.4.3),py,Runtime Error,2113,168948,1153,
s018092506,p02936,u820225607,1566825234,C++,C++14 (GCC 5.4.1),cpp,Accepted,297,18676,906,
s971491063,p02936,u824327681,1566824523,Python,Python (3.4.3),py,Runtime Error,2115,185288,782,
s027573254,p02936,u760604008,1566824449,Python,Python (3.4.3),py,Wrong Answer,2113,156396,1017,
s859071367,p02936,u824327681,1566824163,Python,Python (3.4.3),py,Wrong Answer,2114,221276,797,
s272619814,p02936,u759237395,1566824011,C,C (GCC 5.4.1),c,Accepted,55,21092,1353,
s228932636,p02936,u824327681,1566823904,Python,Python (3.4.3),py,Runtime Error,2111,138868,755,
s087544815,p02936,u760604008,1566823083,Python,Python (3.4.3),py,Wrong Answer,2112,156396,908,
s845912129,p02936,u760604008,1566822852,Python,Python (3.4.3),py,Runtime Error,566,31652,836,
s233991284,p02936,u665613183,1566811367,C++,C++14 (Clang 3.8.0),cpp,Wrong Answer,2105,28800,1334,
s585001019,p02936,u665613183,1566811030,C++,C++14 (Clang 3.8.0),cpp,Wrong Answer,2105,33536,1309,
s211450351,p02936,u665613183,1566810734,C++,C++14 (Clang 3.8.0),cpp,Wrong Answer,2105,28800,1294,
s339573365,p02936,u665613183,1566810715,C++,C++14 (Clang 3.8.0),cpp,Wrong Answer,2105,28800,1295,
s296086521,p02936,u665613183,1566810643,C++,C++14 (Clang 3.8.0),cpp,Compile Error,,,1294,
s906609148,p02936,u603496599,1566806137,C++,C++14 (GCC 5.4.1),cpp,Accepted,131,22912,751,
s714661129,p02936,u316542627,1566800565,Java,Java8 (OpenJDK 1.8.0),java,Wrong Answer,2114,1025304,1562,
s074047816,p02936,u316542627,1566800114,Java,Java8 (OpenJDK 1.8.0),java,Runtime Error,2161,1026096,1573,
s375230076,p02936,u316542627,1566798909,Java,Java8 (OpenJDK 1.8.0),java,Runtime Error,2114,1024612,1643,
s739515596,p02936,u316542627,1566797188,Java,Java8 (OpenJDK 1.8.0),java,Runtime Error,1992,1023888,1344,
s165768481,p02936,u286754585,1566796182,Fortran,Fortran (gfortran v4.8.4),f,Wrong Answer,2103,7040,2846,
s272568404,p02936,u286754585,1566795031,Fortran,Fortran (gfortran v4.8.4),f,Time Limit Exceeded,2108,10368,1254,
s091803568,p02936,u501424696,1566794419,Python,PyPy3 (2.4.0),py,Accepted,1869,130124,828,
s781870015,p02936,u501424696,1566793679,Python,PyPy3 (2.4.0),py,Runtime Error,2000,164428,886,
s120974444,p02936,u346077300,1566793454,Ruby,Ruby (2.3.3),rb,Runtime Error,2117,162396,425,
s334897293,p02936,u501424696,1566793240,Python,PyPy3 (2.4.0),py,Runtime Error,2110,160204,867,
s281618234,p02936,u501424696,1566793016,Python,PyPy3 (2.4.0),py,Runtime Error,1908,164428,787,
s214074241,p02936,u628597699,1566792799,C++,C++14 (GCC 5.4.1),cpp,Wrong Answer,2105,25216,776,
s621277062,p02936,u924514474,1566792623,C++,C++14 (GCC 5.4.1),cpp,Runtime Error,762,25728,1161,
s096495618,p02936,u796228844,1566792602,Kotlin,Kotlin (1.0.0),kt,Runtime Error,466,291704,821,
s240874764,p02936,u286422818,1566792279,Python,Python (3.4.3),py,Time Limit Exceeded,2113,150404,2383,
s135209056,p02936,u286754585,1566792164,Fortran,Fortran (gfortran v4.8.4),f,Wrong Answer,316,14336,2084,
s746510261,p02936,u796228844,1566792108,Kotlin,Kotlin (1.0.0),kt,Time Limit Exceeded,2111,133496,836,
s488697553,p02936,u924514474,1566792013,C++,C++14 (GCC 5.4.1),cpp,Wrong Answer,2105,27700,1087,
s781924314,p02936,u998741086,1566791736,Ruby,Ruby (2.3.3),rb,Runtime Error,8,1916,683,
s288367537,p02936,u998741086,1566791599,Ruby,Ruby (2.3.3),rb,Runtime Error,1163,362948,682,
s399942882,p02936,u223263261,1566791470,C++,C++14 (GCC 5.4.1),cpp,Accepted,381,27392,790,
s338964562,p02936,u998741086,1566791305,Ruby,Ruby (2.3.3),rb,Runtime Error,794,29820,565,
s444968289,p02936,u286422818,1566791297,Python,Python (3.4.3),py,Time Limit Exceeded,2114,173640,2316,
s140809009,p02936,u934442292,1566791175,Python,Python (3.4.3),py,Runtime Error,2108,105436,832,
s826910569,p02936,u223263261,1566791093,C++,C++14 (GCC 5.4.1),cpp,Wrong Answer,364,23424,841,
s346688922,p02936,u025335269,1566791056,C#,C# (Mono 4.6.2.0),cs,Accepted,588,76676,1744,
s482650983,p02936,u025335269,1566791037,C#,C# (Mono 4.6.2.0),cs,Runtime Error,20,12640,1887,
s240461449,p02936,u286422818,1566790519,Python,Python (3.4.3),py,Time Limit Exceeded,2112,146900,2152,
s347488443,p02936,u110927356,1566790291,Python,Python (3.4.3),py,Wrong Answer,1835,123132,696,
s550830212,p02936,u286422818,1566790250,Python,Python (3.4.3),py,Runtime Error,2112,137000,1921,
s587998501,p02936,u810625173,1566790063,Python,Python (3.4.3),py,Accepted,1788,83804,560,
s343040207,p02936,u810625173,1566789952,Python,PyPy3 (2.4.0),py,Wrong Answer,2170,754592,526,
s588678173,p02936,u025335269,1566789778,C#,C# (Mono 4.6.2.0),cs,Time Limit Exceeded,2115,129076,2027,
s761340980,p02936,u286754585,1566789549,Fortran,Fortran (gfortran v4.8.4),f,Wrong Answer,278,14336,680,
s209927888,p02936,u226191225,1566789314,Python,PyPy3 (2.4.0),py,Accepted,1293,218860,749,
s588928142,p02936,u810625173,1566789089,Python,PyPy3 (2.4.0),py,Wrong Answer,2112,162424,760,
s285854689,p02936,u708590262,1566787881,C++,C++14 (GCC 5.4.1),cpp,Accepted,374,28672,744,
s373670868,p02936,u661467504,1566787680,C++,C++14 (GCC 5.4.1),cpp,Wrong Answer,136,44672,631,
s740472129,p02936,u708590262,1566787598,C++,C++14 (GCC 5.4.1),cpp,Wrong Answer,376,31872,729,
s134503626,p02936,u708590262,1566787466,C++,C++14 (GCC 5.4.1),cpp,Wrong Answer,359,31872,702,
s702630290,p02936,u708590262,1566787453,C++,C++14 (GCC 5.4.1),cpp,Wrong Answer,3,6016,831,
s998850943,p02936,u661467504,1566787436,C++,C++14 (GCC 5.4.1),cpp,Compile Error,,,1262,
s643728012,p02936,u086672186,1566786538,C++,C++14 (GCC 5.4.1),cpp,Wrong Answer,303,22656,1263,
s311847422,p02936,u661467504,1566786289,C++,C++14 (GCC 5.4.1),cpp,Runtime Error,158,6904,636,
s758758128,p02936,u246682205,1566785955,C++,C++14 (GCC 5.4.1),cpp,Accepted,155,31488,830,
s284997696,p02936,u286754585,1566785830,Fortran,Fortran (gfortran v4.8.4),f,Runtime Error,2,384,1307,
s644758268,p02936,u661467504,1566785323,C++,C++14 (GCC 5.4.1),cpp,Runtime Error,154,6904,636,
s708903927,p02936,u120233192,1566785239,Go,Go (1.6),go,Accepted,302,44032,3987,
s871616093,p02936,u922449550,1566784203,Python,Python (3.4.3),py,Runtime Error,152,12500,347,
s554670319,p02936,u521723672,1566784078,C++,C++14 (GCC 5.4.1),cpp,Accepted,146,24320,1103,
s658007169,p02936,u814475088,1566783897,Python,Python (3.4.3),py,Accepted,1740,83804,554,
s998966154,p02936,u796228844,1566783792,Kotlin,Kotlin (1.0.0),kt,Time Limit Exceeded,2115,182984,789,
s713996899,p02936,u922449550,1566783647,Python,Python (3.4.3),py,Runtime Error,148,12500,380,
s825678229,p02936,u521723672,1566783586,C++,C++14 (GCC 5.4.1),cpp,Accepted,318,24320,944,
s022590787,p02936,u796228844,1566783508,Kotlin,Kotlin (1.0.0),kt,Time Limit Exceeded,2111,163708,790,
s138052036,p02936,u796228844,1566782949,Kotlin,Kotlin (1.0.0),kt,Wrong Answer,2115,165932,778,
s618431544,p02936,u322714721,1566782937,C++,C++14 (GCC 5.4.1),cpp,Wrong Answer,393,25856,779,
s043929835,p02936,u521723672,1566782897,C++,C++14 (GCC 5.4.1),cpp,Runtime Error,256,13440,954,
s459008025,p02936,u138245026,1566782818,C++,C++14 (GCC 5.4.1),cpp,Wrong Answer,114,14336,1204,
s578260604,p02936,u138245026,1566782723,C++,C++14 (GCC 5.4.1),cpp,Accepted,152,15732,1202,
s260648493,p02936,u796228844,1566782556,Kotlin,Kotlin (1.0.0),kt,Wrong Answer,2115,166428,687,
s390480500,p02936,u138245026,1566782297,C++,C++14 (GCC 5.4.1),cpp,Accepted,161,24448,1240,
s142702054,p02936,u138245026,1566782245,C++,C++14 (GCC 5.4.1),cpp,Accepted,145,24320,1079,
s412727815,p02936,u138245026,1566782176,C++,C++14 (GCC 5.4.1),cpp,Accepted,141,23680,1115,
s893460130,p02936,u138245026,1566782103,C++,C++14 (GCC 5.4.1),cpp,Accepted,154,24448,1115,
s098933406,p02936,u138245026,1566781954,C++,C++14 (GCC 5.4.1),cpp,Runtime Error,194,12544,1122,
s131556469,p02936,u796228844,1566781904,Kotlin,Kotlin (1.0.0),kt,Wrong Answer,2111,163452,643,
s365339567,p02936,u138245026,1566781836,C++,C++14 (GCC 5.4.1),cpp,Wrong Answer,149,22912,1180,
s354631027,p02936,u454481887,1566781489,C++,C++14 (GCC 5.4.1),cpp,Wrong Answer,89,3968,370,
s372514774,p02936,u138245026,1566781473,C++,C++14 (GCC 5.4.1),cpp,Wrong Answer,149,23424,1179,
s445126792,p02936,u814475088,1566781193,Python,PyPy3 (2.4.0),py,Time Limit Exceeded,2111,137924,653,
s615550000,p02936,u136090046,1566781187,Python,PyPy3 (2.4.0),py,Runtime Error,2110,123172,841,
s611292924,p02936,u342051078,1566781173,C++,C++14 (GCC 5.4.1),cpp,Accepted,305,27392,2204,
s561157620,p02936,u136090046,1566781021,Python,Python (3.4.3),py,Runtime Error,2109,97788,840,
s033986805,p02936,u454481887,1566780938,C++,C++14 (GCC 5.4.1),cpp,Wrong Answer,319,7296,360,
s361366902,p02936,u814475088,1566780623,Python,Python (3.4.3),py,Time Limit Exceeded,2109,113444,651,
s736801484,p02936,u223263261,1566780550,C++,C++14 (GCC 5.4.1),cpp,Wrong Answer,344,14080,664,
s884394229,p02936,u917872021,1566780182,Python,Python (3.4.3),py,Runtime Error,2086,83264,868,
s074958365,p02936,u257511191,1566779794,C++,C++14 (GCC 5.4.1),cpp,Accepted,551,47984,980,
s595993425,p02936,u830592854,1566779715,Java,Java8 (OpenJDK 1.8.0),java,Accepted,1476,143668,7435,
s186412477,p02936,u223263261,1566779675,C++,C++14 (GCC 5.4.1),cpp,Wrong Answer,342,14080,621,
s400925802,p02936,u814475088,1566779084,Python,PyPy3 (2.4.0),py,Runtime Error,1048,90976,641,
s016866831,p02936,u257511191,1566778298,C++,C++14 (GCC 5.4.1),cpp,Wrong Answer,452,50048,1322,
s591329409,p02936,u796228844,1566777846,Kotlin,Kotlin (1.0.0),kt,Wrong Answer,2111,165476,632,
s634190097,p02936,u020499417,1566776752,C++,C++14 (GCC 5.4.1),cpp,Accepted,640,25088,968,
s524527134,p02936,u796228844,1566776225,Kotlin,Kotlin (1.0.0),kt,Wrong Answer,2119,165460,607,
s979872238,p02936,u814475088,1566776073,Python,PyPy3 (2.4.0),py,Wrong Answer,2112,162864,461,
s696372810,p02936,u814475088,1566775377,Python,PyPy3 (2.4.0),py,Wrong Answer,2111,132236,456,
s873114890,p02936,u814475088,1566774956,Python,Python (3.4.3),py,Wrong Answer,2109,115792,456,
s271111082,p02936,u257511191,1566774819,C++,C++14 (GCC 5.4.1),cpp,Wrong Answer,416,43776,877,
s487172442,p02936,u138245026,1566774712,C++,C++14 (GCC 5.4.1),cpp,Accepted,150,24320,1135,
s758336508,p02936,u379822620,1566774708,C++,C++14 (GCC 5.4.1),cpp,Accepted,294,18032,1226,
s675957386,p02936,u257511191,1566774655,C++,C++14 (GCC 5.4.1),cpp,Wrong Answer,2238,2077952,875,
s321524501,p02936,u138245026,1566774424,C++,C++14 (GCC 5.4.1),cpp,Wrong Answer,153,21760,1194,
s721375125,p02936,u138245026,1566774218,C++,C++14 (GCC 5.4.1),cpp,Wrong Answer,141,21760,1128,
s379638852,p02936,u379822620,1566774158,C++,C++14 (GCC 5.4.1),cpp,Wrong Answer,291,14848,1123,
s978382843,p02936,u257511191,1566774071,C++,C++14 (GCC 5.4.1),cpp,Wrong Answer,428,25856,783,
s814750699,p02936,u138245026,1566773875,C++,C++14 (GCC 5.4.1),cpp,Wrong Answer,150,21760,1078,
s405967134,p02936,u257511191,1566773673,C++,C++14 (GCC 5.4.1),cpp,Wrong Answer,390,25856,761,
s489283222,p02936,u257511191,1566773584,C++,C++14 (GCC 5.4.1),cpp,Wrong Answer,398,25088,755,
s667523326,p02936,u562767072,1566773570,C++,C++14 (GCC 5.4.1),cpp,Accepted,397,30920,1048,
s086708338,p02936,u227328813,1566773256,C++,C++14 (GCC 5.4.1),cpp,Runtime Error,241,15084,4278,
s650140907,p02936,u227328813,1566772669,C++,C++14 (GCC 5.4.1),cpp,Wrong Answer,248,2176,4147,
s233568618,p02936,u227328813,1566772577,C++,C++14 (GCC 5.4.1),cpp,Runtime Error,116,15084,4168,
s206678268,p02936,u227328813,1566772545,C++,C++14 (GCC 5.4.1),cpp,Wrong Answer,134,2304,4159,
s359033671,p02936,u227328813,1566772330,C++,C++14 (GCC 5.4.1),cpp,Runtime Error,226,15852,4144,
s046637871,p02936,u227328813,1566772173,C++,C++14 (GCC 5.4.1),cpp,Runtime Error,229,15724,4145,
s426317316,p02936,u562767072,1566771397,Python,PyPy3 (2.4.0),py,Runtime Error,2092,150360,598,
s529042305,p02936,u565624841,1566770184,C++,C++14 (GCC 5.4.1),cpp,Accepted,311,23424,2586,
s739264990,p02936,u694243276,1566770174,C++,C++14 (GCC 5.4.1),cpp,Accepted,310,26752,725,
s890878245,p02936,u565624841,1566770158,C++,C++14 (GCC 5.4.1),cpp,Accepted,315,23424,2591,
s718236065,p02936,u565624841,1566770064,C++,C++14 (GCC 5.4.1),cpp,Runtime Error,97,768,2589,
s085205070,p02936,u565624841,1566769944,C++,C++14 (GCC 5.4.1),cpp,Runtime Error,97,768,2584,
s619752711,p02936,u198905553,1566769745,Python,Python (3.4.3),py,Wrong Answer,1585,224544,535,
s062153083,p02936,u198905553,1566769637,Python,Python (3.4.3),py,Runtime Error,1451,45128,465,
s551507631,p02936,u644533034,1566768193,Python,Python (3.4.3),py,Runtime Error,2110,137360,2020,
s149746453,p02936,u453500284,1566766970,C++,C++14 (GCC 5.4.1),cpp,Accepted,382,23424,1259,
s140133265,p02936,u860189946,1566764398,C++,C++14 (GCC 5.4.1),cpp,Accepted,650,23424,599,
s995494871,p02936,u565624841,1566763209,C++,C++14 (GCC 5.4.1),cpp,Wrong Answer,353,16256,769,
s700590304,p02936,u138245026,1566762463,C++,C++14 (GCC 5.4.1),cpp,Wrong Answer,147,22016,1073,
s233455956,p02936,u138245026,1566761587,C++,C++14 (GCC 5.4.1),cpp,Wrong Answer,130,22912,1239,
s567049800,p02936,u679439110,1566761473,Python,Python (3.4.3),py,Accepted,1876,115524,660,
s873786403,p02936,u884847580,1566761358,Scala,Scala (2.11.7),scala,Wrong Answer,2119,208440,993,
s117546630,p02936,u884847580,1566761282,Scala,Scala (2.11.7),scala,Wrong Answer,2119,209192,955,
s437535486,p02936,u872575323,1566760857,C++,C++14 (GCC 5.4.1),cpp,Wrong Answer,2,1792,950,
s447663466,p02936,u884847580,1566760769,Scala,Scala (2.11.7),scala,Wrong Answer,2115,203556,862,
s557162011,p02936,u884847580,1566759773,Scala,Scala (2.11.7),scala,Wrong Answer,2119,205040,849,
s867000756,p02936,u884847580,1566759249,Scala,Scala (2.11.7),scala,Wrong Answer,2119,206616,846,
s532090608,p02936,u518730706,1566758944,C#,C# (Mono 4.6.2.0),cs,Accepted,877,75036,7237,
s108990454,p02936,u965875512,1566758866,Python,Python (2.7.6),py,Runtime Error,2109,112996,631,
s003547980,p02936,u177546578,1566754837,C#,C# (Mono 4.6.2.0),cs,Time Limit Exceeded,2110,90504,2020,
s690595552,p02936,u517779586,1566753402,Java,Java8 (OpenJDK 1.8.0),java,Accepted,1369,84628,3240,
s227726344,p02936,u110927356,1566752452,Python,Python (3.4.3),py,Wrong Answer,2115,121796,659,
s751293643,p02936,u110927356,1566751988,Python,Python (3.4.3),py,Wrong Answer,2113,121816,651,
s060052564,p02936,u723444827,1566751774,Python,Python (3.4.3),py,Runtime Error,639,28620,2477,
s727037955,p02936,u723444827,1566751479,Python,Python (3.4.3),py,Runtime Error,177,14200,2477,
s603783070,p02936,u228223940,1566750912,Python,Python (3.4.3),py,Time Limit Exceeded,2118,232468,486,
s571139964,p02936,u723444827,1566750789,Python,Python (3.4.3),py,Runtime Error,172,14228,1033,
s684586430,p02936,u228223940,1566750737,Python,PyPy3 (2.4.0),py,Time Limit Exceeded,2126,376312,474,
s034687952,p02936,u228223940,1566750657,Python,Python (3.4.3),py,Time Limit Exceeded,2117,232468,474,
s458339855,p02936,u228223940,1566750612,Python,Python (3.4.3),py,Runtime Error,20,3316,482,
s965068996,p02936,u228223940,1566750536,Python,Python (3.4.3),py,Runtime Error,1655,54232,453,
s987056632,p02936,u228223940,1566750427,Python,Python (3.4.3),py,Runtime Error,1711,53368,453,
s834222583,p02936,u228223940,1566750231,Python,Python (3.4.3),py,Runtime Error,1707,54232,477,
s809081242,p02936,u228223940,1566750209,Python,PyPy3 (2.4.0),py,Runtime Error,1949,131532,477,
s525578049,p02936,u228223940,1566749888,Python,PyPy3 (2.4.0),py,Runtime Error,1905,131660,468,
s670982752,p02936,u228223940,1566749186,Python,PyPy3 (2.4.0),py,Accepted,1874,105676,513,
s146352226,p02936,u228223940,1566749078,Python,PyPy3 (2.4.0),py,Wrong Answer,1916,129228,511,
s425933754,p02936,u110927356,1566748705,Python,Python (3.4.3),py,Wrong Answer,2111,121176,649,
s931662280,p02936,u233745357,1566748683,C++,C++14 (GCC 5.4.1),cpp,Runtime Error,273,768,597,
s314223279,p02936,u233745357,1566748439,C++,C++14 (GCC 5.4.1),cpp,Runtime Error,343,2420,573,
s196307352,p02936,u177546578,1566748001,C#,C# (Mono 4.6.2.0),cs,Wrong Answer,666,79376,1512,
s420633203,p02936,u809967037,1566747488,C++,C++14 (GCC 5.4.1),cpp,Accepted,420,24320,2195,
s250710206,p02936,u228223940,1566747193,Python,PyPy3 (2.4.0),py,Wrong Answer,1998,115856,582,
s722111488,p02936,u708255304,1566747185,Python,Python (3.4.3),py,Accepted,1807,56172,1283,
s035040064,p02936,u708255304,1566747008,Python,PyPy3 (2.4.0),py,Time Limit Exceeded,2110,106100,1663,
s761747968,p02936,u177546578,1566746946,C#,C# (Mono 4.6.2.0),cs,Wrong Answer,664,60688,1395,
s865186960,p02936,u708255304,1566746824,Python,Python (3.4.3),py,Time Limit Exceeded,2107,55856,1663,
s826045152,p02936,u333917945,1566744131,C++,C++14 (GCC 5.4.1),cpp,Accepted,146,30592,2380,
s796466831,p02936,u155667931,1566741943,Python,PyPy3 (2.4.0),py,Wrong Answer,2108,80752,384,
s771070250,p02936,u155667931,1566741919,Python,PyPy3 (2.4.0),py,Runtime Error,165,38256,403,
s058188498,p02936,u155667931,1566741400,Python,PyPy3 (2.4.0),py,Runtime Error,171,38256,380,
s699501203,p02936,u155667931,1566741268,Python,Python (3.4.3),py,Wrong Answer,2111,59440,380,
s572965558,p02936,u416758623,1566741260,Python,Python (3.4.3),py,Accepted,1777,56056,478,
s400964968,p02936,u177143886,1566741213,C++,C++14 (GCC 5.4.1),cpp,Accepted,591,25856,2394,
s446151694,p02936,u177143886,1566740212,C++,C++14 (GCC 5.4.1),cpp,Wrong Answer,596,25856,2390,
s323281103,p02936,u177143886,1566739304,C++,C++14 (GCC 5.4.1),cpp,Wrong Answer,2104,24192,2364,
s008230703,p02936,u685009987,1566735262,C++,C++14 (GCC 5.4.1),cpp,Wrong Answer,273,24320,967,
s306125357,p02936,u685009987,1566735185,C++,C++14 (GCC 5.4.1),cpp,Wrong Answer,277,24320,968,
s175236743,p02936,u093730269,1566733620,C++,C++14 (GCC 5.4.1),cpp,Accepted,302,28160,1468,
s107613043,p02936,u093730269,1566733500,C++,C++14 (GCC 5.4.1),cpp,Wrong Answer,300,28160,1454,
s341748669,p02936,u093730269,1566733424,C++,C++14 (GCC 5.4.1),cpp,Wrong Answer,295,28160,1434,
s064415908,p02936,u093730269,1566732987,C++,C++14 (GCC 5.4.1),cpp,Wrong Answer,289,24320,1328,
s271583273,p02936,u407431337,1566726218,C++,C++14 (GCC 5.4.1),cpp,Accepted,262,53320,1602,
s655549919,p02936,u494330378,1566725895,C++,C++14 (GCC 5.4.1),cpp,Wrong Answer,289,15732,2746,
s573418114,p02936,u112581208,1566725584,C++,C++14 (Clang 3.8.0),cpp,Accepted,734,23552,1109,
s124047523,p02936,u494330378,1566725355,C++,C++14 (GCC 5.4.1),cpp,Wrong Answer,331,15732,2746,
s456443551,p02936,u407431337,1566724689,C++,C++14 (GCC 5.4.1),cpp,Wrong Answer,211,50120,1464,
s799428797,p02936,u259682530,1566724471,Java,Java8 (OpenJDK 1.8.0),java,Wrong Answer,2114,389440,3609,
s310885944,p02936,u407431337,1566724358,C++,C++14 (GCC 5.4.1),cpp,Wrong Answer,216,50120,1405,
s278152325,p02936,u259682530,1566723425,Java,Java8 (OpenJDK 1.8.0),java,Wrong Answer,2110,411576,1716,
s282002113,p02936,u494330378,1566722742,C++,C++14 (GCC 5.4.1),cpp,Wrong Answer,276,14848,2646,
s891098215,p02936,u095266283,1566722595,C++,C++14 (Clang 3.8.0),cpp,Accepted,64,23680,3069,
s222316961,p02936,u095266283,1566722395,C++,C++14 (GCC 5.4.1),cpp,Accepted,69,20224,3125,
s620784295,p02936,u658801777,1566716714,Python,Python (3.4.3),py,Accepted,1885,72152,939,
s917087579,p02936,u123896133,1566716260,C++,C++14 (GCC 5.4.1),cpp,Accepted,296,24320,739,
s638259016,p02936,u797994565,1566716113,Python,Python (3.4.3),py,Wrong Answer,1994,127904,1030,
s623320572,p02936,u658801777,1566716012,Python,Python (3.4.3),py,Time Limit Exceeded,2063,72220,958,
s554677458,p02936,u797994565,1566715968,Python,Python (3.4.3),py,Runtime Error,2111,139212,991,
s092053250,p02936,u797994565,1566715157,Python,Python (3.4.3),py,Wrong Answer,2123,243516,1169,
s985520792,p02936,u123896133,1566714869,C++,C++14 (GCC 5.4.1),cpp,Accepted,298,17136,918,
s453144629,p02936,u932104884,1566714775,Java,Java7 (OpenJDK 1.7.0),java,Runtime Error,574,856148,3964,
s054120945,p02936,u123896133,1566714732,C++,C++14 (GCC 5.4.1),cpp,Wrong Answer,278,14976,899,
s906568487,p02936,u797994565,1566714560,Python,Python (3.4.3),py,Wrong Answer,2124,260184,1164,
s535964224,p02936,u123896133,1566714552,C++,C++14 (GCC 5.4.1),cpp,Wrong Answer,280,14848,744,
s895454206,p02936,u123896133,1566714504,C++,C++14 (GCC 5.4.1),cpp,Wrong Answer,277,14720,743,
s983816403,p02936,u123896133,1566713994,C++,C++14 (GCC 5.4.1),cpp,Wrong Answer,280,14848,729,
s438762065,p02936,u123896133,1566713828,C++,C++14 (GCC 5.4.1),cpp,Wrong Answer,278,14848,768,
s012181284,p02936,u932104884,1566712886,Java,Java7 (OpenJDK 1.7.0),java,Runtime Error,572,859732,3972,
s931865451,p02936,u123896133,1566711821,C++,C++14 (GCC 5.4.1),cpp,Wrong Answer,537,4736,617,
s799950554,p02936,u679439110,1566710379,Python,Python (3.4.3),py,Wrong Answer,1995,142292,707,
s687963844,p02936,u659792881,1566710267,Python,Python (3.4.3),py,Runtime Error,2106,50564,347,
s096844071,p02936,u679439110,1566709596,Python,Python (3.4.3),py,Time Limit Exceeded,2100,142288,738,
s564614933,p02936,u461993794,1566709582,Go,Go (1.6),go,Accepted,545,61312,1114,
s855529377,p02936,u679439110,1566709553,Python,Python (3.4.3),py,Wrong Answer,2112,163388,768,
s430797839,p02936,u658801777,1566709264,Python,Python (3.4.3),py,Wrong Answer,1737,72772,863,
s461721883,p02936,u631543593,1566708965,C++,C++14 (GCC 5.4.1),cpp,Wrong Answer,2104,6784,1581,
s614695508,p02936,u068112689,1566708891,Python,Python (3.4.3),py,Accepted,1754,60392,493,
s492111519,p02936,u631543593,1566708828,Ruby,Ruby (2.3.3),rb,Runtime Error,7,1788,1581,
s684808010,p02936,u679439110,1566708763,Python,Python (3.4.3),py,Wrong Answer,1879,142288,706,
s012582529,p02936,u280096880,1566708493,C++,C++14 (GCC 5.4.1),cpp,Accepted,322,16372,1449,
s308038030,p02936,u198979194,1566708403,C++,C++14 (GCC 5.4.1),cpp,Wrong Answer,603,8448,659,
s285051329,p02936,u233745357,1566708385,C++,C++14 (GCC 5.4.1),cpp,Wrong Answer,2103,4224,912,
s560056917,p02936,u198979194,1566708179,C++,C++14 (GCC 5.4.1),cpp,Wrong Answer,319,11520,703,
s263832637,p02936,u080947893,1566707714,C++,C++14 (GCC 5.4.1),cpp,Accepted,294,16372,1280,
s381264135,p02936,u280096880,1566707694,C++,C++14 (GCC 5.4.1),cpp,Wrong Answer,268,14080,774,
s372808581,p02936,u476482490,1566706744,Java,Java8 (OpenJDK 1.8.0),java,Time Limit Exceeded,2109,104964,3083,
s143845482,p02936,u198979194,1566706725,C++,C++14 (GCC 5.4.1),cpp,Wrong Answer,321,11520,707,
s164567683,p02936,u476482490,1566706708,Java,Java8 (OpenJDK 1.8.0),java,Time Limit Exceeded,2109,217348,3084,
s184850762,p02936,u476482490,1566706585,Java,Java8 (OpenJDK 1.8.0),java,Time Limit Exceeded,2110,205324,1839,
s770702502,p02936,u198979194,1566706535,C++,C++14 (GCC 5.4.1),cpp,Wrong Answer,319,8448,682,
s119171583,p02936,u679439110,1566706413,Python,Python (3.4.3),py,Wrong Answer,2110,123736,505,
s189828572,p02936,u476482490,1566705923,Java,Java8 (OpenJDK 1.8.0),java,Time Limit Exceeded,2110,245340,1467,
s250487394,p02936,u198979194,1566705836,C++,C++14 (GCC 5.4.1),cpp,Wrong Answer,314,6912,644,
s146487813,p02936,u198979194,1566705612,C++,C++14 (GCC 5.4.1),cpp,Wrong Answer,320,6912,637,
s475047042,p02936,u922449550,1566705249,Python,Python (3.4.3),py,Runtime Error,2107,68360,589,
s555783185,p02936,u679439110,1566704959,Python,Python (3.4.3),py,Wrong Answer,2110,123556,481,
s617005418,p02936,u658801777,1566704595,Python,Python (3.4.3),py,Wrong Answer,2106,72772,863,
s873101446,p02936,u755310927,1566704438,C++,C++14 (GCC 5.4.1),cpp,Wrong Answer,2103,8576,1404,
s275064809,p02936,u659792881,1566704011,Python,Python (3.4.3),py,Runtime Error,2108,75196,489,
s344577772,p02936,u308590217,1566703993,C++,C++14 (GCC 5.4.1),cpp,Accepted,138,25600,800,
s302125454,p02936,u369436268,1566703984,C++,C++14 (GCC 5.4.1),cpp,Wrong Answer,345,6272,834,
s572145296,p02936,u679439110,1566703863,Python,Python (3.4.3),py,Wrong Answer,1995,127000,373,
s386453926,p02936,u798441421,1566703837,C++,C++14 (GCC 5.4.1),cpp,Accepted,357,32128,1085,
s282282329,p02936,u679439110,1566703658,Python,Python (3.4.3),py,Wrong Answer,1819,123704,373,
s303061048,p02936,u369436268,1566703655,C++,C++14 (GCC 5.4.1),cpp,Wrong Answer,270,6272,686,
s280038873,p02936,u798441421,1566703572,C++,C++14 (GCC 5.4.1),cpp,Runtime Error,97,512,1004,
s755427950,p02936,u255943004,1566702757,Python,PyPy3 (2.4.0),py,Wrong Answer,2116,203064,772,
s907632507,p02936,u476482490,1566702286,Java,Java8 (OpenJDK 1.8.0),java,Time Limit Exceeded,2109,240416,1504,
s490822072,p02936,u476482490,1566702053,Java,Java8 (OpenJDK 1.8.0),java,Runtime Error,1787,223484,1513,
s635184288,p02936,u658801777,1566701912,Python,Python (3.4.3),py,Wrong Answer,2106,47664,923,
s130525540,p02936,u476482490,1566701779,Java,Java8 (OpenJDK 1.8.0),java,Runtime Error,1753,216164,1848,
s378314178,p02936,u476482490,1566701719,Java,Java8 (OpenJDK 1.8.0),java,Runtime Error,1708,213744,1848,
s855569700,p02936,u563743611,1566701591,C++,C++14 (GCC 5.4.1),cpp,Accepted,375,27392,926,
s550453538,p02936,u476482490,1566701385,Java,Java8 (OpenJDK 1.8.0),java,Time Limit Exceeded,2110,296932,1791,
s873290474,p02936,u563743611,1566700851,C++,C++14 (GCC 5.4.1),cpp,Wrong Answer,283,24320,874,
s785970071,p02936,u685009987,1566700547,C++,C++14 (GCC 5.4.1),cpp,Wrong Answer,291,24320,968,
s531211936,p02936,u563743611,1566700080,C++,C++14 (GCC 5.4.1),cpp,Wrong Answer,395,24320,797,
s160849758,p02936,u433532588,1566699871,Python,Python (3.4.3),py,Accepted,1658,232508,1095,
s545095226,p02936,u509621775,1566699568,Python,Python (3.4.3),py,Accepted,974,58512,856,
s109985071,p02936,u509621775,1566699511,Python,Python (3.4.3),py,Accepted,1101,58220,839,
s418382763,p02936,u509621775,1566699446,Python,Python (3.4.3),py,Accepted,1022,58180,839,
s765373186,p02936,u509621775,1566699365,Python,Python (3.4.3),py,Accepted,999,58512,855,
s901944863,p02936,u509621775,1566699198,Python,Python (3.4.3),py,Accepted,950,58512,855,
s499821057,p02936,u509621775,1566698778,Python,Python (3.4.3),py,Accepted,1061,58996,859,
s787380270,p02936,u509621775,1566698680,Python,Python (3.4.3),py,Wrong Answer,1244,61100,882,
s825811379,p02936,u509621775,1566697857,Python,Python (3.4.3),py,Accepted,1063,58264,838,
s942894582,p02936,u058333722,1566696281,C++,C++14 (GCC 5.4.1),cpp,Accepted,143,24320,579,
s096380587,p02936,u058333722,1566696002,C++,C++14 (GCC 5.4.1),cpp,Wrong Answer,2104,18944,546,
s341746881,p02936,u759721333,1566695466,C++,C++14 (GCC 5.4.1),cpp,Accepted,650,23424,737,
s978928589,p02936,u759721333,1566695391,C++,C++14 (GCC 5.4.1),cpp,Compile Error,,,735,
s245720878,p02936,u785795721,1566695036,Python,Python (3.4.3),py,Time Limit Exceeded,2107,59348,553,
s779522166,p02936,u259053514,1566694472,C++,C++14 (GCC 5.4.1),cpp,Accepted,319,27392,25147,
s131728576,p02936,u557138271,1566694377,C++,C++14 (GCC 5.4.1),cpp,Accepted,134,27392,1329,
s993270244,p02936,u265881782,1566694056,C++,C++14 (GCC 5.4.1),cpp,Wrong Answer,292,24320,690,
s330529148,p02936,u698771758,1566693997,Python,Python (3.4.3),py,Wrong Answer,1487,22708,269,
s720003007,p02936,u112581208,1566693984,Python,PyPy3 (2.4.0),py,Time Limit Exceeded,2120,277880,547,
s795050734,p02936,u112581208,1566693585,Python,Python (3.4.3),py,Time Limit Exceeded,2117,226808,547,
s028166059,p02936,u112581208,1566693456,Python,Python (3.4.3),py,Runtime Error,2118,227248,542,
s734877725,p02936,u112581208,1566693123,Python,Python (3.4.3),py,Runtime Error,1788,62032,565,
s385998206,p02936,u584976442,1566692964,C++,C++14 (GCC 5.4.1),cpp,Compile Error,,,1124,
s256397272,p02936,u584976442,1566692917,C++,C++14 (GCC 5.4.1),cpp,Compile Error,,,1124,
s142654462,p02936,u584976442,1566692864,C++,C++14 (GCC 5.4.1),cpp,Accepted,377,29824,991,
s199161379,p02936,u584976442,1566692793,C++,C++14 (GCC 5.4.1),cpp,Accepted,376,30464,972,
s116953475,p02936,u433532588,1566692765,Python,PyPy3 (2.4.0),py,Wrong Answer,2160,927576,1065,
s983151341,p02936,u433532588,1566692752,Python,Python (3.4.3),py,Wrong Answer,2118,243068,1065,
s350757125,p02936,u833515223,1566692750,C++,C++14 (GCC 5.4.1),cpp,Accepted,662,23424,809,
s213891866,p02936,u584976442,1566692619,C++,C++14 (GCC 5.4.1),cpp,Accepted,382,29696,894,
s946159723,p02936,u433532588,1566692593,Python,Python (3.4.3),py,Wrong Answer,2118,243048,1064,
s002298738,p02936,u262303450,1566692555,C++,C++14 (GCC 5.4.1),cpp,Accepted,137,24320,1033,
s908781320,p02936,u584976442,1566692515,C++,C++14 (GCC 5.4.1),cpp,Accepted,389,50304,896,
s042206294,p02936,u437391064,1566692466,C++,C++14 (GCC 5.4.1),cpp,Accepted,319,16372,1850,
s605141767,p02936,u437391064,1566692423,C++,C++14 (GCC 5.4.1),cpp,Compile Error,,,1849,
s333330545,p02936,u036734295,1566692354,C++,C++14 (GCC 5.4.1),cpp,Accepted,158,28032,1585,
s973720949,p02936,u433532588,1566692263,Python,Python (3.4.3),py,Time Limit Exceeded,2105,22672,1032,
s753064249,p02936,u433532588,1566692195,Python,Python (3.4.3),py,Wrong Answer,2118,243060,1037,
s930713459,p02936,u023141436,1566692086,Python,Python (3.4.3),py,Wrong Answer,2106,38188,564,
s270138460,p02936,u833515223,1566692067,C++,C++14 (GCC 5.4.1),cpp,Compile Error,,,778,
s387120524,p02936,u833515223,1566691892,C++,C++14 (GCC 5.4.1),cpp,Wrong Answer,3,5760,802,
s215409017,p02936,u286941902,1566691562,Swift,Swift (swift-2.2-RELEASE),swift,Wrong Answer,2104,7396,7412,
s587045448,p02936,u517851140,1566691505,Java,Java8 (OpenJDK 1.8.0),java,Runtime Error,1151,204056,3196,
s552570872,p02936,u517851140,1566691328,Java,Java8 (OpenJDK 1.8.0),java,Runtime Error,1168,199716,3228,
s084664131,p02936,u433532588,1566691314,Python,Python (3.4.3),py,Wrong Answer,1070,67004,987,
s617681910,p02936,u220522704,1566691138,Python,Python (3.4.3),py,Wrong Answer,1561,77704,403,
s184751150,p02936,u215692812,1566690913,C++,C++14 (GCC 5.4.1),cpp,Accepted,132,16372,1209,
s406009004,p02936,u215692812,1566690856,C++,C++14 (GCC 5.4.1),cpp,Compile Error,,,441,
s153616998,p02936,u138597672,1566690832,C++,C++14 (GCC 5.4.1),cpp,Accepted,669,23424,613,
s555551752,p02936,u138597672,1566690775,C++,C++14 (GCC 5.4.1),cpp,Wrong Answer,633,23552,621,
s431540686,p02936,u220522704,1566690476,Python,PyPy3 (2.4.0),py,Wrong Answer,2111,126488,431,
s456827064,p02936,u220522704,1566690448,Python,PyPy3 (2.4.0),py,Runtime Error,168,38384,450,
s504177070,p02936,u220522704,1566690206,Python,PyPy3 (2.4.0),py,Wrong Answer,1952,128856,430,
s352490604,p02936,u220522704,1566690099,Python,PyPy3 (2.4.0),py,Runtime Error,162,38256,449,
s331618352,p02936,u911738004,1566689977,C++,C++14 (GCC 5.4.1),cpp,Wrong Answer,282,24320,2180,
s993567175,p02936,u543954314,1566689977,Python,Python (3.4.3),py,Runtime Error,1799,89860,470,
s993598540,p02936,u220522704,1566689665,Python,PyPy3 (2.4.0),py,Wrong Answer,1755,119000,349,
s777164014,p02936,u390193191,1566689528,C++,C++14 (GCC 5.4.1),cpp,Accepted,355,24320,1048,
s494122916,p02936,u390193191,1566689371,C++,C++14 (GCC 5.4.1),cpp,Runtime Error,364,24064,1055,
s659808577,p02936,u708255304,1566689337,Python,Python (3.4.3),py,Time Limit Exceeded,2108,71696,824,
s548940899,p02936,u745906650,1566689320,C++,C++14 (GCC 5.4.1),cpp,Accepted,373,26624,792,
s153649953,p02936,u911738004,1566689252,C++,C++14 (GCC 5.4.1),cpp,Wrong Answer,282,25856,2156,
s236537344,p02936,u911738004,1566689103,C++,C++14 (GCC 5.4.1),cpp,Wrong Answer,286,25856,2221,
s047352866,p02936,u220522704,1566688995,Python,PyPy3 (2.4.0),py,Wrong Answer,2112,142356,392,
s208859022,p02936,u911738004,1566688929,C++,C++14 (GCC 5.4.1),cpp,Wrong Answer,295,27392,2282,
s740183848,p02936,u708255304,1566688913,Python,Python (3.4.3),py,Accepted,1775,56168,742,
s188962102,p02936,u220522704,1566688864,Python,PyPy3 (2.4.0),py,Runtime Error,174,38384,411,
s140246189,p02936,u911738004,1566688525,C++,C++14 (GCC 5.4.1),cpp,Wrong Answer,2104,9984,2082,
s351237031,p02936,u220522704,1566688406,Python,Python (3.4.3),py,Wrong Answer,2111,61508,411,
s923972877,p02936,u433532588,1566688337,Python,Python (3.4.3),py,Time Limit Exceeded,2139,509684,896,
s825270057,p02936,u561768724,1566688279,Python,Python (2.7.6),py,Wrong Answer,1665,100268,1686,
s334849992,p02936,u433532588,1566687859,Python,Python (3.4.3),py,Accepted,1612,230960,662,
s440574585,p02936,u911738004,1566687834,C++,C++14 (GCC 5.4.1),cpp,Wrong Answer,2270,2022688,2301,
s873000500,p02936,u708255304,1566687763,Python,Python (3.4.3),py,Runtime Error,1784,70544,813,
s176977597,p02936,u220522704,1566687602,Python,Python (3.4.3),py,Wrong Answer,2114,112008,442,
s912344650,p02936,u561768724,1566687546,Python,Python (2.7.6),py,Wrong Answer,2108,95964,1641,
s829683998,p02936,u773548422,1566687448,C++,C++14 (GCC 5.4.1),cpp,Accepted,313,26624,1021,
s919029759,p02936,u138597672,1566687275,C++,C++14 (GCC 5.4.1),cpp,Compile Error,,,569,
s180103587,p02936,u708255304,1566687122,Python,Python (3.4.3),py,Accepted,1756,291188,1845,
s376369306,p02936,u708255304,1566686986,Python,Python (3.4.3),py,Runtime Error,17,3064,618,
s712431036,p02936,u911738004,1566686901,C++,C++14 (GCC 5.4.1),cpp,Wrong Answer,2144,588928,1957,
s532004628,p02936,u095266283,1566686857,C++,C++14 (GCC 5.4.1),cpp,Accepted,132,23552,2120,
s450572038,p02936,u911738004,1566686579,C++,C++14 (GCC 5.4.1),cpp,Wrong Answer,2104,49408,1952,
s788374159,p02936,u877470159,1566686526,Python,Python (3.4.3),py,Accepted,1491,61284,528,
s673846540,p02936,u408650734,1566686318,C++,C++14 (GCC 5.4.1),cpp,Accepted,372,24320,726,
s059455100,p02936,u911738004,1566686054,C++,C++14 (GCC 5.4.1),cpp,Wrong Answer,2108,24704,1897,
s230529217,p02936,u911738004,1566685883,C++,C++14 (GCC 5.4.1),cpp,Runtime Error,2104,22656,1858,
s479992224,p02936,u220522704,1566685182,Python,Python (3.4.3),py,Wrong Answer,2115,110108,417,
s061332762,p02936,u434746933,1566684901,Java,Java8 (OpenJDK 1.8.0),java,Accepted,1796,108628,3082,
s846983392,p02936,u100919930,1566684827,C++,C++14 (Clang 3.8.0),cpp,Accepted,1094,26624,729,
s020038310,p02936,u631543593,1566684682,C++,C++14 (GCC 5.4.1),cpp,Wrong Answer,2103,6784,1581,
s960351557,p02936,u819048695,1566684677,Python,Python (3.4.3),py,Wrong Answer,2106,46964,328,
s387234811,p02936,u899645116,1566684651,C++,C++14 (GCC 5.4.1),cpp,Accepted,374,21376,1101,
s466333192,p02936,u819048695,1566684589,Python,PyPy3 (2.4.0),py,Wrong Answer,2109,86488,337,
s989855829,p02936,u631543593,1566684351,C++,C++14 (GCC 5.4.1),cpp,Wrong Answer,2103,6784,1522,
s899374752,p02936,u100919930,1566684347,C++,C++14 (Clang 3.8.0),cpp,Compile Error,,,710,
s474386819,p02936,u434746933,1566684288,Java,Java8 (OpenJDK 1.8.0),java,Runtime Error,2112,316380,3094,
s885253449,p02936,u711617636,1566684205,C#,C# (Mono 4.6.2.0),cs,Wrong Answer,735,75652,1583,
s271144149,p02936,u434746933,1566684049,Java,Java8 (OpenJDK 1.8.0),java,Wrong Answer,1917,108420,3058,
s668745644,p02936,u498245529,1566684014,C#,C# (Mono 4.6.2.0),cs,Wrong Answer,795,81668,1283,
s609325235,p02936,u498245529,1566683986,C#,C# (Mono 4.6.2.0),cs,Wrong Answer,873,61300,1274,
s649515291,p02936,u853132965,1566683881,C++,C++14 (GCC 5.4.1),cpp,Accepted,302,25600,1532,
s539430858,p02936,u853132965,1566683838,C++,C++14 (GCC 5.4.1),cpp,Runtime Error,100,2560,1532,
s727689489,p02936,u809153881,1566683833,C++,C++14 (Clang 3.8.0),cpp,Accepted,807,27120,646,
s472711569,p02936,u761582382,1566683787,C++,C++14 (GCC 5.4.1),cpp,Accepted,147,24960,1343,
s603980199,p02936,u969945299,1566683670,C++,C++14 (GCC 5.4.1),cpp,Accepted,354,24064,1844,
s572057548,p02936,u498245529,1566683231,C#,C# (Mono 4.6.2.0),cs,Wrong Answer,897,59252,1274,
s991964538,p02936,u819048695,1566682880,Python,PyPy3 (2.4.0),py,Wrong Answer,2108,82648,517,
s359079085,p02936,u819048695,1566682753,Python,PyPy3 (2.4.0),py,Wrong Answer,2116,142492,517,
s587119714,p02936,u796125458,1566682474,C++,C++14 (GCC 5.4.1),cpp,Accepted,113,18560,678,
s359660619,p02936,u796125458,1566682353,C++,C++14 (GCC 5.4.1),cpp,Wrong Answer,104,18432,666,
s885918872,p02936,u498245529,1566682308,C#,C# (Mono 4.6.2.0),cs,Wrong Answer,772,55776,1119,
s287642867,p02936,u796125458,1566682281,C++,C++14 (GCC 5.4.1),cpp,Runtime Error,173,8448,666,
s693883452,p02936,u434746933,1566682173,Java,Java8 (OpenJDK 1.8.0),java,Wrong Answer,2109,355344,1486,
s096126262,p02936,u598710706,1566682061,C++,C++14 (GCC 5.4.1),cpp,Wrong Answer,2107,50176,635,
s072851989,p02936,u155667931,1566681998,Python,Python (3.4.3),py,Runtime Error,151,12488,117,
s060584072,p02936,u433532588,1566681891,Python,Python (3.4.3),py,Wrong Answer,2140,509072,691,
s887389514,p02936,u822155101,1566681855,C++,C++14 (GCC 5.4.1),cpp,Wrong Answer,2104,15604,1151,
s523969244,p02936,u155667931,1566681835,Python,Python (3.4.3),py,Runtime Error,149,12408,488,
s661810864,p02936,u155667931,1566681786,Python,Python (3.4.3),py,Runtime Error,154,12504,201,
s530381576,p02936,u155667931,1566681709,Python,Python (3.4.3),py,Runtime Error,591,15196,488,
s323518670,p02936,u155667931,1566681651,Python,Python (3.4.3),py,Runtime Error,154,12500,489,
s853770649,p02936,u433532588,1566681555,Python,Python (3.4.3),py,Wrong Answer,2134,508848,569,
s559564620,p02936,u598710706,1566681492,C++,C++14 (GCC 5.4.1),cpp,Wrong Answer,2108,47104,593,
s462723806,p02936,u155667931,1566681462,Python,Python (3.4.3),py,Runtime Error,150,12516,510,
s690768850,p02936,u155667931,1566681225,Python,Python (3.4.3),py,Runtime Error,152,12496,442,
s137735371,p02936,u598710706,1566681135,C++,C++14 (GCC 5.4.1),cpp,Wrong Answer,2107,42368,713,
s744784904,p02936,u498245529,1566681050,C#,C# (Mono 4.6.2.0),cs,Runtime Error,2108,34640,942,
s061431011,p02936,u365956698,1566680916,C++,C++14 (GCC 5.4.1),cpp,Accepted,321,16372,907,
s209423958,p02936,u279461856,1566680881,Java,Java8 (OpenJDK 1.8.0),java,Accepted,1397,95576,3239,
s390168112,p02936,u155667931,1566680365,Python,PyPy3 (2.4.0),py,Runtime Error,172,38512,442,
s230605296,p02936,u822155101,1566680254,C++,C++14 (GCC 5.4.1),cpp,Wrong Answer,282,13556,1005,
s286830092,p02936,u540491484,1566680233,Java,Java8 (OpenJDK 1.8.0),java,Accepted,1937,207984,11764,
s679757464,p02936,u699683008,1566680005,C,C (GCC 5.4.1),c,Runtime Error,3198,128,1976,
s962612013,p02936,u790905630,1566679902,Python,Python (3.4.3),py,Runtime Error,2106,69116,843,
s391713918,p02936,u633967774,1566679675,Python,Python (3.4.3),py,Accepted,1741,56060,470,
s352957747,p02936,u434746933,1566679359,Java,Java8 (OpenJDK 1.8.0),java,Wrong Answer,2111,359604,964,
s156524363,p02936,u822155101,1566679255,C++,C++14 (GCC 5.4.1),cpp,Wrong Answer,167,13556,839,
s450997793,p02936,u822155101,1566679124,C++,C++14 (GCC 5.4.1),cpp,Compile Error,,,859,
s682481452,p02936,u149468221,1566678915,C++,C++14 (GCC 5.4.1),cpp,Accepted,657,21120,787,
s291161240,p02936,u699683008,1566678821,C,C (GCC 5.4.1),c,Compile Error,,,1522,
s387993487,p02936,u149468221,1566678678,C++,C++14 (GCC 5.4.1),cpp,Accepted,647,21120,761,
s861119170,p02936,u699683008,1566678648,C,C (GCC 5.4.1),c,Compile Error,,,1856,
s576370214,p02936,u521272340,1566678604,C++,C++14 (GCC 5.4.1),cpp,Accepted,357,30464,3625,
s348465256,p02936,u434746933,1566678569,Java,Java8 (OpenJDK 1.8.0),java,Wrong Answer,2110,319048,1150,
s036083905,p02936,u149468221,1566678491,C++,C++14 (GCC 5.4.1),cpp,Accepted,668,25216,789,
s203824128,p02936,u822155101,1566678477,C++,C++14 (GCC 5.4.1),cpp,Runtime Error,2086,187764,881,
s040707349,p02936,u699683008,1566678341,C,C (GCC 5.4.1),c,Compile Error,,,1856,
s584320809,p02936,u790905630,1566678291,Python,Python (3.4.3),py,Runtime Error,2106,79852,871,
s425129474,p02936,u498245529,1566678225,C#,C# (Mono 4.6.2.0),cs,Wrong Answer,2108,28308,1036,
s421249639,p02936,u498245529,1566678161,C#,C# (Mono 4.6.2.0),cs,Wrong Answer,2108,28312,1014,
s007789438,p02936,u633967774,1566678117,C++,C++14 (GCC 5.4.1),cpp,Accepted,669,23552,837,
s344121891,p02936,u790905630,1566677794,Python,Python (3.4.3),py,Runtime Error,2106,79860,872,
s594778051,p02936,u790905630,1566677665,Python,Python (3.4.3),py,Runtime Error,2106,92736,915,
s340258398,p02936,u790905630,1566677589,Python,Python (3.4.3),py,Runtime Error,2106,92676,915,
s627780511,p02936,u434746933,1566677207,Java,Java8 (OpenJDK 1.8.0),java,Wrong Answer,2110,366488,1274,
s688887340,p02936,u557168336,1566676616,Python,Python (3.4.3),py,Accepted,1983,110196,691,
s892510770,p02936,u755310927,1566675772,C++,C++14 (GCC 5.4.1),cpp,Wrong Answer,609,8576,1297,
s882646713,p02936,u755310927,1566675696,C++,C++14 (GCC 5.4.1),cpp,Compile Error,,,2600,
s765153297,p02936,u254187258,1566675631,C++,C++14 (GCC 5.4.1),cpp,Wrong Answer,120,24320,2438,
s279511947,p02936,u557168336,1566675508,Python,Python (3.4.3),py,Time Limit Exceeded,2110,105860,727,
s675492830,p02936,u314232289,1566675341,Haskell,Haskell (GHC 7.10.3),hs,Accepted,662,49020,2130,
s943734242,p02936,u901615543,1566675088,C++,C++14 (GCC 5.4.1),cpp,Accepted,551,23552,1660,
s468078954,p02936,u543152022,1566674925,Python,Python (3.4.3),py,Accepted,1673,268464,491,
s211962951,p02936,u659003514,1566674249,C++,C++14 (GCC 5.4.1),cpp,Accepted,374,21888,894,
s059955845,p02936,u659003514,1566674095,C++,C++14 (GCC 5.4.1),cpp,Runtime Error,101,2560,889,
s153280555,p02936,u557168336,1566674023,Python,Python (3.4.3),py,Wrong Answer,2110,109232,732,
s023318788,p02936,u659003514,1566673964,C++,C++14 (GCC 5.4.1),cpp,Runtime Error,100,3712,892,
s475597878,p02936,u166359301,1566673942,C++,C++14 (GCC 5.4.1),cpp,Accepted,139,24320,976,
s197627454,p02936,u543152022,1566673638,Python,Python (3.4.3),py,Runtime Error,1098,61764,492,
s270926060,p02936,u279461856,1566673391,Java,Java8 (OpenJDK 1.8.0),java,Time Limit Exceeded,2109,206680,1150,
s181302157,p02936,u279461856,1566673245,Java,Java8 (OpenJDK 1.8.0),java,Time Limit Exceeded,2068,205056,1135,
s543894055,p02936,u755310927,1566673198,C++,C++14 (GCC 5.4.1),cpp,Runtime Error,99,1792,1298,
s524170120,p02936,u314232289,1566673197,Haskell,Haskell (GHC 7.10.3),hs,Accepted,1706,159612,1914,
s230014796,p02936,u891635666,1566673132,Python,PyPy3 (2.4.0),py,Wrong Answer,2111,162468,748,
s314943793,p02936,u901615543,1566672902,C++,C++14 (GCC 5.4.1),cpp,Wrong Answer,350,13952,1479,
s740172709,p02936,u279461856,1566672408,Java,Java8 (OpenJDK 1.8.0),java,Time Limit Exceeded,2019,215508,1137,
s046966445,p02936,u185034753,1566672085,Python,Python (3.4.3),py,Time Limit Exceeded,2113,283604,1128,
s327574098,p02936,u901615543,1566671979,C++,C++14 (GCC 5.4.1),cpp,Wrong Answer,349,13312,1167,
s086789841,p02936,u891635666,1566671703,Python,PyPy3 (2.4.0),py,Runtime Error,2112,158828,1422,
s612202534,p02936,u891635666,1566671512,Python,PyPy3 (2.4.0),py,Runtime Error,2112,158868,1450,
s419751370,p02936,u891635666,1566671398,Python,Python (3.4.3),py,Runtime Error,2109,102944,1450,
s818900619,p02936,u976418120,1566671017,C++,C++14 (GCC 5.4.1),cpp,Accepted,140,18032,917,
s555472153,p02936,u106950723,1566670916,C++,C++14 (GCC 5.4.1),cpp,Wrong Answer,2104,10352,1664,
s903082790,p02936,u976418120,1566670448,C++,C++14 (GCC 5.4.1),cpp,Wrong Answer,106,10384,1297,
s098496303,p02936,u394721319,1566670416,Python,Python (3.4.3),py,Wrong Answer,2106,45200,665,
s368631434,p02936,u504322356,1566670205,C++,C++14 (GCC 5.4.1),cpp,Accepted,373,23424,1125,
s769085181,p02936,u504322356,1566670188,C++,C++14 (GCC 5.4.1),cpp,Accepted,387,23424,1125,
s197267017,p02936,u976418120,1566670090,C++,C++14 (GCC 5.4.1),cpp,Wrong Answer,162,10384,1291,
s102893038,p02936,u901615543,1566669772,C++,C++14 (GCC 5.4.1),cpp,Wrong Answer,2105,24996,1462,
s057080023,p02936,u976418120,1566669504,C++,C++14 (GCC 5.4.1),cpp,Wrong Answer,153,10384,1289,
s836516755,p02936,u253952966,1566669501,Python,Python (3.4.3),py,Runtime Error,1601,54484,409,
s743217740,p02936,u394721319,1566668565,Python,Python (3.4.3),py,Wrong Answer,2106,40732,600,
s557110434,p02936,u742437982,1566668541,C++,C++14 (GCC 5.4.1),cpp,Accepted,308,30592,945,
s897444987,p02936,u948212340,1566668316,C++,C++14 (GCC 5.4.1),cpp,Compile Error,,,961,
s944102238,p02936,u948212340,1566668264,C++,C++14 (GCC 5.4.1),cpp,Compile Error,,,968,
s210772134,p02936,u742437982,1566668223,C++,C++14 (GCC 5.4.1),cpp,Wrong Answer,306,29568,866,
s658208098,p02936,u948212340,1566667658,C++,C++14 (GCC 5.4.1),cpp,Compile Error,,,958,
s566685931,p02936,u976418120,1566667434,C++,C++14 (GCC 5.4.1),cpp,Wrong Answer,104,11920,1272,
s007565346,p02936,u556273499,1566667340,C++,C++14 (GCC 5.4.1),cpp,Accepted,302,30464,1028,
s968650071,p02936,u948212340,1566667321,C++,C++14 (GCC 5.4.1),cpp,Compile Error,,,957,
s674265825,p02936,u948212340,1566667263,C++,C++14 (GCC 5.4.1),cpp,Compile Error,,,957,
s330245854,p02936,u036340997,1566667014,Python,Python (3.4.3),py,Runtime Error,2106,67956,632,
s324172133,p02936,u227328813,1566667005,C++,C++14 (GCC 5.4.1),cpp,Runtime Error,2103,10476,3317,
s819047760,p02936,u948212340,1566666948,C++,C++14 (GCC 5.4.1),cpp,Compile Error,,,952,
s035109424,p02936,u900834830,1566666838,C++,C++14 (GCC 5.4.1),cpp,Accepted,301,20976,965,
s691601145,p02936,u976418120,1566666731,C++,C++14 (GCC 5.4.1),cpp,Wrong Answer,2103,5668,1095,
s878462473,p02936,u036340997,1566666606,Python,Python (3.4.3),py,Runtime Error,18,3064,624,
s485949103,p02936,u494058663,1566666485,Python,Python (3.4.3),py,Accepted,1728,56128,549,
s892772929,p02936,u494058663,1566666408,Python,Python (3.4.3),py,Wrong Answer,1547,49792,550,
s103754362,p02936,u494058663,1566666338,Python,Python (3.4.3),py,Wrong Answer,1659,53020,558,
s832381195,p02936,u185034753,1566666293,Python,Python (3.4.3),py,Time Limit Exceeded,2116,283600,970,
s202180814,p02936,u387806792,1566666087,Java,Java8 (OpenJDK 1.8.0),java,Wrong Answer,1494,159108,849,
s284612487,p02936,u917944707,1566665742,C++,C++14 (GCC 5.4.1),cpp,Accepted,302,29696,1279,
s796241118,p02936,u086672186,1566665328,C++,C++14 (GCC 5.4.1),cpp,Wrong Answer,2104,23680,1098,
s874336691,p02936,u185034753,1566665056,Python,Python (3.4.3),py,Time Limit Exceeded,2117,257928,946,
s206641793,p02936,u778594851,1566664213,C++,C++14 (GCC 5.4.1),cpp,Accepted,134,25088,763,
s810869686,p02936,u347640436,1566664196,Python,Python (3.4.3),py,Accepted,890,60412,581,
s074642800,p02936,u778594851,1566664047,C++,C++14 (GCC 5.4.1),cpp,Wrong Answer,113,24320,667,
s265492045,p02936,u347640436,1566663901,Python,Python (3.4.3),py,Accepted,897,60392,581,
s353151726,p02936,u185034753,1566663663,Python,Python (3.4.3),py,Wrong Answer,2114,263132,603,
s696806658,p02936,u185034753,1566663517,Python,Python (3.4.3),py,Runtime Error,1484,90980,559,
s125547530,p02936,u185034753,1566663403,Python,Python (3.4.3),py,Runtime Error,1779,136220,681,
s614860225,p02936,u444348687,1566663310,C++,C++14 (GCC 5.4.1),cpp,Accepted,152,28160,832,
s367590939,p02936,u185034753,1566663285,Python,Python (3.4.3),py,Runtime Error,1671,135692,673,
s799671446,p02936,u444348687,1566663195,C++,C++14 (GCC 5.4.1),cpp,Wrong Answer,149,32128,870,
s766096172,p02936,u444348687,1566663167,C++,C++14 (GCC 5.4.1),cpp,Compile Error,,,848,
s013457370,p02936,u444348687,1566663113,C++,C++14 (GCC 5.4.1),cpp,Wrong Answer,147,28928,849,
s533388939,p02936,u494058663,1566662712,Python,Python (3.4.3),py,Wrong Answer,1531,22712,334,
s326166764,p02936,u441254033,1566662545,Python,Python (3.4.3),py,Wrong Answer,1291,36896,445,
s795361875,p02936,u185034753,1566662301,Python,Python (3.4.3),py,Runtime Error,2107,84004,503,
s061326323,p02936,u185034753,1566661986,Python,Python (3.4.3),py,Runtime Error,17,2940,732,
s936017066,p02936,u185034753,1566661915,Python,Python (3.4.3),py,Runtime Error,17,2940,811,
s776534671,p02936,u864026794,1566661291,C++,C++14 (GCC 5.4.1),cpp,Accepted,301,22656,599,
s899906610,p02936,u243961437,1566659683,C++,C++14 (GCC 5.4.1),cpp,Accepted,389,23424,601,
s391967915,p02936,u549383771,1566659260,Python,Python (3.4.3),py,Wrong Answer,2107,59528,410,
s771990032,p02936,u096453658,1566658943,C++,C++14 (GCC 5.4.1),cpp,Accepted,527,47744,1806,
s519948814,p02936,u096453658,1566658855,C++,C++14 (GCC 5.4.1),cpp,Runtime Error,104,8064,1807,
s405611809,p02936,u549383771,1566658813,Python,Python (3.4.3),py,Wrong Answer,2107,61580,423,
s575876189,p02936,u286422818,1566658423,Python,Python (3.4.3),py,Runtime Error,2111,127600,1518,
s710187830,p02936,u286422818,1566658363,C++,C++14 (GCC 5.4.1),cpp,Compile Error,,,1517,
s009470286,p02936,u581187895,1566656441,Python,Python (3.4.3),py,Accepted,1721,285864,547,
s556363648,p02936,u774729733,1566656124,Python,Python (3.4.3),py,Accepted,1839,68940,818,
s169886630,p02936,u581187895,1566656088,Python,Python (3.4.3),py,Runtime Error,1921,121852,478,
s471262797,p02936,u986889396,1566655732,Python,Python (3.4.3),py,Runtime Error,1444,57092,798,
s786221478,p02936,u105791541,1566655627,C++,C++14 (GCC 5.4.1),cpp,Accepted,140,27648,1191,
s906933203,p02936,u581187895,1566655546,Python,Python (3.4.3),py,Runtime Error,1868,121848,487,
s898803158,p02936,u774729733,1566655069,Python,Python (3.4.3),py,Runtime Error,1823,49224,505,
s295582785,p02936,u986889396,1566654802,Python,Python (3.4.3),py,Wrong Answer,1903,58984,763,
s241954390,p02936,u512007680,1566653902,Python,PyPy3 (2.4.0),py,Accepted,1879,152056,1022,
s838053516,p02936,u512007680,1566653884,Python,Python (3.4.3),py,Time Limit Exceeded,2111,128776,1022,
s292785415,p02936,u512007680,1566653840,Python,Python (3.4.3),py,Runtime Error,2111,126612,2065,
s007413938,p02936,u512007680,1566653753,Python,PyPy3 (2.4.0),py,Runtime Error,1902,152116,2065,
s496782032,p02936,u557558723,1566648129,C++,C++14 (GCC 5.4.1),cpp,Accepted,301,24448,1237,
s869485180,p02936,u557558723,1566648034,C++,C++14 (GCC 5.4.1),cpp,Runtime Error,346,17408,1239,
s938894735,p02936,u736729525,1566643369,Python,Python (3.4.3),py,Accepted,1693,269816,1224,
s689284474,p02936,u736729525,1566643242,Python,Python (3.4.3),py,Time Limit Exceeded,2114,269820,1196,
s966220834,p02936,u736729525,1566642968,Python,Python (3.4.3),py,Accepted,1515,65284,1169,
s847112056,p02936,u736729525,1566641901,Python,Python (3.4.3),py,Wrong Answer,1249,47844,845,
s425593811,p02936,u736729525,1566641795,Python,Python (3.4.3),py,Runtime Error,1339,42980,852,
s883512716,p02936,u736729525,1566641583,Python,Python (3.4.3),py,Runtime Error,1456,55660,904,
s468330492,p02936,u736729525,1566641481,Python,Python (3.4.3),py,Runtime Error,1483,55728,984,
s263104094,p02936,u736729525,1566641413,Python,Python (3.4.3),py,Runtime Error,1459,47252,961,
s196444707,p02936,u758799884,1566632259,C++,C++14 (GCC 5.4.1),cpp,Accepted,332,35200,1669,
s100010311,p02936,u808092084,1566628760,C++,C++14 (GCC 5.4.1),cpp,Accepted,151,25088,979,
s488920757,p02936,u788137651,1566628306,Python,Python (3.4.3),py,Accepted,1710,283012,1779,
s873682349,p02936,u788137651,1566628279,Python,PyPy3 (2.4.0),py,Time Limit Exceeded,2147,736588,1779,
s384751685,p02936,u788137651,1566628134,Python,PyPy3 (2.4.0),py,Runtime Error,898,121804,1750,
s066513361,p02936,u178789680,1566627568,Rust,Rust (1.15.1),rs,Accepted,165,34300,1514,
s303881429,p02936,u336774056,1566626467,C++,C++14 (GCC 5.4.1),cpp,Accepted,135,23552,692,
s282900212,p02936,u543152022,1566626151,Python,Python (3.4.3),py,Runtime Error,1488,54508,455,
s664452299,p02936,u543152022,1566626026,Python,Python (3.4.3),py,Runtime Error,1723,61736,454,
s795873195,p02936,u612271542,1566625495,C++,C++14 (GCC 5.4.1),cpp,Accepted,291,46208,1047,
s556023923,p02936,u612271542,1566624994,C++,C++14 (GCC 5.4.1),cpp,Wrong Answer,269,46208,1014,
s688466200,p02936,u658801777,1566624753,Python,Python (3.4.3),py,Runtime Error,2106,47704,921,
s095178781,p02936,u607135645,1566623475,Java,Java8 (OpenJDK 1.8.0),java,Wrong Answer,1717,277432,1386,
s153949201,p02936,u856234158,1566622826,C++,C++14 (GCC 5.4.1),cpp,Wrong Answer,2103,13312,1000,
s321345947,p02936,u209647862,1566622746,C++,C++14 (GCC 5.4.1),cpp,Accepted,316,21748,3048,
s874549791,p02936,u682686221,1566622632,C++,C++14 (GCC 5.4.1),cpp,Accepted,126,19568,1211,
s972780286,p02936,u689701565,1566622152,Java,Java8 (OpenJDK 1.8.0),java,Wrong Answer,94,21844,1303,
s274624937,p02936,u991664217,1566622142,C++,C++14 (Clang 3.8.0),cpp,Accepted,748,26880,2652,
s997884270,p02936,u991664217,1566621620,C++,C++14 (Clang 3.8.0),cpp,Wrong Answer,737,26880,2571,
s828988703,p02936,u991664217,1566621261,C++,C++14 (Clang 3.8.0),cpp,Wrong Answer,726,27136,2571,
s835797519,p02936,u607135645,1566620669,Java,Java8 (OpenJDK 1.8.0),java,Time Limit Exceeded,2107,285172,1676,
s291724155,p02936,u556273499,1566620573,C++,C++14 (GCC 5.4.1),cpp,Wrong Answer,291,19072,1175,
s516619313,p02936,u608088992,1566620209,Python,Python (3.4.3),py,Accepted,934,67208,825,
s464612005,p02936,u856234158,1566620203,C++,C++14 (GCC 5.4.1),cpp,Wrong Answer,2103,4480,651,
s938102386,p02936,u608088992,1566620035,Python,Python (3.4.3),py,Wrong Answer,697,63556,815,
s002546199,p02936,u767093102,1566620021,C++,C++14 (GCC 5.4.1),cpp,Accepted,146,23552,697,
s577153506,p02936,u767093102,1566619971,C++,C++14 (GCC 5.4.1),cpp,Accepted,145,25856,744,
s413886289,p02936,u986889396,1566619751,Python,Python (3.4.3),py,Wrong Answer,2106,40820,712,
s858005246,p02936,u767093102,1566619724,C++,C++14 (GCC 5.4.1),cpp,Accepted,128,25856,780,
s293933010,p02936,u093730269,1566619580,C++,C++14 (GCC 5.4.1),cpp,Wrong Answer,272,14848,1176,
s966706166,p02936,u240010800,1566619433,C++,C++14 (GCC 5.4.1),cpp,Accepted,164,45184,783,
s487491364,p02936,u556273499,1566619417,C++,C++14 (GCC 5.4.1),cpp,Wrong Answer,264,19072,1172,
s787956628,p02936,u226191225,1566619093,Python,PyPy3 (2.4.0),py,Wrong Answer,2117,218892,698,
s385742298,p02936,u767093102,1566619023,C++,C++14 (GCC 5.4.1),cpp,Wrong Answer,135,25856,842,
s980535024,p02936,u093730269,1566618942,C++,C++14 (GCC 5.4.1),cpp,Wrong Answer,273,14848,1226,
s225712837,p02936,u767093102,1566618886,C++,C++14 (GCC 5.4.1),cpp,Runtime Error,230,27508,914,
s975322907,p02936,u767093102,1566618817,C++,C++14 (GCC 5.4.1),cpp,Runtime Error,237,27508,897,
s308133233,p02936,u226191225,1566618811,Python,PyPy3 (2.4.0),py,Time Limit Exceeded,2117,217356,686,
s619886279,p02936,u226191225,1566618599,Python,Python (3.4.3),py,Time Limit Exceeded,2118,237936,686,
s150886201,p02936,u767093102,1566618578,C++,C++14 (GCC 5.4.1),cpp,Wrong Answer,153,26744,969,
s455282719,p02936,u556273499,1566618357,C++,C++14 (GCC 5.4.1),cpp,Wrong Answer,258,6896,978,
s612231600,p02936,u093730269,1566618269,C++,C++14 (GCC 5.4.1),cpp,Wrong Answer,277,14080,1227,
s068336422,p02936,u556273499,1566618157,C++,C++14 (GCC 5.4.1),cpp,Wrong Answer,257,6896,980,
s665312082,p02936,u456353530,1566617630,Python,PyPy3 (2.4.0),py,Accepted,1058,136404,786,
s245995691,p02936,u106804623,1566617612,C++,C++14 (GCC 5.4.1),cpp,Accepted,189,24320,2469,
s166983343,p02936,u340980616,1566617600,C++,C++14 (GCC 5.4.1),cpp,Accepted,334,30592,1636,
s808805111,p02936,u575705530,1566617311,C++,C++14 (GCC 5.4.1),cpp,Accepted,160,45184,783,
s685970111,p02936,u193560928,1566617192,Rust,Rust (1.15.1),rs,Wrong Answer,2107,16576,2140,
s213463849,p02936,u757628628,1566616958,C++,C++14 (GCC 5.4.1),cpp,Wrong Answer,2249,2088664,1064,
s827699250,p02936,u193560928,1566616901,Rust,Rust (1.15.1),rs,Wrong Answer,2104,16704,2079,
s978510196,p02936,u193560928,1566616713,Rust,Rust (1.15.1),rs,Compile Error,,,2077,
s663623308,p02936,u450007962,1566616600,C++,C++14 (GCC 5.4.1),cpp,Wrong Answer,291,14080,938,
s229672315,p02936,u193560928,1566616585,Rust,Rust (1.15.1),rs,Compile Error,,,2027,
s729855968,p02936,u745685739,1566616427,C++,C++14 (GCC 5.4.1),cpp,Accepted,137,23424,769,
s984913311,p02936,u753803401,1566616178,Python,Python (3.4.3),py,Wrong Answer,1882,134996,342,
s993537584,p02936,u753803401,1566615962,Python,Python (3.4.3),py,Wrong Answer,1604,121496,321,
s065955302,p02936,u905268546,1566615941,Python,Python (3.4.3),py,Accepted,1674,263660,620,
s889174288,p02936,u753803401,1566615887,Python,Python (3.4.3),py,Wrong Answer,1556,122608,320,
s443994131,p02936,u905268546,1566615875,Python,Python (3.4.3),py,Wrong Answer,1568,257384,601,
s183224470,p02936,u088346902,1566615836,Java,Java8 (OpenJDK 1.8.0),java,Time Limit Exceeded,2111,439384,2908,
s730171626,p02936,u757628628,1566615790,C++,C++14 (GCC 5.4.1),cpp,Wrong Answer,410,25856,795,
s480563004,p02936,u088346902,1566615733,Java,Java8 (OpenJDK 1.8.0),java,Time Limit Exceeded,2111,431812,2874,
s744180767,p02936,u561768724,1566615562,Python,Python (2.7.6),py,Runtime Error,1804,95964,1612,
s844786524,p02936,u745685739,1566615553,C++,C++14 (GCC 5.4.1),cpp,Compile Error,,,769,
s984131453,p02936,u561768724,1566615207,Python,Python (2.7.6),py,Runtime Error,1802,127348,1662,
s225751761,p02936,u295618957,1566615179,C++,C++14 (GCC 5.4.1),cpp,Wrong Answer,2104,4992,605,
s351122986,p02936,u757628628,1566614862,C++,C++14 (GCC 5.4.1),cpp,Wrong Answer,2266,1975424,1143,
s931726698,p02936,u387173453,1566614522,C#,C# (Mono 4.6.2.0),cs,Runtime Error,22,12640,2420,
s001703526,p02936,u347850398,1566614293,C++,C++14 (GCC 5.4.1),cpp,Wrong Answer,111,14976,795,
s312293142,p02936,u757628628,1566614178,C++,C++14 (GCC 5.4.1),cpp,Wrong Answer,2252,1670272,1101,
s061293003,p02936,u561768724,1566614082,Python,Python (2.7.6),py,Runtime Error,2115,192712,1225,
s041715504,p02936,u030992242,1566614040,C++,C++14 (GCC 5.4.1),cpp,Wrong Answer,282,17280,2229,
s252027621,p02936,u561768724,1566613939,Python,Python (2.7.6),py,Runtime Error,2115,192712,1225,
s664226721,p02936,u684822781,1566613819,C++,C++14 (GCC 5.4.1),cpp,Accepted,946,43008,750,
s647784631,p02936,u299873302,1566613472,Python,Python (3.4.3),py,Runtime Error,2112,68336,615,
s499553498,p02936,u476482490,1566613369,Java,Java8 (OpenJDK 1.8.0),java,Time Limit Exceeded,2110,285000,2114,
s722874823,p02936,u287226050,1566613220,C++,C++14 (GCC 5.4.1),cpp,Wrong Answer,122,30592,2188,
s578564291,p02936,u476482490,1566612995,Java,Java8 (OpenJDK 1.8.0),java,Time Limit Exceeded,2110,294896,1791,
s574863188,p02936,u476482490,1566612553,Java,Java8 (OpenJDK 1.8.0),java,Time Limit Exceeded,2110,294624,1662,
s541389666,p02936,u561768724,1566612092,Python,Python (2.7.6),py,Runtime Error,2115,198980,1237,
s496808182,p02936,u556273499,1566611538,C++,C++14 (GCC 5.4.1),cpp,Wrong Answer,2105,23680,890,
s962004755,p02936,u926166830,1566610329,C++,C++14 (GCC 5.4.1),cpp,Accepted,361,23552,669,
s252578630,p02936,u476482490,1566610255,Java,Java8 (OpenJDK 1.8.0),java,Time Limit Exceeded,2110,249388,1573,
s761703735,p02936,u891061025,1566610253,C++,C++14 (GCC 5.4.1),cpp,Accepted,136,23552,642,
s133846832,p02936,u489197691,1566610082,Rust,Rust (1.15.1),rs,Wrong Answer,287,42748,1056,
s646534388,p02936,u489197691,1566610036,Rust,Rust (1.15.1),rs,Runtime Error,214,18812,1055,
s379700287,p02936,u387173453,1566609878,C#,C# (Mono 4.6.2.0),cs,Runtime Error,20,12640,1792,
s079022408,p02936,u476482490,1566609849,Java,Java8 (OpenJDK 1.8.0),java,Time Limit Exceeded,2110,264852,1593,
s445647162,p02936,u387173453,1566609814,C#,C# (Mono 4.6.2.0),cs,Runtime Error,20,12640,1440,
s786431523,p02936,u387173453,1566609744,C#,C# (Mono 4.6.2.0),cs,Runtime Error,20,12640,1792,
s122990867,p02936,u926166830,1566609316,C++,C++14 (GCC 5.4.1),cpp,Wrong Answer,2104,4608,811,
s412564456,p02936,u311379832,1566608988,Python,Python (3.4.3),py,Accepted,1676,285892,576,
s818157471,p02936,u311379832,1566608863,Python,Python (3.4.3),py,Wrong Answer,1561,285872,550,
s752888567,p02936,u311379832,1566608689,Python,Python (3.4.3),py,Runtime Error,1879,121848,546,
s847438658,p02936,u060918864,1566608269,C++,C++14 (GCC 5.4.1),cpp,Accepted,128,17396,854,
s121318099,p02936,u489197691,1566607711,Rust,Rust (1.15.1),rs,Wrong Answer,258,20732,961,
s061274036,p02936,u450288159,1566606872,Python,Python (3.4.3),py,Wrong Answer,2112,118336,720,
s411888019,p02936,u112581208,1566606581,Python,Python (3.4.3),py,Runtime Error,1600,55088,466,
s173131953,p02936,u607135645,1566605606,Java,Java8 (OpenJDK 1.8.0),java,Wrong Answer,1722,273904,1316,
s004089858,p02936,u223904637,1566605413,Python,Python (3.4.3),py,Wrong Answer,1902,66740,249,
s926854842,p02936,u223904637,1566605317,Python,Python (3.4.3),py,Runtime Error,17,3064,249,
s352083127,p02936,u322913626,1566603448,C++,C++14 (GCC 5.4.1),cpp,Accepted,293,24320,1298,
s807973597,p02936,u138597672,1566602297,C++,C++14 (GCC 5.4.1),cpp,Wrong Answer,747,11776,441,
s423119925,p02936,u889681568,1566602177,Python,Python (3.4.3),py,Runtime Error,2106,157040,1259,
s817098476,p02936,u889681568,1566602049,Python,Python (3.4.3),py,Runtime Error,2109,157020,1363,
s874760521,p02936,u958029797,1566601736,C++,C++14 (GCC 5.4.1),cpp,Accepted,364,24320,1058,
s666349191,p02936,u095834727,1566601025,Kotlin,Kotlin (1.0.0),kt,Accepted,1440,94748,3529,
s876492575,p02936,u637207351,1566600662,Python,Python (3.4.3),py,Accepted,1815,66016,519,
s046369809,p02936,u562016607,1566600573,Python,Python (3.4.3),py,Accepted,1840,62596,489,
s222828545,p02936,u861345985,1566600516,C++,C++14 (GCC 5.4.1),cpp,Accepted,366,24320,1119,
s201623792,p02936,u637207351,1566600490,Python,Python (3.4.3),py,Time Limit Exceeded,2106,66064,622,
s325811633,p02936,u637207351,1566600371,Python,Python (3.4.3),py,Time Limit Exceeded,2109,81624,652,
s812664552,p02936,u018679195,1566600316,C++,C++14 (GCC 5.4.1),cpp,Accepted,321,17280,635,
s613188262,p02936,u613241969,1566600290,C++,C++14 (GCC 5.4.1),cpp,Accepted,315,17280,635,
s657026484,p02936,u086355897,1566600122,C++,C++14 (GCC 5.4.1),cpp,Accepted,368,25984,1344,
s509638724,p02936,u086355897,1566600084,C++,C++14 (GCC 5.4.1),cpp,Compile Error,,,1347,
s675320069,p02936,u403800404,1566600053,C++,C++14 (GCC 5.4.1),cpp,Accepted,211,36608,12386,
s933767048,p02936,u637207351,1566600043,Python,Python (3.4.3),py,Runtime Error,28,10868,579,
s821464502,p02936,u223263261,1566599754,C++,C++14 (GCC 5.4.1),cpp,Wrong Answer,2104,21376,692,
s637986248,p02936,u655975843,1566599510,C++,C++14 (GCC 5.4.1),cpp,Accepted,461,291456,916,
s502798110,p02936,u637207351,1566599363,Python,Python (3.4.3),py,Time Limit Exceeded,2110,98796,959,
s346466856,p02936,u403800404,1566599301,C++,C++14 (GCC 5.4.1),cpp,Wrong Answer,136,21900,12204,
s798516193,p02936,u237493274,1566598067,Python,Python (3.4.3),py,Wrong Answer,1398,113600,365,
s213990498,p02936,u237493274,1566597955,Python,Python (3.4.3),py,Accepted,1255,124236,594,
s449151580,p02936,u693081044,1566597840,C++,C++14 (GCC 5.4.1),cpp,Wrong Answer,89,4480,488,
s109644803,p02936,u693081044,1566597826,C++,C++14 (GCC 5.4.1),cpp,Compile Error,,,494,
s616977234,p02936,u237493274,1566597763,Python,Python (3.4.3),py,Accepted,1890,124236,524,
s046635129,p02936,u237493274,1566597313,Python,Python (3.4.3),py,Wrong Answer,2106,113592,295,
s341283850,p02936,u237493274,1566597218,Python,Python (3.4.3),py,Wrong Answer,1625,112892,285,
s930864968,p02936,u528744583,1566597142,C++,C++14 (GCC 5.4.1),cpp,Accepted,102,17024,2908,
s888752265,p02936,u693081044,1566596870,C++,C++14 (GCC 5.4.1),cpp,Wrong Answer,2103,2944,474,
s740749433,p02936,u637207351,1566596797,Python,Python (3.4.3),py,Time Limit Exceeded,2110,98796,959,
s893291338,p02936,u637207351,1566596661,Python,Python (3.4.3),py,Runtime Error,2109,84844,969,
s540257258,p02936,u744305661,1566596508,C++,C++14 (GCC 5.4.1),cpp,Accepted,391,30464,953,
s060240064,p02936,u518623219,1566596356,C++,C++14 (GCC 5.4.1),cpp,Accepted,142,32128,926,
s487807663,p02936,u430974466,1566596297,C++,C++14 (GCC 5.4.1),cpp,Accepted,373,26624,1822,
s499339069,p02936,u430974466,1566596268,C++,C++14 (GCC 5.4.1),cpp,Wrong Answer,1,256,1965,
s772560591,p02936,u430974466,1566596207,C++,C++14 (GCC 5.4.1),cpp,Wrong Answer,396,26368,1806,
s983626668,p02936,u637207351,1566595749,Python,Python (3.4.3),py,Runtime Error,2109,98784,785,
s183341334,p02936,u783834906,1566595516,C++,C++14 (GCC 5.4.1),cpp,Accepted,382,23552,743,
s144830379,p02936,u637207351,1566595223,Python,Python (3.4.3),py,Runtime Error,2110,98784,740,
s747107528,p02936,u958141542,1566595113,Python,Python (3.4.3),py,Wrong Answer,1322,25852,264,
s892553339,p02936,u783834906,1566595100,C++,C++14 (GCC 5.4.1),cpp,Wrong Answer,336,20352,619,
s766869216,p02936,u783834906,1566595045,C++,C++14 (GCC 5.4.1),cpp,Compile Error,,,623,
s117874937,p02936,u958141542,1566594930,Python,Python (3.4.3),py,Wrong Answer,1308,25852,264,
s042816039,p02936,u958141542,1566594859,Python,Python (3.4.3),py,Wrong Answer,1365,25812,260,
s118508135,p02936,u176445062,1566594790,Python,PyPy3 (2.4.0),py,Accepted,867,115164,655,
s528500169,p02936,u637207351,1566594587,Python,Python (3.4.3),py,Runtime Error,2110,98784,769,
s749928463,p02936,u637207351,1566594364,Python,Python (3.4.3),py,Runtime Error,2109,98784,806,
s277451833,p02936,u463950771,1566594322,C++,C++14 (GCC 5.4.1),cpp,Accepted,304,17124,1526,
s059978200,p02936,u476482490,1566594244,Java,Java8 (OpenJDK 1.8.0),java,Time Limit Exceeded,2106,261260,1593,
s836673386,p02936,u176445062,1566594059,Python,PyPy3 (2.4.0),py,Runtime Error,961,138076,655,
s064440929,p02936,u476482490,1566593945,Java,Java8 (OpenJDK 1.8.0),java,Time Limit Exceeded,2106,266320,1915,
s677083449,p02936,u520791604,1566593906,C++,C++14 (GCC 5.4.1),cpp,Accepted,593,23424,2623,
s717532206,p02936,u554269352,1566593881,Go,Go (1.6),go,Accepted,218,30612,3193,
s167021252,p02936,u337525741,1566593388,Python,Python (3.4.3),py,Wrong Answer,2108,84648,608,
s675800435,p02936,u298413997,1566593326,Python,Python (3.4.3),py,Wrong Answer,2134,507696,679,
s189107584,p02936,u554269352,1566592969,Go,Go (1.6),go,Accepted,279,76288,3072,
s799053411,p02936,u655975843,1566591718,C++,C++14 (GCC 5.4.1),cpp,Wrong Answer,301,14080,826,
s312137937,p02936,u370576244,1566591425,Python,Python (3.4.3),py,Runtime Error,2107,70264,473,
s346724589,p02936,u335768052,1566591356,C++,C++14 (GCC 5.4.1),cpp,Accepted,144,18224,1063,
s097309004,p02936,u086355897,1566591085,C++,C++14 (GCC 5.4.1),cpp,Wrong Answer,351,25856,1244,
s150727917,p02936,u905268546,1566590790,Python,PyPy3 (2.4.0),py,Wrong Answer,2143,654068,601,
s339687462,p02936,u858136677,1566589629,Python,Python (3.4.3),py,Wrong Answer,2106,61920,525,
s530360243,p02936,u960552358,1566589235,Python,Python (3.4.3),py,Runtime Error,2112,142632,744,
s862379981,p02936,u849073847,1566589014,C++,C++14 (GCC 5.4.1),cpp,Wrong Answer,291,14848,674,
s137962071,p02936,u634999820,1566588684,C++,C++14 (GCC 5.4.1),cpp,Accepted,304,24320,752,
s549297600,p02936,u307592354,1566588600,Nim,Nim (0.13.0),nim,Wrong Answer,310,47356,842,
s309285310,p02936,u476482490,1566588463,Java,Java8 (OpenJDK 1.8.0),java,Time Limit Exceeded,2107,287448,2115,
s830324046,p02936,u863044225,1566588433,C++,C++14 (GCC 5.4.1),cpp,Accepted,158,17908,1817,
s743391317,p02936,u176445062,1566587984,Python,PyPy3 (2.4.0),py,Runtime Error,976,137052,508,
s958186375,p02936,u176445062,1566587880,Python,Python (3.4.3),py,Runtime Error,1159,64708,563,
s431257420,p02936,u517851140,1566587662,Java,Java8 (OpenJDK 1.8.0),java,Wrong Answer,2109,55128,4425,
s534840673,p02936,u463950771,1566587508,C++,C++14 (GCC 5.4.1),cpp,Wrong Answer,314,16228,1523,
s220950673,p02936,u178789680,1566586970,Rust,Rust (1.15.1),rs,Wrong Answer,169,34428,1481,
s307479116,p02936,u233747425,1566586173,Python,Python (3.4.3),py,Accepted,1855,66044,1033,
s956062646,p02936,u543954314,1566585994,Python,Python (3.4.3),py,Runtime Error,1500,75124,469,
s570839544,p02936,u335768052,1566585898,C++,C++14 (GCC 5.4.1),cpp,Accepted,152,17840,1063,
s400191428,p02936,u555503067,1566585632,Python,Python (3.4.3),py,Runtime Error,2108,69124,724,
s294783283,p02936,u178789680,1566585461,Rust,Rust (1.15.1),rs,Wrong Answer,157,34300,1481,
s877642597,p02936,u360515075,1566585117,Python,Python (3.4.3),py,Accepted,1986,118848,494,
s302678273,p02936,u178789680,1566584439,Rust,Rust (1.15.1),rs,Wrong Answer,154,31228,1398,
s959885367,p02936,u943624079,1566583751,Go,Go (1.6),go,Accepted,1066,79488,928,
s612915040,p02936,u879309973,1566582922,Python,Python (3.4.3),py,Accepted,1633,104280,828,
s532306131,p02936,u717390233,1566582704,C++,C++14 (GCC 5.4.1),cpp,Accepted,142,21120,704,
s462258084,p02936,u879309973,1566582697,Python,Python (3.4.3),py,Time Limit Exceeded,2108,102396,787,
s168064845,p02936,u879309973,1566582384,Python,Python (3.4.3),py,Wrong Answer,2109,122180,844,
s400678739,p02936,u717390233,1566582001,C++,C++14 (GCC 5.4.1),cpp,Accepted,142,21120,702,
s263812013,p02936,u550178285,1566581830,C++,C++14 (GCC 5.4.1),cpp,Accepted,358,27520,917,
s966924904,p02936,u550178285,1566581703,C++,C++14 (GCC 5.4.1),cpp,Runtime Error,306,4992,917,
s195259440,p02936,u436019023,1566580045,C++,C++14 (GCC 5.4.1),cpp,Accepted,356,25856,580,
s198902171,p02936,u318334550,1566578679,C++,C++14 (GCC 5.4.1),cpp,Accepted,305,28928,1807,
s320651713,p02936,u517851140,1566578200,Java,Java8 (OpenJDK 1.8.0),java,Wrong Answer,2109,185944,2537,
s804891873,p02936,u517851140,1566577833,Java,Java8 (OpenJDK 1.8.0),java,Wrong Answer,2110,186324,2532,
s958913095,p02936,u858518613,1566577119,Python,Python (3.4.3),py,Accepted,1749,56060,528,
s753446192,p02936,u858518613,1566576899,Python,Python (3.4.3),py,Wrong Answer,1669,55824,528,
s103246208,p02936,u390727364,1566576018,Crystal,Crystal (0.20.5),cr,Wrong Answer,754,37756,383,
s916460646,p02936,u295992428,1566575540,C++,C++14 (GCC 5.4.1),cpp,Accepted,124,21376,1822,
s273135581,p02936,u858518613,1566575386,Python,Python (3.4.3),py,Runtime Error,2110,139384,495,
s827118619,p02936,u272015756,1566575380,C++,C++14 (GCC 5.4.1),cpp,Accepted,153,23552,487,
s198698540,p02936,u785795721,1566575372,C++,C++14 (GCC 5.4.1),cpp,Accepted,123,17140,1603,
s849819101,p02936,u366686355,1566575122,C++,C++14 (GCC 5.4.1),cpp,Accepted,137,28928,717,
s308494996,p02936,u858518613,1566575002,Python,Python (3.4.3),py,Runtime Error,2106,51196,454,
s828003805,p02936,u077971896,1566574981,C++,C++14 (GCC 5.4.1),cpp,Accepted,378,25600,600,
s602051646,p02936,u077971896,1566574934,C++,C++14 (GCC 5.4.1),cpp,Runtime Error,100,2560,600,
s740156029,p02936,u858518613,1566573022,Python,Python (3.4.3),py,Runtime Error,2106,50484,464,
s515147762,p02936,u366686355,1566572348,C++,C++14 (GCC 5.4.1),cpp,Runtime Error,122,256,532,
s616679845,p02936,u326400916,1566571765,C++,C++14 (GCC 5.4.1),cpp,Accepted,136,17140,911,
s235618754,p02936,u326400916,1566570178,C++,C++14 (GCC 5.4.1),cpp,Accepted,156,24320,716,
s150789606,p02936,u326400916,1566569975,C++,C++14 (GCC 5.4.1),cpp,Wrong Answer,127,21120,636,
s700679910,p02936,u614314290,1566569871,Rust,Rust (1.15.1),rs,Accepted,485,26876,2820,
s474705869,p02936,u367147039,1566569482,Python,Python (3.4.3),py,Wrong Answer,2110,102100,918,
s682195191,p02936,u574422981,1566569457,Java,Java8 (OpenJDK 1.8.0),java,Wrong Answer,1842,192148,1042,
s775484581,p02936,u574422981,1566569034,Java,Java8 (OpenJDK 1.8.0),java,Wrong Answer,2110,193728,1047,
s827174833,p02936,u554269352,1566569014,Go,Go (1.6),go,Accepted,233,28928,3207,
s049041982,p02936,u915981080,1566568894,Java,Java8 (OpenJDK 1.8.0),java,Accepted,1771,211468,1617,
s540061084,p02936,u574422981,1566568828,Java,Java8 (OpenJDK 1.8.0),java,Wrong Answer,2109,191504,1083,
s171042912,p02936,u915981080,1566568516,Java,Java8 (OpenJDK 1.8.0),java,Wrong Answer,1802,207536,1365,
s646962289,p02936,u326400916,1566567932,C++,C++14 (GCC 5.4.1),cpp,Wrong Answer,249,24320,874,
s197512468,p02936,u915981080,1566567529,Java,Java8 (OpenJDK 1.8.0),java,Wrong Answer,1707,195700,1305,
s352917610,p02936,u326400916,1566567468,C++,C++14 (GCC 5.4.1),cpp,Wrong Answer,115,14848,749,
s881855183,p02936,u326400916,1566567336,C++,C++14 (GCC 5.4.1),cpp,Runtime Error,178,6520,746,
s763123631,p02936,u574422981,1566567251,Java,Java8 (OpenJDK 1.8.0),java,Wrong Answer,2109,194072,1392,
s664320171,p02936,u574422981,1566566589,Java,Java8 (OpenJDK 1.8.0),java,Wrong Answer,2110,183112,1374,
s582057147,p02936,u282280353,1566565904,C++,C++14 (GCC 5.4.1),cpp,Accepted,372,27392,758,
s275381354,p02936,u737840172,1566565172,C++,C++14 (GCC 5.4.1),cpp,Accepted,658,68736,892,
s318465854,p02936,u367147039,1566561053,Python,Python (3.4.3),py,Runtime Error,1450,102104,1370,
s733333662,p02936,u311379832,1566559660,Python,Python (3.4.3),py,Runtime Error,1954,121776,514,
s778016228,p02936,u311379832,1566559379,Python,Python (3.4.3),py,Runtime Error,1898,121904,505,
s426340957,p02936,u311379832,1566559240,Python,Python (3.4.3),py,Runtime Error,1866,121788,529,
s126613199,p02936,u311379832,1566559050,Python,Python (3.4.3),py,Runtime Error,2041,121568,531,
s099498758,p02936,u311379832,1566558753,Python,Python (3.4.3),py,Runtime Error,1954,121572,551,
s974458420,p02936,u311379832,1566558547,Python,Python (3.4.3),py,Accepted,1233,124236,637,
s323697064,p02936,u311379832,1566558511,Python,Python (3.4.3),py,Wrong Answer,1681,285920,548,
s010199904,p02936,u311379832,1566558459,Python,Python (3.4.3),py,Wrong Answer,1556,285864,594,
s521157543,p02936,u311379832,1566558057,Python,Python (3.4.3),py,Runtime Error,1700,120580,476,
s767825261,p02936,u771524928,1566556756,C++,C++14 (GCC 5.4.1),cpp,Accepted,134,25856,3259,
s201513685,p02936,u747497660,1566554041,C++,C++14 (GCC 5.4.1),cpp,Accepted,129,23552,1013,
s574402947,p02936,u209647862,1566550703,C++,C++14 (GCC 5.4.1),cpp,Accepted,315,21764,3092,
s464350491,p02936,u396884995,1566549633,C++,C++14 (GCC 5.4.1),cpp,Wrong Answer,398,25856,941,
s724803456,p02936,u581187895,1566548959,Python,Python (3.4.3),py,Runtime Error,1873,122144,537,
s620990566,p02936,u209647862,1566548535,C++,C++14 (GCC 5.4.1),cpp,Wrong Answer,312,21892,3037,
s019384540,p02936,u747497660,1566546982,C++,C++14 (GCC 5.4.1),cpp,Wrong Answer,2103,384,1132,
s793045349,p02936,u574422981,1566546036,Java,Java8 (OpenJDK 1.8.0),java,Wrong Answer,2114,462824,1198,
s779720914,p02936,u574422981,1566545693,Java,Java8 (OpenJDK 1.8.0),java,Wrong Answer,2109,172248,1224,
s168147368,p02936,u278602440,1566545251,C++,C++14 (GCC 5.4.1),cpp,Wrong Answer,110,14976,572,
s565997776,p02936,u747497660,1566544956,C++,C++14 (GCC 5.4.1),cpp,Runtime Error,303,6144,826,
s265580012,p02936,u729133443,1566544205,Python,PyPy3 (2.4.0),py,Accepted,1160,178100,229,
s940741439,p02936,u487641373,1566544017,Java,Java8 (OpenJDK 1.8.0),java,Time Limit Exceeded,2110,211980,1482,
s258412967,p02936,u729133443,1566543971,Python,Python (3.4.3),py,Accepted,1973,207492,234,
s306123367,p02936,u487641373,1566543198,Java,Java8 (OpenJDK 1.8.0),java,Wrong Answer,1940,166112,892,
s774686653,p02936,u592186586,1566542957,C++,C++14 (GCC 5.4.1),cpp,Accepted,137,24320,1488,
s751830877,p02936,u487641373,1566542936,Java,Java8 (OpenJDK 1.8.0),java,Wrong Answer,2109,195832,1075,
s582304852,p02936,u487641373,1566541989,Java,Java8 (OpenJDK 1.8.0),java,Time Limit Exceeded,2037,210688,1511,
s657282106,p02936,u076704661,1566540386,C++,C++14 (GCC 5.4.1),cpp,Accepted,146,28928,716,
s974095152,p02936,u076704661,1566540215,C++,C++14 (GCC 5.4.1),cpp,Wrong Answer,119,25856,677,
s486918255,p02936,u838644735,1566539536,C++,C++14 (GCC 5.4.1),cpp,Accepted,567,54784,1116,
s489013808,p02936,u804831318,1566539076,C++,C++14 (GCC 5.4.1),cpp,Accepted,160,32120,848,
s774271816,p02936,u016881126,1566538712,Python,PyPy3 (2.4.0),py,Accepted,1968,105740,517,
s298247242,p02936,u838644735,1566538509,C++,C++14 (GCC 5.4.1),cpp,Accepted,545,54784,1285,
s776258130,p02936,u919997506,1566538430,C++,C++14 (GCC 5.4.1),cpp,Accepted,129,26368,738,
s960063704,p02936,u919997506,1566538282,C++,C++14 (GCC 5.4.1),cpp,Runtime Error,222,26112,738,
s761278478,p02936,u838644735,1566538235,C++,C++14 (GCC 5.4.1),cpp,Wrong Answer,560,54784,1277,
s818195883,p02936,u919997506,1566538148,C++,C++14 (GCC 5.4.1),cpp,Runtime Error,100,6016,738,
s126011589,p02936,u041396154,1566538069,C++,C++14 (GCC 5.4.1),cpp,Accepted,159,25856,901,
s709996899,p02936,u919997506,1566538065,C++,C++14 (GCC 5.4.1),cpp,Runtime Error,107,3456,737,
s553080757,p02936,u016881126,1566537898,Python,PyPy3 (2.4.0),py,Time Limit Exceeded,2111,122688,947,
s161626577,p02936,u919997506,1566537882,C++,C++14 (GCC 5.4.1),cpp,Runtime Error,96,896,735,
s501865959,p02936,u838644735,1566537200,C++,C++14 (GCC 5.4.1),cpp,Accepted,585,57216,1211,
s372339343,p02936,u013734211,1566536828,Java,Java8 (OpenJDK 1.8.0),java,Accepted,980,83828,3292,
s541602881,p02936,u476482490,1566536464,Java,Java8 (OpenJDK 1.8.0),java,Time Limit Exceeded,2110,264580,2170,
s656090113,p02936,u133159633,1566535896,Java,Java8 (OpenJDK 1.8.0),java,Accepted,1883,284704,1640,
s206321751,p02936,u076704661,1566535675,C++,C++14 (GCC 5.4.1),cpp,Wrong Answer,121,28928,680,
s659863169,p02936,u632178263,1566535620,C++,C++14 (GCC 5.4.1),cpp,Time Limit Exceeded,2189,1433360,2054,
s052682391,p02936,u632178263,1566535492,C++,C++14 (GCC 5.4.1),cpp,Wrong Answer,2116,136960,2082,
s568535214,p02936,u133159633,1566535396,Java,Java8 (OpenJDK 1.8.0),java,Runtime Error,1480,247624,1536,
s086580943,p02936,u133159633,1566535251,Java,Java8 (OpenJDK 1.8.0),java,Runtime Error,1279,222136,1524,
s322174558,p02936,u597017430,1566535029,Python,Python (3.4.3),py,Wrong Answer,1687,86808,362,
s025234318,p02936,u597017430,1566534793,Python,Python (3.4.3),py,Wrong Answer,1714,84836,332,
s264413673,p02936,u396884995,1566534453,C++,C++ (GCC 5.4.1),cpp,Wrong Answer,318,4480,501,
s456981255,p02936,u652569315,1566534367,Python,Python (3.4.3),py,Wrong Answer,1429,126596,452,
s326546413,p02936,u476482490,1566534357,Java,Java8 (OpenJDK 1.8.0),java,Runtime Error,1586,193400,983,
s258334213,p02936,u841348630,1566534270,Python,Python (3.4.3),py,Accepted,1990,83556,930,
s716954843,p02936,u597017430,1566534268,Python,Python (3.4.3),py,Wrong Answer,1741,84796,360,
s035727482,p02936,u396884995,1566534260,C++,C++ (GCC 5.4.1),cpp,Wrong Answer,319,3712,471,
s021813539,p02936,u597017430,1566533957,Python,Python (3.4.3),py,Wrong Answer,2111,82232,452,
s624714657,p02936,u841348630,1566533906,Python,Python (3.4.3),py,Wrong Answer,1962,83620,974,
s907816793,p02936,u632178263,1566533478,C++,C++14 (GCC 5.4.1),cpp,Wrong Answer,278,17280,1420,
s645401300,p02936,u466275789,1566533453,C++,C++14 (GCC 5.4.1),cpp,Wrong Answer,351,20352,841,
s447939220,p02936,u597017430,1566532926,Python,Python (3.4.3),py,Wrong Answer,2108,79084,589,
s681431825,p02936,u459746049,1566532870,Rust,Rust (1.15.1),rs,Accepted,187,47484,2593,
s458492959,p02936,u841348630,1566532685,Python,Python (3.4.3),py,Wrong Answer,1886,80736,951,
s726053008,p02936,u841348630,1566532444,Python,Python (3.4.3),py,Wrong Answer,1905,80732,911,
s196008167,p02936,u282228874,1566532206,Python,Python (3.4.3),py,Wrong Answer,1692,56408,500,
s974067044,p02936,u632178263,1566532034,C++,C++14 (GCC 5.4.1),cpp,Wrong Answer,2104,17172,1528,
s354071123,p02936,u937094641,1566531214,C++,C++14 (GCC 5.4.1),cpp,Accepted,140,25856,1272,
s641512851,p02936,u402472923,1566530868,C++,C++14 (GCC 5.4.1),cpp,Accepted,297,16372,622,
s547812817,p02936,u937094641,1566530488,C++,C++14 (GCC 5.4.1),cpp,Time Limit Exceeded,2691,1913592,1412,
s815728653,p02936,u442113054,1566530455,C,C (GCC 5.4.1),c,Accepted,132,28672,1169,
s731411016,p02936,u937094641,1566530276,C++,C++14 (GCC 5.4.1),cpp,Time Limit Exceeded,2255,1863032,1411,
s571024772,p02936,u442113054,1566530274,C,C (GCC 5.4.1),c,Time Limit Exceeded,2104,28672,1200,
s084763193,p02936,u259210975,1566529956,C++,C++14 (GCC 5.4.1),cpp,Accepted,292,24448,929,
s458287772,p02936,u895409580,1566529795,C++,C++14 (GCC 5.4.1),cpp,Wrong Answer,268,6272,899,
s465486181,p02936,u442113054,1566529438,C,C (GCC 5.4.1),c,Time Limit Exceeded,2113,227456,1082,
s818829061,p02936,u188465420,1566529389,PHP,PHP7 (7.0.15),php,Wrong Answer,1157,176752,799,
s790616324,p02936,u841348630,1566529364,Python,Python (3.4.3),py,Wrong Answer,2107,79196,594,
s341192807,p02936,u096635831,1566529353,Rust,Rust (1.15.1),rs,Accepted,204,57488,20869,
s966174025,p02936,u895409580,1566529329,C++,C++14 (GCC 5.4.1),cpp,Wrong Answer,265,6272,792,
s942373526,p02936,u176445062,1566529316,Python,PyPy3 (2.4.0),py,Wrong Answer,1907,124116,639,
s486215516,p02936,u888094685,1566529102,C++,C++14 (GCC 5.4.1),cpp,Accepted,368,23424,1432,
s857450901,p02936,u671861352,1566528882,C++,C++14 (GCC 5.4.1),cpp,Accepted,705,68864,774,
s716696444,p02936,u888094685,1566528785,C++,C++14 (GCC 5.4.1),cpp,Accepted,302,29696,1355,
s273925632,p02936,u895409580,1566528699,C++,C++14 (GCC 5.4.1),cpp,Wrong Answer,313,9216,595,
s529667532,p02936,u895409580,1566528369,C++,C++14 (GCC 5.4.1),cpp,Wrong Answer,330,6144,594,
s110334024,p02936,u188465420,1566528082,PHP,PHP7 (7.0.15),php,Wrong Answer,987,103024,830,
s740485123,p02936,u652569315,1566527859,Python,Python (3.4.3),py,Wrong Answer,1453,121364,428,
s062144873,p02936,u532827876,1566527656,Python,Python (3.4.3),py,Wrong Answer,1521,77924,838,
s991195231,p02936,u541784678,1566527404,C++,C++14 (GCC 5.4.1),cpp,Accepted,319,47972,1063,
s299856624,p02936,u532827876,1566527134,Python,Python (3.4.3),py,Runtime Error,2111,67048,739,
s703023118,p02936,u903480110,1566526781,C,C (Clang 3.8.0),c,Runtime Error,3510,636,1525,
s405199808,p02936,u226191225,1566526716,Python,Python (3.4.3),py,Wrong Answer,1939,119016,836,
s469254908,p02936,u062459048,1566526563,Python,Python (3.4.3),py,Accepted,1942,257572,485,
s589744042,p02936,u062459048,1566526514,Python,PyPy3 (2.4.0),py,Time Limit Exceeded,2121,291824,458,
s695497846,p02936,u062459048,1566526366,Python,Python (3.4.3),py,Time Limit Exceeded,2119,256876,457,
s426311230,p02936,u062459048,1566526087,Python,Python (3.4.3),py,Runtime Error,1803,76672,414,
s337682836,p02936,u841348630,1566525750,Python,Python (3.4.3),py,Wrong Answer,2108,70752,430,
s742206277,p02936,u423952743,1566525549,Java,Java8 (OpenJDK 1.8.0),java,Accepted,1883,340232,1233,
s291775279,p02936,u478372289,1566525405,Python,Python (3.4.3),py,Wrong Answer,2113,47744,375,
s207773863,p02936,u442030035,1566525004,Python,Python (3.4.3),py,Accepted,1776,55856,499,
s148155327,p02936,u705037238,1566524633,Rust,Rust (1.15.1),rs,Accepted,272,32892,1254,
s224361654,p02936,u044459372,1566524186,C++,C++14 (GCC 5.4.1),cpp,Accepted,362,23424,655,
s053735280,p02936,u516687307,1566524185,Python,Python (3.4.3),py,Wrong Answer,2105,27132,454,
s205829742,p02936,u516687307,1566524083,Python,Python (3.4.3),py,Runtime Error,17,3064,450,
s094535255,p02936,u334400559,1566524030,Java,Java8 (OpenJDK 1.8.0),java,Accepted,1934,203928,1367,
s968081134,p02936,u110336920,1566524024,C++,C++14 (GCC 5.4.1),cpp,Accepted,325,21120,1290,
s109618417,p02936,u442030035,1566523689,C,C (GCC 5.4.1),c,Wrong Answer,285,789888,1313,
s393501738,p02936,u442030035,1566523657,C,C (GCC 5.4.1),c,Memory Limit Exceeded,532,1102336,1313,
s854092579,p02936,u442030035,1566523627,C,C (GCC 5.4.1),c,Memory Limit Exceeded,458,1571072,1314,
s242190223,p02936,u087187808,1566523626,C++,C++14 (GCC 5.4.1),cpp,Accepted,157,24064,709,
s811537245,p02936,u442030035,1566523591,C,C (GCC 5.4.1),c,Memory Limit Exceeded,512,1883648,1314,
s441218068,p02936,u442030035,1566523522,C,C (GCC 5.4.1),c,Wrong Answer,538,942976,1262,
s012431745,p02936,u423952743,1566523459,Java,Java8 (OpenJDK 1.8.0),java,Wrong Answer,2113,365448,1556,
s352711671,p02936,u133159633,1566523425,Java,Java8 (OpenJDK 1.8.0),java,Wrong Answer,2111,321380,2315,
s930704317,p02936,u442030035,1566523331,C,C (GCC 5.4.1),c,Wrong Answer,446,1021056,1220,
s620941003,p02936,u442030035,1566523292,C,C (GCC 5.4.1),c,Wrong Answer,321,942976,1220,
s290282800,p02936,u442030035,1566523249,C,C (GCC 5.4.1),c,Wrong Answer,274,552320,1219,
s058988364,p02936,u442030035,1566523187,C,C (GCC 5.4.1),c,Wrong Answer,289,786688,1220,
s450291284,p02936,u442030035,1566523176,C,C (GCC 5.4.1),c,Wrong Answer,277,786688,1220,
s820338595,p02936,u133159633,1566523093,Java,Java8 (OpenJDK 1.8.0),java,Time Limit Exceeded,2114,299516,1436,
s701682977,p02936,u334400559,1566523093,Java,Java8 (OpenJDK 1.8.0),java,Accepted,1772,216996,1144,
s469879498,p02936,u376103660,1566523066,C++,C++14 (GCC 5.4.1),cpp,Accepted,301,20212,1658,
s013908459,p02936,u442030035,1566523054,C,C (GCC 5.4.1),c,Wrong Answer,247,552320,1219,
s425839713,p02936,u442030035,1566523012,C,C (GCC 5.4.1),c,Wrong Answer,222,396032,1219,
s348398029,p02936,u334400559,1566522931,Java,Java8 (OpenJDK 1.8.0),java,Accepted,1747,231952,1106,
s203476798,p02936,u442030035,1566522925,C,C (GCC 5.4.1),c,Runtime Error,101,1664,1213,
s726584526,p02936,u133159633,1566522917,Java,Java8 (OpenJDK 1.8.0),java,Accepted,1966,288056,1393,
s253196951,p02936,u062459048,1566522901,Python,Python (3.4.3),py,Wrong Answer,1821,66632,237,
s823794836,p02936,u334400559,1566522898,Java,Java8 (OpenJDK 1.8.0),java,Wrong Answer,1788,214376,1100,
s473780911,p02936,u587721314,1566522876,Java,Java8 (OpenJDK 1.8.0),java,Runtime Error,997,99688,2146,
s165978989,p02936,u062459048,1566522866,Python,Python (3.4.3),py,Wrong Answer,1921,66604,271,
s126409340,p02936,u442030035,1566522756,C,C (GCC 5.4.1),c,Memory Limit Exceeded,373,1177088,1219,
s526274273,p02936,u334400559,1566522649,Java,Java8 (OpenJDK 1.8.0),java,Time Limit Exceeded,2109,227936,1080,
s439810983,p02936,u133159633,1566522606,Java,Java8 (OpenJDK 1.8.0),java,Accepted,1997,291788,1324,
s665429002,p02936,u334400559,1566522530,Java,Java8 (OpenJDK 1.8.0),java,Time Limit Exceeded,2109,228856,1103,
s666148979,p02936,u587721314,1566522520,Java,Java8 (OpenJDK 1.8.0),java,Runtime Error,979,95624,2144,
s790835157,p02936,u468262978,1566522399,C++,C++14 (GCC 5.4.1),cpp,Accepted,131,24320,1686,
s909370505,p02936,u112581208,1566522333,Python,Python (3.4.3),py,Runtime Error,2109,108584,462,
s790267894,p02936,u133159633,1566522161,Java,Java8 (OpenJDK 1.8.0),java,Accepted,1408,221608,1382,
s462433353,p02936,u062459048,1566522064,Python,Python (3.4.3),py,Wrong Answer,2114,66604,265,
s896121143,p02936,u416521732,1566522043,C++,C++14 (GCC 5.4.1),cpp,Accepted,292,16372,849,
s187866326,p02936,u416521732,1566521837,C++,C++14 (GCC 5.4.1),cpp,Wrong Answer,275,14976,851,
s844739401,p02936,u555962250,1566521805,C++,C++14 (GCC 5.4.1),cpp,Accepted,382,23680,758,
s426479077,p02936,u416521732,1566521746,C++,C++14 (GCC 5.4.1),cpp,Wrong Answer,287,14080,826,
s989709768,p02936,u334400559,1566521579,Java,Java8 (OpenJDK 1.8.0),java,Time Limit Exceeded,2109,222712,1116,
s197170947,p02936,u954488273,1566521150,Python,Python (3.4.3),py,Runtime Error,2111,55336,550,
s411852195,p02936,u652569315,1566521138,Python,Python (3.4.3),py,Wrong Answer,1414,88388,485,
s396917929,p02936,u334400559,1566520973,Java,Java8 (OpenJDK 1.8.0),java,Time Limit Exceeded,2110,213872,1089,
s807872266,p02936,u587721314,1566520575,Java,Java8 (OpenJDK 1.8.0),java,Wrong Answer,2110,365648,2340,
s314083985,p02936,u521364030,1566520032,C++,C++14 (GCC 5.4.1),cpp,Accepted,333,16372,803,
s840791984,p02936,u334400559,1566519951,Java,Java8 (OpenJDK 1.8.0),java,Wrong Answer,2109,256764,1346,
s150287989,p02936,u521364030,1566519823,C++,C++14 (GCC 5.4.1),cpp,Wrong Answer,299,14848,673,
s732466801,p02936,u433532588,1566519764,Python,Python (3.4.3),py,Wrong Answer,2128,369300,1167,
s045028835,p02936,u133159633,1566519762,Java,Java8 (OpenJDK 1.8.0),java,Wrong Answer,2111,317912,2255,
s250452696,p02936,u521364030,1566519652,C++,C++14 (GCC 5.4.1),cpp,Wrong Answer,576,16128,703,
s315434344,p02936,u954488273,1566519597,Python,Python (3.4.3),py,Runtime Error,2111,55332,469,
s991119620,p02936,u334400559,1566519541,Java,Java8 (OpenJDK 1.8.0),java,Wrong Answer,2110,209156,937,
s684919305,p02936,u133159633,1566519395,Java,Java8 (OpenJDK 1.8.0),java,Wrong Answer,2111,315736,2620,
s441037067,p02936,u954488273,1566519383,Python,Python (3.4.3),py,Runtime Error,2112,55340,431,
s804524939,p02936,u442030035,1566519179,C,C (GCC 5.4.1),c,Runtime Error,96,128,1187,
s221826630,p02936,u334400559,1566518937,Java,Java8 (OpenJDK 1.8.0),java,Wrong Answer,2110,240052,1173,
s217074122,p02936,u491550356,1566518862,C++,C++14 (GCC 5.4.1),cpp,Accepted,336,27264,3083,
s385657664,p02936,u450009898,1566518786,C++,C++14 (GCC 5.4.1),cpp,Accepted,132,27392,1220,
s123846755,p02936,u423952743,1566518705,Java,Java8 (OpenJDK 1.8.0),java,Wrong Answer,2111,359404,1486,
s050389882,p02936,u334400559,1566518453,Java,Java8 (OpenJDK 1.8.0),java,Wrong Answer,2110,305492,1279,
s704395442,p02936,u423952743,1566518119,Java,Java8 (OpenJDK 1.8.0),java,Wrong Answer,2110,353980,1285,
s813806764,p02936,u334400559,1566517907,Java,Java8 (OpenJDK 1.8.0),java,Wrong Answer,2110,330788,1172,
s618886137,p02936,u628158887,1566517886,Python,Python (3.4.3),py,Wrong Answer,1804,66608,226,
s873050577,p02936,u334400559,1566517536,Java,Java8 (OpenJDK 1.8.0),java,Wrong Answer,2110,330532,1382,
s296589315,p02936,u334400559,1566516959,Java,Java8 (OpenJDK 1.8.0),java,Runtime Error,2110,312032,1240,
s926621517,p02936,u334400559,1566516793,Java,Java8 (OpenJDK 1.8.0),java,Runtime Error,2106,304816,1424,
s891241035,p02936,u334400559,1566516412,Java,Java8 (OpenJDK 1.8.0),java,Runtime Error,2106,313904,1239,
s436702856,p02936,u282835662,1566516082,C++,C++14 (GCC 5.4.1),cpp,Wrong Answer,331,15488,745,
s621512090,p02936,u903480110,1566515735,C,C (GCC 5.4.1),c,Runtime Error,2927,128,1529,
s767147310,p02936,u697421413,1566514819,C++,C++14 (GCC 5.4.1),cpp,Accepted,327,16372,1427,
s116160775,p02936,u301984327,1566514414,Python,Python (3.4.3),py,Wrong Answer,1510,63988,626,
s438381235,p02936,u442030035,1566513957,Python,PyPy3 (2.4.0),py,Time Limit Exceeded,2109,92876,479,
s552279200,p02936,u948212340,1566513907,C++,C++14 (GCC 5.4.1),cpp,Runtime Error,2103,15072,2196,
s897455986,p02936,u442030035,1566513826,Python,Python (3.4.3),py,Time Limit Exceeded,2107,47900,479,
s890573286,p02936,u036104576,1566513681,C++,C++14 (GCC 5.4.1),cpp,Accepted,683,23424,744,
s842630584,p02936,u903480110,1566513655,C,C (GCC 5.4.1),c,Runtime Error,2982,128,1522,
s247621947,p02936,u036104576,1566513598,C++,C++14 (GCC 5.4.1),cpp,Wrong Answer,671,23296,743,
s647505069,p02936,u124735330,1566513049,Python,PyPy3 (2.4.0),py,Time Limit Exceeded,2146,684116,776,
s258016159,p02936,u442030035,1566512952,Python,Python (3.4.3),py,Wrong Answer,1558,47892,377,
s615633626,p02936,u124735330,1566512715,Python,Python (3.4.3),py,Accepted,1897,394440,776,
s259059858,p02936,u942915776,1566512594,Python,Python (3.4.3),py,Accepted,1705,237000,580,
s284916465,p02936,u124735330,1566512509,Python,Python (3.4.3),py,Runtime Error,1714,278504,774,
s156867716,p02936,u942915776,1566512458,Python,PyPy3 (2.4.0),py,Time Limit Exceeded,2123,328312,553,
s082919350,p02936,u942915776,1566512250,Python,Python (3.4.3),py,Time Limit Exceeded,2118,236712,553,
s186389682,p02936,u942915776,1566511868,Python,Python (3.4.3),py,Runtime Error,1885,70304,550,
s106319015,p02936,u175752990,1566511323,Java,Java8 (OpenJDK 1.8.0),java,Accepted,1657,164324,1826,
s273826098,p02936,u124735330,1566511301,Python,Python (3.4.3),py,Runtime Error,1792,272632,657,
s285116017,p02936,u465669072,1566511116,C++,C++14 (GCC 5.4.1),cpp,Runtime Error,731,274932,676,
s829378459,p02936,u942915776,1566510909,Python,Python (3.4.3),py,Runtime Error,1890,74092,575,
s522661260,p02936,u465669072,1566510886,C++,C++14 (GCC 5.4.1),cpp,Runtime Error,103,7156,653,
s077539643,p02936,u465669072,1566510787,C++,C++14 (GCC 5.4.1),cpp,Runtime Error,387,269424,660,
s620328638,p02936,u431001086,1566510561,C++,C++14 (GCC 5.4.1),cpp,Accepted,139,23168,1270,
s451132592,p02936,u652569315,1566510334,Python,Python (3.4.3),py,Wrong Answer,2041,73640,550,
s014334739,p02936,u901447859,1566510264,Python,Python (3.4.3),py,Accepted,1773,265060,521,
s130757580,p02936,u302292660,1566510254,Python,Python (3.4.3),py,Wrong Answer,2107,61488,484,
s047987949,p02936,u124735330,1566510198,Python,Python (3.4.3),py,Accepted,1040,164368,811,
s406323685,p02936,u901447859,1566510049,Python,Python (3.4.3),py,Time Limit Exceeded,2119,265184,495,
s595076464,p02936,u124735330,1566509974,Python,Python (3.4.3),py,Time Limit Exceeded,2107,57240,813,
s977126560,p02936,u124735330,1566509926,Python,Python (3.4.3),py,Time Limit Exceeded,2106,57012,813,
s345352170,p02936,u302292660,1566509870,Python,Python (3.4.3),py,Wrong Answer,2107,61488,483,
s349356380,p02936,u124735330,1566509738,Python,Python (3.4.3),py,Accepted,962,62260,806,
s934116159,p02936,u901447859,1566509717,Python,Python (3.4.3),py,Time Limit Exceeded,2113,230936,476,
s506917064,p02936,u124735330,1566509652,Python,Python (3.4.3),py,Accepted,888,62260,822,
s253301602,p02936,u901447859,1566509621,Python,Python (3.4.3),py,Time Limit Exceeded,2123,222896,501,
s734643600,p02936,u124735330,1566509560,Python,Python (3.4.3),py,Accepted,1080,86460,906,
s926592202,p02936,u124735330,1566509488,Python,Python (3.4.3),py,Accepted,986,86332,895,
s257496074,p02936,u198998746,1566509474,JavaScript,JavaScript (node.js v5.12),js,Wrong Answer,2111,94660,1118,
s460383476,p02936,u124735330,1566509430,Python,Python (3.4.3),py,Accepted,1616,86352,846,
s179272088,p02936,u948212340,1566509358,C++,C++14 (GCC 5.4.1),cpp,Runtime Error,2103,15072,2171,
s416769952,p02936,u124735330,1566509357,Python,Python (3.4.3),py,Accepted,1860,86392,668,
s960081237,p02936,u948212340,1566509323,C++,C++14 (GCC 5.4.1),cpp,Compile Error,,,2170,
s199334511,p02936,u948212340,1566509268,C++,C++14 (GCC 5.4.1),cpp,Compile Error,,,2168,
s717028808,p02936,u124735330,1566509238,Python,Python (3.4.3),py,Time Limit Exceeded,2108,67112,1004,
s614812434,p02936,u198998746,1566509116,JavaScript,JavaScript (node.js v5.12),js,Wrong Answer,2113,119232,1081,
s939266034,p02936,u901447859,1566509044,Python,Python (3.4.3),py,Time Limit Exceeded,2117,230960,501,
s033588426,p02936,u948212340,1566508913,C++,C++14 (GCC 5.4.1),cpp,Runtime Error,2103,16096,2131,
s752373412,p02936,u901447859,1566508905,Python,Python (3.4.3),py,Time Limit Exceeded,2118,230932,497,
s238424970,p02936,u124735330,1566508856,Python,Python (3.4.3),py,Time Limit Exceeded,2106,40408,826,
s255346549,p02936,u752460637,1566508768,C++,C++14 (GCC 5.4.1),cpp,Accepted,646,24960,611,
s938255600,p02936,u124735330,1566508659,Python,Python (3.4.3),py,Time Limit Exceeded,2107,45036,679,
s905849656,p02936,u057633934,1566507984,C++,C++14 (GCC 5.4.1),cpp,Accepted,134,24320,636,
s213184794,p02936,u057633934,1566507790,C++,C++14 (GCC 5.4.1),cpp,Wrong Answer,129,24320,608,
s565240993,p02936,u059436995,1566507717,Python,PyPy3 (2.4.0),py,Wrong Answer,1748,89548,452,
s954343243,p02936,u057633934,1566507298,C++,C++14 (GCC 5.4.1),cpp,Wrong Answer,92,3968,430,
s975060294,p02936,u124735330,1566507272,Python,Python (3.4.3),py,Time Limit Exceeded,2106,45812,820,
s449758678,p02936,u057633934,1566507184,C++,C++14 (GCC 5.4.1),cpp,Wrong Answer,88,3968,435,
s739616893,p02936,u057633934,1566507072,C++,C++14 (GCC 5.4.1),cpp,Wrong Answer,91,5248,439,
s677167323,p02936,u057633934,1566506991,C++,C++14 (GCC 5.4.1),cpp,Runtime Error,171,3968,434,
s698046118,p02936,u057633934,1566506818,C++,C++14 (GCC 5.4.1),cpp,Runtime Error,174,3968,422,
s374331947,p02936,u124735330,1566506797,Python,Python (3.4.3),py,Time Limit Exceeded,2106,45940,870,
s693902865,p02936,u124735330,1566506637,Python,PyPy3 (2.4.0),py,Time Limit Exceeded,2109,101200,839,
s029161624,p02936,u341281360,1566506601,Python,Python (3.4.3),py,Accepted,1950,125732,644,
s001517034,p02936,u341281360,1566506462,Python,Python (3.4.3),py,Wrong Answer,1914,125744,628,
s542682448,p02936,u390727364,1566506387,Crystal,Crystal (0.20.5),cr,Wrong Answer,796,40572,388,
s053681110,p02936,u652569315,1566506226,Python,Python (3.4.3),py,Wrong Answer,1997,67812,426,
s715134085,p02936,u871841829,1566506195,C++,C++14 (GCC 5.4.1),cpp,Accepted,431,38472,1706,
s310833705,p02936,u747201517,1566506167,C++,C++14 (GCC 5.4.1),cpp,Accepted,399,24320,496,
s397708395,p02936,u747201517,1566505898,C++,C++14 (GCC 5.4.1),cpp,Wrong Answer,276,22912,1089,
s825101389,p02936,u747201517,1566505845,C++,C++14 (GCC 5.4.1),cpp,Wrong Answer,353,22144,1062,
s288051981,p02936,u390727364,1566505757,Crystal,Crystal (0.20.5),cr,Wrong Answer,2109,30460,461,
s146923686,p02936,u677991935,1566505665,C,C (GCC 5.4.1),c,Wrong Answer,138,17988,1430,
s588938061,p02936,u951672936,1566505584,Java,Java8 (OpenJDK 1.8.0),java,Accepted,1489,137776,4848,
s323175210,p02936,u390727364,1566505437,Crystal,Crystal (0.20.5),cr,Wrong Answer,2108,8188,435,
s992494628,p02936,u951672936,1566505293,Java,Java8 (OpenJDK 1.8.0),java,Wrong Answer,752,114616,4778,
s589996164,p02936,u463950771,1566505131,Python,PyPy3 (2.4.0),py,Accepted,1995,144188,1569,
s830897301,p02936,u463950771,1566504922,Python,Python (3.4.3),py,Time Limit Exceeded,2112,142384,1569,
s234369997,p02936,u124735330,1566504792,Python,PyPy3 (2.4.0),py,Wrong Answer,2109,121024,567,
s178431052,p02936,u196254124,1566504221,C++,C++14 (GCC 5.4.1),cpp,Accepted,689,24320,592,
s184731055,p02936,u657994700,1566503647,Python,Python (3.4.3),py,Accepted,1911,86392,656,
s755387539,p02936,u463950771,1566503614,Python,Python (3.4.3),py,Wrong Answer,2073,147376,1290,
s162832626,p02936,u294531924,1566502790,C++,C++14 (GCC 5.4.1),cpp,Accepted,155,28672,1619,
s008805814,p02936,u536377809,1566502509,Python,Python (3.4.3),py,Wrong Answer,2129,254832,552,
s414909220,p02936,u536377809,1566502479,Python,Python (3.4.3),py,Runtime Error,21,3316,541,
s319151028,p02936,u463950771,1566502187,Python,Python (3.4.3),py,Wrong Answer,2111,135396,1031,
s340686479,p02936,u871841829,1566501646,C++,C++14 (GCC 5.4.1),cpp,Wrong Answer,398,38472,1056,
s061346930,p02936,u536377809,1566501407,Python,Python (3.4.3),py,Runtime Error,2110,117660,510,
s456297762,p02936,u871841829,1566501269,C++,C++14 (GCC 5.4.1),cpp,Wrong Answer,407,38472,1056,
s162227467,p02936,u871841829,1566501120,C++,C++14 (GCC 5.4.1),cpp,Wrong Answer,368,38472,969,
s336001471,p02936,u688693217,1566500708,Java,Java8 (OpenJDK 1.8.0),java,Accepted,1979,210692,1506,
s478606111,p02936,u341281360,1566500506,Python,Python (3.4.3),py,Wrong Answer,2108,81876,518,
s201515385,p02936,u360515075,1566499449,Python,Python (3.4.3),py,Wrong Answer,1755,109912,494,
s668544147,p02936,u150376070,1566498957,C++,C++14 (GCC 5.4.1),cpp,Accepted,153,27392,3113,
s166320439,p02936,u688693217,1566498891,Java,Java8 (OpenJDK 1.8.0),java,Wrong Answer,2109,189700,1845,
s108486632,p02936,u360515075,1566498830,Python,Python (3.4.3),py,Runtime Error,2108,91924,464,
s730271161,p02936,u360515075,1566498609,Python,Python (3.4.3),py,Runtime Error,2112,118720,482,
s948982580,p02936,u484710012,1566497820,Python,Python (3.4.3),py,Accepted,1994,125740,643,
s711557875,p02936,u360515075,1566497416,Python,Python (3.4.3),py,Runtime Error,2114,118744,361,
s540276909,p02936,u688693217,1566497173,Java,Java8 (OpenJDK 1.8.0),java,Wrong Answer,2110,362352,1407,
s227567831,p02936,u360515075,1566497085,Python,Python (3.4.3),py,Runtime Error,2108,105952,346,
s781774496,p02936,u507330326,1566497042,Python,PyPy3 (2.4.0),py,Runtime Error,2112,199120,791,
s211387202,p02936,u065261876,1566496464,JavaScript,JavaScript (node.js v5.12),js,Wrong Answer,2132,337068,1224,
s244808469,p02936,u124735330,1566496389,Python,PyPy3 (2.4.0),py,Wrong Answer,650,107984,357,
s074719819,p02936,u065261876,1566496309,JavaScript,JavaScript (node.js v5.12),js,Wrong Answer,2114,148940,1213,
s094043693,p02936,u994882034,1566496154,Python,Python (3.4.3),py,Accepted,1802,267752,629,
s324092219,p02936,u977062184,1566496115,C++,C++ (GCC 5.4.1),cpp,Time Limit Exceeded,2104,12788,672,
s686088245,p02936,u065261876,1566495931,JavaScript,JavaScript (node.js v5.12),js,Wrong Answer,2112,113532,1165,
s925807696,p02936,u065261876,1566495890,JavaScript,JavaScript (node.js v5.12),js,Wrong Answer,55,7624,1078,
s868824871,p02936,u124735330,1566495550,Python,PyPy3 (2.4.0),py,Wrong Answer,2156,865136,568,
s613872642,p02936,u372299304,1566495170,C++,C++14 (GCC 5.4.1),cpp,Wrong Answer,266,7040,771,
s662203123,p02936,u065261876,1566494989,JavaScript,JavaScript (node.js v5.12),js,Wrong Answer,549,122208,1132,
s576751030,p02936,u065261876,1566494852,JavaScript,JavaScript (node.js v5.12),js,Wrong Answer,2174,1469896,1037,
s745454270,p02936,u688693217,1566494815,Java,Java8 (OpenJDK 1.8.0),java,Wrong Answer,2110,360652,1580,
s167080855,p02936,u918935103,1566494535,Python,Python (3.4.3),py,Accepted,1995,67468,591,
s373590243,p02936,u065261876,1566493353,JavaScript,JavaScript (node.js v5.12),js,Runtime Error,2110,118424,1008,
s345862725,p02936,u057633934,1566491805,C++,C++14 (GCC 5.4.1),cpp,Wrong Answer,2105,21376,557,
s632200300,p02936,u088333128,1566491680,C,C (GCC 5.4.1),c,Accepted,137,23424,4313,
s859592776,p02936,u065261876,1566489480,JavaScript,JavaScript (node.js v5.12),js,Runtime Error,2111,92100,1097,
s984427545,p02936,u065261876,1566489377,JavaScript,JavaScript (node.js v5.12),js,Runtime Error,2111,92100,1080,
s363362340,p02936,u065261876,1566489267,JavaScript,JavaScript (node.js v5.12),js,Runtime Error,114,65032,1039,
s834460624,p02936,u255943004,1566489095,Python,PyPy3 (2.4.0),py,Runtime Error,2111,149276,704,
s856781876,p02936,u065261876,1566488966,JavaScript,JavaScript (node.js v5.12),js,Runtime Error,2113,115388,1013,
s142117371,p02936,u255943004,1566488930,Python,Python (3.4.3),py,Runtime Error,2110,124708,1234,
s851129359,p02936,u065261876,1566488781,JavaScript,JavaScript (node.js v5.12),js,Runtime Error,62,7752,1020,
s649365462,p02936,u255943004,1566488761,Python,Python (3.4.3),py,Runtime Error,2110,117612,703,
s202075886,p02936,u593019570,1566488690,Python,Python (3.4.3),py,Accepted,1706,65672,543,
s115806027,p02936,u065261876,1566488622,JavaScript,JavaScript (node.js v5.12),js,Runtime Error,50,7244,1020,
s637446989,p02936,u201246919,1566486705,Visual Basic,Visual Basic (Mono 4.0.1),vb,Accepted,677,67180,1666,
s693651144,p02936,u473116917,1566485372,C++,C++14 (GCC 5.4.1),cpp,Accepted,326,17140,847,
s696966666,p02936,u827841970,1566484785,C++,C++14 (GCC 5.4.1),cpp,Accepted,161,22016,1349,
s261062781,p02936,u827841970,1566484746,C++,C++14 (GCC 5.4.1),cpp,Time Limit Exceeded,2104,21888,1286,
s294793629,p02936,u652569315,1566484651,Python,Python (3.4.3),py,Wrong Answer,1551,46960,386,
s277973272,p02936,u827841970,1566484500,C++,C++14 (GCC 5.4.1),cpp,Wrong Answer,151,22016,1343,
s674430366,p02936,u652569315,1566484258,Python,Python (3.4.3),py,Wrong Answer,1534,46940,385,
s604326424,p02936,u473116917,1566483384,C++,C++14 (GCC 5.4.1),cpp,Wrong Answer,288,14848,824,
s683233811,p02936,u473116917,1566482851,C++,C++14 (GCC 5.4.1),cpp,Runtime Error,291,14848,816,
s233777744,p02936,u473116917,1566482633,C++,C++14 (GCC 5.4.1),cpp,Wrong Answer,275,14848,820,
s171066445,p02936,u473116917,1566482120,C++,C++14 (GCC 5.4.1),cpp,Wrong Answer,284,19584,771,
s080882976,p02936,u587857074,1566481252,C++,C++14 (GCC 5.4.1),cpp,Runtime Error,5031,1908,5051,
s808189867,p02936,u138156173,1566480365,C++,C++14 (GCC 5.4.1),cpp,Accepted,330,35200,691,
s546532171,p02936,u138156173,1566480327,C++,C++14 (GCC 5.4.1),cpp,Compile Error,,,691,
s831685339,p02936,u473116917,1566478947,C++,C++14 (GCC 5.4.1),cpp,Wrong Answer,2250,2089216,940,
s558421204,p02936,u775771854,1566477890,Python,Python (3.4.3),py,Wrong Answer,2111,95504,677,
s074873739,p02936,u461993794,1566476814,Go,Go (1.6),go,Wrong Answer,169,11648,751,
s053854057,p02936,u775771854,1566476514,Python,Python (3.4.3),py,Runtime Error,2109,90464,687,
s107101408,p02936,u694243276,1566473741,C++,C++14 (GCC 5.4.1),cpp,Wrong Answer,321,4736,688,
s678647660,p02936,u781379878,1566473572,Python,Python (3.4.3),py,Accepted,1816,65668,541,
s885518076,p02936,u799948134,1566467923,C++,C++14 (GCC 5.4.1),cpp,Runtime Error,142,10872,1778,
s368686129,p02936,u929156598,1566465297,C++,C++14 (GCC 5.4.1),cpp,Accepted,134,19952,1093,
s216989342,p02936,u689701565,1566465248,Java,Java8 (OpenJDK 1.8.0),java,Accepted,1935,371528,1878,
s956717877,p02936,u689701565,1566465145,Java,Java8 (OpenJDK 1.8.0),java,Compile Error,,,1840,
s786244193,p02936,u689701565,1566464896,Java,Java8 (OpenJDK 1.8.0),java,Accepted,1970,379496,2036,
s702467604,p02936,u929156598,1566464873,C++,C++14 (GCC 5.4.1),cpp,Wrong Answer,107,16512,1095,
s091104022,p02936,u532780765,1566464540,C++,C++14 (GCC 5.4.1),cpp,Accepted,146,25600,986,
s876277817,p02936,u532780765,1566464512,C++,C++14 (GCC 5.4.1),cpp,Runtime Error,100,2560,986,
s878439798,p02936,u095714878,1566464417,Julia,Julia (0.5.0),jl,Accepted,1307,178184,685,
s256151703,p02936,u018586085,1566463806,C++,C++14 (GCC 5.4.1),cpp,Accepted,328,28160,879,
s504376170,p02936,u771949301,1566463036,C++,C++14 (GCC 5.4.1),cpp,Accepted,125,21120,1079,
s125833322,p02936,u018586085,1566462909,C++,C++14 (GCC 5.4.1),cpp,Wrong Answer,319,27520,801,
s512091984,p02936,u047858101,1566462272,C++,C++14 (GCC 5.4.1),cpp,Wrong Answer,106,22528,1433,
s897883106,p02936,u018586085,1566462220,C++,C++14 (GCC 5.4.1),cpp,Runtime Error,360,20480,774,
s043446093,p02936,u018586085,1566461997,C++,C++14 (GCC 5.4.1),cpp,Wrong Answer,279,24320,701,
s794710306,p02936,u018679195,1566461645,C++,C++14 (GCC 5.4.1),cpp,Accepted,126,21376,883,
s858748557,p02936,u037566493,1566461603,C++,C++14 (GCC 5.4.1),cpp,Accepted,146,21376,884,
s740424640,p02936,u037566493,1566461387,C++,C++14 (GCC 5.4.1),cpp,Wrong Answer,120,21376,858,
s212173038,p02936,u234636620,1566461276,Fortran,Fortran (gfortran v4.8.4),f,Wrong Answer,322,23536,2525,
s550523921,p02936,u234636620,1566461124,Fortran,Fortran (gfortran v4.8.4),f,Wrong Answer,351,23152,2565,
s107485526,p02936,u018679195,1566461095,C++,C++14 (GCC 5.4.1),cpp,Wrong Answer,113,21120,755,
s441520990,p02936,u234636620,1566460171,Fortran,Fortran (gfortran v4.8.4),f,Wrong Answer,346,23152,2563,
s011354627,p02936,u055221623,1566460063,C++,C++14 (GCC 5.4.1),cpp,Accepted,136,26624,721,
s907113048,p02936,u689701565,1566460015,Java,Java8 (OpenJDK 1.8.0),java,Wrong Answer,1929,387852,3061,
s700385499,p02936,u234636620,1566459969,Fortran,Fortran (gfortran v4.8.4),f,Wrong Answer,340,22656,2531,
s000042146,p02936,u689701565,1566459920,Java,Java8 (OpenJDK 1.8.0),java,Wrong Answer,1786,291580,3230,
s924510197,p02936,u234636620,1566459917,Fortran,Fortran (gfortran v4.8.4),f,Wrong Answer,337,23152,2529,
s806164248,p02936,u689701565,1566459865,Java,Java8 (OpenJDK 1.8.0),java,Runtime Error,589,869460,3237,
s278306681,p02936,u689701565,1566459792,Java,Java8 (OpenJDK 1.8.0),java,Runtime Error,721,871380,3133,
s216168983,p02936,u689701565,1566459734,Java,Java8 (OpenJDK 1.8.0),java,Runtime Error,584,871636,3134,
s701330273,p02936,u689701565,1566459290,Java,Java8 (OpenJDK 1.8.0),java,Runtime Error,600,872788,3103,
s167399028,p02936,u689701565,1566459247,Java,Java8 (OpenJDK 1.8.0),java,Compile Error,,,3107,
s239444357,p02936,u689701565,1566459201,Java,Java8 (OpenJDK 1.8.0),java,Runtime Error,596,872916,3099,
s757192500,p02936,u018586085,1566458905,C++,C++14 (GCC 5.4.1),cpp,Wrong Answer,294,24320,648,
s160714454,p02936,u929156598,1566458891,C++,C++14 (GCC 5.4.1),cpp,Wrong Answer,2104,14848,1091,
s820997242,p02936,u689701565,1566458745,Java,Java8 (OpenJDK 1.8.0),java,Runtime Error,598,872660,3037,
s088912310,p02936,u689701565,1566458594,Java,Java8 (OpenJDK 1.8.0),java,Runtime Error,309,705620,3034,
s660017050,p02936,u689701565,1566458536,Java,Java8 (OpenJDK 1.8.0),java,Runtime Error,594,872788,3033,
s583101889,p02936,u587857074,1566458485,C++,C++14 (GCC 5.4.1),cpp,Accepted,365,24320,1190,
s287238503,p02936,u587857074,1566458430,C++,C++14 (GCC 5.4.1),cpp,Compile Error,,,551,
s713213935,p02936,u689701565,1566458406,Java,Java8 (OpenJDK 1.8.0),java,Runtime Error,578,869972,3033,
s962063244,p02936,u234636620,1566458305,Fortran,Fortran (gfortran v4.8.4),f,Runtime Error,2104,18176,2285,
s966773706,p02936,u689701565,1566457471,Java,Java8 (OpenJDK 1.8.0),java,Wrong Answer,2110,374616,3061,
s109645314,p02936,u689701565,1566457076,Java,Java8 (OpenJDK 1.8.0),java,Wrong Answer,2111,429036,3328,
s306351746,p02936,u689701565,1566457051,Java,Java8 (OpenJDK 1.8.0),java,Compile Error,,,3325,
s892338215,p02936,u689701565,1566456761,Java,Java8 (OpenJDK 1.8.0),java,Wrong Answer,2112,430060,3298,
s102665028,p02936,u689701565,1566456421,Java,Java8 (OpenJDK 1.8.0),java,Wrong Answer,2110,377964,3438,
s852739257,p02936,u080344444,1566456354,C++,C++14 (GCC 5.4.1),cpp,Accepted,142,18036,1097,
s791261822,p02936,u689701565,1566456034,Java,Java8 (OpenJDK 1.8.0),java,Wrong Answer,2137,1024092,3444,
s389112750,p02936,u047858101,1566455934,C++,C++14 (GCC 5.4.1),cpp,Accepted,149,25600,1494,
s605419060,p02936,u689701565,1566455667,Java,Java8 (OpenJDK 1.8.0),java,Wrong Answer,1139,320660,3471,
s684780846,p02936,u472742542,1566455628,C++,C++14 (GCC 5.4.1),cpp,Accepted,139,27392,800,
s295925846,p02936,u689701565,1566455278,Java,Java8 (OpenJDK 1.8.0),java,Wrong Answer,2149,1024452,3429,
s228895543,p02936,u386610210,1566455236,PHP,PHP7 (7.0.15),php,Wrong Answer,784,180084,490,
s962462570,p02936,u727190365,1566455166,Go,Go (1.6),go,Wrong Answer,2109,50176,1240,
s415657446,p02936,u689701565,1566455015,Java,Java8 (OpenJDK 1.8.0),java,Wrong Answer,2137,1002124,3806,
s783817897,p02936,u727190365,1566454643,Go,Go (1.6),go,Wrong Answer,2109,50320,1335,
s604862292,p02936,u016881126,1566454553,Python,PyPy3 (2.4.0),py,Runtime Error,2112,144112,704,
s427299344,p02936,u727190365,1566454184,Go,Go (1.6),go,Wrong Answer,2109,51456,1121,
s496541515,p02936,u908223002,1566454100,C++,C++14 (GCC 5.4.1),cpp,Accepted,697,26740,987,
s943743188,p02936,u231095456,1566453969,Python,Python (3.4.3),py,Runtime Error,1219,79560,534,
s378155942,p02936,u231095456,1566453925,Python,Python (3.4.3),py,Runtime Error,1230,79560,534,
s909522350,p02936,u386610210,1566453871,PHP,PHP7 (7.0.15),php,Wrong Answer,1093,206832,593,
s876777960,p02936,u544021245,1566453788,C++,C++14 (GCC 5.4.1),cpp,Accepted,342,48128,1068,
s716283409,p02936,u386610210,1566453754,PHP,PHP7 (7.0.15),php,Wrong Answer,965,206832,574,
s236241386,p02936,u952437626,1566453695,C++,C++14 (GCC 5.4.1),cpp,Wrong Answer,286,7040,691,
s685064863,p02936,u952437626,1566453412,C++,C++14 (GCC 5.4.1),cpp,Wrong Answer,266,7040,744,
s193837728,p02936,u357713705,1566453290,C++,C++14 (GCC 5.4.1),cpp,Accepted,316,19568,830,
s306243333,p02936,u357713705,1566452906,C++,C++14 (GCC 5.4.1),cpp,Wrong Answer,288,14848,703,
s353472142,p02936,u190406011,1566452776,Python,Python (3.4.3),py,Accepted,1782,241924,730,
s823518397,p02936,u776649162,1566452707,Ruby,Ruby (2.3.3),rb,Wrong Answer,842,30484,632,
s789544779,p02936,u190406011,1566452635,Python,Python (3.4.3),py,Accepted,1691,267752,624,
s515637928,p02936,u776649162,1566452605,Ruby,Ruby (2.3.3),rb,Runtime Error,792,28924,442,
s327245015,p02936,u190406011,1566452511,Python,Python (3.4.3),py,Time Limit Exceeded,2119,267656,597,
s066110724,p02936,u689701565,1566452461,Java,Java8 (OpenJDK 1.8.0),java,Wrong Answer,2112,365572,3882,
s323336800,p02936,u190406011,1566452416,Python,Python (3.4.3),py,Runtime Error,1155,95680,545,
s468443695,p02936,u018586085,1566452386,C++,C++14 (GCC 5.4.1),cpp,Wrong Answer,299,14848,568,
s675915243,p02936,u190406011,1566452293,Python,Python (3.4.3),py,Runtime Error,1879,95784,565,
s119556394,p02936,u689701565,1566452290,Java,Java8 (OpenJDK 1.8.0),java,Wrong Answer,2147,963696,3862,
s270539349,p02936,u190406011,1566452164,Python,Python (3.4.3),py,Time Limit Exceeded,2119,267656,596,
s772232672,p02936,u190406011,1566452100,Python,Python (3.4.3),py,Accepted,1690,267624,544,
s571180641,p02936,u190406011,1566452007,Python,Python (3.4.3),py,Runtime Error,1785,107908,595,
s174528231,p02936,u314057689,1566451875,C++,C++14 (GCC 5.4.1),cpp,Accepted,166,22016,2270,
s214107809,p02936,u190406011,1566451820,Python,Python (3.4.3),py,Runtime Error,1275,107972,637,
s213540582,p02936,u190406011,1566451722,Python,Python (3.4.3),py,Runtime Error,1307,107964,640,
s957637015,p02936,u776649162,1566451668,Ruby,Ruby (2.3.3),rb,Runtime Error,708,29820,423,
s411258679,p02936,u073486874,1566451612,C++,C++14 (GCC 5.4.1),cpp,Accepted,402,41344,918,
s565340854,p02936,u190406011,1566451533,Python,Python (3.4.3),py,Runtime Error,1323,107972,688,
s251474111,p02936,u301984327,1566451418,Python,Python (3.4.3),py,Wrong Answer,1896,77768,623,
s631319481,p02936,u190406011,1566451408,Python,Python (3.4.3),py,Runtime Error,1217,107968,686,
s164740533,p02936,u301984327,1566451337,Python,Python (3.4.3),py,Wrong Answer,1876,79592,615,
s718878990,p02936,u776649162,1566451326,Ruby,Ruby (2.3.3),rb,Runtime Error,665,28284,388,
s119188376,p02936,u301984327,1566451137,Python,Python (3.4.3),py,Wrong Answer,1836,77768,609,
s856169543,p02936,u301984327,1566451033,Python,Python (3.4.3),py,Wrong Answer,1894,77772,625,
s991097556,p02936,u190406011,1566450834,Python,Python (3.4.3),py,Runtime Error,844,87268,529,
s781770629,p02936,u301984327,1566450652,Python,Python (3.4.3),py,Time Limit Exceeded,2104,63940,590,
s597714363,p02936,u190406011,1566450577,Python,Python (3.4.3),py,Runtime Error,1300,107968,648,
s947167387,p02936,u301984327,1566450361,Python,Python (3.4.3),py,Wrong Answer,1763,77916,491,
s059703330,p02936,u190406011,1566450277,Python,Python (3.4.3),py,Runtime Error,1543,107952,657,
s073863114,p02936,u190406011,1566450084,Python,Python (3.4.3),py,Runtime Error,1980,107352,649,
s913945846,p02936,u190406011,1566449944,Python,Python (3.4.3),py,Runtime Error,1285,90836,653,
s541018748,p02936,u066369439,1566449796,C++,C++14 (GCC 5.4.1),cpp,Accepted,36,19328,10591,
s499490431,p02936,u961753201,1566449726,C++,C++14 (GCC 5.4.1),cpp,Runtime Error,318,3968,374,
s685293279,p02936,u190406011,1566449659,Python,Python (3.4.3),py,Runtime Error,1226,69840,651,
s441769292,p02936,u301984327,1566449612,Python,Python (3.4.3),py,Wrong Answer,1532,77812,378,
s211730963,p02936,u489197691,1566449553,Rust,Rust (1.15.1),rs,Runtime Error,198,16636,960,
s923652893,p02936,u190406011,1566449447,Python,Python (3.4.3),py,Runtime Error,1307,69840,651,
s159402869,p02936,u190406011,1566449073,Python,Python (3.4.3),py,Runtime Error,1232,69840,677,
s073713276,p02936,u887010268,1566448903,Python,Python (3.4.3),py,Accepted,1827,62232,443,
s240549972,p02936,u190406011,1566448576,Python,Python (3.4.3),py,Runtime Error,1268,69840,651,
s942116785,p02936,u729166490,1566448563,Python,PyPy3 (2.4.0),py,Accepted,1996,135232,667,
s617581048,p02936,u104741254,1566448497,C++,C++14 (GCC 5.4.1),cpp,Accepted,351,29696,955,
s456622521,p02936,u729166490,1566448305,Python,PyPy3 (2.4.0),py,Time Limit Exceeded,2087,146484,671,
s591530896,p02936,u104741254,1566448207,C++,C++14 (GCC 5.4.1),cpp,Wrong Answer,290,23552,872,
s063735801,p02936,u301109982,1566447819,C++,C++14 (GCC 5.4.1),cpp,Accepted,374,23552,638,
s411639298,p02936,u151037808,1566447807,Python,Python (3.4.3),py,Accepted,1991,231244,801,
s342871770,p02936,u729166490,1566447784,Python,PyPy3 (2.4.0),py,Runtime Error,2113,172896,580,
s972114122,p02936,u151037808,1566447752,Python,Python (3.4.3),py,Runtime Error,21,3316,790,
s690011485,p02936,u151037808,1566447676,Python,Python (3.4.3),py,Runtime Error,1507,52684,758,
s881185945,p02936,u151037808,1566447617,Python,Python (3.4.3),py,Runtime Error,1691,58172,775,
s767254328,p02936,u131340563,1566447617,C++,C++14 (GCC 5.4.1),cpp,Wrong Answer,653,37504,1700,
s200177651,p02936,u587857074,1566447374,C++,C++14 (GCC 5.4.1),cpp,Wrong Answer,304,28928,5066,
s704899528,p02936,u490642448,1566447305,Python,Python (3.4.3),py,Runtime Error,2106,54076,354,
s432789589,p02936,u689701565,1566446996,Java,Java8 (OpenJDK 1.8.0),java,Wrong Answer,2110,365900,3643,
s231358020,p02936,u190406011,1566446908,Python,Python (3.4.3),py,Runtime Error,2106,49900,526,
s762964911,p02936,u849341325,1566446905,C,C (GCC 5.4.1),c,Runtime Error,173,6016,423,
s536666259,p02936,u128527648,1566446853,Python,Python (3.4.3),py,Accepted,1729,55860,382,
s478570706,p02936,u451080461,1566446830,Java,Java8 (OpenJDK 1.8.0),java,Runtime Error,1412,217300,2481,
s165099043,p02936,u689701565,1566446827,Java,Java8 (OpenJDK 1.8.0),java,Wrong Answer,2110,364936,3612,
s117667553,p02936,u451080461,1566446764,Java,Java8 (OpenJDK 1.8.0),java,Runtime Error,1464,219356,2482,
s290715790,p02936,u729166490,1566446745,Python,PyPy3 (2.4.0),py,Wrong Answer,950,121988,494,
s730065410,p02936,u282835662,1566446615,C++,C++14 (GCC 5.4.1),cpp,Wrong Answer,335,15488,762,
s741421379,p02936,u390727364,1566446542,Ruby,Ruby (2.3.3),rb,Wrong Answer,2108,6636,393,
s448229937,p02936,u390727364,1566446417,Ruby,Ruby (2.3.3),rb,Wrong Answer,2108,6636,392,
s150598192,p02936,u301109982,1566446408,C++,C++14 (GCC 5.4.1),cpp,Wrong Answer,352,20352,568,
s216174389,p02936,u689701565,1566446392,Java,Java8 (OpenJDK 1.8.0),java,Wrong Answer,2106,304804,3606,
s662078732,p02936,u689701565,1566446240,Java,Java8 (OpenJDK 1.8.0),java,Wrong Answer,2110,306872,3591,
s575509852,p02936,u390727364,1566446147,Ruby,Ruby (2.3.3),rb,Wrong Answer,645,11632,322,
s700282859,p02936,u689701565,1566446106,Java,Java8 (OpenJDK 1.8.0),java,Wrong Answer,2110,303908,3544,
s939775480,p02936,u849341325,1566446099,C,C (GCC 5.4.1),c,Runtime Error,170,6016,423,
s536578048,p02936,u067694854,1566446001,C++,C++14 (GCC 5.4.1),cpp,Accepted,248,33352,827,
s711985760,p02936,u689701565,1566445923,Java,Java8 (OpenJDK 1.8.0),java,Wrong Answer,1173,311120,3517,
s917510405,p02936,u849341325,1566445897,C,C (GCC 5.4.1),c,Runtime Error,170,6016,423,
s099882435,p02936,u716581234,1566445867,C++,C++14 (GCC 5.4.1),cpp,Wrong Answer,4,10496,2368,
s533570662,p02936,u689701565,1566445837,Java,Java8 (OpenJDK 1.8.0),java,Wrong Answer,1147,305484,3569,
s754449541,p02936,u729166490,1566445765,Python,PyPy3 (2.4.0),py,Runtime Error,2111,156720,1096,
s152382536,p02936,u343492658,1566445691,C++,C++14 (GCC 5.4.1),cpp,Wrong Answer,122,24320,767,
s478412728,p02936,u343492658,1566445556,C++,C++14 (GCC 5.4.1),cpp,Wrong Answer,126,23424,742,
s350444942,p02936,u390727364,1566445527,Ruby,Ruby (2.3.3),rb,Wrong Answer,2108,10200,442,
s583292702,p02936,u088895504,1566445417,C++,C++14 (GCC 5.4.1),cpp,Accepted,341,16372,851,
s814674606,p02936,u972930477,1566445305,C++,C++14 (GCC 5.4.1),cpp,Wrong Answer,345,14324,662,
s555150090,p02936,u414469094,1566445189,C++,C++14 (GCC 5.4.1),cpp,Accepted,166,34432,1106,
s312060716,p02936,u849341325,1566445137,C,C (GCC 5.4.1),c,Runtime Error,168,6016,436,
s710770118,p02936,u414469094,1566445089,C++,C++14 (GCC 5.4.1),cpp,Compile Error,,,1086,
s847811246,p02936,u970690920,1566445081,C++,C++14 (GCC 5.4.1),cpp,Accepted,309,16372,830,
s210209356,p02936,u416273217,1566445043,C++,C++14 (GCC 5.4.1),cpp,Accepted,311,44672,2151,
s380167274,p02936,u950174376,1566444970,C++,C++14 (GCC 5.4.1),cpp,Accepted,382,23424,911,
s703677309,p02936,u729166490,1566444914,Python,PyPy3 (2.4.0),py,Runtime Error,2110,158936,910,
s331801726,p02936,u296557772,1566444671,Python,Python (2.7.6),py,Wrong Answer,1686,105148,774,
s512666759,p02936,u139478771,1566444630,Kotlin,Kotlin (1.0.0),kt,Wrong Answer,2111,191720,1080,
s235826200,p02936,u296557772,1566444541,Python,Python (2.7.6),py,Wrong Answer,1621,105140,744,
s302875652,p02936,u390727364,1566444285,Ruby,Ruby (2.3.3),rb,Wrong Answer,7,1788,11,
s290993453,p02936,u781379878,1566444273,Python,Python (3.4.3),py,Runtime Error,2106,60208,461,
s292808743,p02936,u414469094,1566444003,C++,C++14 (GCC 5.4.1),cpp,Wrong Answer,179,31232,856,
s335473966,p02936,u414469094,1566443958,C++,C++14 (GCC 5.4.1),cpp,Wrong Answer,156,31232,853,
s920692829,p02936,u127030911,1566443942,Java,Java8 (OpenJDK 1.8.0),java,Accepted,1869,207332,1307,
s649242072,p02936,u127030911,1566443865,Java,Java8 (OpenJDK 1.8.0),java,Accepted,1912,208512,1250,
s260345796,p02936,u597436499,1566443851,Java,Java8 (OpenJDK 1.8.0),java,Accepted,948,129468,1360,
s021419073,p02936,u573082373,1566443850,C++,C++14 (GCC 5.4.1),cpp,Accepted,184,17012,723,
s329792357,p02936,u127030911,1566443846,Java,Java8 (OpenJDK 1.8.0),java,Compile Error,,,1248,
s379437736,p02936,u580792230,1566443765,C++,C++14 (GCC 5.4.1),cpp,Accepted,144,24320,780,
s567543663,p02936,u310023971,1566443733,Python,Python (3.4.3),py,Runtime Error,2110,110312,450,
s278652709,p02936,u597436499,1566443730,Java,Java8 (OpenJDK 1.8.0),java,Time Limit Exceeded,2106,226992,1216,
s322169682,p02936,u282835662,1566443635,C++,C++14 (GCC 5.4.1),cpp,Wrong Answer,253,6144,649,
s074546596,p02936,u127030911,1566443619,Java,Java8 (OpenJDK 1.8.0),java,Time Limit Exceeded,2109,214068,1158,
s376315888,p02936,u127030911,1566443596,Java,Java8 (OpenJDK 1.8.0),java,Compile Error,,,1156,
s310487162,p02936,u414469094,1566443561,C++,C++14 (GCC 5.4.1),cpp,Wrong Answer,115,20352,661,
s114583910,p02936,u528718838,1566443447,C++,C++14 (GCC 5.4.1),cpp,Accepted,296,30720,1484,
s275272166,p02936,u573082373,1566443437,C++,C++14 (GCC 5.4.1),cpp,Wrong Answer,2154,859060,714,
s177552638,p02936,u127030911,1566443415,Java,Java8 (OpenJDK 1.8.0),java,Accepted,1871,207256,1231,
s235295423,p02936,u127030911,1566443375,Java,Java8 (OpenJDK 1.8.0),java,Time Limit Exceeded,2110,220540,1137,
s518236158,p02936,u127030911,1566443156,Java,Java8 (OpenJDK 1.8.0),java,Time Limit Exceeded,2110,219504,1148,
s250041251,p02936,u127030911,1566443134,Java,Java8 (OpenJDK 1.8.0),java,Compile Error,,,1146,
s729617266,p02936,u573082373,1566443099,C++,C++14 (GCC 5.4.1),cpp,Wrong Answer,2152,820588,702,
s391098273,p02936,u414469094,1566443042,C++,C++14 (GCC 5.4.1),cpp,Wrong Answer,116,14080,632,
s178427659,p02936,u597436499,1566442674,Java,Java8 (OpenJDK 1.8.0),java,Runtime Error,1588,185016,871,
s498034210,p02936,u939401127,1566442659,C++,C++14 (GCC 5.4.1),cpp,Wrong Answer,623,36736,1069,
s844312893,p02936,u587857074,1566442586,C++,C++14 (GCC 5.4.1),cpp,Wrong Answer,275,18048,4111,
s827109826,p02936,u124735330,1566442546,Python,Python (3.4.3),py,Wrong Answer,2118,232108,607,
s913347343,p02936,u702996070,1566442420,C++,C++14 (GCC 5.4.1),cpp,Accepted,376,26880,779,
s278917990,p02936,u702996070,1566442377,C++,C++14 (GCC 5.4.1),cpp,Runtime Error,102,2560,779,
s306336762,p02936,u597436499,1566442326,Java,Java8 (OpenJDK 1.8.0),java,Wrong Answer,1133,158176,765,
s507604534,p02936,u587857074,1566442318,C++,C++14 (GCC 5.4.1),cpp,Compile Error,,,4110,
s049297778,p02936,u618697411,1566442177,C++,C++14 (GCC 5.4.1),cpp,Accepted,411,19328,7188,
s954260662,p02936,u151531137,1566442135,C#,C# (Mono 4.6.2.0),cs,Accepted,720,82716,3052,
s809615343,p02936,u950825280,1566442010,Python,Python (3.4.3),py,Wrong Answer,967,47920,419,
s908832857,p02936,u124735330,1566441959,Python,Python (3.4.3),py,Runtime Error,2112,135020,558,
s148997416,p02936,u950825280,1566441939,Python,Python (3.4.3),py,Wrong Answer,896,42416,407,
s133714714,p02936,u124735330,1566441825,Python,PyPy3 (2.4.0),py,Runtime Error,2111,135240,556,
s148996457,p02936,u950825280,1566441774,Python,Python (3.4.3),py,Wrong Answer,1655,63288,426,
s771041070,p02936,u967398153,1566441642,C++,C++14 (GCC 5.4.1),cpp,Wrong Answer,119,14976,2113,
s945809205,p02936,u950825280,1566441547,Python,Python (3.4.3),py,Wrong Answer,1597,60992,430,
s114534526,p02936,u950825280,1566441486,Python,Python (3.4.3),py,Runtime Error,1458,56404,430,
s128706218,p02936,u151531137,1566441466,C#,C# (Mono 4.6.2.0),cs,Wrong Answer,2126,306208,2959,
s881407240,p02936,u315947928,1566441400,C++,C++14 (GCC 5.4.1),cpp,Accepted,681,23424,644,
s740263766,p02936,u139478771,1566441129,Kotlin,Kotlin (1.0.0),kt,Wrong Answer,1850,193636,901,
s226428372,p02936,u587857074,1566441104,C++,C++14 (GCC 5.4.1),cpp,Wrong Answer,268,18048,3493,
s320707857,p02936,u870164956,1566440990,Python,PyPy3 (2.4.0),py,Wrong Answer,1762,88012,495,
s037703171,p02936,u933622697,1566440754,Python,PyPy3 (2.4.0),py,Wrong Answer,784,85852,771,
s980488635,p02936,u870164956,1566440293,Python,PyPy3 (2.4.0),py,Wrong Answer,1745,88140,458,
s738080389,p02936,u933622697,1566440271,Python,PyPy3 (2.4.0),py,Wrong Answer,743,78740,744,
s446115621,p02936,u041282550,1566440025,C++,C++14 (GCC 5.4.1),cpp,Accepted,147,24320,522,
s847457216,p02936,u933622697,1566439985,Python,PyPy3 (2.4.0),py,Runtime Error,164,38256,676,
s848909340,p02936,u139478771,1566439944,Kotlin,Kotlin (1.0.0),kt,Wrong Answer,1799,192960,988,
s495774979,p02936,u933622697,1566439908,Python,PyPy3 (2.4.0),py,Accepted,782,93972,676,
s572109500,p02936,u355424600,1566439659,C++,C++14 (GCC 5.4.1),cpp,Accepted,313,15732,1218,
s231047195,p02936,u870164956,1566439481,Python,PyPy3 (2.4.0),py,Wrong Answer,1922,121932,527,
s444300455,p02936,u355424600,1566439480,C++,C++14 (GCC 5.4.1),cpp,Time Limit Exceeded,2181,1306292,1161,
s511767486,p02936,u041282550,1566439305,C++,C++14 (GCC 5.4.1),cpp,Compile Error,,,1009,
s220232940,p02936,u041282550,1566439276,C++,C++14 (GCC 5.4.1),cpp,Compile Error,,,1006,
s713015552,p02936,u041282550,1566439210,C++,C++14 (GCC 5.4.1),cpp,Compile Error,,,1001,
s833904062,p02936,u451017206,1566439085,Go,Go (1.6),go,Accepted,1329,48000,1164,
s925395019,p02936,u451017206,1566438975,Python,Python (3.4.3),py,Time Limit Exceeded,2032,108936,600,
s683259952,p02936,u314642288,1566438840,JavaScript,JavaScript (node.js v5.12),js,Runtime Error,2111,128484,1727,
s641263844,p02936,u838644735,1566438839,C++,C++14 (GCC 5.4.1),cpp,Wrong Answer,463,22528,1260,
s134336697,p02936,u314642288,1566438688,JavaScript,JavaScript (node.js v5.12),js,Runtime Error,199,20936,1702,
s836032986,p02936,u950825280,1566438627,Python,Python (3.4.3),py,Wrong Answer,1535,63292,418,
s256783145,p02936,u139235669,1566438607,C++,C++14 (GCC 5.4.1),cpp,Accepted,558,41472,1909,
s580688357,p02936,u838644735,1566438538,C++,C++14 (GCC 5.4.1),cpp,Time Limit Exceeded,2104,22472,1322,
s503820052,p02936,u139235669,1566438517,C++,C++14 (GCC 5.4.1),cpp,Accepted,544,43008,1922,
s948802498,p02936,u918935103,1566438270,Python,Python (3.4.3),py,Time Limit Exceeded,2107,56492,623,
s222426700,p02936,u237713747,1566438231,C++,C++14 (GCC 5.4.1),cpp,Accepted,594,32896,840,
s926692939,p02936,u870164956,1566438219,Python,PyPy3 (2.4.0),py,Wrong Answer,2109,90700,459,
s849996998,p02936,u918935103,1566438027,Python,PyPy3 (2.4.0),py,Time Limit Exceeded,2126,290804,628,
s575283658,p02936,u950825280,1566437999,Python,Python (3.4.3),py,Wrong Answer,1552,63288,378,
s129235448,p02936,u315947928,1566437809,C++,C++14 (GCC 5.4.1),cpp,Wrong Answer,130,20352,571,
s879365434,p02936,u918935103,1566437753,Python,Python (3.4.3),py,Time Limit Exceeded,2132,461076,628,
s944233622,p02936,u315947928,1566437666,C++,C++14 (GCC 5.4.1),cpp,Compile Error,,,569,
s837673963,p02936,u268618319,1566437663,C++,C++14 (GCC 5.4.1),cpp,Accepted,377,21376,4896,
s545180781,p02936,u233626335,1566437153,C++,C++14 (GCC 5.4.1),cpp,Accepted,383,25088,899,
s022029025,p02936,u045114088,1566436909,C++,C++14 (GCC 5.4.1),cpp,Runtime Error,186,5376,753,
s754615421,p02936,u041282550,1566436669,C++,C++14 (GCC 5.4.1),cpp,Wrong Answer,248,11008,873,
s137883368,p02936,u041282550,1566436263,C++,C++14 (GCC 5.4.1),cpp,Wrong Answer,253,11008,823,
s656304295,p02936,u041282550,1566436239,C++,C++14 (GCC 5.4.1),cpp,Compile Error,,,841,
s743489143,p02936,u041282550,1566435965,C++,C++14 (GCC 5.4.1),cpp,Wrong Answer,320,7040,824,
s452585576,p02936,u133886644,1566435872,Rust,Rust (1.15.1),rs,Wrong Answer,273,50524,2136,
s701706336,p02936,u032263881,1566435807,JavaScript,JavaScript (node.js v5.12),js,Wrong Answer,2120,1470444,1028,
s419761072,p02936,u041282550,1566435801,C++,C++14 (GCC 5.4.1),cpp,Wrong Answer,321,5376,733,
s879425911,p02936,u041282550,1566435773,C++,C++14 (GCC 5.4.1),cpp,Compile Error,,,732,
s395887213,p02936,u209713918,1566435644,C++,C++14 (GCC 5.4.1),cpp,Accepted,155,28928,1345,
s648177041,p02936,u600896094,1566435637,C++,C++14 (GCC 5.4.1),cpp,Wrong Answer,504,45952,1247,
s858392480,p02936,u131797876,1566435178,C++,C++14 (GCC 5.4.1),cpp,Accepted,144,19696,1007,
s083540779,p02936,u041282550,1566435125,C++,C++14 (GCC 5.4.1),cpp,Runtime Error,395,4096,739,
s390394592,p02936,u139235669,1566435005,C++,C++14 (GCC 5.4.1),cpp,Accepted,590,33008,855,
s719562015,p02936,u838644735,1566434927,C++,C++14 (GCC 5.4.1),cpp,Wrong Answer,468,25856,1138,
s399921869,p02936,u041282550,1566434900,C++,C++14 (GCC 5.4.1),cpp,Wrong Answer,319,7040,827,
s339112593,p02936,u139235669,1566434711,C++,C++14 (GCC 5.4.1),cpp,Wrong Answer,465,41472,2002,
s351576708,p02936,u041282550,1566434674,C++,C++14 (GCC 5.4.1),cpp,Wrong Answer,626,7040,814,
s552153717,p02936,u041282550,1566434649,C++,C++14 (GCC 5.4.1),cpp,Wrong Answer,619,7040,810,
s625133683,p02936,u041282550,1566434519,C++,C++14 (GCC 5.4.1),cpp,Runtime Error,610,7168,805,
s014271403,p02936,u434746933,1566434401,Java,Java8 (OpenJDK 1.8.0),java,Runtime Error,595,872528,1058,
s687187420,p02936,u315947928,1566434346,C++,C++14 (GCC 5.4.1),cpp,Wrong Answer,357,20352,529,
s433512376,p02936,u315947928,1566434220,C++,C++14 (GCC 5.4.1),cpp,Runtime Error,397,6520,529,
s852084951,p02936,u434746933,1566434145,Java,Java8 (OpenJDK 1.8.0),java,Runtime Error,640,911184,1051,
s934568465,p02936,u367199607,1566432977,C++,C++14 (GCC 5.4.1),cpp,Wrong Answer,134,48640,902,
s925015048,p02936,u521992338,1566432959,C++,C++14 (GCC 5.4.1),cpp,Accepted,156,23424,865,
s025440182,p02936,u550314572,1566432909,Java,Java8 (OpenJDK 1.8.0),java,Accepted,1034,107936,63032,
s568321936,p02936,u207056619,1566432836,Go,Go (1.6),go,Accepted,333,75904,864,
s957574069,p02936,u887675488,1566432719,C++,C++14 (GCC 5.4.1),cpp,Accepted,147,30464,2081,
s139869669,p02936,u689701565,1566432717,Java,Java8 (OpenJDK 1.8.0),java,Wrong Answer,2110,310228,3233,
s185508116,p02936,u367199607,1566432645,C++,C++14 (GCC 5.4.1),cpp,Wrong Answer,2105,46464,773,
s549409866,p02936,u689701565,1566432499,Java,Java8 (OpenJDK 1.8.0),java,Wrong Answer,2111,304860,3263,
s244088415,p02936,u521992338,1566432444,C++,C++14 (GCC 5.4.1),cpp,Accepted,157,23424,713,
s142071203,p02936,u093170535,1566432398,C++,C++14 (GCC 5.4.1),cpp,Accepted,164,24320,521,
s851066866,p02936,u887675488,1566432375,C++,C++14 (GCC 5.4.1),cpp,Accepted,163,32128,2264,
s367848041,p02936,u689701565,1566432135,Java,Java8 (OpenJDK 1.8.0),java,Wrong Answer,2110,302672,3351,
s102954889,p02936,u497436519,1566432080,Java,Java8 (OpenJDK 1.8.0),java,Accepted,1924,165736,2111,
s946903758,p02936,u497436519,1566431964,Java,Java8 (OpenJDK 1.8.0),java,Compile Error,,,2111,
s482875019,p02936,u716581234,1566431941,C++,C++14 (GCC 5.4.1),cpp,Accepted,415,101888,2093,
s728736515,p02936,u689701565,1566431803,Java,Java8 (OpenJDK 1.8.0),java,Wrong Answer,2110,369800,3446,
s751207373,p02936,u716581234,1566431732,C++,C++14 (GCC 5.4.1),cpp,Accepted,391,98816,1997,
s649845242,p02936,u820262277,1566431607,C++,C++14 (GCC 5.4.1),cpp,Accepted,151,32128,4438,
s204433371,p02936,u207056619,1566431499,Go,Go (1.6),go,Time Limit Exceeded,2108,20096,733,
s061355473,p02936,u607135645,1566431353,Java,Java8 (OpenJDK 1.8.0),java,Runtime Error,589,872532,1048,
s090081174,p02936,u604231488,1566430772,C++,C++14 (GCC 5.4.1),cpp,Accepted,520,43776,856,
s610628115,p02936,u367199607,1566430712,C++,C++14 (GCC 5.4.1),cpp,Wrong Answer,2105,46464,749,
s926533942,p02936,u607135645,1566430706,Java,Java8 (OpenJDK 1.8.0),java,Runtime Error,674,873044,1044,
s288639810,p02936,u367199607,1566430624,C++,C++14 (GCC 5.4.1),cpp,Runtime Error,105,2944,740,
s383856343,p02936,u627981707,1566430603,Ruby,Ruby (2.3.3),rb,Accepted,815,36220,443,
s913273421,p02936,u227020436,1566430594,Python,Python (3.4.3),py,Accepted,1943,110948,615,
s868358371,p02936,u139235669,1566430581,C++,C++14 (GCC 5.4.1),cpp,Wrong Answer,397,41472,1820,
s181075086,p02936,u627981707,1566430578,Rust,Rust (1.15.1),rs,Compile Error,,,443,
s162613404,p02936,u899635344,1566430490,C++,C++14 (GCC 5.4.1),cpp,Accepted,332,25856,1260,
s982678648,p02936,u139235669,1566430108,C++,C++14 (GCC 5.4.1),cpp,Wrong Answer,403,25856,1855,
s270643931,p02936,u039623862,1566430080,C++,C++14 (GCC 5.4.1),cpp,Accepted,291,24448,918,
s386343602,p02936,u572665222,1566429971,C++,C++14 (GCC 5.4.1),cpp,Wrong Answer,296,14848,852,
s321320953,p02936,u407614884,1566429952,C++,C++14 (GCC 5.4.1),cpp,Accepted,160,24064,1203,
s809406977,p02936,u942033906,1566429896,Python,Python (3.4.3),py,Accepted,1784,72220,599,
s395135094,p02936,u208608367,1566429857,C++,C++14 (GCC 5.4.1),cpp,Accepted,160,29696,678,
s496020846,p02936,u339233484,1566429834,C++,C++14 (GCC 5.4.1),cpp,Accepted,318,17392,997,
s130990650,p02936,u956530786,1566429801,D,D (DMD64 v2.070.1),d,Accepted,665,94204,1454,
s141003907,p02936,u352499693,1566429727,C++,C++14 (GCC 5.4.1),cpp,Accepted,198,41984,2066,
s699592280,p02936,u843739531,1566429445,C++,C++14 (GCC 5.4.1),cpp,Accepted,300,23424,983,
s929165307,p02936,u887675488,1566429277,C++,C++14 (GCC 5.4.1),cpp,Accepted,377,24320,590,
s969266303,p02936,u154429261,1566429090,C++,C++14 (GCC 5.4.1),cpp,Accepted,330,35200,1613,
s190883935,p02936,u016128476,1566428753,Python,Python (3.4.3),py,Accepted,1632,267628,530,
s047766875,p02936,u139235669,1566428731,C++,C++14 (GCC 5.4.1),cpp,Wrong Answer,2109,41344,1863,
s462860860,p02936,u139235669,1566428543,C++,C++14 (GCC 5.4.1),cpp,Wrong Answer,2106,38528,1872,
s373302467,p02936,u178789680,1566428525,Rust,Rust (1.15.1),rs,Wrong Answer,2104,29052,1338,
s135845236,p02936,u016128476,1566428442,Python,Python (3.4.3),py,Runtime Error,1794,261404,534,
s021307171,p02936,u849034889,1566428420,Python,Python (3.4.3),py,Wrong Answer,2112,137252,780,
s970662625,p02936,u016128476,1566428263,Python,PyPy3 (2.4.0),py,Time Limit Exceeded,2151,774156,534,
s493032834,p02936,u372786981,1566428258,C++,C++14 (GCC 5.4.1),cpp,Accepted,355,19440,783,
s193169845,p02936,u016128476,1566427997,Python,PyPy3 (2.4.0),py,Time Limit Exceeded,2120,287116,507,
s519195267,p02936,u016128476,1566427919,Python,PyPy3 (2.4.0),py,Runtime Error,2009,154592,462,
s730236226,p02936,u689701565,1566427787,Java,Java8 (OpenJDK 1.8.0),java,Wrong Answer,2110,366780,2551,
s959310391,p02936,u073486874,1566427652,C++,C++14 (GCC 5.4.1),cpp,Wrong Answer,335,21888,523,
s617012945,p02936,u584355711,1566427635,C++,C++14 (GCC 5.4.1),cpp,Accepted,156,38272,3216,
s023025287,p02936,u153390822,1566427542,C++,C++14 (GCC 5.4.1),cpp,Accepted,332,35200,1613,
s159417853,p02936,u153390822,1566427382,C++,C++14 (GCC 5.4.1),cpp,Compile Error,,,1566,
s192154450,p02936,u073486874,1566427102,C++,C++14 (GCC 5.4.1),cpp,Wrong Answer,2103,2688,1008,
s993312646,p02936,u887675488,1566426874,C++,C++14 (GCC 5.4.1),cpp,Wrong Answer,129,25856,2245,
s928279938,p02936,u887675488,1566426828,C++,C++14 (GCC 5.4.1),cpp,Wrong Answer,136,16384,2245,
s730382958,p02936,u887675488,1566426710,C++,C++14 (GCC 5.4.1),cpp,Wrong Answer,130,25856,2186,
s058811305,p02936,u593081125,1566426597,C++,C++14 (GCC 5.4.1),cpp,Wrong Answer,2104,22444,1381,
s110648803,p02936,u918935103,1566426567,Python,Python (3.4.3),py,Wrong Answer,1517,28736,365,
s449341594,p02936,u073486874,1566426195,C++,C++14 (GCC 5.4.1),cpp,Runtime Error,2518,1780,692,
s341528290,p02936,u782098901,1566426106,C++,C++14 (GCC 5.4.1),cpp,Accepted,144,18676,839,
s221246960,p02936,u207036582,1566425776,C++,C++14 (GCC 5.4.1),cpp,Accepted,176,32128,1430,
s068170096,p02936,u756453937,1566425677,C++,C++14 (GCC 5.4.1),cpp,Wrong Answer,362,24320,603,
s416685271,p02936,u466597986,1566425616,C,C (GCC 5.4.1),c,Accepted,139,28032,1205,
s262091345,p02936,u896451538,1566425316,Python,Python (3.4.3),py,Accepted,1894,230960,460,
s161785476,p02936,u896451538,1566425260,Python,Python (3.4.3),py,Runtime Error,1666,52312,392,
s620841260,p02936,u756453937,1566425251,C++,C++14 (GCC 5.4.1),cpp,Wrong Answer,357,23424,597,
s054889636,p02936,u896451538,1566425174,Python,Python (3.4.3),py,Runtime Error,1931,52312,391,
s015093234,p02936,u509518199,1566424543,C++,C++14 (GCC 5.4.1),cpp,Wrong Answer,131,44672,2226,
s502277442,p02936,u689701565,1566424295,Java,Java8 (OpenJDK 1.8.0),java,Wrong Answer,2111,365956,2469,
s631272683,p02936,u032263881,1566424204,JavaScript,JavaScript (node.js v5.12),js,Wrong Answer,2158,1470236,894,
s537556579,p02936,u103225277,1566424147,C++,C++14 (GCC 5.4.1),cpp,Accepted,138,23552,1089,
s687532226,p02936,u896451538,1566424145,Python,Python (3.4.3),py,Wrong Answer,1518,47920,316,
s761963434,p02936,u770383589,1566424128,C++,C++14 (GCC 5.4.1),cpp,Accepted,137,23552,671,
s059859738,p02936,u896451538,1566424119,Python,Python (3.4.3),py,Wrong Answer,1443,49452,315,
s860067541,p02936,u103225277,1566424103,C++,C++14 (GCC 5.4.1),cpp,Runtime Error,99,2560,1089,
s083276915,p02936,u058596953,1566423996,C++,C++14 (GCC 5.4.1),cpp,Accepted,133,24064,684,
s489935846,p02936,u058596953,1566423580,C++,C++14 (GCC 5.4.1),cpp,Accepted,373,24064,617,
s376883592,p02936,u341281360,1566423476,Python,Python (3.4.3),py,Wrong Answer,2108,81884,505,
s281904136,p02936,u689701565,1566423238,Java,Java8 (OpenJDK 1.8.0),java,Wrong Answer,2111,368580,2525,
s287374911,p02936,u335038698,1566423191,Python,PyPy3 (2.4.0),py,Time Limit Exceeded,2110,163060,724,
s735433735,p02936,u586336940,1566423169,C++,C++14 (GCC 5.4.1),cpp,Accepted,384,21888,816,
s777117215,p02936,u335038698,1566423064,Python,Python (3.4.3),py,Accepted,1980,125740,724,
s206396748,p02936,u335038698,1566422983,Python,Python (3.4.3),py,Accepted,1980,125740,726,
s169136595,p02936,u032263881,1566422705,JavaScript,JavaScript (node.js v5.12),js,Wrong Answer,2119,224052,794,
s872805234,p02936,u345020418,1566422492,C,C (GCC 5.4.1),c,Wrong Answer,92,4480,656,
s366092561,p02936,u432551953,1566421908,C++,C++14 (GCC 5.4.1),cpp,Accepted,652,23424,596,
s828423767,p02936,u076941004,1566421844,Python,Python (3.4.3),py,Accepted,1704,230960,480,
s333611930,p02936,u151534880,1566421646,C++,C++14 (GCC 5.4.1),cpp,Accepted,392,30464,532,
s401033218,p02936,u432551953,1566421613,C++,C++ (GCC 5.4.1),cpp,Time Limit Exceeded,2104,14080,596,
s716294733,p02936,u776632505,1566421196,C,C (Clang 3.8.0),c,Wrong Answer,98,3840,689,
s803303954,p02936,u639297580,1566421097,C++,C++14 (GCC 5.4.1),cpp,Accepted,333,23552,915,
s235502862,p02936,u056123277,1566421030,C++,C++14 (GCC 5.4.1),cpp,Accepted,660,23424,605,
s320404245,p02936,u076941004,1566420992,Python,Python (3.4.3),py,Wrong Answer,2112,87728,1438,
s856122105,p02936,u056123277,1566420953,C++,C++14 (GCC 5.4.1),cpp,Runtime Error,102,768,604,
s587483344,p02936,u335038698,1566420935,Python,Python (3.4.3),py,Wrong Answer,1848,118168,608,
s629477386,p02936,u489117389,1566420769,C++,C++14 (GCC 5.4.1),cpp,Accepted,371,26624,680,
s856273327,p02936,u489117389,1566420715,C++,C++14 (GCC 5.4.1),cpp,Runtime Error,101,768,678,
s208623018,p02936,u489117389,1566420681,C++,C++14 (GCC 5.4.1),cpp,Runtime Error,104,768,678,
s695069197,p02936,u489117389,1566420432,C++,C++14 (GCC 5.4.1),cpp,Runtime Error,100,768,678,
s291659520,p02936,u432551953,1566420398,Python,PyPy3 (2.4.0),py,Runtime Error,1005,134604,714,
s365326712,p02936,u489117389,1566420361,C++,C++14 (GCC 5.4.1),cpp,Compile Error,,,677,
s770032139,p02936,u432551953,1566420108,Python,PyPy3 (2.4.0),py,Runtime Error,894,134540,595,
s510830170,p02936,u776632505,1566419943,C,C (Clang 3.8.0),c,Wrong Answer,94,3840,696,
s314068109,p02936,u776632505,1566419826,C,C (Clang 3.8.0),c,Wrong Answer,92,3840,747,
s367835626,p02936,u208436761,1566419660,Ruby,Ruby (2.3.3),rb,Runtime Error,2117,163956,514,
s180962788,p02936,u157886944,1566419616,C++,C++14 (GCC 5.4.1),cpp,Accepted,156,32384,929,
s896381343,p02936,u560381579,1566419421,C++,C++14 (GCC 5.4.1),cpp,Wrong Answer,2104,22144,629,
s354594057,p02936,u295651044,1566419420,C++,C++14 (GCC 5.4.1),cpp,Accepted,368,23552,646,
s858169173,p02936,u077291787,1566419067,Python,Python (3.4.3),py,Accepted,1634,265792,852,
s018126653,p02936,u614063956,1566418998,C++,C++14 (Clang 3.8.0),cpp,Accepted,773,25984,1367,
s812728112,p02936,u560381579,1566418978,C++,C++14 (GCC 5.4.1),cpp,Wrong Answer,2104,21376,630,
s709444586,p02936,u782098901,1566418832,Python,Python (3.4.3),py,Wrong Answer,1615,68936,507,
s937103922,p02936,u077291787,1566418671,Python,Python (3.4.3),py,Accepted,1727,265788,852,
s853944707,p02936,u896451538,1566418653,Python,Python (3.4.3),py,Runtime Error,2106,52708,408,
s330641235,p02936,u077291787,1566418630,Python,Python (3.4.3),py,Accepted,1685,265792,852,
s090793263,p02936,u077291787,1566418586,Python,Python (3.4.3),py,Accepted,1807,265808,852,
s465442797,p02936,u077291787,1566418544,Python,Python (3.4.3),py,Accepted,1678,265772,825,
s074877563,p02936,u077291787,1566418315,Python,Python (3.4.3),py,Runtime Error,1681,266708,833,
s064526959,p02936,u077291787,1566418273,Python,Python (3.4.3),py,Accepted,1605,265740,833,
s347901445,p02936,u077291787,1566418232,Python,Python (3.4.3),py,Accepted,1653,265764,833,
s129746263,p02936,u259046272,1566418062,C++,C++14 (Clang 3.8.0),cpp,Accepted,742,30464,810,
s130633914,p02936,u077291787,1566418013,Python,Python (3.4.3),py,Runtime Error,1790,266704,833,
s999419556,p02936,u077291787,1566417991,Python,Python (3.4.3),py,Runtime Error,1723,266708,833,
s513218905,p02936,u077291787,1566417948,Python,Python (3.4.3),py,Accepted,1634,265776,834,
s205819067,p02936,u077291787,1566417901,Python,Python (3.4.3),py,Accepted,1989,265740,835,
s794877094,p02936,u077291787,1566417855,Python,Python (3.4.3),py,Accepted,1554,265804,829,
s149324725,p02936,u345020418,1566417782,C,C (GCC 5.4.1),c,Accepted,124,17152,587,
s315815350,p02936,u077291787,1566417778,Python,Python (3.4.3),py,Accepted,1608,265724,829,
s822826031,p02936,u693569496,1566417744,C++,C++14 (GCC 5.4.1),cpp,Accepted,298,24320,1204,
s900719626,p02936,u077291787,1566417712,Python,Python (3.4.3),py,Runtime Error,1707,266704,833,
s779712227,p02936,u586567203,1566417704,C++,C++14 (GCC 5.4.1),cpp,Accepted,307,24320,925,
s477743405,p02936,u077291787,1566417681,Python,Python (3.4.3),py,Runtime Error,1713,266708,829,
s552910097,p02936,u077291787,1566417620,Python,Python (3.4.3),py,Accepted,1645,265772,825,
s600873630,p02936,u345020418,1566416916,C,C (GCC 5.4.1),c,Wrong Answer,99,11648,753,
s940550664,p02936,u799051262,1566416867,C++,C++14 (GCC 5.4.1),cpp,Accepted,154,31360,19393,
s750443143,p02936,u552357043,1566416769,Python,PyPy3 (2.4.0),py,Time Limit Exceeded,2123,318584,472,
s627469846,p02936,u846077493,1566416692,Python,Python (3.4.3),py,Runtime Error,1964,133576,851,
s026451651,p02936,u552357043,1566416655,Python,Python (3.4.3),py,Time Limit Exceeded,2115,268464,474,
s708540674,p02936,u896451538,1566416487,Python,Python (3.4.3),py,Runtime Error,2105,54756,407,
s439402797,p02936,u552357043,1566416443,Python,Python (3.4.3),py,Runtime Error,17,2940,527,
s555722453,p02936,u576357314,1566416386,C++,C++14 (GCC 5.4.1),cpp,Accepted,300,16244,727,
s867393636,p02936,u432551953,1566416308,Python,PyPy3 (2.4.0),py,Runtime Error,1021,101324,897,
s260812568,p02936,u552357043,1566416307,Python,Python (3.4.3),py,Time Limit Exceeded,2117,230960,478,
s308833526,p02936,u776632505,1566416279,C,C (Clang 3.8.0),c,Wrong Answer,91,3840,1043,
s385161345,p02936,u552357043,1566416154,Python,Python (3.4.3),py,Time Limit Exceeded,2118,230920,494,
s510630488,p02936,u552357043,1566416016,Python,Python (3.4.3),py,Runtime Error,17,3060,452,
s293546834,p02936,u035683801,1566415915,C++,C++14 (GCC 5.4.1),cpp,Accepted,391,26624,590,
s055794834,p02936,u035683801,1566415889,C++,C++14 (GCC 5.4.1),cpp,Compile Error,,,587,
s949587361,p02936,u432551953,1566415877,Python,PyPy3 (2.4.0),py,Runtime Error,986,102348,896,
s938031094,p02936,u295651044,1566415743,C++,C++14 (GCC 5.4.1),cpp,Wrong Answer,2108,20224,585,
s046796010,p02936,u035683801,1566415595,C++,C++14 (GCC 5.4.1),cpp,Runtime Error,394,6520,527,
s578396874,p02936,u381714561,1566415173,C++,C++14 (GCC 5.4.1),cpp,Accepted,255,39936,1298,
s810597878,p02936,u208436761,1566415053,Ruby,Ruby (2.3.3),rb,Time Limit Exceeded,2124,280572,575,
s377423889,p02936,u381714561,1566415010,C++,C++14 (GCC 5.4.1),cpp,Wrong Answer,266,39680,1297,
s380919943,p02936,u277300851,1566414985,C++,C++14 (Clang 3.8.0),cpp,Accepted,757,27392,794,
s592941665,p02936,u896451538,1566414834,Python,Python (3.4.3),py,Wrong Answer,2106,54760,621,
s856301419,p02936,u259046272,1566414571,C++,C++14 (Clang 3.8.0),cpp,Wrong Answer,732,27392,739,
s917029089,p02936,u220212997,1566414475,C++,C++14 (GCC 5.4.1),cpp,Accepted,376,28800,1020,
s917940223,p02936,u711340028,1566414216,C++,C++14 (GCC 5.4.1),cpp,Accepted,291,19440,1171,
s776156312,p02936,u415580348,1566413858,C++,C++14 (GCC 5.4.1),cpp,Accepted,331,30336,1508,
s225337254,p02936,u234636620,1566413640,Fortran,Fortran (gfortran v4.8.4),f,Wrong Answer,292,6656,3009,
s307614177,p02936,u094155508,1566413636,C++,C++14 (Clang 3.8.0),cpp,Wrong Answer,711,27392,739,
s756644387,p02936,u673361376,1566413613,Python,Python (3.4.3),py,Runtime Error,19,3064,245,
s886471658,p02936,u673361376,1566413561,Python,Python (3.4.3),py,Runtime Error,18,3064,245,
s452637158,p02936,u234636620,1566413497,Fortran,Fortran (gfortran v4.8.4),f,Time Limit Exceeded,2107,5632,3007,
s169091432,p02936,u058580040,1566413322,Rust,Rust (1.15.1),rs,Accepted,46,22192,7517,
s223549333,p02936,u094155508,1566413269,C++,C++14 (Clang 3.8.0),cpp,Accepted,768,27392,766,
s964007477,p02936,u094155508,1566412781,C++,C++14 (Clang 3.8.0),cpp,Wrong Answer,747,24320,705,
s824274786,p02936,u552357043,1566412606,Python,Python (3.4.3),py,Wrong Answer,1513,25844,325,
s613955270,p02936,u277300851,1566412473,C++,C++14 (Clang 3.8.0),cpp,Wrong Answer,2104,22144,696,
s154299600,p02936,u415580348,1566412465,C++,C++14 (GCC 5.4.1),cpp,Wrong Answer,2104,18816,1320,
s016691992,p02936,u277300851,1566412289,C++,C++14 (Clang 3.8.0),cpp,Wrong Answer,2104,23424,694,
s872382114,p02936,u987208743,1566410711,Ruby,Ruby (2.3.3),rb,Accepted,979,38964,657,
s164228575,p02936,u987208743,1566410677,Ruby,Ruby (2.3.3),rb,Runtime Error,928,38964,1315,
s197782119,p02936,u769201746,1566410671,Java,Java8 (OpenJDK 1.8.0),java,Accepted,557,82808,3981,
s495502658,p02936,u882276885,1566410667,C++,C++14 (GCC 5.4.1),cpp,Wrong Answer,2105,21376,521,
s472666957,p02936,u769201746,1566410461,Java,Java8 (OpenJDK 1.8.0),java,Accepted,915,100916,3520,
s297211885,p02936,u987208743,1566410433,Ruby,Ruby (2.3.3),rb,Time Limit Exceeded,2119,165380,657,
s514007851,p02936,u725661271,1566410398,C++,C++14 (GCC 5.4.1),cpp,Accepted,304,30464,856,
s271856664,p02936,u987208743,1566410344,Ruby,Ruby (2.3.3),rb,Time Limit Exceeded,2118,170228,686,
s203977337,p02936,u987208743,1566410215,Ruby,Ruby (2.3.3),rb,Time Limit Exceeded,2120,176688,707,
s046053881,p02936,u698176039,1566410068,Python,Python (3.4.3),py,Accepted,1916,326484,645,
s838692910,p02936,u712993629,1566409992,C++,C++14 (GCC 5.4.1),cpp,Accepted,156,27648,7334,
s905018557,p02936,u698176039,1566409746,Python,Python (3.4.3),py,Wrong Answer,1903,326604,644,
s509774916,p02936,u412550879,1566409648,C++,C++14 (GCC 5.4.1),cpp,Accepted,602,28160,1370,
s664365725,p02936,u712993629,1566409510,C++,C++14 (GCC 5.4.1),cpp,Time Limit Exceeded,2337,1189384,7188,
s567275061,p02936,u878615689,1566409227,C++,C++14 (GCC 5.4.1),cpp,Accepted,137,16500,2169,
s520294468,p02936,u095834727,1566408990,Kotlin,Kotlin (1.0.0),kt,Accepted,1890,99080,3408,
s444912945,p02936,u677991935,1566408890,C,C (GCC 5.4.1),c,Runtime Error,100,128,891,
s990644950,p02936,u853947407,1566408622,C++,C++14 (GCC 5.4.1),cpp,Accepted,341,24448,739,
s986771510,p02936,u412550879,1566408529,C++,C++14 (GCC 5.4.1),cpp,Wrong Answer,588,28160,1372,
s575876693,p02936,u635358463,1566408354,Java,Java8 (OpenJDK 1.8.0),java,Wrong Answer,1960,173900,938,
s772833666,p02936,u635358463,1566408345,C++,C++14 (GCC 5.4.1),cpp,Compile Error,,,938,
s280803179,p02936,u635358463,1566408175,C++,C++14 (GCC 5.4.1),cpp,Runtime Error,562,16512,668,
s653036344,p02936,u677991935,1566407691,C,C (GCC 5.4.1),c,Runtime Error,1755,2093952,960,
s401890839,p02936,u644778646,1566407690,Python,Python (3.4.3),py,Wrong Answer,1525,290052,628,
s287490179,p02936,u677991935,1566407633,C,C (GCC 5.4.1),c,Runtime Error,99,4224,962,
s025689989,p02936,u003873207,1566407507,C++,C++14 (GCC 5.4.1),cpp,Accepted,133,21120,2236,
s410841355,p02936,u689701565,1566407253,Java,Java8 (OpenJDK 1.8.0),java,Wrong Answer,2110,298216,2858,
s345079826,p02936,u677991935,1566406740,C,C (GCC 5.4.1),c,Runtime Error,100,6272,996,
s751170962,p02936,u784210321,1566406420,Java,Java8 (OpenJDK 1.8.0),java,Wrong Answer,2110,372432,1069,
s294485508,p02936,u502389123,1566406323,C++,C++14 (GCC 5.4.1),cpp,Accepted,374,23424,1039,
s116452360,p02936,u784210321,1566405645,Java,Java8 (OpenJDK 1.8.0),java,Wrong Answer,2110,358612,1009,
s700825588,p02936,u201234972,1566405514,Python,PyPy3 (2.4.0),py,Accepted,832,121932,713,
s022715949,p02936,u651317892,1566405128,C++,C++14 (GCC 5.4.1),cpp,Accepted,321,19440,807,
s516779460,p02936,u536560967,1566405012,Python,Python (3.4.3),py,Wrong Answer,1755,78420,246,
s548924602,p02936,u651317892,1566404934,C++,C++14 (GCC 5.4.1),cpp,Wrong Answer,277,16512,788,
s052837017,p02936,u234636620,1566404842,Fortran,Fortran (gfortran v4.8.4),f,Wrong Answer,301,5888,3519,
s477396484,p02936,u234636620,1566404787,Fortran,Fortran (gfortran v4.8.4),f,Wrong Answer,295,6656,3520,
s642134473,p02936,u234636620,1566404339,Fortran,Fortran (gfortran v4.8.4),f,Wrong Answer,292,6656,3551,
s997414814,p02936,u234636620,1566404132,Python,Python (3.4.3),py,Wrong Answer,1362,69488,801,
s839673372,p02936,u234636620,1566404110,Fortran,Fortran (gfortran v4.8.4),f,Compile Error,,,801,
s188643436,p02936,u651317892,1566404065,C++,C++14 (GCC 5.4.1),cpp,Time Limit Exceeded,2105,19440,987,
s552941759,p02936,u234636620,1566403972,Fortran,Fortran (gfortran v4.8.4),f,Wrong Answer,296,5888,3550,
s205517574,p02936,u234636620,1566403468,Fortran,Fortran (gfortran v4.8.4),f,Wrong Answer,249,7552,3460,
s736661821,p02936,u735089337,1566402584,C++,C++14 (GCC 5.4.1),cpp,Wrong Answer,100,5504,730,
s087289889,p02936,u912533549,1566402253,C++,C++14 (GCC 5.4.1),cpp,Wrong Answer,2104,10496,844,
s638824544,p02936,u541786453,1566401974,C++,C++14 (GCC 5.4.1),cpp,Accepted,148,26880,746,
s962708810,p02936,u991974907,1566401909,C++,C++14 (GCC 5.4.1),cpp,Accepted,156,30592,1574,
s302023659,p02936,u541786453,1566401902,C++,C++14 (GCC 5.4.1),cpp,Runtime Error,347,280576,676,
s847231668,p02936,u541786453,1566401874,C++,C++14 (GCC 5.4.1),cpp,Compile Error,,,676,
s941146128,p02936,u541786453,1566401841,C++,C++14 (GCC 5.4.1),cpp,Accepted,144,27392,589,
s968958936,p02936,u933068010,1566401676,C++,C++14 (GCC 5.4.1),cpp,Accepted,308,32768,3835,
s251155608,p02936,u592068888,1566401441,C++,C++ (GCC 5.4.1),cpp,Accepted,152,24448,1414,
s161107125,p02936,u541786453,1566401408,C++,C++14 (GCC 5.4.1),cpp,Runtime Error,336,276736,676,
s696196467,p02936,u592068888,1566401367,C++,C++ (GCC 5.4.1),cpp,Compile Error,,,1372,
s979724579,p02936,u541786453,1566401243,C++,C++14 (GCC 5.4.1),cpp,Wrong Answer,2179,1279992,799,
s785954772,p02936,u541786453,1566401047,C++,C++14 (GCC 5.4.1),cpp,Wrong Answer,2192,1297824,805,
s496321193,p02936,u304198114,1566400086,Ruby,Ruby (2.3.3),rb,Accepted,739,27388,407,
s373225161,p02936,u185966380,1566400033,Python,Python (3.4.3),py,Wrong Answer,1627,78720,770,
s762295523,p02936,u304198114,1566399946,Ruby,Ruby (2.3.3),rb,Wrong Answer,708,23524,339,
s049966192,p02936,u185966380,1566399753,Python,Python (3.4.3),py,Runtime Error,1333,73204,771,
s723190273,p02936,u887675488,1566399753,C++,C++14 (GCC 5.4.1),cpp,Wrong Answer,131,25856,2262,
s257345237,p02936,u227359448,1566399610,C,C (GCC 5.4.1),c,Runtime Error,170,4096,1796,
s845640154,p02936,u887675488,1566399576,C++,C++14 (GCC 5.4.1),cpp,Wrong Answer,172,25856,2253,
s813568203,p02936,u227359448,1566399526,C,C (GCC 5.4.1),c,Wrong Answer,90,4992,1791,
s823051238,p02936,u227359448,1566399382,C,C (GCC 5.4.1),c,Wrong Answer,90,5760,1799,
s553037058,p02936,u977554186,1566399262,C++,C++14 (GCC 5.4.1),cpp,Accepted,355,24064,708,
s965826870,p02936,u541786453,1566399140,C++,C++14 (GCC 5.4.1),cpp,Runtime Error,329,276736,694,
s332700046,p02936,u185966380,1566399072,Python,Python (3.4.3),py,Wrong Answer,1585,78692,766,
s082076503,p02936,u541786453,1566399021,C++,C++14 (GCC 5.4.1),cpp,Runtime Error,333,275072,676,
s503549872,p02936,u304198114,1566399012,Ruby,Ruby (2.3.3),rb,Runtime Error,658,28284,344,
s818507079,p02936,u185966380,1566398996,Python,PyPy3 (2.4.0),py,Wrong Answer,2110,121292,783,
s136177980,p02936,u227359448,1566398887,C,C (GCC 5.4.1),c,Runtime Error,170,4096,1746,
s623953887,p02936,u693512270,1566398682,Go,Go (1.6),go,Accepted,901,100224,1198,
s916807072,p02936,u227359448,1566398618,C,C (GCC 5.4.1),c,Runtime Error,171,4096,1663,
s648333316,p02936,u304198114,1566398550,Ruby,Ruby (2.3.3),rb,Wrong Answer,748,23676,280,
s979437072,p02936,u227359448,1566398543,C,C (GCC 5.4.1),c,Runtime Error,169,4096,1663,
s194743280,p02936,u227359448,1566398480,C,C (GCC 5.4.1),c,Runtime Error,171,4096,1670,
s328295681,p02936,u708618797,1566398464,C++,C++14 (GCC 5.4.1),cpp,Wrong Answer,248,3968,438,
s067641107,p02936,u600335394,1566398434,C#,C# (Mono 4.6.2.0),cs,Accepted,1064,112204,1701,
s386074692,p02936,u110996038,1566398419,C++,C++14 (GCC 5.4.1),cpp,Accepted,386,31604,947,
s004428861,p02936,u227359448,1566398345,C,C (GCC 5.4.1),c,Runtime Error,169,4096,1677,
s151862712,p02936,u658801777,1566398179,Python,Python (3.4.3),py,Runtime Error,2106,45328,1117,
s724408190,p02936,u227359448,1566398056,C,C (GCC 5.4.1),c,Runtime Error,381,4864,1655,
s303334370,p02936,u227359448,1566397839,C,C (GCC 5.4.1),c,Runtime Error,171,4864,1670,
s007909241,p02936,u693512270,1566397801,Go,Go (1.6),go,Runtime Error,3,640,1169,
s557616262,p02936,u227359448,1566397727,C,C (GCC 5.4.1),c,Runtime Error,176,4864,1662,
s631052869,p02936,u421426760,1566397326,C++,C++14 (GCC 5.4.1),cpp,Accepted,584,62592,1500,
s509343335,p02936,u528720841,1566397172,C++,C++14 (GCC 5.4.1),cpp,Accepted,620,26624,2019,
s475901393,p02936,u227359448,1566397131,C,C (GCC 5.4.1),c,Wrong Answer,92,5760,1685,
s114607805,p02936,u227359448,1566397063,C,C (GCC 5.4.1),c,Runtime Error,170,4096,1683,
s071837692,p02936,u528720841,1566396940,C++,C++14 (GCC 5.4.1),cpp,Runtime Error,607,276608,2015,
s255572843,p02936,u528720841,1566396838,C++,C++14 (GCC 5.4.1),cpp,Runtime Error,674,276608,2001,
s330483761,p02936,u227359448,1566396801,C,C (GCC 5.4.1),c,Runtime Error,176,4864,1675,
s042015197,p02936,u600335394,1566396636,C#,C# (Mono 4.6.2.0),cs,Wrong Answer,2111,77076,2217,
s621160729,p02936,u600335394,1566396595,C#,C# (Mono 4.6.2.0),cs,Wrong Answer,2111,78732,2300,
s763612565,p02936,u528720841,1566396562,C++,C++14 (GCC 5.4.1),cpp,Wrong Answer,573,16512,1964,
s393789092,p02936,u421426760,1566396507,C++,C++14 (GCC 5.4.1),cpp,Accepted,332,58312,1540,
s417573343,p02936,u115110170,1566396189,Python,Python (3.4.3),py,Wrong Answer,993,53908,466,
s279916824,p02936,u528720841,1566396062,C++,C++14 (GCC 5.4.1),cpp,Wrong Answer,574,25856,1944,
s572292239,p02936,u528720841,1566396007,C++,C++14 (GCC 5.4.1),cpp,Wrong Answer,565,24320,1948,
s366154965,p02936,u600335394,1566395661,C#,C# (Mono 4.6.2.0),cs,Wrong Answer,1050,99800,1828,
s098090964,p02936,u915981080,1566395624,Java,Java8 (OpenJDK 1.8.0),java,Wrong Answer,2106,273856,1466,
s836397295,p02936,u915981080,1566395444,Java,Java8 (OpenJDK 1.8.0),java,Wrong Answer,2110,275156,1402,
s607010438,p02936,u600335394,1566395209,C#,C# (Mono 4.6.2.0),cs,Wrong Answer,809,82880,1769,
s169179167,p02936,u915981080,1566394732,Java,Java8 (OpenJDK 1.8.0),java,Time Limit Exceeded,2110,292448,1400,
s178087005,p02936,u820047642,1566393355,Python,Python (3.4.3),py,Accepted,1154,64260,509,
s518410675,p02936,u820047642,1566393269,Python,Python (3.4.3),py,Runtime Error,17,3064,508,
s389165869,p02936,u600335394,1566393040,C#,C# (Mono 4.6.2.0),cs,Wrong Answer,2112,76612,1721,
s245378622,p02936,u900937596,1566392423,C++,C++14 (GCC 5.4.1),cpp,Accepted,148,19456,1300,
s152097319,p02936,u775771854,1566392225,Python,Python (3.4.3),py,Wrong Answer,2109,91632,764,
s732637457,p02936,u077291787,1566390910,Python,Python (3.4.3),py,Accepted,1557,265788,863,
s742619104,p02936,u077291787,1566390737,Python,Python (3.4.3),py,Accepted,1497,265772,864,
s436481506,p02936,u077291787,1566390704,Python,Python (3.4.3),py,Accepted,1555,303312,849,
s116564597,p02936,u077291787,1566390661,Python,Python (3.4.3),py,Accepted,1590,265728,733,
s299525907,p02936,u077291787,1566390599,Python,Python (3.4.3),py,Accepted,1700,303276,854,
s566699235,p02936,u077291787,1566390507,Python,Python (3.4.3),py,Accepted,1700,303308,853,
s328083761,p02936,u077291787,1566390446,Python,Python (3.4.3),py,Runtime Error,1631,265792,772,
s654719538,p02936,u077291787,1566390393,Python,Python (3.4.3),py,Accepted,1617,265808,856,
s458855515,p02936,u077291787,1566390383,Python,Python (3.4.3),py,Accepted,1583,265844,874,
s597473622,p02936,u527984331,1566389237,Haskell,Haskell (GHC 7.10.3),hs,Wrong Answer,2126,366972,656,
s571687842,p02936,u947517859,1566387024,C++,C++14 (GCC 5.4.1),cpp,Accepted,386,27392,926,
s860096181,p02936,u947517859,1566384469,C++,C++14 (GCC 5.4.1),cpp,Wrong Answer,360,24320,803,
s088987859,p02936,u310087127,1566382792,Java,Java8 (OpenJDK 1.8.0),java,Accepted,960,125644,1360,
s066304233,p02936,u980932400,1566382013,C++,C++14 (GCC 5.4.1),cpp,Accepted,156,23552,3213,
s053887106,p02936,u174509352,1566379708,C++,C++14 (GCC 5.4.1),cpp,Accepted,151,23424,667,
s311886842,p02936,u106374527,1566379215,C++,C++14 (GCC 5.4.1),cpp,Accepted,140,16500,831,
s182010808,p02936,u174509352,1566379212,C++,C++14 (GCC 5.4.1),cpp,Wrong Answer,2105,75264,657,
s195379186,p02936,u106374527,1566379101,C++,C++14 (GCC 5.4.1),cpp,Runtime Error,100,2560,821,
s971303354,p02936,u106374527,1566378914,C++,C++14 (GCC 5.4.1),cpp,Runtime Error,101,2560,845,
s260536705,p02936,u174509352,1566378866,C++,C++14 (GCC 5.4.1),cpp,Accepted,670,23424,674,
s542910024,p02936,u106374527,1566378866,C++,C++14 (GCC 5.4.1),cpp,Compile Error,,,33,
s844529505,p02936,u174509352,1566378596,C++,C++14 (GCC 5.4.1),cpp,Wrong Answer,637,20352,627,
s208720824,p02936,u544532249,1566377341,C++,C++14 (GCC 5.4.1),cpp,Runtime Error,277,12020,555,
s890763329,p02936,u112934680,1566375902,C++,C++14 (GCC 5.4.1),cpp,Accepted,129,24320,777,
s634421245,p02936,u112934680,1566375822,C++,C++14 (GCC 5.4.1),cpp,Runtime Error,98,768,775,
s096499309,p02936,u112934680,1566375750,C++,C++14 (GCC 5.4.1),cpp,Runtime Error,189,14208,773,
s846503077,p02936,u694243276,1566373827,C++,C++14 (GCC 5.4.1),cpp,Wrong Answer,313,3968,435,
s263314553,p02936,u511510484,1566372608,C++,C++14 (GCC 5.4.1),cpp,Accepted,364,27264,648,
s989233160,p02936,u406357446,1566371070,C++,C++14 (GCC 5.4.1),cpp,Accepted,155,25216,667,
s117001461,p02936,u136378781,1566369116,C++,C++14 (GCC 5.4.1),cpp,Wrong Answer,361,30280,1898,
s199540971,p02936,u136378781,1566369051,C++,C++14 (GCC 5.4.1),cpp,Wrong Answer,2105,159276,1908,
s771775829,p02936,u422413213,1566368825,Java,Java8 (OpenJDK 1.8.0),java,Time Limit Exceeded,2110,351948,1862,
s814578035,p02936,u041396154,1566368525,C++,C++14 (GCC 5.4.1),cpp,Wrong Answer,2104,12800,1165,
s091838571,p02936,u808006670,1566368392,C++,C++14 (GCC 5.4.1),cpp,Accepted,869,85620,2940,
s770849037,p02936,u126754120,1566368316,Java,Java8 (OpenJDK 1.8.0),java,Wrong Answer,2118,308208,2462,
s010777009,p02936,u422413213,1566368188,Java,Java8 (OpenJDK 1.8.0),java,Time Limit Exceeded,2110,217252,1551,
s624692930,p02936,u130367513,1566367980,C++,C++14 (GCC 5.4.1),cpp,Wrong Answer,318,28912,1302,
s148610634,p02936,u238510421,1566367798,Python,PyPy3 (2.4.0),py,Wrong Answer,2153,831252,821,
s511796716,p02936,u422413213,1566367785,Java,Java8 (OpenJDK 1.8.0),java,Time Limit Exceeded,2110,205856,1893,
s561885383,p02936,u422413213,1566367644,Java,Java8 (OpenJDK 1.8.0),java,Time Limit Exceeded,2109,208668,2020,
s535704852,p02936,u676010704,1566367487,Rust,Rust (1.15.1),rs,Accepted,190,35064,1492,
s208343631,p02936,u422413213,1566367228,Java,Java8 (OpenJDK 1.8.0),java,Time Limit Exceeded,2110,205704,2226,
s698843216,p02936,u422413213,1566366895,Java,Java8 (OpenJDK 1.8.0),java,Time Limit Exceeded,2110,296260,2087,
s144349393,p02936,u136378781,1566366857,C++,C++14 (GCC 5.4.1),cpp,Accepted,331,28744,1830,
s145565059,p02936,u136378781,1566366778,C++,C++14 (GCC 5.4.1),cpp,Compile Error,,,1822,
s077674470,p02936,u422413213,1566366514,C++,C++14 (GCC 5.4.1),cpp,Accepted,321,39168,1047,
s566295761,p02936,u558092537,1566366315,C++,C++14 (Clang 3.8.0),cpp,Accepted,703,19440,1741,
s198589829,p02936,u747309718,1566366187,Python,PyPy3 (2.4.0),py,Wrong Answer,2117,141960,667,
s988266616,p02936,u422413213,1566366144,C++,C++14 (GCC 5.4.1),cpp,Time Limit Exceeded,2104,39168,1190,
s629334476,p02936,u521723672,1566365753,C++,C++14 (GCC 5.4.1),cpp,Accepted,295,24320,952,
s575014339,p02936,u347575253,1566365300,C++,C++14 (GCC 5.4.1),cpp,Wrong Answer,553,14848,463,
s099358741,p02936,u345631412,1566365047,C++,C++14 (GCC 5.4.1),cpp,Accepted,403,30336,633,
s623018191,p02936,u729617972,1566364920,Java,Java8 (OpenJDK 1.8.0),java,Wrong Answer,2110,216056,785,
s844668446,p02936,u729617972,1566364804,Java,Java8 (OpenJDK 1.8.0),java,Wrong Answer,2110,199628,787,
s449979786,p02936,u712993629,1566364776,C++,C++14 (GCC 5.4.1),cpp,Accepted,194,27648,7361,
s414132866,p02936,u729617972,1566364705,Java,Java8 (OpenJDK 1.8.0),java,Wrong Answer,2109,176580,764,
s064088668,p02936,u670503797,1566364552,Ruby,Ruby (2.3.3),rb,Accepted,1346,93668,457,
s733097009,p02936,u933622697,1566364551,Python,PyPy3 (2.4.0),py,Wrong Answer,708,72028,572,
s731764289,p02936,u997340502,1566364532,C++,C++14 (GCC 5.4.1),cpp,Accepted,369,27392,595,
s490657422,p02936,u712993629,1566364483,C++,C++14 (GCC 5.4.1),cpp,Wrong Answer,111,19820,7362,
s892254103,p02936,u386610210,1566364405,PHP,PHP7 (7.0.15),php,Wrong Answer,689,99956,422,
s497497268,p02936,u997340502,1566364309,C++,C++14 (GCC 5.4.1),cpp,Runtime Error,102,2560,597,
s255929204,p02936,u276568758,1566364070,C++,C++14 (GCC 5.4.1),cpp,Accepted,136,21120,2105,
s378605273,p02936,u317845566,1566363873,Go,Go (1.6),go,Accepted,700,49920,872,
s075035679,p02936,u188208110,1566363716,C++,C++14 (GCC 5.4.1),cpp,Wrong Answer,108,14080,871,
s428851055,p02936,u521723672,1566363666,C++,C++14 (GCC 5.4.1),cpp,Accepted,309,24320,782,
s429678154,p02936,u422675108,1566363665,D,D (DMD64 v2.070.1),d,Accepted,500,19452,1977,
s650801873,p02936,u268674269,1566363626,C++,C++14 (GCC 5.4.1),cpp,Accepted,703,36736,1137,
s491095229,p02936,u941028483,1566363400,Scala,Scala (2.11.7),scala,Accepted,1886,152048,1021,
s771960566,p02936,u933622697,1566363238,Python,PyPy3 (2.4.0),py,Wrong Answer,2113,144516,694,
s357874806,p02936,u941028483,1566362874,Scala,Scala (2.11.7),scala,Time Limit Exceeded,2112,133576,993,
s176184685,p02936,u332253305,1566362810,C++,C++14 (GCC 5.4.1),cpp,Accepted,317,24320,937,
s699036941,p02936,u933622697,1566362809,Python,PyPy3 (2.4.0),py,Wrong Answer,2113,140024,639,
s883129534,p02936,u933622697,1566362408,Python,PyPy3 (2.4.0),py,Wrong Answer,2112,146040,602,
s371970227,p02936,u268674269,1566362361,C++,C++14 (GCC 5.4.1),cpp,Wrong Answer,2104,21248,983,
s714933713,p02936,u968523502,1566362226,C++,C++14 (GCC 5.4.1),cpp,Wrong Answer,103,5504,715,
s681895646,p02936,u968523502,1566362167,C++,C++14 (GCC 5.4.1),cpp,Compile Error,,,713,
s438331637,p02936,u989654188,1566362116,Python,Python (3.4.3),py,Accepted,1532,237724,547,
s519352043,p02936,u989654188,1566361983,Python,Python (3.4.3),py,Accepted,1577,237712,596,
s599181493,p02936,u968523502,1566361965,C++,C++14 (GCC 5.4.1),cpp,Runtime Error,169,5504,666,
s807806829,p02936,u097304477,1566361960,Java,Java8 (OpenJDK 1.8.0),java,Accepted,1069,84044,10758,
s465058669,p02936,u989654188,1566361908,Python,Python (3.4.3),py,Time Limit Exceeded,2124,237944,555,
s319899794,p02936,u677991935,1566361892,C,C (GCC 5.4.1),c,Runtime Error,97,4224,957,
s046936668,p02936,u968523502,1566361869,C++,C++14 (GCC 5.4.1),cpp,Runtime Error,190,5248,665,
s300510062,p02936,u947805421,1566361771,Haskell,Haskell (GHC 7.10.3),hs,Accepted,290,54780,1690,
s326434088,p02936,u989654188,1566361695,Python,Python (3.4.3),py,Time Limit Exceeded,2118,237708,530,
s441487097,p02936,u422675108,1566361567,D,D (DMD64 v2.070.1),d,Time Limit Exceeded,2104,23164,2011,
s229499626,p02936,u268674269,1566361512,C++,C++14 (GCC 5.4.1),cpp,Wrong Answer,2106,36608,1060,
s639557604,p02936,u374512062,1566361311,C++,C++14 (GCC 5.4.1),cpp,Accepted,161,27392,1764,
s136044357,p02936,u347640436,1566361093,Python,Python (3.4.3),py,Accepted,944,62132,635,
s458604729,p02936,u374512062,1566361013,C++,C++14 (GCC 5.4.1),cpp,Wrong Answer,113,25600,1705,
s453496974,p02936,u097304477,1566360975,Java,Java8 (OpenJDK 1.8.0),java,Accepted,1145,90672,10357,
s230980658,p02936,u941028483,1566360898,Scala,Scala (2.11.7),scala,Runtime Error,2107,133656,793,
s696480795,p02936,u989654188,1566360885,Python,Python (3.4.3),py,Time Limit Exceeded,2118,237768,515,
s291768968,p02936,u941028483,1566360852,Scala,Scala (2.11.7),scala,Compile Error,,,794,
s541748099,p02936,u849341325,1566360747,C,C (GCC 5.4.1),c,Wrong Answer,2103,6528,558,
s484688309,p02936,u136378781,1566360663,C++,C++14 (GCC 5.4.1),cpp,Accepted,200,32584,1817,
s166263423,p02936,u849341325,1566360560,C,C (GCC 5.4.1),c,Wrong Answer,2104,7808,558,
s781494729,p02936,u677991935,1566360554,C,C (GCC 5.4.1),c,Runtime Error,102,6272,975,
s279575906,p02936,u268674269,1566360527,C++,C++14 (GCC 5.4.1),cpp,Wrong Answer,2104,19328,1039,
s099572499,p02936,u502709453,1566360521,C++,C++14 (GCC 5.4.1),cpp,Accepted,141,17140,2908,
s838606001,p02936,u136378781,1566360497,C++,C++14 (GCC 5.4.1),cpp,Accepted,329,32584,1751,
s555640467,p02936,u386610210,1566360393,PHP,PHP7 (7.0.15),php,Wrong Answer,2104,189296,1167,
s146519980,p02936,u941028483,1566360292,Scala,Scala (2.11.7),scala,Runtime Error,2111,132980,781,
s482080315,p02936,u677991935,1566360237,C,C (GCC 5.4.1),c,Runtime Error,103,4224,970,
s089427533,p02936,u989654188,1566360184,Python,Python (3.4.3),py,Time Limit Exceeded,2111,232196,471,
s770505301,p02936,u347640436,1566360173,Python,Python (3.4.3),py,Accepted,1004,62132,650,
s117613426,p02936,u401452016,1566360122,Python,Python (3.4.3),py,Accepted,1938,448680,638,
s824783931,p02936,u936790121,1566360115,C++,C++14 (GCC 5.4.1),cpp,Runtime Error,498,277248,2121,
s790478985,p02936,u347640436,1566360033,Python,Python (3.4.3),py,Accepted,978,62132,662,
s323705586,p02936,u936790121,1566360031,C++,C++14 (GCC 5.4.1),cpp,Runtime Error,502,277248,2120,
s234426486,p02936,u787696070,1566359959,C++,C++14 (GCC 5.4.1),cpp,Wrong Answer,268,3968,612,
s448833101,p02936,u677991935,1566359940,C,C (GCC 5.4.1),c,Runtime Error,310,6272,988,
s288311922,p02936,u268674269,1566359927,C++,C++14 (GCC 5.4.1),cpp,Wrong Answer,2104,19328,1011,
s890850683,p02936,u989654188,1566359927,Python,Python (3.4.3),py,Runtime Error,1711,61732,431,
s199087047,p02936,u858173617,1566359562,Java,Java8 (OpenJDK 1.8.0),java,Accepted,618,106072,4176,
s809741001,p02936,u936790121,1566359515,C++,C++14 (GCC 5.4.1),cpp,Wrong Answer,275,21120,2087,
s758057119,p02936,u314232289,1566359513,Haskell,Haskell (GHC 7.10.3),hs,Accepted,1796,159612,1915,
s111123658,p02936,u314232289,1566359259,Haskell,Haskell (GHC 7.10.3),hs,Time Limit Exceeded,2125,335228,2104,
s191948096,p02936,u422675108,1566359137,D,D (DMD64 v2.070.1),d,Wrong Answer,378,13948,1539,
s150454806,p02936,u787696070,1566359055,C++,C++14 (GCC 5.4.1),cpp,Wrong Answer,250,3968,549,
s620747697,p02936,u787696070,1566358928,C++,C++14 (GCC 5.4.1),cpp,Wrong Answer,248,3712,548,
s414400093,p02936,u422675108,1566358864,D,D (DMD64 v2.070.1),d,Wrong Answer,382,10236,1537,
s059652043,p02936,u941028483,1566358488,Scala,Scala (2.11.7),scala,Runtime Error,2112,132844,1116,
s831834604,p02936,u858173617,1566358442,Java,Java8 (OpenJDK 1.8.0),java,Wrong Answer,496,78784,3821,
s365211357,p02936,u941028483,1566358060,Scala,Scala (2.11.7),scala,Runtime Error,2112,146476,1021,
s688152173,p02936,u401452016,1566358041,Python,Python (3.4.3),py,Time Limit Exceeded,2117,142884,638,
s532321288,p02936,u997340502,1566357958,C++,C++14 (GCC 5.4.1),cpp,Compile Error,,,542,
s877871543,p02936,u941028483,1566357910,Scala,Scala (2.11.7),scala,Runtime Error,2098,162496,1134,
s048198196,p02936,u997340502,1566357870,C++,C++14 (GCC 5.4.1),cpp,Compile Error,,,534,
s532659578,p02936,u560900554,1566357404,Rust,Rust (1.15.1),rs,Accepted,208,41468,2416,
s692306351,p02936,u401452016,1566357166,Python,PyPy3 (2.4.0),py,Time Limit Exceeded,2120,266812,623,
s493502286,p02936,u123756661,1566357157,Python,PyPy3 (2.4.0),py,Runtime Error,2055,447468,569,
s057368467,p02936,u347850398,1566357091,C++,C++14 (GCC 5.4.1),cpp,Wrong Answer,113,14976,626,
s246829406,p02936,u123756661,1566357060,Python,PyPy3 (2.4.0),py,Runtime Error,2093,447356,2220,
s933286603,p02936,u123756661,1566357033,Python,PyPy2 (5.6.0),py,Runtime Error,34,28396,1107,
s817537192,p02936,u941028483,1566357013,Scala,Scala (2.11.7),scala,Runtime Error,2112,144872,1092,
s214540570,p02936,u270607031,1566356847,Python,Python (3.4.3),py,Wrong Answer,2107,93924,1759,
s517462276,p02936,u290929730,1566356836,C++,C++14 (GCC 5.4.1),cpp,Accepted,160,32128,1631,
s918157556,p02936,u401452016,1566356622,Python,Python (3.4.3),py,Time Limit Exceeded,2112,140620,621,
s083987289,p02936,u022154897,1566356588,Python,PyPy3 (2.4.0),py,Accepted,1929,129112,727,
s695966532,p02936,u297507288,1566356563,Ruby,Ruby (2.3.3),rb,Accepted,763,27388,453,
s311066024,p02936,u715750943,1566356360,C++,C++14 (GCC 5.4.1),cpp,Accepted,221,23540,3561,
s593461221,p02936,u270607031,1566356354,Python,Python (3.4.3),py,Runtime Error,18,3064,1726,
s911818541,p02936,u022154897,1566356263,Python,PyPy3 (2.4.0),py,Time Limit Exceeded,2098,130632,764,
s451640576,p02936,u297507288,1566356209,Ruby,Ruby (2.3.3),rb,Runtime Error,737,39676,421,
s613647896,p02936,u368603125,1566356169,Perl,Perl (v5.18.2),pl,Wrong Answer,2120,288256,527,
s399853469,p02936,u401452016,1566356118,Python,Python (3.4.3),py,Time Limit Exceeded,2112,140240,691,
s665909300,p02936,u368603125,1566355942,Perl,Perl (v5.18.2),pl,Wrong Answer,2126,301568,525,
s757478252,p02936,u684822781,1566355935,C++,C++14 (GCC 5.4.1),cpp,Wrong Answer,935,24820,1760,
s417560951,p02936,u183509493,1566355921,Java,Java8 (OpenJDK 1.8.0),java,Accepted,1250,106084,4744,
s307451365,p02936,u097182283,1566355696,C,C (GCC 5.4.1),c,Wrong Answer,92,4480,656,
s109662771,p02936,u401452016,1566355651,Python,Python (3.4.3),py,Runtime Error,2112,138544,578,
s086585501,p02936,u022154897,1566355640,Python,PyPy3 (2.4.0),py,Time Limit Exceeded,2109,137032,802,
s383647516,p02936,u858173617,1566355576,Java,Java8 (OpenJDK 1.8.0),java,Wrong Answer,2107,112988,4023,
s673097416,p02936,u858173617,1566355451,Java,Java8 (OpenJDK 1.8.0),java,Compile Error,,,4020,
s926898903,p02936,u270607031,1566355310,Python,Python (3.4.3),py,Runtime Error,22,3064,1259,
s239362388,p02936,u423002653,1566355217,C++,C++14 (GCC 5.4.1),cpp,Accepted,138,24448,876,
s079866443,p02936,u401452016,1566355161,Python,Python (3.4.3),py,Runtime Error,2112,138544,625,
s723803498,p02936,u401382183,1566355081,C++,C++14 (GCC 5.4.1),cpp,Wrong Answer,284,14848,1735,
s903225323,p02936,u509621775,1566355058,Python,Python (3.4.3),py,Accepted,988,62132,623,
s038730912,p02936,u297507288,1566354992,Ruby,Ruby (2.3.3),rb,Runtime Error,745,39164,439,
s841424267,p02936,u964273035,1566354988,Go,Go (1.6),go,Accepted,473,79872,781,
s331625896,p02936,u421426760,1566354969,C++,C++14 (GCC 5.4.1),cpp,Accepted,304,55240,1520,
s540342918,p02936,u951746552,1566354956,C++,C++14 (GCC 5.4.1),cpp,Wrong Answer,316,44656,1934,
s792686457,p02936,u598755311,1566354891,C++,C++14 (GCC 5.4.1),cpp,Wrong Answer,2105,36736,2642,
s552820156,p02936,u297507288,1566354878,Ruby,Ruby (2.3.3),rb,Runtime Error,728,38652,437,
s579836067,p02936,u022154897,1566354834,Python,PyPy3 (2.4.0),py,Time Limit Exceeded,2110,137032,763,
s247526250,p02936,u419854316,1566354793,C++,C++14 (GCC 5.4.1),cpp,Wrong Answer,2104,33152,2253,
s428000184,p02936,u421426760,1566354781,C++,C++14 (GCC 5.4.1),cpp,Accepted,579,62592,1476,
s493051413,p02936,u964273035,1566354776,Go,Go (1.6),go,Wrong Answer,211,15616,1603,
s855442517,p02936,u297507288,1566354716,Ruby,Ruby (2.3.3),rb,Runtime Error,785,39804,446,
s333189477,p02936,u951746552,1566354699,C++,C++14 (GCC 5.4.1),cpp,Wrong Answer,287,43764,1698,
s325421404,p02936,u419854316,1566354692,C++,C++14 (GCC 5.4.1),cpp,Runtime Error,149,6516,2251,
s823514233,p02936,u297507288,1566354668,Ruby,Ruby (2.3.3),rb,Runtime Error,7,1788,455,
s470816005,p02936,u858173617,1566354517,Java,Java8 (OpenJDK 1.8.0),java,Wrong Answer,2110,117348,4017,
s261969681,p02936,u858173617,1566354457,Java,Java8 (OpenJDK 1.8.0),java,Compile Error,,,4016,
s331266040,p02936,u964273035,1566354419,Go,Go (1.6),go,Wrong Answer,240,24984,1595,
s742211573,p02936,u941028483,1566354409,Scala,Scala (2.11.7),scala,Runtime Error,2111,145264,1039,
s273363611,p02936,u509621775,1566354295,Python,Python (3.4.3),py,Accepted,999,62232,651,
s622734098,p02936,u297507288,1566354263,Ruby,Ruby (2.3.3),rb,Runtime Error,759,38908,445,
s687092388,p02936,u372102441,1566354141,Python,Python (3.4.3),py,Runtime Error,2111,121720,581,
s480834711,p02936,u682395093,1566354082,Java,Java8 (OpenJDK 1.8.0),java,Time Limit Exceeded,2110,208772,882,
s760830086,p02936,u964273035,1566353872,Go,Go (1.6),go,Wrong Answer,336,24448,1684,
s534087765,p02936,u022154897,1566353832,Python,PyPy3 (2.4.0),py,Wrong Answer,1939,128888,696,
s352159433,p02936,u509621775,1566353817,Python,Python (3.4.3),py,Accepted,1821,266880,725,
s544578226,p02936,u858173617,1566353804,Java,Java8 (OpenJDK 1.8.0),java,Wrong Answer,2109,113048,4204,
s790506668,p02936,u372102441,1566353779,Python,Python (3.4.3),py,Runtime Error,903,119800,590,
s872203307,p02936,u858173617,1566353753,Java,Java8 (OpenJDK 1.8.0),java,Compile Error,,,4207,
s028676831,p02936,u941028483,1566353742,Scala,Scala (2.11.7),scala,Runtime Error,2111,145052,1057,
s332924998,p02936,u509621775,1566353706,Python,Python (3.4.3),py,Accepted,1756,270016,685,
s570721415,p02936,u964273035,1566353632,Go,Go (1.6),go,Wrong Answer,2108,18560,1667,
s282268165,p02936,u297507288,1566353445,Ruby,Ruby (2.3.3),rb,Runtime Error,739,38268,435,
s175187673,p02936,u285443936,1566353404,Python,Python (3.4.3),py,Accepted,1088,74576,608,
s443710826,p02936,u964273035,1566353206,Go,Go (1.6),go,Wrong Answer,1046,11160,1635,
s994448665,p02936,u509621775,1566352926,Python,Python (3.4.3),py,Accepted,1702,269956,655,
s878778276,p02936,u509621775,1566352812,Python,Python (3.4.3),py,Accepted,1735,269956,655,
s877049914,p02936,u172369914,1566352799,C++,C++14 (GCC 5.4.1),cpp,Accepted,379,31360,1790,
s632600289,p02936,u003018968,1566352736,Java,Java8 (OpenJDK 1.8.0),java,Accepted,1853,186364,6562,
s120420607,p02936,u509621775,1566352665,Python,Python (3.4.3),py,Runtime Error,1774,266304,654,
s499058996,p02936,u006493569,1566352635,OCaml,OCaml (4.02.3),ml,Accepted,327,35328,624,
s691722924,p02936,u003018968,1566352627,Java,Java8 (OpenJDK 1.8.0),java,Wrong Answer,1797,180680,6538,
s530630534,p02936,u536560967,1566352623,Python,PyPy3 (2.4.0),py,Wrong Answer,2113,87972,255,
s322527698,p02936,u536560967,1566352614,Python,PyPy3 (2.4.0),py,Wrong Answer,2109,87808,255,
s871121017,p02936,u945641805,1566352553,Python,Python (3.4.3),py,Accepted,1754,243396,646,
s857558093,p02936,u509621775,1566352500,Python,Python (3.4.3),py,Runtime Error,1934,266296,665,
s248710626,p02936,u726604439,1566352461,C++,C++14 (GCC 5.4.1),cpp,Accepted,312,17140,851,
s386570614,p02936,u003018968,1566352408,Java,Java8 (OpenJDK 1.8.0),java,Wrong Answer,1629,177116,6352,
s978401989,p02936,u945641805,1566352265,Python,Python (3.4.3),py,Time Limit Exceeded,2118,235568,607,
s019213565,p02936,u716314620,1566352225,C++,C++14 (GCC 5.4.1),cpp,Accepted,157,32896,1448,
s554742968,p02936,u536560967,1566352069,Python,PyPy3 (2.4.0),py,Wrong Answer,2109,88152,246,
s579562840,p02936,u509621775,1566351965,Python,Python (3.4.3),py,Runtime Error,1845,266300,679,
s402564036,p02936,u037242228,1566351947,C++,C++14 (GCC 5.4.1),cpp,Accepted,137,25600,6257,
s184262070,p02936,u854869949,1566351914,C++,C++14 (GCC 5.4.1),cpp,Accepted,155,27392,628,
s646217554,p02936,u022154897,1566351892,Python,PyPy3 (2.4.0),py,Wrong Answer,2110,137716,830,
s985431224,p02936,u297507288,1566351838,Ruby,Ruby (2.3.3),rb,Runtime Error,2111,67092,830,
s106530620,p02936,u844646164,1566351779,Python,PyPy3 (2.4.0),py,Runtime Error,2116,206544,577,
s058622482,p02936,u844646164,1566351722,Python,Python (3.4.3),py,Time Limit Exceeded,2114,163600,577,
s257328646,p02936,u509621775,1566351656,Python,Python (3.4.3),py,Time Limit Exceeded,2120,266296,652,
s431974331,p02936,u844646164,1566351616,Python,Python (3.4.3),py,Time Limit Exceeded,2115,163592,505,
s764234982,p02936,u107091170,1566351553,C++,C++14 (GCC 5.4.1),cpp,Accepted,329,24320,657,
s429532171,p02936,u107091170,1566351473,C++,C++14 (GCC 5.4.1),cpp,Compile Error,,,664,
s833437463,p02936,u003018968,1566351446,Java,Java8 (OpenJDK 1.8.0),java,Wrong Answer,1180,86776,6042,
s320443762,p02936,u509368316,1566351418,Python,PyPy3 (2.4.0),py,Accepted,1933,124724,536,
s993710261,p02936,u962241803,1566351386,C++,C++14 (GCC 5.4.1),cpp,Accepted,391,25600,2118,
s620484708,p02936,u022154897,1566351302,Python,PyPy3 (2.4.0),py,Wrong Answer,1978,126328,678,
s795051362,p02936,u509621775,1566351082,Python,Python (3.4.3),py,Wrong Answer,2119,258376,526,
s984683902,p02936,u965562021,1566351073,C#,C# (Mono 4.6.2.0),cs,Accepted,578,73348,1796,
s667262313,p02936,u714300041,1566350941,Python,PyPy3 (2.4.0),py,Accepted,987,124140,888,
s906065380,p02936,u965562021,1566350909,C#,C# (Mono 4.6.2.0),cs,Accepted,593,72840,2828,
s521635966,p02936,u297507288,1566350799,Ruby,Ruby (2.3.3),rb,Wrong Answer,2111,56572,763,
s184870807,p02936,u282835662,1566350739,C++,C++14 (GCC 5.4.1),cpp,Wrong Answer,315,16512,595,
s292541873,p02936,u401382183,1566350707,C++,C++14 (GCC 5.4.1),cpp,Runtime Error,2596,1780,682,
s989530942,p02936,u682395093,1566350700,C++,C++14 (GCC 5.4.1),cpp,Accepted,685,23552,785,
s075108715,p02936,u401382183,1566350660,C++,C++14 (GCC 5.4.1),cpp,Compile Error,,,684,
s079926581,p02936,u682395093,1566350620,Java,Java8 (OpenJDK 1.8.0),java,Compile Error,,,785,
s171617940,p02936,u945641805,1566350607,Python,PyPy3 (2.4.0),py,Time Limit Exceeded,2118,241272,632,
s198362724,p02936,u310023971,1566350524,Python,Python (3.4.3),py,Wrong Answer,2110,110472,297,
s284734636,p02936,u652737716,1566350517,C++,C++14 (Clang 3.8.0),cpp,Accepted,735,23552,1542,
s377548824,p02936,u945641805,1566350419,Python,Python (3.4.3),py,Time Limit Exceeded,2118,238216,632,
s349628306,p02936,u220212997,1566350328,C++,C++14 (GCC 5.4.1),cpp,Runtime Error,102,4864,937,
s820060158,p02936,u509368316,1566350312,Python,PyPy3 (2.4.0),py,Wrong Answer,2122,306112,412,
s871796330,p02936,u095834727,1566350258,Kotlin,Kotlin (1.0.0),kt,Accepted,1789,97984,3682,
s771951715,p02936,u095834727,1566350106,Kotlin,Kotlin (1.0.0),kt,Accepted,1795,98616,3762,
s257307226,p02936,u775556337,1566349972,C++,C++14 (GCC 5.4.1),cpp,Accepted,687,23424,592,
s284948312,p02936,u714300041,1566349875,Python,Python (3.4.3),py,Accepted,1678,93552,888,
s158783783,p02936,u401382183,1566349873,C++,C++14 (GCC 5.4.1),cpp,Runtime Error,3441,1908,722,
s262261897,p02936,u509368316,1566349827,Python,PyPy3 (2.4.0),py,Wrong Answer,2118,228076,411,
s193557015,p02936,u119098168,1566349797,C++,C++14 (GCC 5.4.1),cpp,Accepted,310,24320,782,
s052532405,p02936,u714300041,1566349628,Python,Python (3.4.3),py,Wrong Answer,1753,88860,884,
s834114614,p02936,u457499130,1566349536,Ruby,Ruby (2.3.3),rb,Runtime Error,1189,364872,492,
s615391995,p02936,u572532976,1566349403,C++,C++14 (GCC 5.4.1),cpp,Accepted,477,139008,953,
s901629667,p02936,u282835662,1566349385,C++,C++14 (GCC 5.4.1),cpp,Wrong Answer,255,5376,483,
s936806673,p02936,u401382183,1566349340,C++,C++14 (GCC 5.4.1),cpp,Runtime Error,3084,1780,641,
s148864308,p02936,u572532976,1566349308,C++,C++14 (GCC 5.4.1),cpp,Accepted,275,139008,2024,
s846946984,p02936,u714300041,1566349295,Python,Python (3.4.3),py,Accepted,1998,264112,656,
s917930884,p02936,u714300041,1566349253,Python,PyPy3 (2.4.0),py,Time Limit Exceeded,2151,748308,656,
s421934703,p02936,u542670845,1566348934,C++,C++14 (GCC 5.4.1),cpp,Accepted,657,23424,692,
s748959379,p02936,u716314620,1566348861,C++,C++14 (GCC 5.4.1),cpp,Wrong Answer,129,26624,1225,
s511242578,p02936,u457499130,1566348819,Ruby,Ruby (2.3.3),rb,Runtime Error,748,30076,380,
s846668517,p02936,u457499130,1566348743,Ruby,Ruby (2.3.3),rb,Wrong Answer,688,23804,380,
s114713704,p02936,u297507288,1566348667,Ruby,Ruby (2.3.3),rb,Runtime Error,2110,51836,603,
s732384863,p02936,u766779796,1566348665,C++,C++14 (GCC 5.4.1),cpp,Accepted,605,31104,1672,
s259770226,p02936,u457499130,1566348640,Ruby,Ruby (2.3.3),rb,Wrong Answer,665,23804,380,
s494273588,p02936,u766779796,1566348637,C++,C++14 (GCC 5.4.1),cpp,Compile Error,,,1697,
s761968859,p02936,u766779796,1566348513,C++,C++14 (GCC 5.4.1),cpp,Wrong Answer,400,20608,1611,
s090302275,p02936,u766779796,1566348473,C++,C++14 (GCC 5.4.1),cpp,Accepted,607,51272,1759,
s739444811,p02936,u175665488,1566348386,C++,C++14 (GCC 5.4.1),cpp,Accepted,137,24064,983,
s724346499,p02936,u297507288,1566348371,Ruby,Ruby (2.3.3),rb,Runtime Error,2110,52348,578,
s049433872,p02936,u726630158,1566348272,Ruby,Ruby (2.3.3),rb,Accepted,753,27388,414,
s961353859,p02936,u714300041,1566348003,Python,PyPy3 (2.4.0),py,Time Limit Exceeded,2155,834412,616,
s346689962,p02936,u457499130,1566347917,Ruby,Ruby (2.3.3),rb,Runtime Error,744,29436,379,
s550169809,p02936,u714300041,1566347908,Python,PyPy3 (2.4.0),py,Accepted,921,150556,637,
s801170751,p02936,u457499130,1566347864,Ruby,Ruby (2.3.3),rb,Runtime Error,346,20604,387,
s751383499,p02936,u873107917,1566347854,C++,C++14 (GCC 5.4.1),cpp,Accepted,684,24960,438,
s764057518,p02936,u873107917,1566347622,C++,C++14 (GCC 5.4.1),cpp,Wrong Answer,140,33664,1057,
s497968107,p02936,u873107917,1566347551,C++,C++14 (GCC 5.4.1),cpp,Compile Error,,,1053,
s847022270,p02936,u873107917,1566347497,C++,C++14 (GCC 5.4.1),cpp,Compile Error,,,1053,
s929199423,p02936,u714300041,1566347232,Python,Python (3.4.3),py,Wrong Answer,1704,257872,655,
s207272020,p02936,u657913472,1566347100,C++,C++14 (GCC 5.4.1),cpp,Accepted,675,24960,438,
s210212920,p02936,u299846344,1566347097,C++,C++14 (GCC 5.4.1),cpp,Wrong Answer,2233,1564252,977,
s388323091,p02936,u714300041,1566347013,Python,PyPy3 (2.4.0),py,Wrong Answer,2150,763504,624,
s602909757,p02936,u839397805,1566347010,C++,C++14 (GCC 5.4.1),cpp,Accepted,716,41600,788,
s995720289,p02936,u657994700,1566346781,Python,Python (3.4.3),py,Wrong Answer,1828,69948,381,
s181063984,p02936,u714300041,1566346664,Python,PyPy3 (2.4.0),py,Wrong Answer,2155,817556,654,
s713319448,p02936,u195054737,1566346547,Python,Python (3.4.3),py,Accepted,1137,64548,1032,
s512663676,p02936,u657994700,1566346412,Python,Python (3.4.3),py,Wrong Answer,1492,69204,354,
s713899280,p02936,u344988675,1566346100,Python,Python (3.4.3),py,Accepted,1808,53032,792,
s594776102,p02936,u477456501,1566346042,C++,C++14 (GCC 5.4.1),cpp,Accepted,129,23552,624,
s775661804,p02936,u658801777,1566346038,Python,Python (3.4.3),py,Runtime Error,2105,43612,1071,
s768219050,p02936,u895382169,1566345980,C++,C++14 (GCC 5.4.1),cpp,Wrong Answer,314,7296,745,
s959188007,p02936,u895382169,1566345964,C++,C++14 (GCC 5.4.1),cpp,Wrong Answer,2,384,839,
s489241719,p02936,u344988675,1566345834,Python,Python (3.4.3),py,Time Limit Exceeded,2107,50864,783,
s097930191,p02936,u022154897,1566345722,Python,PyPy3 (2.4.0),py,Wrong Answer,1971,126456,677,
s183802450,p02936,u714300041,1566345637,Python,PyPy3 (2.4.0),py,Runtime Error,836,119628,475,
s712370256,p02936,u380914158,1566345485,Python,PyPy3 (2.4.0),py,Wrong Answer,1305,89948,321,
s791438251,p02936,u326609687,1566345458,Python,Python (3.4.3),py,Accepted,399,99032,206893,
s053027743,p02936,u326609687,1566345291,Python,Python (3.4.3),py,Accepted,404,98984,206893,
s009034025,p02936,u380914158,1566345279,Python,PyPy3 (2.4.0),py,Wrong Answer,1476,89948,407,
s900780696,p02936,u406158207,1566345200,C++,C++14 (GCC 5.4.1),cpp,Accepted,383,23680,1572,
s060218158,p02936,u380914158,1566345179,Python,Python (3.4.3),py,Wrong Answer,1137,68932,407,
s396888464,p02936,u326609687,1566345097,Python,Python (3.4.3),py,Wrong Answer,381,99008,206811,
s398195925,p02936,u380914158,1566345050,Python,Python (3.4.3),py,Wrong Answer,1246,68848,348,
s832391916,p02936,u583193199,1566344989,Java,Java8 (OpenJDK 1.8.0),java,Accepted,1958,167860,1956,
s882817688,p02936,u380914158,1566344890,Python,Python (3.4.3),py,Wrong Answer,1931,68928,281,
s839087155,p02936,u850516963,1566344849,C++,C++14 (GCC 5.4.1),cpp,Accepted,141,23552,1761,
s621320104,p02936,u380914158,1566344628,Python,Python (3.4.3),py,Wrong Answer,1889,68928,281,
s578047113,p02936,u850516963,1566344596,C++,C++14 (GCC 5.4.1),cpp,Runtime Error,177,15348,2143,
s829148199,p02936,u850516963,1566344546,C++,C++14 (GCC 5.4.1),cpp,Runtime Error,175,15348,2142,
s690180719,p02936,u850516963,1566344491,C++,C++14 (GCC 5.4.1),cpp,Runtime Error,101,5120,2140,
s637336791,p02936,u476604182,1566344384,Python,PyPy3 (2.4.0),py,Time Limit Exceeded,2076,127412,527,
s077924956,p02936,u850516963,1566344375,C++,C++14 (GCC 5.4.1),cpp,Accepted,137,23552,1761,
s761535312,p02936,u883521673,1566344356,C++,C++14 (GCC 5.4.1),cpp,Accepted,130,24320,1009,
s381868865,p02936,u583193199,1566344351,C++,C++14 (GCC 5.4.1),cpp,Accepted,426,23100,1477,
s070583908,p02936,u850516963,1566344330,C++,C++14 (GCC 5.4.1),cpp,Compile Error,,,1790,
s377308503,p02936,u657994700,1566344273,Python,Python (3.4.3),py,Wrong Answer,1709,69224,354,
s656334992,p02936,u850516963,1566344213,C++,C++14 (GCC 5.4.1),cpp,Accepted,138,23552,1762,
s464319334,p02936,u657994700,1566344204,Python,Python (3.4.3),py,Wrong Answer,1656,69224,352,
s013371731,p02936,u476604182,1566344139,Python,Python (3.4.3),py,Accepted,1873,73200,490,
s392221018,p02936,u588093355,1566344056,C++,C++14 (GCC 5.4.1),cpp,Accepted,141,30592,1558,
s909104232,p02936,u476604182,1566344054,Python,Python (3.4.3),py,Accepted,1838,88456,527,
s868090734,p02936,u850516963,1566343940,C++,C++14 (GCC 5.4.1),cpp,Accepted,127,15604,2106,
s404594342,p02936,u326609687,1566343840,Python,Python (3.4.3),py,Accepted,368,39668,205896,
s025166110,p02936,u097182283,1566343760,C,C (GCC 5.4.1),c,Wrong Answer,97,11648,680,
s722740653,p02936,u850516963,1566343716,C++,C++14 (GCC 5.4.1),cpp,Accepted,129,15604,2077,
s983467466,p02936,u850516963,1566343636,C++,C++14 (GCC 5.4.1),cpp,Accepted,407,15604,2047,
s930647044,p02936,u850516963,1566343595,C++,C++14 (GCC 5.4.1),cpp,Compile Error,,,2052,
s422497994,p02936,u476604182,1566343586,Python,Python (3.4.3),py,Accepted,1708,56084,478,
s659497601,p02936,u013629972,1566343558,Python,Python (3.4.3),py,Accepted,1591,235924,1657,
s855998772,p02936,u326609687,1566343545,Python,Python (3.4.3),py,Accepted,361,39724,206444,
s686115144,p02936,u013629972,1566343487,Python,Python (3.4.3),py,Accepted,1598,235932,1657,
s771587361,p02936,u013629972,1566343428,Python,Python (3.4.3),py,Accepted,1746,235756,1657,
s885445903,p02936,u850516963,1566343371,C++,C++14 (GCC 5.4.1),cpp,Accepted,409,15604,1991,
s796986256,p02936,u013629972,1566343311,Python,Python (3.4.3),py,Accepted,1660,236048,1657,
s309044835,p02936,u326609687,1566343245,Python,Python (3.4.3),py,Accepted,400,47284,206412,
s677441574,p02936,u013629972,1566343207,Python,Python (3.4.3),py,Accepted,1612,235928,1642,
s737092718,p02936,u850516963,1566343158,C++,C++14 (GCC 5.4.1),cpp,Accepted,406,15604,1971,
s274374531,p02936,u192361952,1566343112,C++,C++14 (GCC 5.4.1),cpp,Accepted,144,24320,2234,
s091597881,p02936,u013629972,1566343089,Python,Python (3.4.3),py,Time Limit Exceeded,2106,55196,1655,
s745817127,p02936,u192361952,1566343054,C++,C++14 (GCC 5.4.1),cpp,Runtime Error,101,2560,2234,
s434909401,p02936,u850516963,1566342964,C++,C++14 (GCC 5.4.1),cpp,Accepted,416,15604,1948,
s187971187,p02936,u013629972,1566342909,Python,Python (3.4.3),py,Accepted,1994,232784,1605,
s126396417,p02936,u850516963,1566342892,C++,C++14 (GCC 5.4.1),cpp,Accepted,413,15604,1943,
s859486658,p02936,u588093355,1566342859,C++,C++14 (GCC 5.4.1),cpp,Accepted,136,24320,1549,
s159663568,p02936,u013629972,1566342844,Python,Python (3.4.3),py,Time Limit Exceeded,2105,26368,1651,
s313482734,p02936,u296557772,1566342735,Python,Python (3.4.3),py,Wrong Answer,2107,98212,1096,
s565348670,p02936,u013629972,1566342713,Python,Python (3.4.3),py,Time Limit Exceeded,2111,286240,1713,
s914729697,p02936,u013629972,1566342596,Python,Python (3.4.3),py,Time Limit Exceeded,2115,268836,1742,
s750253746,p02936,u013629972,1566342286,Python,Python (3.4.3),py,Time Limit Exceeded,2117,219236,1647,
s575765484,p02936,u221285045,1566342256,C++,C++14 (GCC 5.4.1),cpp,Accepted,327,15604,1430,
s650053027,p02936,u013629972,1566342179,Python,Python (3.4.3),py,Accepted,1876,232884,1685,
s525699569,p02936,u013629972,1566342146,Python,Python (3.4.3),py,Accepted,1873,232880,1650,
s569221940,p02936,u013629972,1566341740,Python,Python (3.4.3),py,Time Limit Exceeded,2107,54860,1668,
s233960916,p02936,u570018655,1566341619,C++,C++14 (GCC 5.4.1),cpp,Accepted,134,23552,756,
s873373490,p02936,u013629972,1566341579,Python,Python (3.4.3),py,Time Limit Exceeded,2105,26360,1718,
s080820712,p02936,u331948661,1566341394,C++,C++14 (GCC 5.4.1),cpp,Time Limit Exceeded,2104,19440,935,
s442032717,p02936,u013629972,1566341302,Python,Python (3.4.3),py,Time Limit Exceeded,2106,55324,1792,
s031271858,p02936,u013629972,1566340925,Python,Python (3.4.3),py,Time Limit Exceeded,2111,91664,1778,
s424745649,p02936,u095834727,1566340901,Kotlin,Kotlin (1.0.0),kt,Accepted,1962,103224,2982,
s750394091,p02936,u570018655,1566340763,C++,C++14 (GCC 5.4.1),cpp,Time Limit Exceeded,2238,1684324,980,
s302483476,p02936,u013629972,1566340735,Python,Python (3.4.3),py,Time Limit Exceeded,2109,118604,1781,
s274797494,p02936,u785644520,1566340716,C++,C++14 (GCC 5.4.1),cpp,Accepted,293,15604,978,
s783696153,p02936,u962575856,1566340713,Python,Python (3.4.3),py,Runtime Error,2118,239000,432,
s995637042,p02936,u296557772,1566340641,Python,Python (3.4.3),py,Wrong Answer,2107,98212,1097,
s321094644,p02936,u013629972,1566340550,Python,PyPy3 (2.4.0),py,Runtime Error,2109,84952,1892,
s839171544,p02936,u095834727,1566340510,Kotlin,Kotlin (1.0.0),kt,Accepted,1779,95316,3715,
s628211214,p02936,u296557772,1566340490,Python,Python (2.7.6),py,Wrong Answer,2110,93744,1108,
s121525201,p02936,u785644520,1566340407,C++,C++14 (GCC 5.4.1),cpp,Time Limit Exceeded,2104,16112,1049,
s534715363,p02936,u095834727,1566340344,Kotlin,Kotlin (1.0.0),kt,Accepted,1809,98768,3682,
s563253369,p02936,u785644520,1566340103,C++,C++14 (GCC 5.4.1),cpp,Time Limit Exceeded,2104,16112,1182,
s839088729,p02936,u013629972,1566340074,Python,Python (3.4.3),py,Runtime Error,2109,118216,1892,
s551801674,p02936,u186616769,1566340003,Python,Python (3.4.3),py,Runtime Error,1693,86632,348,
s055140991,p02936,u095834727,1566339822,Kotlin,Kotlin (1.0.0),kt,Accepted,1404,90056,3384,
s346771880,p02936,u785644520,1566339790,C++,C++14 (GCC 5.4.1),cpp,Time Limit Exceeded,2104,14324,1155,
s830095846,p02936,u593081125,1566339722,C++,C++14 (GCC 5.4.1),cpp,Wrong Answer,3097,1780,1599,
s347922546,p02936,u172369914,1566339499,C++,C++14 (GCC 5.4.1),cpp,Wrong Answer,318,31360,2017,
s504440036,p02936,u850516963,1566339486,C++,C++14 (GCC 5.4.1),cpp,Accepted,435,15604,1939,
s506140290,p02936,u061984624,1566339445,C++,C++14 (GCC 5.4.1),cpp,Wrong Answer,306,23552,741,
s757248704,p02936,u061984624,1566339388,C++,C++14 (GCC 5.4.1),cpp,Wrong Answer,287,23552,741,
s741972902,p02936,u061984624,1566339355,C++,C++14 (GCC 5.4.1),cpp,Wrong Answer,304,24192,868,
s227747746,p02936,u071109514,1566339162,C++,C++14 (GCC 5.4.1),cpp,Accepted,145,30592,947,
s340891044,p02936,u850516963,1566338991,C++,C++14 (GCC 5.4.1),cpp,Accepted,428,23808,1759,
s587875706,p02936,u850516963,1566338906,C++,C++14 (GCC 5.4.1),cpp,Accepted,436,23552,1760,
s151015842,p02936,u570018655,1566338892,C++,C++14 (GCC 5.4.1),cpp,Wrong Answer,2243,1825372,825,
s300231353,p02936,u136378781,1566338754,C++,C++14 (GCC 5.4.1),cpp,Accepted,186,32584,1930,
s167789144,p02936,u136378781,1566338561,C++,C++14 (GCC 5.4.1),cpp,Accepted,181,32584,1935,
s263249949,p02936,u962575856,1566338492,Python,Python (3.4.3),py,Runtime Error,2108,42584,468,
s914967903,p02936,u850516963,1566338433,C++,C++14 (GCC 5.4.1),cpp,Accepted,422,23552,1761,
s930221768,p02936,u850516963,1566338296,C++,C++14 (GCC 5.4.1),cpp,Accepted,655,23424,1707,
s280945518,p02936,u850516963,1566338238,C++,C++14 (GCC 5.4.1),cpp,Accepted,649,23552,1721,
s588840991,p02936,u850516963,1566338205,C++,C++14 (GCC 5.4.1),cpp,Accepted,660,23424,1721,
s268430456,p02936,u335478716,1566338202,C++,C++14 (GCC 5.4.1),cpp,Wrong Answer,132,27392,1526,
s931802125,p02936,u850516963,1566338121,C++,C++14 (GCC 5.4.1),cpp,Accepted,682,23552,1711,
s050800571,p02936,u527984331,1566338032,Haskell,Haskell (GHC 7.10.3),hs,Runtime Error,2127,378236,632,
s261023569,p02936,u785644520,1566337755,C++,C++14 (GCC 5.4.1),cpp,Wrong Answer,273,14080,666,
s389349979,p02936,u272557899,1566337550,Python,PyPy3 (2.4.0),py,Accepted,1084,124568,1039,
s050958864,p02936,u272557899,1566337500,Python,Python (3.4.3),py,Accepted,1563,112012,1039,
s248862713,p02936,u298297089,1566337032,Python,Python (3.4.3),py,Wrong Answer,815,48236,590,
s205443603,p02936,u334624175,1566336946,C++,C++14 (Clang 3.8.0),cpp,Accepted,731,24320,999,
s507220238,p02936,u637067145,1566336708,C++,C++14 (Clang 3.8.0),cpp,Wrong Answer,2104,26600,916,
s379477112,p02936,u298297089,1566336661,Python,Python (3.4.3),py,Accepted,1099,55824,746,
s457075778,p02936,u637067145,1566336613,C++,C++14 (GCC 5.4.1),cpp,Wrong Answer,2104,26216,916,
s883529052,p02936,u334624175,1566336541,C++,C++14 (Clang 3.8.0),cpp,Wrong Answer,760,24320,939,
s076470020,p02936,u298297089,1566336193,Python,Python (3.4.3),py,Accepted,1109,55856,745,
s985792673,p02936,u298297089,1566336066,Python,Python (3.4.3),py,Accepted,1790,55856,707,
s921741368,p02936,u421426760,1566335847,C++,C++14 (GCC 5.4.1),cpp,Wrong Answer,438,56320,1318,
s612470247,p02936,u298297089,1566335767,Python,Python (3.4.3),py,Accepted,1717,56188,764,
s363847571,p02936,u731346939,1566335580,Java,Java8 (OpenJDK 1.8.0),java,Time Limit Exceeded,2023,216416,1902,
s914467628,p02936,u298297089,1566335258,Python,Python (3.4.3),py,Time Limit Exceeded,2110,121136,845,
s928385598,p02936,u161616073,1566335218,C++,C++14 (GCC 5.4.1),cpp,Accepted,363,23424,676,
s840615334,p02936,u298297089,1566335195,Python,PyPy3 (2.4.0),py,Time Limit Exceeded,2087,160756,883,
s440798843,p02936,u331140961,1566335193,C++,C++14 (GCC 5.4.1),cpp,Accepted,378,21888,639,
s486235886,p02936,u242679311,1566335153,C++,C++14 (GCC 5.4.1),cpp,Accepted,341,19696,1237,
s545144542,p02936,u768883494,1566335106,C++,C++14 (GCC 5.4.1),cpp,Accepted,136,21376,875,
s436301483,p02936,u242679311,1566334950,C++,C++14 (GCC 5.4.1),cpp,Time Limit Exceeded,2191,1364184,1235,
s449089918,p02936,u907997483,1566334936,Python,PyPy3 (2.4.0),py,Runtime Error,2114,150400,630,
s744600250,p02936,u731346939,1566334813,Java,Java8 (OpenJDK 1.8.0),java,Time Limit Exceeded,2110,220192,1866,
s500050403,p02936,u242679311,1566334811,C++,C++14 (GCC 5.4.1),cpp,Wrong Answer,569,16512,1152,
s606540053,p02936,u391157755,1566334718,Python,PyPy3 (2.4.0),py,Time Limit Exceeded,2127,375672,568,
s946113085,p02936,u712993629,1566334638,C++,C++14 (GCC 5.4.1),cpp,Wrong Answer,111,18412,7190,
s153651000,p02936,u391157755,1566334554,Python,PyPy3 (2.4.0),py,Runtime Error,197,54736,567,
s775079218,p02936,u296557772,1566334332,Python,Python (2.7.6),py,Wrong Answer,2121,543912,1145,
s479607096,p02936,u215146318,1566334215,C++,C++14 (GCC 5.4.1),cpp,Accepted,364,21120,1100,
s424235522,p02936,u819048695,1566334115,Python,PyPy3 (2.4.0),py,Wrong Answer,2112,143156,603,
s533366025,p02936,u421426760,1566334073,C++,C++14 (GCC 5.4.1),cpp,Wrong Answer,429,34432,1287,
s561047446,p02936,u548624367,1566334064,C++,C++14 (GCC 5.4.1),cpp,Accepted,304,17908,969,
s203662415,p02936,u899975427,1566333925,Python,Python (3.4.3),py,Accepted,1022,67176,557,
s749895533,p02936,u907997483,1566333865,Python,Python (3.4.3),py,Runtime Error,1805,94060,599,
s179915528,p02936,u768883494,1566333830,C++,C++14 (GCC 5.4.1),cpp,Wrong Answer,117,21120,796,
s044819779,p02936,u976726787,1566333820,C++,C++14 (GCC 5.4.1),cpp,Accepted,105,16384,531,
s491755407,p02936,u907997483,1566333734,Python,Python (3.4.3),py,Runtime Error,1730,94056,599,
s156188108,p02936,u013629972,1566333671,Python,Python (3.4.3),py,Accepted,1300,64996,546,
s714905066,p02936,u976726787,1566333633,C++,C++14 (GCC 5.4.1),cpp,Wrong Answer,96,15872,555,
s003140702,p02936,u333892010,1566333631,C++,C++14 (GCC 5.4.1),cpp,Accepted,154,27392,543,
s116741475,p02936,u421426760,1566333612,C++,C++14 (GCC 5.4.1),cpp,Wrong Answer,415,34432,1207,
s258500026,p02936,u421426760,1566333511,C++,C++14 (GCC 5.4.1),cpp,Wrong Answer,417,34432,1205,
s889419121,p02936,u899975427,1566333501,Python,Python (3.4.3),py,Accepted,1234,56056,538,
s399522024,p02936,u907997483,1566333336,Python,Python (3.4.3),py,Runtime Error,2108,86764,616,
s311047863,p02936,u423512488,1566333316,C++,C++14 (GCC 5.4.1),cpp,Accepted,359,35200,663,
s397052658,p02936,u066253157,1566333277,Python,Python (3.4.3),py,Runtime Error,2110,128224,574,
s669776538,p02936,u573203764,1566333276,C++,C++14 (GCC 5.4.1),cpp,Accepted,104,16512,963,
s685717407,p02936,u044459372,1566332937,Python,Python (3.4.3),py,Runtime Error,2107,125060,434,
s152145580,p02936,u327580738,1566332847,C++,C++14 (GCC 5.4.1),cpp,Accepted,107,19456,764,
s701477531,p02936,u899975427,1566332807,Python,Python (3.4.3),py,Time Limit Exceeded,2104,52480,535,
s431100113,p02936,u534296203,1566332634,Python,PyPy3 (2.4.0),py,Runtime Error,604,54436,457,
s775430680,p02936,u218843509,1566332626,Python,Python (3.4.3),py,Accepted,1468,64980,545,
s430168807,p02936,u391157755,1566332537,Python,PyPy3 (2.4.0),py,Time Limit Exceeded,2118,241400,566,
s283047954,p02936,u907997483,1566332233,Python,Python (3.4.3),py,Runtime Error,2107,86880,727,
s611250659,p02936,u013629972,1566332220,Python,PyPy3 (2.4.0),py,Time Limit Exceeded,2110,146660,3523,
s552518485,p02936,u534296203,1566332150,Python,PyPy3 (2.4.0),py,Runtime Error,1794,68824,451,
s368235294,p02936,u016531517,1566331907,C++,C++14 (GCC 5.4.1),cpp,Accepted,300,18672,1108,
s069385736,p02936,u600335394,1566331618,C#,C# (Mono 4.6.2.0),cs,Wrong Answer,2112,77292,1745,
s805040334,p02936,u534296203,1566331612,Python,PyPy3 (2.4.0),py,Wrong Answer,1673,68940,447,
s206502058,p02936,u013629972,1566331490,Python,Python (3.4.3),py,Time Limit Exceeded,2124,356824,3523,
s944963181,p02936,u013629972,1566331252,Python,Python (3.4.3),py,Time Limit Exceeded,2133,388944,3471,
s085709115,p02936,u820047642,1566331247,Python,PyPy3 (2.4.0),py,Runtime Error,2157,875584,700,
s775743876,p02936,u415518175,1566331241,C++,C++14 (GCC 5.4.1),cpp,Accepted,354,35200,909,
s021294021,p02936,u013629972,1566331118,Python,Python (3.4.3),py,Time Limit Exceeded,2128,363468,3151,
s611494905,p02936,u820047642,1566330929,Python,PyPy3 (2.4.0),py,Time Limit Exceeded,2161,862968,714,
s738649969,p02936,u013629972,1566330872,Python,Python (3.4.3),py,Time Limit Exceeded,2128,335116,3145,
s743749656,p02936,u013629972,1566330712,Python,Python (3.4.3),py,Time Limit Exceeded,2123,335108,3106,
s927588597,p02936,u013629972,1566330654,Python,Python (3.4.3),py,Runtime Error,1562,143780,3076,
s110540939,p02936,u013629972,1566330649,Python,PyPy3 (2.4.0),py,Runtime Error,2110,147684,3076,
s431345573,p02936,u013629972,1566330401,Python,PyPy3 (2.4.0),py,Time Limit Exceeded,2112,174696,3091,
s132023927,p02936,u013629972,1566330396,Python,Python (3.4.3),py,Time Limit Exceeded,2119,282512,3091,
s196023174,p02936,u201246919,1566330187,Visual Basic,Visual Basic (Mono 4.0.1),vb,Wrong Answer,672,60516,1607,
s540695214,p02936,u305940825,1566330151,Python,Python (3.4.3),py,Wrong Answer,1878,113568,305,
s329858025,p02936,u013629972,1566329907,Python,Python (3.4.3),py,Time Limit Exceeded,2115,177064,3089,
s757935935,p02936,u013629972,1566329885,Python,PyPy3 (2.4.0),py,Time Limit Exceeded,2112,172136,3089,
s278912000,p02936,u051493691,1566329500,C++,C++14 (GCC 5.4.1),cpp,Accepted,160,32640,11514,
s189451210,p02936,u571146948,1566329330,C,C (GCC 5.4.1),c,Accepted,141,21120,1206,
s002303173,p02936,u603457443,1566329298,C++,C++14 (GCC 5.4.1),cpp,Accepted,308,35200,822,
s435584383,p02936,u305940825,1566329266,Python,Python (3.4.3),py,Wrong Answer,1643,112892,271,
s874903935,p02936,u603457443,1566329217,C++,C++14 (GCC 5.4.1),cpp,Time Limit Exceeded,2250,1633840,820,
s838653897,p02936,u571146948,1566329140,C,C (GCC 5.4.1),c,Wrong Answer,182,20992,1208,
s784656488,p02936,u417365712,1566329125,Python,PyPy3 (2.4.0),py,Wrong Answer,761,93004,576,
s762153645,p02936,u603457443,1566328831,C++,C++14 (GCC 5.4.1),cpp,Runtime Error,3045,1929544,841,
s621502494,p02936,u290693410,1566328667,C++,C++14 (GCC 5.4.1),cpp,Accepted,633,29696,1117,
s700490276,p02936,u957167787,1566328616,Python,Python (3.4.3),py,Wrong Answer,1979,125620,557,
s664395863,p02936,u764956288,1566328485,Python,Python (3.4.3),py,Wrong Answer,1424,31848,439,
s681139622,p02936,u603457443,1566328402,C++,C++14 (GCC 5.4.1),cpp,Accepted,311,32128,837,
s024191132,p02936,u603457443,1566328363,C++,C++14 (GCC 5.4.1),cpp,Runtime Error,2596,1865604,735,
s352408567,p02936,u059436995,1566328349,Python,PyPy3 (2.4.0),py,Wrong Answer,1921,100940,407,
s226030341,p02936,u866107333,1566328265,C++,C++14 (GCC 5.4.1),cpp,Accepted,958,57072,2142,
s122164268,p02936,u417365712,1566328121,Python,PyPy3 (2.4.0),py,Wrong Answer,2116,198048,991,
s703474034,p02936,u957167787,1566328104,Python,Python (3.4.3),py,Wrong Answer,1993,116136,526,
s685585989,p02936,u059436995,1566328036,Python,PyPy3 (2.4.0),py,Wrong Answer,1833,88652,371,
s840939683,p02936,u907997483,1566328000,Python,Python (3.4.3),py,Runtime Error,2104,25296,865,
s202382641,p02936,u417365712,1566327973,Python,Python (3.4.3),py,Wrong Answer,2113,197380,991,
s035210606,p02936,u837843177,1566327674,C++,C++14 (GCC 5.4.1),cpp,Wrong Answer,345,14080,544,
s888297886,p02936,u907997483,1566327580,Python,Python (3.4.3),py,Runtime Error,2104,25268,748,
s219585516,p02936,u076865901,1566327574,C++,C++14 (GCC 5.4.1),cpp,Accepted,327,22656,1857,
s763681573,p02936,u059436995,1566327421,Python,Python (3.4.3),py,Wrong Answer,1571,47896,371,
s788605374,p02936,u764956288,1566327398,Python,Python (3.4.3),py,Wrong Answer,1397,42836,425,
s988297290,p02936,u094948308,1566327138,Python,Python (3.4.3),py,Wrong Answer,2108,77352,590,
s440749713,p02936,u819048695,1566327103,Python,PyPy3 (2.4.0),py,Wrong Answer,2112,142944,647,
s136710303,p02936,u912533549,1566327096,C++,C++14 (GCC 5.4.1),cpp,Wrong Answer,332,7040,550,
s580794977,p02936,u677149117,1566327077,C++,C++14 (GCC 5.4.1),cpp,Accepted,289,19444,1762,
s208374674,p02936,u094948308,1566326859,Python,Python (3.4.3),py,Wrong Answer,2110,77364,591,
s009036962,p02936,u035712458,1566326790,C++,C++14 (GCC 5.4.1),cpp,Time Limit Exceeded,2104,18384,1125,
s254291766,p02936,u076865901,1566326732,C++,C++14 (GCC 5.4.1),cpp,Wrong Answer,296,21120,1478,
s223668419,p02936,u201246919,1566326644,Visual Basic,Visual Basic (Mono 4.0.1),vb,Wrong Answer,604,59120,1267,
s817121202,p02936,u035712458,1566326621,C++,C++14 (GCC 5.4.1),cpp,Accepted,307,19440,1010,
s193150592,p02936,u829956284,1566326494,C++,C++14 (GCC 5.4.1),cpp,Accepted,138,23424,1073,
s936229448,p02936,u417365712,1566326488,Python,Python (3.4.3),py,Wrong Answer,668,85788,929,
s982910523,p02936,u677149117,1566326456,C++,C++14 (GCC 5.4.1),cpp,Wrong Answer,289,18048,1616,
s312715635,p02936,u076865901,1566326448,C++,C++14 (GCC 5.4.1),cpp,Wrong Answer,2104,22144,1275,
s667894647,p02936,u417365712,1566326372,Python,Python (3.4.3),py,Runtime Error,88,31892,956,
s495766516,p02936,u417365712,1566326229,Python,Python (3.4.3),py,Runtime Error,80,31896,956,
s198868692,p02936,u434765267,1566326202,Python,Python (3.4.3),py,Accepted,1874,62204,511,
s559803180,p02936,u808160425,1566326191,Bash,Bash (GNU bash v4.3.11),sh,Wrong Answer,2103,2424,323,
s233989910,p02936,u335478716,1566326112,C++,C++14 (GCC 5.4.1),cpp,Wrong Answer,137,27392,1450,
s865376586,p02936,u829956284,1566326087,C++,C++14 (GCC 5.4.1),cpp,Wrong Answer,165,27392,1299,
s617681960,p02936,u677149117,1566325958,C++,C++14 (GCC 5.4.1),cpp,Wrong Answer,365,30336,2154,
s922833954,p02936,u829956284,1566325934,C++,C++14 (GCC 5.4.1),cpp,Wrong Answer,147,26624,1290,
s791423120,p02936,u948068411,1566325707,Python,Python (3.4.3),py,Runtime Error,2109,93848,728,
s432311876,p02936,u434765267,1566325683,Python,Python (3.4.3),py,Runtime Error,1686,52292,428,
s315901959,p02936,u077291787,1566325606,Python,Python (3.4.3),py,Accepted,1644,265808,826,
s186515303,p02936,u336011173,1566325590,C++,C++14 (GCC 5.4.1),cpp,Runtime Error,2107,44032,1125,
s505341171,p02936,u764956288,1566325525,Python,Python (3.4.3),py,Wrong Answer,1521,60648,441,
s670123426,p02936,u837843177,1566325507,C++,C++14 (GCC 5.4.1),cpp,Wrong Answer,2104,21504,722,
s395830835,p02936,u070488164,1566325128,C++,C++14 (GCC 5.4.1),cpp,Wrong Answer,318,20808,532,
s366000611,p02936,u434765267,1566325056,Python,Python (3.4.3),py,Runtime Error,1866,49220,454,
s703789562,p02936,u837843177,1566324982,C++,C++14 (GCC 5.4.1),cpp,Wrong Answer,2104,14336,890,
s702405840,p02936,u837843177,1566324824,C++,C++14 (GCC 5.4.1),cpp,Runtime Error,280,6136,890,
s367144704,p02936,u948068411,1566324178,Python,Python (3.4.3),py,Wrong Answer,2115,213532,522,
s555814910,p02936,u050428930,1566323900,C++,C++14 (GCC 5.4.1),cpp,Accepted,594,19440,680,
s902059630,p02936,u863044225,1566323642,C++,C++14 (GCC 5.4.1),cpp,Accepted,139,17908,1817,
s315625483,p02936,u777283665,1566323332,Python,PyPy3 (2.4.0),py,Accepted,856,96460,652,
s024963924,p02936,u777283665,1566323109,Python,Python (3.4.3),py,Wrong Answer,2107,100984,677,
s868074961,p02936,u241190159,1566323066,C++,C++14 (GCC 5.4.1),cpp,Wrong Answer,2235,1687828,977,
s578441290,p02936,u409373192,1566322994,C++,C++14 (GCC 5.4.1),cpp,Accepted,169,23552,862,
s854873108,p02936,u246942304,1566322959,C++,C++14 (GCC 5.4.1),cpp,Runtime Error,161,3968,536,
s641199417,p02936,u570944601,1566322955,Python,PyPy3 (2.4.0),py,Accepted,1880,134708,428,
s541845973,p02936,u570944601,1566322834,Python,PyPy3 (2.4.0),py,Runtime Error,1908,131148,360,
s952002833,p02936,u059680467,1566322706,C++,C++14 (GCC 5.4.1),cpp,Runtime Error,2103,10000,1765,
s872967211,p02936,u291552830,1566322696,C++,C++14 (GCC 5.4.1),cpp,Accepted,670,23552,1200,
s245521590,p02936,u246942304,1566322621,C++,C++14 (GCC 5.4.1),cpp,Runtime Error,161,3968,718,
s947764632,p02936,u602865659,1566322407,Java,Java8 (OpenJDK 1.8.0),java,Accepted,1450,145064,2936,
s562197771,p02936,u969116807,1566322377,C++,C++14 (GCC 5.4.1),cpp,Accepted,333,22912,1043,
s723387929,p02936,u261161085,1566322032,Java,Java8 (OpenJDK 1.8.0),java,Wrong Answer,2109,106072,1629,
s439069360,p02936,u777283665,1566321575,Python,Python (3.4.3),py,Accepted,1328,65324,683,
s217497490,p02936,u777283665,1566321494,Python,Python (3.4.3),py,Accepted,1164,65332,677,
s137614909,p02936,u552192779,1566320958,Python,Python (3.4.3),py,Accepted,1813,77480,647,
s500846840,p02936,u035712458,1566320896,C++,C++14 (GCC 5.4.1),cpp,Wrong Answer,2105,25216,760,
s057506854,p02936,u227476288,1566320819,Python,PyPy3 (2.4.0),py,Accepted,969,105716,629,
s928463732,p02936,u716530146,1566320755,Python,Python (3.4.3),py,Accepted,1357,99616,566,
s400201698,p02936,u716530146,1566320735,Python,PyPy3 (2.4.0),py,Accepted,999,130856,566,
s616038642,p02936,u227476288,1566320713,Python,PyPy3 (2.4.0),py,Accepted,779,105876,582,
s588316383,p02936,u227476288,1566320615,Python,PyPy3 (2.4.0),py,Time Limit Exceeded,2113,138364,578,
s707152674,p02936,u227476288,1566320533,Python,PyPy3 (2.4.0),py,Time Limit Exceeded,2112,136748,652,
s953536390,p02936,u227476288,1566320440,Python,PyPy3 (2.4.0),py,Time Limit Exceeded,2112,136748,680,
s382110083,p02936,u716530146,1566320395,Python,Python (3.4.3),py,Accepted,1394,95924,595,
s545887357,p02936,u552192779,1566320382,Python,Python (3.4.3),py,Time Limit Exceeded,2109,88776,747,
s186932640,p02936,u227476288,1566320369,Python,PyPy3 (2.4.0),py,Time Limit Exceeded,2112,137720,656,
s165592351,p02936,u716530146,1566320356,Python,PyPy3 (2.4.0),py,Accepted,978,130284,595,
s380773490,p02936,u227476288,1566320301,Python,PyPy3 (2.4.0),py,Time Limit Exceeded,2112,116116,622,
s196236893,p02936,u889915625,1566320273,C++,C++14 (GCC 5.4.1),cpp,Accepted,329,58752,2639,
s132522671,p02936,u227476288,1566320182,Python,PyPy3 (2.4.0),py,Time Limit Exceeded,2112,138744,618,
s591743901,p02936,u552192779,1566320174,Python,PyPy3 (2.4.0),py,Time Limit Exceeded,2110,127396,779,
s908934261,p02936,u241190159,1566320141,C++,C++14 (GCC 5.4.1),cpp,Wrong Answer,2944,1725588,966,
s883859756,p02936,u552192779,1566320059,Python,Python (3.4.3),py,Time Limit Exceeded,2108,99016,779,
s930543497,p02936,u920032768,1566320017,Python,Python (3.4.3),py,Runtime Error,2106,46172,421,
s592464499,p02936,u375977529,1566319812,Go,Go (1.6),go,Accepted,472,81408,781,
s469187081,p02936,u375977529,1566319734,Go,Go (1.6),go,Accepted,454,58240,794,
s993952831,p02936,u085288971,1566319701,Kotlin,Kotlin (1.0.0),kt,Time Limit Exceeded,2115,155864,968,
s020785896,p02936,u059680467,1566319616,C++,C++14 (GCC 5.4.1),cpp,Runtime Error,2104,9744,1771,
s353565224,p02936,u326609687,1566319550,Python,Python (3.4.3),py,Accepted,370,47364,206080,
s626411731,p02936,u059680467,1566319530,C++,C++14 (GCC 5.4.1),cpp,Runtime Error,2103,9616,1769,
s994519003,p02936,u552192779,1566319335,Python,Python (3.4.3),py,Time Limit Exceeded,2110,120904,723,
s521452067,p02936,u552192779,1566319241,Python,PyPy3 (2.4.0),py,Time Limit Exceeded,2110,139760,723,
s319913667,p02936,u085288971,1566319118,Kotlin,Kotlin (1.0.0),kt,Accepted,1227,144164,1143,
s468337144,p02936,u596101798,1566318914,C++,C++14 (GCC 5.4.1),cpp,Wrong Answer,2107,35528,688,
s490511859,p02936,u059680467,1566318815,C++,C++14 (GCC 5.4.1),cpp,Runtime Error,2104,10256,1645,
s888977540,p02936,u085288971,1566318791,Kotlin,Kotlin (1.0.0),kt,Runtime Error,1040,288364,1143,
s563896962,p02936,u375977529,1566318680,Go,Go (1.6),go,Accepted,503,80000,769,
s644646206,p02936,u059680467,1566318600,C++,C++14 (GCC 5.4.1),cpp,Runtime Error,2103,9872,1620,
s844607264,p02936,u920032768,1566318539,Python,Python (3.4.3),py,Runtime Error,2106,46148,381,
s738199987,p02936,u375977529,1566318536,Go,Go (1.6),go,Accepted,823,81024,841,
s070582194,p02936,u340228918,1566318363,C++,C++14 (GCC 5.4.1),cpp,Accepted,405,23424,707,
s389941796,p02936,u340228918,1566318255,C++,C++14 (GCC 5.4.1),cpp,Wrong Answer,356,20352,640,
s875284722,p02936,u085288971,1566318207,Kotlin,Kotlin (1.0.0),kt,Time Limit Exceeded,2111,162656,1011,
s255545243,p02936,u340228918,1566317896,C++,C++14 (GCC 5.4.1),cpp,Accepted,142,21888,708,
s686986294,p02936,u920032768,1566317687,Python,Python (3.4.3),py,Runtime Error,1466,40292,380,
s956922349,p02936,u227476288,1566317677,Python,PyPy3 (2.4.0),py,Time Limit Exceeded,2112,138700,783,
s551636965,p02936,u340228918,1566317647,C++,C++14 (GCC 5.4.1),cpp,Time Limit Exceeded,2105,27648,777,
s216818270,p02936,u227476288,1566317634,Python,Python (3.4.3),py,Time Limit Exceeded,2104,46224,783,
s694497600,p02936,u227476288,1566317478,Python,Python (3.4.3),py,Time Limit Exceeded,2104,46368,890,
s834669990,p02936,u499381410,1566317454,Python,PyPy3 (2.4.0),py,Accepted,1963,101140,562,
s373663788,p02936,u227476288,1566317443,Python,PyPy3 (2.4.0),py,Time Limit Exceeded,2113,138616,890,
s090628107,p02936,u920032768,1566317405,Python,Python (3.4.3),py,Runtime Error,2106,40608,333,
s069258970,p02936,u861038878,1566317280,Python,Python (3.4.3),py,Accepted,1115,62592,489,
s177594327,p02936,u059680467,1566317093,C++,C++14 (GCC 5.4.1),cpp,Wrong Answer,2106,44800,1627,
s906316063,p02936,u914135866,1566316518,C++,C++14 (GCC 5.4.1),cpp,Accepted,155,29568,793,
s355004167,p02936,u914135866,1566316432,C++,C++14 (GCC 5.4.1),cpp,Runtime Error,337,278004,879,
s401275554,p02936,u914135866,1566316329,C++,C++14 (GCC 5.4.1),cpp,Accepted,133,24960,851,
s659796414,p02936,u914135866,1566316301,C++,C++14 (GCC 5.4.1),cpp,Runtime Error,344,273280,851,
s702692081,p02936,u716530146,1566316259,Python,PyPy3 (2.4.0),py,Time Limit Exceeded,2140,590060,748,
s809139135,p02936,u914135866,1566316252,C++,C++14 (GCC 5.4.1),cpp,Compile Error,,,857,
s595925907,p02936,u920032768,1566316234,Python,Python (3.4.3),py,Runtime Error,2106,40720,349,
s811385057,p02936,u335478716,1566316155,C++,C++14 (GCC 5.4.1),cpp,Wrong Answer,2105,24320,1188,
s726981557,p02936,u837342248,1566316055,Python,Python (3.4.3),py,Wrong Answer,1915,113576,314,
s420760703,p02936,u335478716,1566316030,C++,C++14 (GCC 5.4.1),cpp,Wrong Answer,2105,40704,1264,
s455366995,p02936,u716530146,1566316013,Python,Python (3.4.3),py,Accepted,1988,267348,748,
s934844940,p02936,u914135866,1566315739,C++,C++14 (GCC 5.4.1),cpp,Wrong Answer,96,13312,762,
s901964200,p02936,u914135866,1566315539,C++,C++14 (GCC 5.4.1),cpp,Wrong Answer,124,14848,816,
s965653695,p02936,u335478716,1566315513,C++,C++14 (GCC 5.4.1),cpp,Wrong Answer,2105,22144,1141,
s567376797,p02936,u417365712,1566315459,Python,Python (3.4.3),py,Runtime Error,2117,231560,1118,
s728281611,p02936,u920032768,1566315365,Python,Python (3.4.3),py,Wrong Answer,2105,31860,326,
s869095058,p02936,u848359007,1566315320,C++,C++14 (GCC 5.4.1),cpp,Accepted,322,26624,654,
s502008982,p02936,u914135866,1566315225,C++,C++14 (GCC 5.4.1),cpp,Wrong Answer,123,17280,805,
s439157734,p02936,u914135866,1566315170,C++,C++14 (GCC 5.4.1),cpp,Accepted,111,17280,684,
s095370884,p02936,u914135866,1566315104,C++,C++14 (GCC 5.4.1),cpp,Wrong Answer,131,14848,816,
s664974776,p02936,u914135866,1566315000,C++,C++14 (GCC 5.4.1),cpp,Wrong Answer,120,17280,863,
s615084280,p02936,u914135866,1566314844,C++,C++14 (GCC 5.4.1),cpp,Wrong Answer,142,29568,887,
s888794598,p02936,u375977529,1566314820,Go,Go (1.6),go,Accepted,804,55424,921,
s027250721,p02936,u914135866,1566314603,C++,C++14 (GCC 5.4.1),cpp,Wrong Answer,126,29568,891,
s285293723,p02936,u914135866,1566314569,C++,C++14 (GCC 5.4.1),cpp,Compile Error,,,896,
s415843638,p02936,u914135866,1566314392,C++,C++14 (GCC 5.4.1),cpp,Compile Error,,,896,
s210166816,p02936,u341388158,1566314376,C++,C++14 (GCC 5.4.1),cpp,Wrong Answer,278,24832,1242,
s737260009,p02936,u341388158,1566314233,C++,C++14 (GCC 5.4.1),cpp,Wrong Answer,278,24064,1252,
s253273027,p02936,u914135866,1566314204,C++,C++14 (GCC 5.4.1),cpp,Wrong Answer,136,29568,851,
s145162124,p02936,u648212584,1566313809,Python,Python (3.4.3),py,Accepted,1479,141168,636,
s709495156,p02936,u554988565,1566313709,C++,C++14 (GCC 5.4.1),cpp,Accepted,296,16628,964,
s005456863,p02936,u914135866,1566313580,C++,C++14 (GCC 5.4.1),cpp,Wrong Answer,155,29568,879,
s704454019,p02936,u554988565,1566313396,C++,C++14 (GCC 5.4.1),cpp,Wrong Answer,277,16256,808,
s651228891,p02936,u554988565,1566313328,C++,C++14 (GCC 5.4.1),cpp,Wrong Answer,283,14720,809,
s838485416,p02936,u417365712,1566313297,Python,Python (3.4.3),py,Wrong Answer,634,85528,262,
s153948970,p02936,u914135866,1566313286,C++,C++14 (GCC 5.4.1),cpp,Wrong Answer,130,29568,851,
s425593527,p02936,u341388158,1566313273,C++,C++14 (GCC 5.4.1),cpp,Wrong Answer,288,14848,679,
s888785634,p02936,u914135866,1566313221,C++,C++14 (GCC 5.4.1),cpp,Wrong Answer,126,26496,853,
s940776682,p02936,u716530146,1566312970,Python,Python (3.4.3),py,Time Limit Exceeded,2082,269092,741,
s514396179,p02936,u716530146,1566312941,Python,PyPy3 (2.4.0),py,Time Limit Exceeded,2122,255392,741,
s269774032,p02936,u948068411,1566312921,Python,Python (3.4.3),py,Runtime Error,2110,113820,494,
s109619781,p02936,u341388158,1566312701,C++,C++14 (GCC 5.4.1),cpp,Wrong Answer,291,14848,548,
s008269551,p02936,u648212584,1566312621,Python,Python (3.4.3),py,Time Limit Exceeded,2110,141172,478,
s082705505,p02936,u950708010,1566312434,Python,Python (3.4.3),py,Accepted,1227,65324,704,
s533908990,p02936,u417365712,1566312334,Python,Python (3.4.3),py,Runtime Error,2115,221476,1116,
s053415674,p02936,u950708010,1566312210,Python,Python (3.4.3),py,Accepted,1126,63276,666,
s320609313,p02936,u950708010,1566312037,Python,PyPy3 (2.4.0),py,Accepted,796,105748,677,
s331831803,p02936,u979163294,1566312033,C++,C++14 (GCC 5.4.1),cpp,Accepted,306,16372,1405,
s557746396,p02936,u716530146,1566312005,Python,PyPy3 (2.4.0),py,Time Limit Exceeded,2130,437780,715,
s117324039,p02936,u950708010,1566311947,Python,Python (3.4.3),py,Accepted,1123,65324,677,
s261038941,p02936,u950708010,1566311940,C++,C++14 (GCC 5.4.1),cpp,Compile Error,,,677,
s002773339,p02936,u756659922,1566311518,C++,C++14 (GCC 5.4.1),cpp,Accepted,325,21104,701,
s104733329,p02936,u805277811,1566311506,Pascal,Pascal (FPC 2.6.2),pas,Accepted,308,24960,2641,
s190478053,p02936,u716530146,1566311445,Python,Python (3.4.3),py,Wrong Answer,2113,177892,763,
s385677131,p02936,u950708010,1566311281,Python,Python (3.4.3),py,Wrong Answer,975,48220,568,
s748162805,p02936,u945641805,1566310970,Python,Python (3.4.3),py,Time Limit Exceeded,2118,235576,632,
s273113948,p02936,u945641805,1566310863,Python,Python (3.4.3),py,Runtime Error,2000,76452,591,
s271350540,p02936,u732061897,1566310769,Python,Python (3.4.3),py,Time Limit Exceeded,2118,225328,632,
s222192859,p02936,u150027030,1566310004,Python,Python (3.4.3),py,Runtime Error,148,12516,711,
s923324082,p02936,u915981080,1566309832,Java,Java8 (OpenJDK 1.8.0),java,Time Limit Exceeded,2110,318748,1159,
s763873571,p02936,u804922227,1566309732,Java,Java8 (OpenJDK 1.8.0),java,Wrong Answer,2033,203920,2899,
s351662057,p02936,u918480160,1566309646,C++,C++14 (GCC 5.4.1),cpp,Accepted,281,15604,807,
s065391053,p02936,u804922227,1566309471,Java,Java8 (OpenJDK 1.8.0),java,Wrong Answer,1933,201184,2809,
s819481703,p02936,u804922227,1566309433,Java,Java8 (OpenJDK 1.8.0),java,Compile Error,,,3017,
s214086458,p02936,u999669171,1566309431,Python,Python (3.4.3),py,Runtime Error,2107,75808,1077,
s602961377,p02936,u541963880,1566309266,C++,C++14 (GCC 5.4.1),cpp,Accepted,306,17396,1168,
s977802234,p02936,u915981080,1566309234,Java,Java8 (OpenJDK 1.8.0),java,Wrong Answer,2111,329776,951,
s971372257,p02936,u541963880,1566309108,C++,C++14 (GCC 5.4.1),cpp,Wrong Answer,318,16504,1163,
s206014968,p02936,u804922227,1566309088,Java,Java8 (OpenJDK 1.8.0),java,Runtime Error,1897,204432,2915,
s204417174,p02936,u777283665,1566308932,Python,Python (3.4.3),py,Accepted,1720,237004,524,
s423273585,p02936,u777283665,1566308876,Python,PyPy3 (2.4.0),py,Time Limit Exceeded,2150,769400,524,
s055755954,p02936,u777283665,1566308780,Python,PyPy3 (2.4.0),py,Time Limit Exceeded,2125,352888,497,
s253595048,p02936,u777283665,1566308684,Python,PyPy3 (2.4.0),py,Runtime Error,1990,131852,456,
s962732377,p02936,u054475353,1566308681,C++,C++14 (GCC 5.4.1),cpp,Accepted,152,19796,2561,
s245213519,p02936,u046187684,1566308484,Python,Python (3.4.3),py,Accepted,1273,99888,715,
s536413280,p02936,u434282696,1566308359,C++,C++14 (GCC 5.4.1),cpp,Accepted,841,28788,1136,
s416444321,p02936,u046187684,1566308280,Python,Python (3.4.3),py,Accepted,1243,99892,712,
s945438835,p02936,u046187684,1566308212,Python,Python (3.4.3),py,Accepted,1218,99892,719,
s357401890,p02936,u046187684,1566308018,Python,Python (3.4.3),py,Accepted,1169,99888,731,
s825129968,p02936,u918480160,1566307861,C++,C++14 (GCC 5.4.1),cpp,Wrong Answer,281,15604,876,
s072751503,p02936,u541963880,1566307849,C++,C++14 (GCC 5.4.1),cpp,Runtime Error,101,256,895,
s628850297,p02936,u013408661,1566307837,C++,C++14 (GCC 5.4.1),cpp,Accepted,307,15604,883,
s448201307,p02936,u699765883,1566307734,Python,Python (3.4.3),py,Time Limit Exceeded,2109,105380,803,
s550013981,p02936,u046187684,1566307552,Python,Python (3.4.3),py,Accepted,1200,100160,770,
s977588205,p02936,u848978558,1566307465,C++,C++14 (GCC 5.4.1),cpp,Wrong Answer,466,25856,684,
s635406239,p02936,u013408661,1566307382,C++,C++14 (GCC 5.4.1),cpp,Wrong Answer,294,14080,752,
s082837720,p02936,u253209284,1566307244,Python,Python (3.4.3),py,Time Limit Exceeded,2107,56364,1363,
s682549846,p02936,u253209284,1566307161,Python,Python (3.4.3),py,Runtime Error,1454,53940,1077,
s150957166,p02936,u398135166,1566307076,C++,C++14 (GCC 5.4.1),cpp,Accepted,154,23552,730,
s801447481,p02936,u848978558,1566307064,C++,C++14 (GCC 5.4.1),cpp,Wrong Answer,485,25856,665,
s499679600,p02936,u046187684,1566306626,Python,Python (3.4.3),py,Accepted,1256,114584,792,
s487174146,p02936,u046187684,1566306532,Python,Python (3.4.3),py,Runtime Error,545,32000,789,
s099375441,p02936,u848978558,1566306501,C++,C++14 (GCC 5.4.1),cpp,Runtime Error,502,25856,761,
s797737510,p02936,u848978558,1566306360,C++,C++14 (GCC 5.4.1),cpp,Wrong Answer,479,25856,760,
s631767395,p02936,u848978558,1566306042,C++,C++14 (GCC 5.4.1),cpp,Wrong Answer,477,25856,760,
s616418137,p02936,u558242240,1566306041,Python,Python (3.4.3),py,Accepted,1490,289564,1011,
s321966306,p02936,u558242240,1566305997,Python,Python (3.4.3),py,Runtime Error,22,3064,1025,
s542569719,p02936,u126423561,1566305971,C++,C++14 (GCC 5.4.1),cpp,Accepted,148,32256,657,
s535862720,p02936,u126423561,1566305951,C++,C++14 (GCC 5.4.1),cpp,Runtime Error,98,256,756,
s678568664,p02936,u848978558,1566305874,C++,C++14 (GCC 5.4.1),cpp,Wrong Answer,484,25856,750,
s122310157,p02936,u126423561,1566305839,C++,C++14 (GCC 5.4.1),cpp,Accepted,148,25856,632,
s875633130,p02936,u541963880,1566305583,C++,C++14 (GCC 5.4.1),cpp,Wrong Answer,2105,28544,859,
s809212862,p02936,u558242240,1566305464,Python,Python (3.4.3),py,Wrong Answer,2107,50156,707,
s934070202,p02936,u558242240,1566305421,Python,Python (3.4.3),py,Runtime Error,17,3064,699,
s570004821,p02936,u444349080,1566305291,C++,C++14 (GCC 5.4.1),cpp,Wrong Answer,249,3968,769,
s231193058,p02936,u558242240,1566305275,Python,Python (3.4.3),py,Wrong Answer,2106,50132,622,
s229106401,p02936,u558242240,1566305180,Python,Python (3.4.3),py,Runtime Error,17,3064,668,
s956099484,p02936,u541963880,1566305041,C++,C++14 (GCC 5.4.1),cpp,Wrong Answer,2105,28544,912,
s827335598,p02936,u575279726,1566304398,C++,C++14 (GCC 5.4.1),cpp,Wrong Answer,253,3968,708,
s735300162,p02936,u558242240,1566304324,Python,Python (3.4.3),py,Runtime Error,56,17368,542,
s059440006,p02936,u558242240,1566304203,Python,Python (3.4.3),py,Runtime Error,57,17404,640,
s727303449,p02936,u541963880,1566304045,C++,C++14 (GCC 5.4.1),cpp,Runtime Error,2111,768,897,
s815286967,p02936,u264304509,1566303991,C++,C++14 (GCC 5.4.1),cpp,Accepted,387,139776,834,
s502952118,p02936,u055447809,1566303648,C++,C++14 (GCC 5.4.1),cpp,Accepted,352,24320,634,
s922996094,p02936,u541963880,1566303548,C++,C++14 (GCC 5.4.1),cpp,Runtime Error,97,256,875,
s282110774,p02936,u558242240,1566303382,Python,Python (3.4.3),py,Wrong Answer,2106,49988,639,
s430387541,p02936,u558242240,1566303298,Python,Python (3.4.3),py,Wrong Answer,2106,40880,666,
s826441046,p02936,u944458101,1566303266,C++,C++14 (GCC 5.4.1),cpp,Accepted,133,25856,656,
s881670936,p02936,u944458101,1566303208,C++,C++14 (GCC 5.4.1),cpp,Runtime Error,98,2560,864,
s183070122,p02936,u944458101,1566303164,C++,C++14 (GCC 5.4.1),cpp,Compile Error,,,693,
s009020219,p02936,u863370423,1566302803,C++,C++14 (GCC 5.4.1),cpp,Accepted,145,26368,891,
s988444611,p02936,u298297089,1566302690,Python,PyPy3 (2.4.0),py,Time Limit Exceeded,2111,173300,1034,
s274560364,p02936,u863370423,1566302419,C++,C++14 (GCC 5.4.1),cpp,Wrong Answer,113,26368,846,
s102347714,p02936,u089230684,1566302338,C++,C++14 (GCC 5.4.1),cpp,Wrong Answer,114,24832,844,
s422413260,p02936,u055447809,1566301706,C++,C++14 (GCC 5.4.1),cpp,Wrong Answer,286,14720,780,
s694563697,p02936,u298297089,1566301627,Python,Python (3.4.3),py,Accepted,1981,148156,1034,
s590405928,p02936,u882276885,1566301591,C++,C++14 (GCC 5.4.1),cpp,Wrong Answer,2104,23296,451,
s769968705,p02936,u055447809,1566301426,C++,C++14 (GCC 5.4.1),cpp,Wrong Answer,276,14080,696,
s580715939,p02936,u298297089,1566301404,Python,Python (3.4.3),py,Wrong Answer,2112,148132,1030,
s997111335,p02936,u392423112,1566301218,C++,C++14 (GCC 5.4.1),cpp,Accepted,297,24320,881,
s011717389,p02936,u309723391,1566301126,C++,C++14 (GCC 5.4.1),cpp,Accepted,124,17140,1020,
s419863543,p02936,u298297089,1566301113,Python,Python (3.4.3),py,Time Limit Exceeded,2110,162988,1003,
s718236557,p02936,u131944095,1566300815,Python,Python (3.4.3),py,Accepted,1592,230960,637,
s888281262,p02936,u298297089,1566300765,Python,Python (3.4.3),py,Time Limit Exceeded,2109,164000,966,
s804953653,p02936,u298297089,1566300588,Python,Python (3.4.3),py,Time Limit Exceeded,2110,164004,986,
s475551163,p02936,u298297089,1566300371,Python,Python (3.4.3),py,Wrong Answer,2111,165552,1011,
s004886761,p02936,u131944095,1566300361,Python,Python (3.4.3),py,Accepted,1567,230960,478,
s360940446,p02936,u055447809,1566300344,C++,C++14 (GCC 5.4.1),cpp,Wrong Answer,342,20352,560,
s986089716,p02936,u266665184,1566300329,Java,Java8 (OpenJDK 1.8.0),java,Accepted,1532,119500,5606,
s514957287,p02936,u101513772,1566300282,C++,C++14 (GCC 5.4.1),cpp,Accepted,127,19568,1946,
s279615543,p02936,u071692456,1566300023,C++,C++14 (GCC 5.4.1),cpp,Accepted,289,16372,1187,
s206611336,p02936,u879573689,1566299640,Ruby,Ruby (2.3.3),rb,Accepted,894,27388,588,
s891925895,p02936,u278864208,1566299613,Python,Python (3.4.3),py,Wrong Answer,2105,47708,565,
s052938395,p02936,u131944095,1566299542,Python,PyPy3 (2.4.0),py,Wrong Answer,2161,944888,444,
s265710984,p02936,u055447809,1566299457,C++,C++14 (GCC 5.4.1),cpp,Wrong Answer,2104,13952,621,
s905808623,p02936,u298297089,1566299110,Python,Python (3.4.3),py,Runtime Error,1827,142880,987,
s924815904,p02936,u426855695,1566299106,C++,C++14 (Clang 3.8.0),cpp,Accepted,758,20976,2590,
s226150628,p02936,u101513772,1566299032,C++,C++14 (GCC 5.4.1),cpp,Wrong Answer,107,16512,1813,
s791359529,p02936,u093219895,1566298748,C++,C++14 (GCC 5.4.1),cpp,Runtime Error,323,268928,3640,
s393848556,p02936,u055447809,1566298386,C++,C++14 (GCC 5.4.1),cpp,Wrong Answer,2104,18176,574,
s233201743,p02936,u721060623,1566298010,C,C (GCC 5.4.1),c,Accepted,387,56156,8675,
s480773619,p02936,u879573689,1566297499,Ruby,Ruby (2.3.3),rb,Wrong Answer,788,27412,560,
s115519462,p02936,u721060623,1566297105,C,C (GCC 5.4.1),c,Wrong Answer,396,56028,8669,
s484299077,p02936,u131944095,1566296753,Python,PyPy3 (2.4.0),py,Wrong Answer,2155,800884,499,
s364704006,p02936,u879573689,1566296214,Ruby,Ruby (2.3.3),rb,Wrong Answer,2109,23164,542,
s490526049,p02936,u088346902,1566296048,Java,Java8 (OpenJDK 1.8.0),java,Time Limit Exceeded,2111,417888,2956,
s602539759,p02936,u088346902,1566295952,Java,Java8 (OpenJDK 1.8.0),java,Time Limit Exceeded,2111,408388,1753,
s453437147,p02936,u088346902,1566295504,Java,Java8 (OpenJDK 1.8.0),java,Wrong Answer,2110,426908,1560,
s222113552,p02936,u169500433,1566295484,Java,Java8 (OpenJDK 1.8.0),java,Accepted,1325,126080,2560,
s913413250,p02936,u518937279,1566295419,C++,C++14 (GCC 5.4.1),cpp,Accepted,143,27392,1035,
s156014401,p02936,u879573689,1566295375,Ruby,Ruby (2.3.3),rb,Runtime Error,719,9212,308,
s916921944,p02936,u879573689,1566295330,Ruby,Ruby (2.3.3),rb,Runtime Error,604,4988,330,
s352741358,p02936,u088346902,1566295311,Java,Java8 (OpenJDK 1.8.0),java,Wrong Answer,2118,423892,1504,
s561144378,p02936,u214547877,1566295281,C++,C++14 (GCC 5.4.1),cpp,Accepted,327,32896,868,
s791621878,p02936,u169500433,1566295176,Java,Java8 (OpenJDK 1.8.0),java,Wrong Answer,1287,115256,1841,
s130048954,p02936,u879573689,1566295154,Ruby,Ruby (2.3.3),rb,Runtime Error,875,12868,379,
s042834096,p02936,u879573689,1566295013,Ruby,Ruby (2.3.3),rb,Runtime Error,817,11916,368,
s386041493,p02936,u088346902,1566294979,Java,Java8 (OpenJDK 1.8.0),java,Wrong Answer,2118,421496,1502,
s757021881,p02936,u169500433,1566294687,Java,Java8 (OpenJDK 1.8.0),java,Wrong Answer,1302,113172,1838,
s732800151,p02936,u088346902,1566294550,Java,Java8 (OpenJDK 1.8.0),java,Wrong Answer,2114,418196,1515,
s324835830,p02936,u401160140,1566293968,C++,C++14 (GCC 5.4.1),cpp,Accepted,130,25856,3461,
s795969286,p02936,u083637977,1566293779,C++,C++14 (GCC 5.4.1),cpp,Accepted,385,26624,630,
s000359209,p02936,u083637977,1566293694,C++,C++14 (GCC 5.4.1),cpp,Wrong Answer,350,26624,574,
s066640770,p02936,u181228520,1566293582,C++,C++14 (GCC 5.4.1),cpp,Accepted,148,19440,1284,
s987816923,p02936,u083637977,1566293549,C++,C++14 (GCC 5.4.1),cpp,Wrong Answer,367,25856,607,
s520785562,p02936,u297367372,1566291081,C++,C++14 (GCC 5.4.1),cpp,Accepted,303,28928,796,
s423588376,p02936,u153896700,1566290997,C++,C++14 (GCC 5.4.1),cpp,Accepted,370,23680,709,
s115490719,p02936,u665476830,1566290803,C++,C++14 (GCC 5.4.1),cpp,Accepted,370,23680,711,
s595383445,p02936,u665476830,1566290560,C++,C++14 (GCC 5.4.1),cpp,Accepted,374,23680,917,
s428891597,p02936,u297367372,1566290505,C++,C++14 (GCC 5.4.1),cpp,Runtime Error,525,276608,757,
s369813658,p02936,u906208439,1566288673,C++,C++14 (GCC 5.4.1),cpp,Accepted,360,24960,1049,
s677307096,p02936,u906208439,1566288653,C++,C++14 (GCC 5.4.1),cpp,Compile Error,,,1038,
s611033635,p02936,u214547877,1566288448,C++,C++14 (GCC 5.4.1),cpp,Wrong Answer,316,32128,1654,
s736620604,p02936,u558242240,1566288038,Python,Python (3.4.3),py,Wrong Answer,2107,66396,744,
s838417886,p02936,u558242240,1566287932,Python,Python (3.4.3),py,Wrong Answer,2108,65124,740,
s032850704,p02936,u558242240,1566287770,Python,PyPy3 (2.4.0),py,Wrong Answer,2112,146820,741,
s715319208,p02936,u214547877,1566287713,C++,C++14 (GCC 5.4.1),cpp,Time Limit Exceeded,2196,1466880,1756,
s782850649,p02936,u367534053,1566287528,C++,C++14 (GCC 5.4.1),cpp,Accepted,130,25600,1243,
s596931925,p02936,u558242240,1566287358,Python,PyPy3 (2.4.0),py,Wrong Answer,2113,146060,747,
s750445161,p02936,u214547877,1566286896,C++,C++14 (GCC 5.4.1),cpp,Wrong Answer,293,27392,1306,
s527306039,p02936,u347640436,1566286704,Go,Go (1.6),go,Accepted,255,28032,1361,
s450427546,p02936,u347640436,1566286401,Go,Go (1.6),go,Wrong Answer,257,27904,1340,
s971404743,p02936,u347640436,1566286329,Go,Go (1.6),go,Compile Error,,,1328,
s945887767,p02936,u225388820,1566286049,Python,PyPy3 (2.4.0),py,Time Limit Exceeded,2152,799992,661,
s425786726,p02936,u225388820,1566286027,Python,Python (3.4.3),py,Accepted,1651,230960,661,
s335100591,p02936,u936790121,1566285822,C++,C++14 (GCC 5.4.1),cpp,Accepted,436,73056,10186,
s084101759,p02936,u316175331,1566285764,Python,PyPy3 (2.4.0),py,Time Limit Exceeded,2111,150056,1250,
s134181217,p02936,u316175331,1566285702,Python,Python (3.4.3),py,Accepted,1996,96540,1250,
s479587676,p02936,u367534053,1566285655,C++,C++14 (GCC 5.4.1),cpp,Accepted,123,19696,1453,
s730413632,p02936,u316175331,1566285595,Python,Python (3.4.3),py,Time Limit Exceeded,2108,96520,1087,
s279628027,p02936,u936790121,1566285409,C++,C++14 (GCC 5.4.1),cpp,Wrong Answer,326,44268,10160,
s980348883,p02936,u316175331,1566285333,Python,Python (3.4.3),py,Wrong Answer,2112,93976,1088,
s689415266,p02936,u136378781,1566285321,C++,C++14 (GCC 5.4.1),cpp,Accepted,658,107464,1842,
s570256646,p02936,u136378781,1566285305,C++,C++14 (GCC 5.4.1),cpp,Compile Error,,,1837,
s807734167,p02936,u367534053,1566285281,C++,C++14 (GCC 5.4.1),cpp,Accepted,126,20720,1491,
s485248464,p02936,u136378781,1566285244,C++,C++14 (GCC 5.4.1),cpp,Compile Error,,,1831,
s153396475,p02936,u204616996,1566285074,Python,Python (3.4.3),py,Wrong Answer,2116,135112,315,
s378222082,p02936,u204616996,1566284932,Python,Python (3.4.3),py,Runtime Error,2116,135068,307,
s639452581,p02936,u725048312,1566284897,C++,C++14 (GCC 5.4.1),cpp,Wrong Answer,116,14848,900,
s783491988,p02936,u204616996,1566284629,Python,Python (3.4.3),py,Wrong Answer,2116,144152,308,
s571584963,p02936,u135572611,1566284617,C++,C++14 (GCC 5.4.1),cpp,Accepted,135,23552,1521,
s634130796,p02936,u135572611,1566284591,C++,C++14 (GCC 5.4.1),cpp,Compile Error,,,1521,
s314795329,p02936,u105179262,1566284336,C++,C++14 (GCC 5.4.1),cpp,Accepted,124,17908,1053,
s721468402,p02936,u725048312,1566283691,C++,C++14 (GCC 5.4.1),cpp,Wrong Answer,2104,18944,920,
s351417857,p02936,u725048312,1566283326,C++,C++14 (GCC 5.4.1),cpp,Wrong Answer,2104,18944,902,
s560838054,p02936,u287226050,1566283105,C++,C++14 (GCC 5.4.1),cpp,Wrong Answer,124,24320,1426,
s077795744,p02936,u856205835,1566282887,C++,C++14 (GCC 5.4.1),cpp,Accepted,306,24320,879,
s544243926,p02936,u725048312,1566282773,C++,C++14 (GCC 5.4.1),cpp,Wrong Answer,2104,18944,930,
s443935661,p02936,u013628553,1566282579,C++,C++14 (GCC 5.4.1),cpp,Accepted,171,68224,1081,
s241481810,p02936,u773115096,1566282513,C++,C++14 (GCC 5.4.1),cpp,Accepted,356,23424,1234,
s013184926,p02936,u657860501,1566282497,C++,C++14 (GCC 5.4.1),cpp,Accepted,295,30464,2450,
s559576412,p02936,u016768375,1566282187,C++,C++14 (GCC 5.4.1),cpp,Wrong Answer,236,44692,1506,
s995792473,p02936,u016768375,1566282065,C++,C++14 (GCC 5.4.1),cpp,Wrong Answer,240,44692,1503,
s052473156,p02936,u168621426,1566281891,C++,C++14 (GCC 5.4.1),cpp,Accepted,385,27392,1169,
s860813002,p02936,u374512062,1566281630,C++,C++14 (GCC 5.4.1),cpp,Wrong Answer,255,38400,4120,
s166101666,p02936,u131944095,1566281625,Python,PyPy3 (2.4.0),py,Wrong Answer,2122,316528,511,
s557234790,p02936,u657860501,1566281493,C++,C++14 (GCC 5.4.1),cpp,Wrong Answer,281,24320,2367,
s936633215,p02936,u483331319,1566281440,Python,Python (3.4.3),py,Wrong Answer,1865,107892,447,
s782220526,p02936,u459029717,1566281402,C++,C++14 (GCC 5.4.1),cpp,Accepted,154,65408,969,
s274534462,p02936,u374512062,1566281377,C++,C++14 (GCC 5.4.1),cpp,Wrong Answer,241,30720,4129,
s981002422,p02936,u146209432,1566281225,C++,C++14 (GCC 5.4.1),cpp,Wrong Answer,236,44692,1556,
s491567437,p02936,u294897522,1566281124,Python,Python (3.4.3),py,Wrong Answer,1618,46668,446,
s983788313,p02936,u294897522,1566281023,Python,Python (3.4.3),py,Runtime Error,20,3316,411,
s761008370,p02936,u287226050,1566281023,C++,C++14 (GCC 5.4.1),cpp,Wrong Answer,113,23552,1426,
s626304199,p02936,u932868389,1566280992,Python,Python (3.4.3),py,Accepted,1812,301432,578,
s060344332,p02936,u932868389,1566280873,Python,Python (3.4.3),py,Time Limit Exceeded,2122,301408,551,
s652602319,p02936,u932868389,1566280701,Python,Python (3.4.3),py,Runtime Error,1984,137896,509,
s934262369,p02936,u168621426,1566280590,C++,C++14 (GCC 5.4.1),cpp,Time Limit Exceeded,2237,1907840,1208,
s530900719,p02936,u932868389,1566280493,Python,Python (3.4.3),py,Runtime Error,1621,61984,421,
s639782546,p02936,u196497077,1566280493,C++,C++14 (GCC 5.4.1),cpp,Accepted,318,24704,1099,
s287798630,p02936,u483331319,1566280476,Python,PyPy3 (2.4.0),py,Wrong Answer,2050,149752,447,
s194420194,p02936,u146209432,1566280185,C++,C++14 (GCC 5.4.1),cpp,Wrong Answer,230,44692,1579,
s908439455,p02936,u071992831,1566280017,C++,C++14 (GCC 5.4.1),cpp,Accepted,151,30336,1517,
s810110838,p02936,u806556718,1566279977,C++,C++14 (GCC 5.4.1),cpp,Wrong Answer,2104,14848,2024,
s591011340,p02936,u844789719,1566279961,Python,Python (3.4.3),py,Time Limit Exceeded,2110,154324,602,
s039691247,p02936,u844789719,1566279955,Python,PyPy3 (2.4.0),py,Accepted,1992,169620,602,
s463844958,p02936,u806556718,1566279882,C++,C++14 (GCC 5.4.1),cpp,Runtime Error,143,6264,2024,
s017962589,p02936,u131944095,1566279794,Python,PyPy3 (2.4.0),py,Wrong Answer,2159,924404,498,
s163079486,p02936,u704001626,1566279598,Python,Python (3.4.3),py,Accepted,1035,73692,892,
s366180551,p02936,u706695185,1566279495,Ruby,Ruby (2.3.3),rb,Accepted,853,34272,291,
s639747447,p02936,u657860501,1566279351,C++,C++14 (GCC 5.4.1),cpp,Accepted,359,25856,2308,
s380588897,p02936,u019489252,1566279305,C++,C++14 (GCC 5.4.1),cpp,Runtime Error,137,25072,1240,
s231553340,p02936,u131944095,1566279164,Python,PyPy3 (2.4.0),py,Wrong Answer,2121,289268,472,
s076273270,p02936,u932868389,1566279060,Python,Python (3.4.3),py,Runtime Error,2091,121904,540,
s035815173,p02936,u131944095,1566279049,Python,Python (3.4.3),py,Runtime Error,2111,151824,472,
s952741813,p02936,u080318287,1566279009,C++,C++14 (GCC 5.4.1),cpp,Accepted,125,22640,1349,
s316208421,p02936,u932868389,1566278999,Python,Python (3.4.3),py,Accepted,1700,285892,537,
s118730187,p02936,u019489252,1566278940,C++,C++14 (GCC 5.4.1),cpp,Accepted,57,20976,1489,
s802289296,p02936,u932868389,1566278894,Python,Python (3.4.3),py,Runtime Error,1857,121900,513,
s106762913,p02936,u019489252,1566278814,C++,C++14 (GCC 5.4.1),cpp,Accepted,84,16768,1499,
s321572398,p02936,u657860501,1566278765,C++,C++14 (GCC 5.4.1),cpp,Wrong Answer,2245,1855896,2367,
s441799119,p02936,u156092528,1566278758,Java,Java8 (OpenJDK 1.8.0),java,Wrong Answer,2110,326756,3619,
s299559398,p02936,u131944095,1566278731,Python,Python (3.4.3),py,Wrong Answer,1390,47880,475,
s617480520,p02936,u018250459,1566278425,C++,C++14 (GCC 5.4.1),cpp,Accepted,669,23424,602,
s066678672,p02936,u139478771,1566278414,Kotlin,Kotlin (1.0.0),kt,Wrong Answer,1995,215612,965,
s612164510,p02936,u019489252,1566278398,C++,C++14 (GCC 5.4.1),cpp,Accepted,61,18288,1487,
s752731405,p02936,u139478771,1566278333,Kotlin,Kotlin (1.0.0),kt,Wrong Answer,1853,193240,939,
s510844865,p02936,u156092528,1566278301,Java,Java8 (OpenJDK 1.8.0),java,Wrong Answer,2110,314964,3623,
s244381406,p02936,u019489252,1566278148,C++,C++14 (GCC 5.4.1),cpp,Accepted,60,18288,1500,
s909844139,p02936,u131944095,1566278073,Python,Python (3.4.3),py,Runtime Error,2107,64024,431,
s053281126,p02936,u325227960,1566278069,Python,PyPy3 (2.4.0),py,Accepted,1996,159056,753,
s356511389,p02936,u019489252,1566278059,C++,C++14 (GCC 5.4.1),cpp,Runtime Error,150,18160,1525,
s666509648,p02936,u480887225,1566278044,C++,C++14 (GCC 5.4.1),cpp,Wrong Answer,323,12232,711,
s817871334,p02936,u128539234,1566278020,Python,PyPy3 (2.4.0),py,Accepted,1974,108108,483,
s121929314,p02936,u019489252,1566277994,C++,C++14 (GCC 5.4.1),cpp,Runtime Error,161,19184,1499,
s945236313,p02936,u019489252,1566277955,C++,C++14 (GCC 5.4.1),cpp,Runtime Error,153,18288,1499,
s086929833,p02936,u128539234,1566277907,Python,PyPy3 (2.4.0),py,Time Limit Exceeded,2153,811896,485,
s477273334,p02936,u019489252,1566277899,C++,C++14 (GCC 5.4.1),cpp,Wrong Answer,50,15232,1507,
s545236178,p02936,u355520191,1566277880,C++,C++14 (GCC 5.4.1),cpp,Accepted,310,27392,659,
s880453402,p02936,u325227960,1566277785,Python,PyPy3 (2.4.0),py,Time Limit Exceeded,2075,160772,705,
s349280024,p02936,u019489252,1566277784,C++,C++14 (GCC 5.4.1),cpp,Accepted,81,21504,1419,
s096838926,p02936,u968523502,1566277770,C++,C++14 (GCC 5.4.1),cpp,Wrong Answer,2104,9600,1129,
s809721250,p02936,u128539234,1566277765,Python,PyPy3 (2.4.0),py,Wrong Answer,710,117836,519,
s028748626,p02936,u480887225,1566277753,C++,C++14 (GCC 5.4.1),cpp,Wrong Answer,307,12232,620,
s736262875,p02936,u325227960,1566277714,Python,Python (3.4.3),py,Time Limit Exceeded,2113,150968,746,
s382898604,p02936,u608965386,1566277593,C++,C++14 (GCC 5.4.1),cpp,Accepted,339,30464,1717,
s447669758,p02936,u820164965,1566277438,C++,C++14 (GCC 5.4.1),cpp,Accepted,656,23424,595,
s885971320,p02936,u128539234,1566277428,Python,PyPy3 (2.4.0),py,Wrong Answer,1644,66148,334,
s793889284,p02936,u420597302,1566277414,C++,C++14 (GCC 5.4.1),cpp,Accepted,152,18032,1046,
s905855835,p02936,u855429581,1566277344,C++,C++14 (Clang 3.8.0),cpp,Accepted,160,24320,699,
s066533018,p02936,u820164965,1566277312,C++,C++14 (GCC 5.4.1),cpp,Accepted,302,24320,992,
s432996486,p02936,u480887225,1566277279,C++,C++14 (GCC 5.4.1),cpp,Wrong Answer,295,11976,583,
s455078915,p02936,u525603554,1566277279,C#,C# (Mono 4.6.2.0),cs,Accepted,681,82564,7385,
s031759177,p02936,u128539234,1566277257,Python,PyPy3 (2.4.0),py,Wrong Answer,2109,87856,223,
s308456403,p02936,u067237725,1566277245,C++,C++14 (GCC 5.4.1),cpp,Accepted,372,21120,839,
s163790791,p02936,u128539234,1566277237,Python,Python (3.4.3),py,Wrong Answer,1769,66708,223,
s493424577,p02936,u865413330,1566277219,JavaScript,JavaScript (node.js v5.12),js,Wrong Answer,443,132160,911,
s044369754,p02936,u756388720,1566277186,C++,C++14 (GCC 5.4.1),cpp,Accepted,321,29696,705,
s696337618,p02936,u128539234,1566277170,Python,Python (3.4.3),py,Wrong Answer,1731,66708,227,
s302639753,p02936,u865413330,1566277165,Python,Python (3.4.3),py,Wrong Answer,1346,25828,258,
s035306294,p02936,u128539234,1566277077,Python,Python (3.4.3),py,Wrong Answer,1778,66712,391,
s971846335,p02936,u123756661,1566277056,Python,PyPy3 (2.4.0),py,Runtime Error,971,165084,459,
s489150263,p02936,u865413330,1566277018,Python,Python (3.4.3),py,Wrong Answer,1361,25828,277,
s421386059,p02936,u993487648,1566277003,C++,C++14 (GCC 5.4.1),cpp,Accepted,153,25088,572,
s755459233,p02936,u128539234,1566276965,Python,PyPy3 (2.4.0),py,Wrong Answer,2109,87896,400,
s216933208,p02936,u107091170,1566276949,C++,C++14 (GCC 5.4.1),cpp,Wrong Answer,360,22656,577,
s894953950,p02936,u704001626,1566276935,Python,Python (3.4.3),py,Runtime Error,1855,130036,449,
s268520037,p02936,u422827820,1566276795,C++,C++14 (GCC 5.4.1),cpp,Accepted,310,29936,940,
s092744154,p02936,u350248178,1566276722,Python,Python (3.4.3),py,Accepted,1905,56156,482,
s935994153,p02936,u422827820,1566276709,C++,C++14 (Clang 3.8.0),cpp,Compile Error,,,1082,
s408292047,p02936,u019489252,1566276679,C++,C++14 (GCC 5.4.1),cpp,Accepted,71,18160,1501,
s043617277,p02936,u350248178,1566276648,Python,PyPy3 (2.4.0),py,Accepted,1990,108108,482,
s652123946,p02936,u671861352,1566276592,Python,Python (3.4.3),py,Accepted,1980,103524,563,
s525867657,p02936,u900267897,1566276540,C++,C++14 (GCC 5.4.1),cpp,Accepted,671,23424,961,
s711193568,p02936,u123756661,1566276514,Python,PyPy3 (2.4.0),py,Runtime Error,975,170972,537,
s845366867,p02936,u294897522,1566276509,Python,Python (3.4.3),py,Runtime Error,2112,164236,518,
s499693174,p02936,u009597157,1566276466,C++,C++14 (GCC 5.4.1),cpp,Wrong Answer,292,61824,714,
s122277966,p02936,u107091170,1566276463,C++,C++14 (GCC 5.4.1),cpp,Wrong Answer,357,22656,573,
s445419073,p02936,u128539234,1566276445,Python,PyPy3 (2.4.0),py,Runtime Error,1824,88084,394,
s734277825,p02936,u961683878,1566276442,Rust,Rust (1.15.1),rs,Accepted,215,33276,2606,
s779837435,p02936,u505948952,1566276396,C++,C++ (GCC 5.4.1),cpp,Wrong Answer,268,7040,877,
s719333919,p02936,u131944095,1566276389,Python,PyPy3 (2.4.0),py,Runtime Error,2111,150248,498,
s784044322,p02936,u128539234,1566276346,Python,PyPy3 (2.4.0),py,Runtime Error,1831,87956,392,
s342985616,p02936,u968523502,1566276344,C++,C++14 (GCC 5.4.1),cpp,Wrong Answer,2104,9600,1124,
s472250934,p02936,u961683878,1566276336,Rust,Rust (1.15.1),rs,Accepted,217,33276,2606,
s227569874,p02936,u823582819,1566276298,C++,C++14 (GCC 5.4.1),cpp,Accepted,326,41472,1514,
s233625275,p02936,u009597157,1566276143,C++,C++14 (GCC 5.4.1),cpp,Wrong Answer,338,16512,712,
s514024767,p02936,u019489252,1566276143,C++,C++14 (GCC 5.4.1),cpp,Accepted,74,18032,1559,
s352599068,p02936,u560322763,1566276095,C++,C++14 (GCC 5.4.1),cpp,Accepted,185,31816,705,
s920063555,p02936,u422413213,1566276086,Java,Java8 (OpenJDK 1.8.0),java,Time Limit Exceeded,2110,351776,1969,
s715903502,p02936,u961683878,1566276046,Rust,Rust (1.15.1),rs,Runtime Error,2508,4596,2723,
s391153968,p02936,u580697892,1566275952,Python,PyPy3 (2.4.0),py,Accepted,1955,105236,509,
s620863136,p02936,u019489252,1566275921,C++,C++14 (GCC 5.4.1),cpp,Accepted,84,21232,1658,
s943838090,p02936,u580697892,1566275909,Python,Python (3.4.3),py,Accepted,1746,56084,509,
s483791614,p02936,u865413330,1566275876,Python,Python (3.4.3),py,Wrong Answer,1588,112852,287,
s321466702,p02936,u201293177,1566275870,C++,C++14 (GCC 5.4.1),cpp,Accepted,291,18292,879,
s022062017,p02936,u511501183,1566275853,C++,C++14 (GCC 5.4.1),cpp,Accepted,290,24320,761,
s838939602,p02936,u019489252,1566275840,C++,C++14 (GCC 5.4.1),cpp,Runtime Error,152,21360,1627,
s437205060,p02936,u968523502,1566275792,C++,C++14 (GCC 5.4.1),cpp,Wrong Answer,2107,8832,1118,
s586104644,p02936,u009597157,1566275717,C++,C++14 (GCC 5.4.1),cpp,Wrong Answer,338,16512,691,
s767655438,p02936,u146209432,1566275586,C++,C++14 (GCC 5.4.1),cpp,Wrong Answer,233,44692,1623,
s360486049,p02936,u511501183,1566275580,C++,C++14 (GCC 5.4.1),cpp,Runtime Error,323,13696,760,
s398804919,p02936,u019489252,1566275562,C++,C++14 (GCC 5.4.1),cpp,Accepted,130,21104,2626,
s243195876,p02936,u803848678,1566275553,Python,PyPy3 (2.4.0),py,Accepted,791,100428,628,
s984223670,p02936,u422413213,1566275505,Java,Java8 (OpenJDK 1.8.0),java,Time Limit Exceeded,2109,271984,1834,
s843124899,p02936,u039796530,1566275474,C++,C++14 (GCC 5.4.1),cpp,Accepted,299,32128,2378,
s418068316,p02936,u434747175,1566275427,C++,C++14 (GCC 5.4.1),cpp,Accepted,365,23424,1055,
s858779391,p02936,u146209432,1566275424,C++,C++14 (GCC 5.4.1),cpp,Wrong Answer,449,44564,1615,
s133565669,p02936,u422413213,1566275263,Java,Java8 (OpenJDK 1.8.0),java,Time Limit Exceeded,2114,261928,2138,
s681599606,p02936,u172369914,1566275260,C++,C++14 (GCC 5.4.1),cpp,Runtime Error,507,286208,848,
s368773883,p02936,u019489252,1566275218,C++,C++14 (GCC 5.4.1),cpp,Wrong Answer,130,19568,2569,
s862296528,p02936,u152614052,1566275163,Python,Python (3.4.3),py,Wrong Answer,2114,103936,696,
s188729519,p02936,u146209432,1566275019,C++,C++14 (GCC 5.4.1),cpp,Wrong Answer,424,44436,1614,
s209226647,p02936,u987476436,1566275005,C++,C++14 (GCC 5.4.1),cpp,Accepted,598,52352,658,
s115725915,p02936,u987476436,1566274999,C++,C++14 (GCC 5.4.1),cpp,Accepted,595,52352,658,
s788645040,p02936,u325942975,1566274996,Java,Java8 (OpenJDK 1.8.0),java,Accepted,1433,104028,3330,
s215866867,p02936,u422413213,1566274957,Java,Java8 (OpenJDK 1.8.0),java,Time Limit Exceeded,2109,219872,1927,
s616344161,p02936,u987476436,1566274900,C++,C++14 (GCC 5.4.1),cpp,Compile Error,,,657,
s149741757,p02936,u485065344,1566274891,C++,C++14 (GCC 5.4.1),cpp,Wrong Answer,123,48640,1190,
s021822965,p02936,u615346437,1566274890,C++,C++14 (GCC 5.4.1),cpp,Accepted,185,24320,1218,
s673002950,p02936,u485065344,1566274794,C++,C++14 (GCC 5.4.1),cpp,Accepted,148,48640,1215,
s495492059,p02936,u615346437,1566274763,C++,C++14 (GCC 5.4.1),cpp,Wrong Answer,131,16128,1219,
s698999863,p02936,u485065344,1566274752,C++,C++14 (GCC 5.4.1),cpp,Accepted,140,48640,1299,
s060329482,p02936,u937094641,1566274701,C++,C++14 (GCC 5.4.1),cpp,Wrong Answer,2274,1366564,1383,
s072195783,p02936,u511501183,1566274659,C++,C++14 (GCC 5.4.1),cpp,Wrong Answer,308,32128,1402,
s922322403,p02936,u762183504,1566274510,C++,C++14 (GCC 5.4.1),cpp,Accepted,673,23552,789,
s972948391,p02936,u839270538,1566274488,C++,C++14 (GCC 5.4.1),cpp,Accepted,375,27136,685,
s278457698,p02936,u525603554,1566274464,C#,C# (Mono 4.6.2.0),cs,Wrong Answer,400,80144,6412,
s804812004,p02936,u839270538,1566274462,C++,C++14 (GCC 5.4.1),cpp,Runtime Error,100,2560,685,
s561782313,p02936,u996290370,1566274447,TypeScript,TypeScript (2.1.6),ts,Accepted,827,137372,1365,
s133508868,p02936,u201293177,1566274432,C++,C++14 (GCC 5.4.1),cpp,Runtime Error,612,15360,879,
s916216940,p02936,u941028483,1566274432,Scala,Scala (2.11.7),scala,Runtime Error,2115,165448,613,
s793848027,p02936,u615346437,1566274432,C++,C++14 (GCC 5.4.1),cpp,Wrong Answer,115,21248,1180,
s685876586,p02936,u019489252,1566274415,Ruby,Ruby (2.3.3),rb,Runtime Error,777,32636,278,
s727041837,p02936,u326609687,1566274347,Python,Python (3.4.3),py,Accepted,379,50596,207095,
s582675537,p02936,u328760043,1566274289,Java,Java8 (OpenJDK 1.8.0),java,Accepted,805,118284,1792,
s956229658,p02936,u064061804,1566274289,Python,Python (3.4.3),py,Wrong Answer,1770,77860,716,
s877118615,p02936,u630855524,1566274288,C++,C++14 (GCC 5.4.1),cpp,Accepted,377,25856,871,
s752097110,p02936,u961683878,1566274283,Rust,Rust (1.15.1),rs,Time Limit Exceeded,2105,51288,2768,
s113530200,p02936,u996290370,1566274278,TypeScript,TypeScript (2.1.6),ts,Runtime Error,2113,116452,1632,
s882497202,p02936,u335830383,1566274134,Python,Python (3.4.3),py,Runtime Error,1586,73332,760,
s400979539,p02936,u247407965,1566274021,C++,C++14 (GCC 5.4.1),cpp,Wrong Answer,356,26624,1505,
s375827726,p02936,u102960641,1566273989,Python,Python (3.4.3),py,Wrong Answer,1641,124004,369,
s767214390,p02936,u019489252,1566273957,Ruby,Ruby (2.3.3),rb,Runtime Error,657,29692,236,
s778816276,p02936,u511501183,1566273938,C++,C++14 (GCC 5.4.1),cpp,Wrong Answer,282,22656,1097,
s364583384,p02936,u941028483,1566273909,Scala,Scala (2.11.7),scala,Wrong Answer,2115,159472,643,
s751934248,p02936,u422413213,1566273868,Java,Java8 (OpenJDK 1.8.0),java,Time Limit Exceeded,2110,228280,2680,
s158243975,p02936,u247407965,1566273845,C++,C++14 (GCC 5.4.1),cpp,Wrong Answer,320,25856,1573,
s184516771,p02936,u326609687,1566273723,Python,Python (3.4.3),py,Accepted,396,106640,206885,
s897015107,p02936,u485065344,1566273715,C++,C++14 (GCC 5.4.1),cpp,Wrong Answer,149,48640,1274,
s179266461,p02936,u556225812,1566273675,Python,Python (3.4.3),py,Accepted,1862,56080,512,
s033221166,p02936,u556225812,1566273585,Python,Python (3.4.3),py,Wrong Answer,1968,59460,524,
s300476483,p02936,u401452016,1566273576,Python,Python (3.4.3),py,Runtime Error,1657,53592,488,
s117328439,p02936,u823582819,1566273557,C++,C++14 (GCC 5.4.1),cpp,Wrong Answer,288,28928,1710,
s037714787,p02936,u930706982,1566273524,C++,C++14 (GCC 5.4.1),cpp,Accepted,365,25856,1061,
s915723744,p02936,u770423799,1566273463,Java,Java8 (OpenJDK 1.8.0),java,Wrong Answer,2110,345680,1242,
s822783697,p02936,u941028483,1566273432,Scala,Scala (2.11.7),scala,Wrong Answer,2116,157944,613,
s583592087,p02936,u987476436,1566273427,C++,C++14 (GCC 5.4.1),cpp,Wrong Answer,349,21120,502,
s458500392,p02936,u039796530,1566273425,C++,C++14 (GCC 5.4.1),cpp,Runtime Error,2515,1780,2248,
s970585395,p02936,u242680486,1566273422,C++,C++14 (GCC 5.4.1),cpp,Wrong Answer,466,59680,2693,
s957673294,p02936,u814026219,1566273370,Crystal,Crystal (0.20.5),cr,Accepted,865,76156,892,
s573494186,p02936,u607865971,1566273347,Python,Python (3.4.3),py,Wrong Answer,1516,237808,626,
s996725247,p02936,u762183504,1566273345,C++,C++14 (GCC 5.4.1),cpp,Wrong Answer,661,20352,650,
s442304348,p02936,u274811210,1566273312,PHP,PHP7 (7.0.15),php,Wrong Answer,304,158200,614,
s436955705,p02936,u274811210,1566273300,PHP,PHP7 (7.0.15),php,Wrong Answer,317,158200,614,
s383290049,p02936,u038084150,1566273284,Java,Java8 (OpenJDK 1.8.0),java,Accepted,605,75408,14215,
s537363795,p02936,u941028483,1566273171,Scala,Scala (2.11.7),scala,Runtime Error,2119,159228,600,
s341017893,p02936,u511954806,1566273158,C++,C++14 (GCC 5.4.1),cpp,Accepted,299,27392,839,
s528423497,p02936,u882935040,1566273150,C++,C++14 (GCC 5.4.1),cpp,Accepted,134,27392,973,
s605360501,p02936,u492030100,1566273124,Python,Python (3.4.3),py,Accepted,1693,268392,704,
s167357102,p02936,u038084150,1566273056,Java,Java8 (OpenJDK 1.8.0),java,Accepted,692,78580,12952,
s541499682,p02936,u762183504,1566273009,C++,C++14 (GCC 5.4.1),cpp,Accepted,649,23552,536,
s189836651,p02936,u891387249,1566272997,Scala,Scala (2.11.7),scala,Accepted,1839,153576,943,
s237644446,p02936,u762183504,1566272976,C++,C++14 (GCC 5.4.1),cpp,Wrong Answer,345,20224,695,
s975247441,p02936,u762183504,1566272862,C++,C++14 (GCC 5.4.1),cpp,Wrong Answer,646,20352,650,
s166015852,p02936,u422413213,1566272823,Java,Java8 (OpenJDK 1.8.0),java,Time Limit Exceeded,2110,279380,2247,
s658293061,p02936,u231122239,1566272816,Python,Python (3.4.3),py,Wrong Answer,2109,92956,394,
s322002612,p02936,u770423799,1566272776,Java,Java8 (OpenJDK 1.8.0),java,Wrong Answer,2110,348828,1143,
s052258848,p02936,u231122239,1566272767,Python,Python (3.4.3),py,Wrong Answer,2108,86556,408,
s416870459,p02936,u492030100,1566272765,Python,PyPy3 (2.4.0),py,Time Limit Exceeded,2121,291960,676,
s137538922,p02936,u038084150,1566272762,Java,Java8 (OpenJDK 1.8.0),java,Wrong Answer,572,62560,12913,
s786556144,p02936,u492030100,1566272731,Python,Python (3.4.3),py,Time Limit Exceeded,2120,268392,676,
s105422037,p02936,u123756661,1566272637,C++,C++14 (GCC 5.4.1),cpp,Accepted,147,23424,721,
s398650053,p02936,u326609687,1566272598,Python,Python (3.4.3),py,Wrong Answer,400,106592,206798,
s512354293,p02936,u492030100,1566272585,Python,PyPy3 (2.4.0),py,Time Limit Exceeded,2120,255352,711,
s145781347,p02936,u231122239,1566272564,Python,Python (3.4.3),py,Wrong Answer,1672,86552,470,
s873228395,p02936,u401452016,1566272545,Python,Python (3.4.3),py,Runtime Error,2106,46208,464,
s784462097,p02936,u511501183,1566272516,C++,C++14 (GCC 5.4.1),cpp,Wrong Answer,322,32128,1224,
s294265417,p02936,u770423799,1566272485,Java,Java8 (OpenJDK 1.8.0),java,Wrong Answer,2110,343056,1142,
s476304243,p02936,u231122239,1566272466,Python,Python (3.4.3),py,Wrong Answer,1799,92956,456,
s100020451,p02936,u482034961,1566272462,C++,C++14 (GCC 5.4.1),cpp,Wrong Answer,128,26624,714,
s804343122,p02936,u104301765,1566272373,C++,C++14 (GCC 5.4.1),cpp,Accepted,131,28928,2187,
s776001516,p02936,u194385557,1566272369,C++,C++14 (Clang 3.8.0),cpp,Accepted,772,32128,1525,
s303455191,p02936,u422413213,1566272361,Java,Java8 (OpenJDK 1.8.0),java,Time Limit Exceeded,2110,206312,2130,
s994020452,p02936,u231122239,1566272333,Python,Python (3.4.3),py,Wrong Answer,1685,86560,456,
s528895385,p02936,u545674098,1566272282,C++,C++14 (GCC 5.4.1),cpp,Accepted,311,32128,1249,
s771381317,p02936,u247407965,1566272247,C++,C++14 (GCC 5.4.1),cpp,Time Limit Exceeded,2104,24064,1711,
s456719028,p02936,u104301765,1566272217,C++,C++14 (GCC 5.4.1),cpp,Runtime Error,101,2560,2189,
s495800328,p02936,u524020590,1566272185,C++,C++14 (GCC 5.4.1),cpp,Accepted,135,29056,4857,
s304572638,p02936,u823582819,1566272150,C++,C++14 (GCC 5.4.1),cpp,Wrong Answer,251,11760,1397,
s490316825,p02936,u422413213,1566272105,Java,Java8 (OpenJDK 1.8.0),java,Time Limit Exceeded,2110,209212,2050,
s107850164,p02936,u915981080,1566272093,Java,Java8 (OpenJDK 1.8.0),java,Wrong Answer,2113,353380,876,
s219235744,p02936,u556225812,1566272075,Python,Python (3.4.3),py,Accepted,1698,56060,895,
s524953123,p02936,u401452016,1566272049,Python,Python (3.4.3),py,Runtime Error,2106,46168,439,
s637964806,p02936,u505948952,1566271999,C++,C++ (GCC 5.4.1),cpp,Wrong Answer,250,6144,645,
s729018615,p02936,u619673623,1566271933,C++,C++14 (GCC 5.4.1),cpp,Accepted,409,21632,552,
s749781306,p02936,u247407965,1566271908,C++,C++14 (GCC 5.4.1),cpp,Wrong Answer,2104,24064,1677,
s012354116,p02936,u492030100,1566271900,Python,PyPy3 (2.4.0),py,Wrong Answer,2122,280980,670,
s308130134,p02936,u619673623,1566271897,C++,C++14 (GCC 5.4.1),cpp,Runtime Error,153,2944,552,
s723694292,p02936,u422413213,1566271885,Java,Java8 (OpenJDK 1.8.0),java,Time Limit Exceeded,2109,208884,2060,
s396024386,p02936,u422413213,1566271614,Java,Java8 (OpenJDK 1.8.0),java,Time Limit Exceeded,2110,206116,2169,
s629762300,p02936,u414947284,1566271554,C++,C++14 (GCC 5.4.1),cpp,Accepted,305,20468,926,
s368499986,p02936,u556225812,1566271538,Python,Python (3.4.3),py,Wrong Answer,1520,47920,395,
s882427344,p02936,u759266806,1566271452,C++,C++14 (GCC 5.4.1),cpp,Accepted,141,35200,4880,
s290708522,p02936,u556225812,1566271446,Python,Python (3.4.3),py,Wrong Answer,1539,51364,399,
s506323388,p02936,u524870111,1566271446,Python,Python (3.4.3),py,Accepted,1312,64856,865,
s882145155,p02936,u492030100,1566271424,Python,PyPy3 (2.4.0),py,Time Limit Exceeded,2119,265788,673,
s617685938,p02936,u492030100,1566271326,Python,Python (3.4.3),py,Runtime Error,2106,49060,631,
s512751845,p02936,u422413213,1566271309,Java,Java8 (OpenJDK 1.8.0),java,Time Limit Exceeded,2110,232252,2313,
s214544931,p02936,u285443936,1566271301,Python,Python (3.4.3),py,Wrong Answer,966,65200,503,
s533764132,p02936,u524870111,1566271253,Python,Python (3.4.3),py,Accepted,1405,63980,831,
s065012584,p02936,u031593168,1566271235,C++,C++14 (GCC 5.4.1),cpp,Wrong Answer,266,4736,1255,
s999635787,p02936,u247407965,1566271229,C++,C++14 (GCC 5.4.1),cpp,Wrong Answer,2105,26496,1797,
s535684325,p02936,u326609687,1566271185,Python,Python (3.4.3),py,Runtime Error,1845,44588,1031,
s009299029,p02936,u524870111,1566271164,Python,Python (3.4.3),py,Wrong Answer,1208,61944,804,
s944740983,p02936,u699765883,1566271081,Python,Python (3.4.3),py,Time Limit Exceeded,2133,492184,1127,
s775392650,p02936,u583193199,1566271079,C++,C++14 (GCC 5.4.1),cpp,Wrong Answer,333,22344,1329,
s468357512,p02936,u017298112,1566271074,Rust,Rust (1.15.1),rs,Accepted,203,35324,3271,
s278577939,p02936,u524020590,1566271072,C++,C++14 (GCC 5.4.1),cpp,Wrong Answer,119,27392,5118,
s060848109,p02936,u100310937,1566271019,Python,Python (3.4.3),py,Accepted,1843,284152,701,
s254704168,p02936,u186304815,1566271019,C++,C++14 (GCC 5.4.1),cpp,Accepted,130,21376,3156,
s023672620,p02936,u823582819,1566271002,C++,C++14 (GCC 5.4.1),cpp,Wrong Answer,306,24320,1015,
s472260946,p02936,u422413213,1566270990,Java,Java8 (OpenJDK 1.8.0),java,Time Limit Exceeded,2110,310208,2429,
s775161172,p02936,u080017818,1566270989,C++,C++14 (GCC 5.4.1),cpp,Accepted,141,21888,1172,
s717505132,p02936,u709304134,1566270978,C++,C++14 (GCC 5.4.1),cpp,Accepted,290,15628,1419,
s134904616,p02936,u870164956,1566270974,Python,PyPy3 (2.4.0),py,Wrong Answer,2124,352896,565,
s221174259,p02936,u363599046,1566270949,Python,Python (3.4.3),py,Wrong Answer,1796,118344,434,
s228373448,p02936,u511501183,1566270943,C++,C++14 (GCC 5.4.1),cpp,Wrong Answer,288,22656,959,
s040480999,p02936,u941028483,1566270888,Scala,Scala (2.11.7),scala,Runtime Error,2116,158464,1042,
s617604486,p02936,u414947284,1566270865,C++,C++14 (GCC 5.4.1),cpp,Wrong Answer,273,16256,838,
s421219356,p02936,u363599046,1566270862,Python,Python (3.4.3),py,Wrong Answer,1881,118196,433,
s111663083,p02936,u414947284,1566270815,C++,C++14 (GCC 5.4.1),cpp,Runtime Error,337,6904,838,
s109416161,p02936,u870164956,1566270791,Python,PyPy3 (2.4.0),py,Wrong Answer,2124,353580,569,
s132664253,p02936,u363599046,1566270771,Python,Python (3.4.3),py,Wrong Answer,1672,118340,423,
s966425298,p02936,u623231048,1566270756,Python,PyPy3 (2.4.0),py,Accepted,953,123356,785,
s262322435,p02936,u422413213,1566270748,Java,Java8 (OpenJDK 1.8.0),java,Time Limit Exceeded,2110,354280,2392,
s492009865,p02936,u524870111,1566270695,Python,Python (3.4.3),py,Wrong Answer,2107,51780,842,
s082127836,p02936,u583193199,1566270689,Java,Java8 (OpenJDK 1.8.0),java,Wrong Answer,1830,167408,1692,
s131493594,p02936,u247407965,1566270642,C++,C++14 (GCC 5.4.1),cpp,Wrong Answer,2108,24064,1626,
s870652179,p02936,u583193199,1566270568,C++,C++14 (GCC 5.4.1),cpp,Wrong Answer,2104,21576,1157,
s703312650,p02936,u524870111,1566270553,Python,PyPy3 (2.4.0),py,Runtime Error,183,38640,865,
s843403432,p02936,u051401873,1566270444,Python,Python (3.4.3),py,Wrong Answer,2113,181984,405,
s714728773,p02936,u684822781,1566270428,C++,C++14 (GCC 5.4.1),cpp,Wrong Answer,2104,14720,1943,
s781016294,p02936,u426683236,1566270405,Python,Python (3.4.3),py,Accepted,1691,328328,873,
s027491720,p02936,u933214067,1566270355,Python,PyPy3 (2.4.0),py,Accepted,1921,116352,886,
s011695450,p02936,u932868389,1566270314,Python,Python (3.4.3),py,Wrong Answer,1976,113604,361,
s407715873,p02936,u988402778,1566270313,Python,Python (3.4.3),py,Wrong Answer,1369,137216,15866,
s747550966,p02936,u623231048,1566270311,Python,PyPy3 (2.4.0),py,Wrong Answer,2112,383420,572,
s186660042,p02936,u933214067,1566270255,Python,Python (3.4.3),py,Time Limit Exceeded,2107,70152,886,
s956160963,p02936,u525288965,1566270248,C++,C++14 (GCC 5.4.1),cpp,Accepted,150,24320,1900,
s754600816,p02936,u716530146,1566270200,Python,Python (3.4.3),py,Wrong Answer,2122,317392,656,
s985858327,p02936,u933214067,1566270169,Python,Python (3.4.3),py,Time Limit Exceeded,2107,71620,1589,
s558763147,p02936,u524870111,1566270150,Python,Python (3.4.3),py,Wrong Answer,2112,63168,865,
s254146868,p02936,u108272327,1566270108,Kotlin,Kotlin (1.0.0),kt,Wrong Answer,818,115272,492,
s832996783,p02936,u524020590,1566270091,C++,C++14 (GCC 5.4.1),cpp,Wrong Answer,148,27392,5170,
s447319657,p02936,u932868389,1566270079,Python,Python (3.4.3),py,Wrong Answer,1593,112892,346,
s180341224,p02936,u870164956,1566270059,Python,Python (3.4.3),py,Runtime Error,918,60320,575,
s648288474,p02936,u823582819,1566270022,C++,C++14 (GCC 5.4.1),cpp,Wrong Answer,2105,23680,1111,
s041501456,p02936,u108272327,1566269980,Kotlin,Kotlin (1.0.0),kt,Wrong Answer,815,121064,492,
s666273603,p02936,u426683236,1566269974,Python,Python (3.4.3),py,Accepted,1714,328352,841,
s302012713,p02936,u220272043,1566269966,C++,C++14 (GCC 5.4.1),cpp,Wrong Answer,154,7152,1596,
s907395665,p02936,u932868389,1566269940,Python,Python (3.4.3),py,Wrong Answer,1533,112372,336,
s864602346,p02936,u941028483,1566269929,Scala,Scala (2.11.7),scala,Wrong Answer,2111,147176,1067,
s382164210,p02936,u160064368,1566269912,Python,PyPy3 (2.4.0),py,Accepted,768,93952,681,
s901594563,p02936,u426683236,1566269793,Python,PyPy3 (2.4.0),py,Time Limit Exceeded,2150,764280,841,
s120125478,p02936,u870164956,1566269686,Python,Python (3.4.3),py,Runtime Error,932,60384,516,
s938360328,p02936,u235231201,1566269644,C++,C++14 (GCC 5.4.1),cpp,Accepted,704,23424,674,
s582230642,p02936,u554954744,1566269612,Python,Python (3.4.3),py,Accepted,1091,65636,642,
s719887676,p02936,u623687794,1566269603,Python,PyPy3 (2.4.0),py,Accepted,762,122316,608,
s213126169,p02936,u069450081,1566269601,C++,C++14 (GCC 5.4.1),cpp,Accepted,148,35200,1873,
s663522206,p02936,u820164965,1566269582,C++,C++14 (GCC 5.4.1),cpp,Accepted,296,24320,1031,
s540992002,p02936,u556225812,1566269569,Python,Python (3.4.3),py,Wrong Answer,2110,109904,359,
s450505749,p02936,u556225812,1566269527,Python,Python (3.4.3),py,Wrong Answer,2113,112336,370,
s994509722,p02936,u160064368,1566269522,Python,Python (3.4.3),py,Time Limit Exceeded,2114,268552,595,
s680824945,p02936,u843135954,1566269520,Python,Python (3.4.3),py,Accepted,1793,238672,552,
s113278862,p02936,u870164956,1566269499,Python,Python (3.4.3),py,Runtime Error,959,60392,541,
s013315062,p02936,u235231201,1566269476,C++,C++ (GCC 5.4.1),cpp,Time Limit Exceeded,2104,14456,674,
s437094557,p02936,u426683236,1566269419,Python,PyPy3 (2.4.0),py,Time Limit Exceeded,2145,692088,806,
s613115499,p02936,u123756661,1566269415,Python,PyPy3 (2.4.0),py,Runtime Error,2109,112396,505,
s935843485,p02936,u894258749,1566269412,Python,Python (3.4.3),py,Accepted,1832,244172,583,
s067283323,p02936,u422413213,1566269395,Java,Java8 (OpenJDK 1.8.0),java,Wrong Answer,2106,241956,1970,
s290322592,p02936,u556225812,1566269381,Python,Python (3.4.3),py,Wrong Answer,1901,109324,342,
s713463668,p02936,u492030100,1566269379,Python,Python (3.4.3),py,Wrong Answer,1514,47876,462,
s118907119,p02936,u894258749,1566269348,Python,Python (3.4.3),py,Accepted,1300,82564,677,
s506594924,p02936,u160064368,1566269336,Python,PyPy3 (2.4.0),py,Accepted,1926,107084,641,
s018137545,p02936,u922487073,1566269282,Python,Python (3.4.3),py,Wrong Answer,2116,133840,645,
s575190902,p02936,u703272444,1566269272,C++,C++14 (GCC 5.4.1),cpp,Accepted,568,39296,1052,
s326033978,p02936,u463858127,1566269264,Python,PyPy3 (2.4.0),py,Accepted,1943,103372,848,
s523553078,p02936,u069450081,1566269225,C++,C++14 (GCC 5.4.1),cpp,Wrong Answer,261,30336,1775,
s850803710,p02936,u123756661,1566269223,Python,PyPy3 (2.4.0),py,Runtime Error,1936,113756,540,
s827977990,p02936,u429120546,1566269215,C++,C++14 (GCC 5.4.1),cpp,Accepted,363,24448,1916,
s888366490,p02936,u952708174,1566269168,Python,PyPy3 (2.4.0),py,Accepted,901,121420,856,
s109034786,p02936,u511501183,1566269166,C++,C++14 (GCC 5.4.1),cpp,Wrong Answer,246,5504,826,
s106578045,p02936,u941028483,1566269079,Scala,Scala (2.11.7),scala,Wrong Answer,2111,121288,1058,
s411729714,p02936,u777923818,1566269034,Python,PyPy3 (2.4.0),py,Time Limit Exceeded,2154,835556,3595,
s833203052,p02936,u422413213,1566269030,Java,Java8 (OpenJDK 1.8.0),java,Wrong Answer,2110,351268,1968,
s547784376,p02936,u777923818,1566268995,Python,PyPy3 (2.4.0),py,Time Limit Exceeded,2110,142412,4435,
s896944416,p02936,u996290370,1566268940,TypeScript,TypeScript (2.1.6),ts,Runtime Error,852,120720,751,
s704090974,p02936,u422413213,1566268796,Java,Java8 (OpenJDK 1.8.0),java,Wrong Answer,2109,212584,1812,
s050376797,p02936,u554954744,1566268785,Python,Python (3.4.3),py,Time Limit Exceeded,2129,402836,775,
s867247464,p02936,u634209474,1566268782,C++,C++14 (GCC 5.4.1),cpp,Accepted,303,20980,855,
s003792859,p02936,u100310937,1566268762,Python,Python (3.4.3),py,Runtime Error,1139,71368,720,
s471487619,p02936,u554954744,1566268744,Python,Python (3.4.3),py,Wrong Answer,2129,402844,816,
s877493454,p02936,u634209474,1566268711,C++,C++14 (GCC 5.4.1),cpp,Accepted,336,23284,971,
s816899395,p02936,u554954744,1566268692,Python,Python (3.4.3),py,Accepted,1553,232312,499,
s031826490,p02936,u976817999,1566268594,C++,C++14 (GCC 5.4.1),cpp,Accepted,316,21996,967,
s561784169,p02936,u220272043,1566268588,C++,C++14 (GCC 5.4.1),cpp,Wrong Answer,135,6256,1165,
s850668559,p02936,u623687794,1566268563,Python,Python (3.4.3),py,Accepted,1183,68368,608,
s980432921,p02936,u933214067,1566268563,Python,Python (3.4.3),py,Wrong Answer,1957,52944,1444,
s694129098,p02936,u976817999,1566268520,C++,C++14 (GCC 5.4.1),cpp,Wrong Answer,286,21100,939,
s692659711,p02936,u703272444,1566268520,C++,C++14 (GCC 5.4.1),cpp,Wrong Answer,466,39296,1018,
s287148739,p02936,u069450081,1566268458,C++,C++14 (GCC 5.4.1),cpp,Wrong Answer,112,21120,1560,
s780416281,p02936,u160064368,1566268449,Python,PyPy3 (2.4.0),py,Time Limit Exceeded,2123,327212,588,
s528480915,p02936,u188465420,1566268434,PHP,PHP7 (7.0.15),php,Wrong Answer,1357,134008,1010,
s184140225,p02936,u422413213,1566268409,Java,Java8 (OpenJDK 1.8.0),java,Wrong Answer,2110,239488,1868,
s464507131,p02936,u623687794,1566268355,Python,PyPy3 (2.4.0),py,Accepted,1988,133188,582,
s029114977,p02936,u108272327,1566268333,Kotlin,Kotlin (1.0.0),kt,Wrong Answer,1876,166712,466,
s537346727,p02936,u076941004,1566268298,Python,Python (3.4.3),py,Wrong Answer,2112,87700,1440,
s954212775,p02936,u160064368,1566268214,Python,PyPy3 (2.4.0),py,Runtime Error,1867,131148,559,
s132334705,p02936,u108272327,1566268185,Kotlin,Kotlin (1.0.0),kt,Wrong Answer,1911,168948,464,
s671670374,p02936,u220272043,1566268121,C++,C++14 (GCC 5.4.1),cpp,Wrong Answer,135,6256,1165,
s935631046,p02936,u556225812,1566268058,Python,Python (3.4.3),py,Wrong Answer,2110,110456,360,
s760406833,p02936,u751468134,1566268044,Go,Go (1.6),go,Accepted,609,84992,6508,
s088425144,p02936,u620639655,1566268031,D,D (DMD64 v2.070.1),d,Accepted,606,47612,748,
s935010255,p02936,u108272327,1566267915,Kotlin,Kotlin (1.0.0),kt,Wrong Answer,1865,170264,449,
s202307552,p02936,u502389123,1566267887,Python,Python (3.4.3),py,Accepted,1697,230932,476,
s750295670,p02936,u783675879,1566267856,C++,C++14 (GCC 5.4.1),cpp,Accepted,429,208236,16634,
s027310832,p02936,u860189946,1566267831,Python,Python (2.7.6),py,Runtime Error,1287,46064,392,
s554595033,p02936,u777923818,1566267820,Python,PyPy3 (2.4.0),py,Time Limit Exceeded,2140,601720,3595,
s555597685,p02936,u475487788,1566267802,C++,C++14 (Clang 3.8.0),cpp,Wrong Answer,2106,32256,824,
s060512182,p02936,u024940592,1566267786,C++,C++14 (GCC 5.4.1),cpp,Accepted,172,24320,2226,
s128176254,p02936,u556225812,1566267758,Python,Python (3.4.3),py,Wrong Answer,2111,110460,390,
s247592175,p02936,u684822781,1566267752,C++,C++14 (GCC 5.4.1),cpp,Wrong Answer,744,14848,1729,
s354393003,p02936,u334141868,1566267580,C++,C++14 (GCC 5.4.1),cpp,Accepted,125,23552,1343,
s078971982,p02936,u554954744,1566267557,Python,Python (3.4.3),py,Accepted,1996,285892,536,
s074785037,p02936,u634209474,1566267514,C++,C++14 (GCC 5.4.1),cpp,Wrong Answer,282,21120,941,
s453601314,p02936,u860189946,1566267512,Python,Python (2.7.6),py,Runtime Error,1520,51820,441,
s220995042,p02936,u554954744,1566267493,Python,PyPy3 (2.4.0),py,Time Limit Exceeded,2149,730672,616,
s206324291,p02936,u049979154,1566267479,PHP,PHP7 (7.0.15),php,Wrong Answer,347,36468,342,
s728323927,p02936,u475487788,1566267469,C++,C++14 (GCC 5.4.1),cpp,Wrong Answer,2106,43264,824,
s527828199,p02936,u085288971,1566267403,Kotlin,Kotlin (1.0.0),kt,Runtime Error,1122,286216,1027,
s504961150,p02936,u123756661,1566267364,Python,PyPy3 (2.4.0),py,Wrong Answer,496,79068,797,
s265793013,p02936,u554954744,1566267351,Python,PyPy3 (2.4.0),py,Time Limit Exceeded,2155,828780,540,
s714841665,p02936,u475487788,1566267344,C++,C++14 (GCC 5.4.1),cpp,Compile Error,,,951,
s933817319,p02936,u463858127,1566267334,Python,PyPy3 (2.4.0),py,Time Limit Exceeded,2127,335608,503,
s383809858,p02936,u634209474,1566267295,C++,C++14 (GCC 5.4.1),cpp,Wrong Answer,281,21120,858,
s038580115,p02936,u684822781,1566267266,C++,C++14 (GCC 5.4.1),cpp,Wrong Answer,643,14848,880,
s604175480,p02936,u556225812,1566267224,Python,Python (3.4.3),py,Wrong Answer,2025,111312,363,
s751074375,p02936,u463858127,1566267220,Python,Python (3.4.3),py,Time Limit Exceeded,2118,227760,503,
s137943586,p02936,u123756661,1566267205,Python,PyPy3 (2.4.0),py,Runtime Error,167,38288,796,
s704951585,p02936,u684822781,1566267064,C++,C++14 (GCC 5.4.1),cpp,Wrong Answer,613,14720,1670,
s288702427,p02936,u374531474,1566267030,Python,Python (3.4.3),py,Accepted,1919,76260,565,
s696165073,p02936,u100310937,1566267027,Python,Python (3.4.3),py,Runtime Error,2106,92696,542,
s151061472,p02936,u554954744,1566267005,Python,PyPy3 (2.4.0),py,Time Limit Exceeded,2154,813688,502,
s493343836,p02936,u961683878,1566266996,Rust,Rust (1.15.1),rs,Wrong Answer,196,24828,2710,
s856963804,p02936,u474514603,1566266871,Python,Python (3.4.3),py,Wrong Answer,1437,224544,437,
s954621337,p02936,u556225812,1566266853,Python,Python (3.4.3),py,Wrong Answer,1882,109740,355,
s946329939,p02936,u127364468,1566266848,C++,C++14 (GCC 5.4.1),cpp,Runtime Error,376,13312,726,
s940897320,p02936,u253209284,1566266838,Python,Python (3.4.3),py,Time Limit Exceeded,2106,47848,1418,
s289782182,p02936,u554954744,1566266803,Python,PyPy3 (2.4.0),py,Time Limit Exceeded,2125,351352,475,
s316670011,p02936,u037430802,1566266773,Python,PyPy3 (2.4.0),py,Accepted,1817,107540,719,
s515782846,p02936,u894258749,1566266712,Python,PyPy3 (2.4.0),py,Accepted,769,122828,683,
s305994090,p02936,u340010271,1566266712,C++,C++14 (GCC 5.4.1),cpp,Accepted,140,17904,1074,
s231106347,p02936,u100310937,1566266682,Python,Python (3.4.3),py,Runtime Error,2108,118740,538,
s700573740,p02936,u259053514,1566266670,C++,C++14 (GCC 5.4.1),cpp,Accepted,515,49524,3709,
s866855076,p02936,u684822781,1566266651,C++,C++14 (GCC 5.4.1),cpp,Wrong Answer,635,14848,1681,
s587752985,p02936,u684822781,1566266597,C++,C++14 (GCC 5.4.1),cpp,Wrong Answer,709,15744,1681,
s326752265,p02936,u110464018,1566266593,C++,C++14 (GCC 5.4.1),cpp,Accepted,145,27264,1586,
s300662192,p02936,u253209284,1566266504,Python,Python (3.4.3),py,Time Limit Exceeded,2106,48576,1231,
s756429649,p02936,u037430802,1566266502,Python,Python (3.4.3),py,Wrong Answer,1600,56884,720,
s202897479,p02936,u761529120,1566266468,Python,PyPy3 (2.4.0),py,Accepted,797,93588,720,
s813743988,p02936,u438265890,1566266408,C++,C++14 (GCC 5.4.1),cpp,Accepted,660,23552,679,
s656204740,p02936,u037430802,1566266323,Python,Python (3.4.3),py,Accepted,1952,63732,719,
s942347837,p02936,u037430802,1566266297,Python,Python (3.4.3),py,Runtime Error,17,3064,720,
s262568970,p02936,u037430802,1566266198,Python,Python (3.4.3),py,Time Limit Exceeded,2083,74260,864,
s732383757,p02936,u085288971,1566266184,Kotlin,Kotlin (1.0.0),kt,Time Limit Exceeded,2111,149276,1058,
s031635160,p02936,u720721463,1566266184,C++,C++14 (GCC 5.4.1),cpp,Accepted,370,23552,870,
s316295937,p02936,u271934630,1566266166,Python,PyPy3 (2.4.0),py,Accepted,1879,105600,484,
s197561651,p02936,u374531474,1566266134,Python,Python (3.4.3),py,Time Limit Exceeded,2107,68444,579,
s759281157,p02936,u633404120,1566266083,C,C (GCC 5.4.1),c,Wrong Answer,99,13696,1104,
s526892524,p02936,u100310937,1566266058,Python,Python (3.4.3),py,Runtime Error,2107,126444,646,
s653073297,p02936,u037430802,1566266049,Python,Python (3.4.3),py,Wrong Answer,1709,69836,794,
s916373767,p02936,u774729733,1566266042,Python,Python (3.4.3),py,Wrong Answer,2137,526172,488,
s296347494,p02936,u076941004,1566265990,Python,Python (3.4.3),py,Wrong Answer,2113,87712,1413,
s955579446,p02936,u480200603,1566265958,Python,Python (3.4.3),py,Accepted,1710,55828,589,
s138847910,p02936,u941028483,1566265954,Scala,Scala (2.11.7),scala,Wrong Answer,2111,119964,1127,
s072020789,p02936,u188486233,1566265945,C,C (GCC 5.4.1),c,Wrong Answer,2107,4096,541,
s518225043,p02936,u100310937,1566265937,Python,Python (3.4.3),py,Runtime Error,791,97364,604,
s856858720,p02936,u254187258,1566265920,C++,C++14 (GCC 5.4.1),cpp,Runtime Error,378,264704,967,
s780970385,p02936,u225162167,1566265840,Java,Java8 (OpenJDK 1.8.0),java,Accepted,1014,162936,4752,
s107682221,p02936,u256351611,1566265801,Python,PyPy3 (2.4.0),py,Wrong Answer,1996,127128,476,
s795787089,p02936,u254187258,1566265727,C++,C++14 (GCC 5.4.1),cpp,Compile Error,,,687,
s582507597,p02936,u941028483,1566265693,Scala,Scala (2.11.7),scala,Wrong Answer,2111,120184,1133,
s885572625,p02936,u271934630,1566265685,Python,PyPy3 (2.4.0),py,Accepted,1936,124036,536,
s191673627,p02936,u100310937,1566265575,Python,Python (3.4.3),py,Runtime Error,2110,131416,579,
s818903715,p02936,u256351611,1566265484,Python,PyPy3 (2.4.0),py,Wrong Answer,2006,129304,356,
s708393471,p02936,u761529120,1566265435,Python,Python (3.4.3),py,Accepted,1762,230928,612,
s791877148,p02936,u991846372,1566265394,C++,C++14 (GCC 5.4.1),cpp,Accepted,388,25984,715,
s981217429,p02936,u761529120,1566265388,Python,PyPy3 (2.4.0),py,Time Limit Exceeded,2153,816120,612,
s353874622,p02936,u085288971,1566265386,Kotlin,Kotlin (1.0.0),kt,Time Limit Exceeded,2112,149860,1047,
s501606290,p02936,u502389123,1566265366,Python,Python (3.4.3),py,Time Limit Exceeded,2123,340864,833,
s077743033,p02936,u502389123,1566265351,Python,PyPy3 (2.4.0),py,Time Limit Exceeded,2143,651512,833,
s566404977,p02936,u030866862,1566265331,C++,C++14 (GCC 5.4.1),cpp,Accepted,377,27392,1391,
s717205053,p02936,u991846372,1566265280,C++,C++14 (GCC 5.4.1),cpp,Accepted,367,25984,715,
s660836309,p02936,u761529120,1566265263,Python,PyPy3 (2.4.0),py,Time Limit Exceeded,2153,824696,497,
s378270984,p02936,u761529120,1566265196,Python,Python (3.4.3),py,Time Limit Exceeded,2125,230960,470,
s322274773,p02936,u761529120,1566265165,Python,PyPy3 (2.4.0),py,Time Limit Exceeded,2128,341240,470,
s241574026,p02936,u616753222,1566265164,C++,C++14 (GCC 5.4.1),cpp,Accepted,148,24320,1009,
s820030657,p02936,u926099741,1566265135,Ruby,Ruby (2.3.3),rb,Runtime Error,2111,63996,723,
s805438407,p02936,u798944838,1566265078,C++,C++14 (GCC 5.4.1),cpp,Wrong Answer,349,37376,1254,
s596620816,p02936,u761529120,1566265046,Python,Python (3.4.3),py,Time Limit Exceeded,2083,230928,587,
s804040165,p02936,u121794232,1566265040,C++,C++14 (GCC 5.4.1),cpp,Accepted,295,30060,869,
s752771497,p02936,u502389123,1566265017,Python,PyPy3 (2.4.0),py,Time Limit Exceeded,2144,684124,776,
s272254985,p02936,u502389123,1566264989,Python,PyPy3 (2.4.0),py,Runtime Error,534,54240,762,
s019710050,p02936,u761529120,1566264988,Python,PyPy3 (2.4.0),py,Time Limit Exceeded,2122,304376,587,
s765144071,p02936,u798944838,1566264955,C++,C++14 (GCC 5.4.1),cpp,Runtime Error,3864,8064,1307,
s139828961,p02936,u975658594,1566264913,C++,C++14 (GCC 5.4.1),cpp,Accepted,534,28148,1203,
s657627191,p02936,u975658594,1566264776,C++,C++14 (GCC 5.4.1),cpp,Wrong Answer,1007,29556,1262,
s750142386,p02936,u037430802,1566264758,Python,Python (3.4.3),py,Wrong Answer,1313,25852,301,
s362874411,p02936,u050698451,1566264732,C++,C++14 (GCC 5.4.1),cpp,Accepted,179,28132,1934,
s561197953,p02936,u798944838,1566264725,C++,C++14 (GCC 5.4.1),cpp,Runtime Error,359,21112,1244,
s691289531,p02936,u798944838,1566264669,C++,C++14 (GCC 5.4.1),cpp,Runtime Error,362,47872,1243,
s917826189,p02936,u066253157,1566264604,Python,Python (3.4.3),py,Accepted,1972,300056,642,
s039917144,p02936,u926099741,1566264551,Ruby,Ruby (2.3.3),rb,Runtime Error,2111,63996,692,
s109740532,p02936,u221285045,1566264462,C++,C++14 (GCC 5.4.1),cpp,Accepted,338,15604,1410,
s439056920,p02936,u066253157,1566264416,Python,Python (3.4.3),py,Accepted,1967,300056,641,
s614205921,p02936,u225162167,1566264411,Java,Java8 (OpenJDK 1.8.0),java,Wrong Answer,1225,161660,4695,
s996268300,p02936,u840813237,1566264388,C++,C++14 (GCC 5.4.1),cpp,Accepted,135,24192,1852,
s833378603,p02936,u839509562,1566264379,Rust,Rust (1.15.1),rs,Accepted,265,45564,1367,
s691959293,p02936,u720721463,1566264374,C++,C++14 (GCC 5.4.1),cpp,Runtime Error,103,3072,1094,
s779974540,p02936,u066253157,1566264356,Python,Python (3.4.3),py,Accepted,1845,310892,563,
s436536719,p02936,u840813237,1566264347,C++,C++14 (GCC 5.4.1),cpp,Runtime Error,101,2560,1852,
s576524387,p02936,u225162167,1566264340,Java,Java8 (OpenJDK 1.8.0),java,Compile Error,,,4412,
s025406501,p02936,u155024797,1566264324,Python,PyPy3 (2.4.0),py,Accepted,869,121292,703,
s129232313,p02936,u066253157,1566264301,Python,Python (3.4.3),py,Runtime Error,1935,100928,495,
s447871077,p02936,u535347736,1566264295,C++,C++14 (GCC 5.4.1),cpp,Accepted,324,17016,1302,
s888499190,p02936,u155024797,1566264290,Python,PyPy3 (2.4.0),py,Time Limit Exceeded,2050,133068,665,
s751161535,p02936,u502389123,1566264285,Python,PyPy3 (2.4.0),py,Time Limit Exceeded,2145,689272,776,
s948487586,p02936,u798944838,1566264265,C++,C++14 (GCC 5.4.1),cpp,Runtime Error,374,47872,1243,
s271424169,p02936,u009348313,1566264262,Python,PyPy3 (2.4.0),py,Accepted,1975,132844,603,
s905692262,p02936,u774729733,1566264247,Python,Python (3.4.3),py,Wrong Answer,2107,92192,444,
s533814258,p02936,u572483595,1566264180,Java,Java8 (OpenJDK 1.8.0),java,Wrong Answer,1611,175184,1625,
s769124422,p02936,u225162167,1566264175,Java,Java8 (OpenJDK 1.8.0),java,Compile Error,,,4709,
s120574519,p02936,u502389123,1566264162,Python,PyPy3 (2.4.0),py,Time Limit Exceeded,2148,659448,637,
s440265308,p02936,u450956662,1566264160,Python,Python (3.4.3),py,Accepted,1933,56084,540,
s640485158,p02936,u032189172,1566264158,C++,C++14 (GCC 5.4.1),cpp,Wrong Answer,292,24320,935,
s002926359,p02936,u491400073,1566264076,C++,C++14 (GCC 5.4.1),cpp,Accepted,143,17140,795,
s748643939,p02936,u463655976,1566264075,Python,Python (3.4.3),py,Wrong Answer,1410,49444,273,
s679583828,p02936,u502389123,1566264061,Python,PyPy3 (2.4.0),py,Time Limit Exceeded,2146,704504,631,
s289298828,p02936,u491400073,1566264012,C++,C++14 (GCC 5.4.1),cpp,Runtime Error,215,13556,779,
s190895585,p02936,u685009987,1566263978,C++,C++14 (GCC 5.4.1),cpp,Wrong Answer,280,24320,968,
s376321395,p02936,u502389123,1566263970,Python,Python (3.4.3),py,Time Limit Exceeded,2121,288168,631,
s689222379,p02936,u491400073,1566263954,C++,C++14 (GCC 5.4.1),cpp,Compile Error,,,773,
s060226771,p02936,u502389123,1566263833,Python,Python (3.4.3),py,Time Limit Exceeded,2121,297004,669,
s733247356,p02936,u463655976,1566263798,Go,Go (1.6),go,Accepted,857,54272,4201,
s368111994,p02936,u037430802,1566263797,Python,Python (3.4.3),py,Wrong Answer,1678,62304,455,
s013773101,p02936,u502389123,1566263770,Python,Python (3.4.3),py,Runtime Error,1754,103064,666,
s761611200,p02936,u673928159,1566263718,C++,C++14 (GCC 5.4.1),cpp,Accepted,311,16372,984,
s175237330,p02936,u839509562,1566263630,Rust,Rust (1.15.1),rs,Accepted,273,50812,1563,
s700408998,p02936,u673928159,1566263628,C++,C++14 (GCC 5.4.1),cpp,Wrong Answer,312,16372,1048,
s474870849,p02936,u450956662,1566263616,Python,Python (3.4.3),py,Wrong Answer,1519,48244,431,
s797492950,p02936,u502389123,1566263593,Python,Python (3.4.3),py,Accepted,1622,230960,476,
s140159653,p02936,u091051505,1566263527,Python,Python (3.4.3),py,Wrong Answer,2107,81832,563,
s427218563,p02936,u502389123,1566263483,Python,PyPy3 (2.4.0),py,Time Limit Exceeded,2125,349304,449,
s194603981,p02936,u614497125,1566263437,C++,C++14 (GCC 5.4.1),cpp,Accepted,135,20096,926,
s417624113,p02936,u759721333,1566263420,Python,Python (3.4.3),py,Wrong Answer,1810,113628,361,
s092687760,p02936,u502389123,1566263399,Python,Python (3.4.3),py,Time Limit Exceeded,2118,230960,449,
s570893479,p02936,u673928159,1566263398,C++,C++14 (GCC 5.4.1),cpp,Wrong Answer,294,16372,980,
s131580637,p02936,u065859967,1566263397,C++,C++14 (GCC 5.4.1),cpp,Accepted,363,23424,633,
s394512959,p02936,u065859967,1566263348,C++,C++14 (GCC 5.4.1),cpp,Runtime Error,543,274164,632,
s757545877,p02936,u091051505,1566263347,Python,Python (3.4.3),py,Wrong Answer,1910,85888,559,
s950603724,p02936,u839509562,1566263344,Rust,Rust (1.15.1),rs,Wrong Answer,284,47612,1602,
s397103360,p02936,u216849520,1566263217,C++,C++14 (GCC 5.4.1),cpp,Accepted,344,44544,1590,
s754949052,p02936,u899975427,1566263133,Python,Python (3.4.3),py,Wrong Answer,2104,45184,497,
s398197785,p02936,u271934630,1566263118,Python,PyPy3 (2.4.0),py,Runtime Error,1935,123680,516,
s741516264,p02936,u903005414,1566263115,Python,Python (3.4.3),py,Wrong Answer,2109,60384,584,
s392320901,p02936,u463655976,1566263082,Go,Go (1.6),go,Wrong Answer,583,44544,4114,
s364538524,p02936,u673928159,1566262959,C++,C++14 (GCC 5.4.1),cpp,Time Limit Exceeded,2182,1318208,915,
s627722529,p02936,u535347736,1566262872,C++,C++14 (GCC 5.4.1),cpp,Wrong Answer,273,17024,999,
s676649384,p02936,u731346939,1566262838,Java,Java8 (OpenJDK 1.8.0),java,Time Limit Exceeded,2110,226744,1712,
s542742627,p02936,u066253157,1566262799,Python,Python (3.4.3),py,Runtime Error,1687,59584,525,
s809072713,p02936,u867320886,1566262647,Python,Python (3.4.3),py,Accepted,911,94956,635,
s612505755,p02936,u798944838,1566262638,C++,C++14 (GCC 5.4.1),cpp,Runtime Error,385,47872,1266,
s342376372,p02936,u731346939,1566262546,Java,Java8 (OpenJDK 1.8.0),java,Time Limit Exceeded,2110,245492,1684,
s954249660,p02936,u045643130,1566262520,C++,C++14 (GCC 5.4.1),cpp,Accepted,144,24448,1006,
s899507773,p02936,u271934630,1566262452,Python,PyPy3 (2.4.0),py,Accepted,1909,125168,502,
s494643287,p02936,u138253748,1566262377,Rust,Rust (1.15.1),rs,Accepted,199,33276,2642,
s686945865,p02936,u434282696,1566262278,Python,Python (3.4.3),py,Time Limit Exceeded,2107,91024,685,
s657785469,p02936,u578850957,1566262261,Python,Python (3.4.3),py,Accepted,1830,310916,594,
s252549816,p02936,u434282696,1566262188,Python,PyPy3 (2.4.0),py,Time Limit Exceeded,2109,140280,685,
s053805502,p02936,u578850957,1566262179,Python,Python (3.4.3),py,Time Limit Exceeded,2123,310092,567,
s885254454,p02936,u781659997,1566262158,C++,C++14 (GCC 5.4.1),cpp,Accepted,317,21888,846,
s499389762,p02936,u798944838,1566262157,C++,C++14 (GCC 5.4.1),cpp,Runtime Error,2104,303732,1046,
s504982626,p02936,u369190981,1566262118,Java,Java8 (OpenJDK 1.8.0),java,Runtime Error,1974,196412,996,
s905853008,p02936,u127030911,1566262115,Java,Java8 (OpenJDK 1.8.0),java,Accepted,1827,231544,1381,
s396452791,p02936,u798944838,1566262076,C++,C++14 (GCC 5.4.1),cpp,Runtime Error,2104,303732,1037,
s344498401,p02936,u975658594,1566262047,C++,C++14 (GCC 5.4.1),cpp,Wrong Answer,407,25088,985,
s723807452,p02936,u798944838,1566262044,C++,C++14 (GCC 5.4.1),cpp,Time Limit Exceeded,2105,56576,1292,
s997745767,p02936,u434282696,1566262036,Python,Python (3.4.3),py,Wrong Answer,2107,92260,698,
s948552909,p02936,u369190981,1566262010,Java,Java8 (OpenJDK 1.8.0),java,Runtime Error,1968,196664,912,
s222004279,p02936,u578850957,1566262006,Python,Python (3.4.3),py,Runtime Error,1791,52304,583,
s156187941,p02936,u369190981,1566261938,Java,Java8 (OpenJDK 1.8.0),java,Runtime Error,1934,190784,910,
s090604406,p02936,u220212997,1566261935,C++,C++14 (GCC 5.4.1),cpp,Accepted,428,25600,1085,
s526384215,p02936,u899975427,1566261932,Python,Python (3.4.3),py,Wrong Answer,740,25852,313,
s819872142,p02936,u138253748,1566261927,Rust,Rust (1.15.1),rs,Wrong Answer,171,30204,2225,
s190608572,p02936,u061071198,1566261872,C++,C++14 (GCC 5.4.1),cpp,Accepted,314,36736,833,
s718909907,p02936,u366035313,1566261825,Java,Java8 (OpenJDK 1.8.0),java,Wrong Answer,1920,221876,2072,
s453531923,p02936,u578850957,1566261823,Python,Python (3.4.3),py,Runtime Error,1963,100876,524,
s415174375,p02936,u798944838,1566261771,C++,C++14 (GCC 5.4.1),cpp,Time Limit Exceeded,2105,56576,1292,
s449000366,p02936,u788280580,1566261680,C++,C++14 (GCC 5.4.1),cpp,Accepted,129,21632,1274,
s519414333,p02936,u220212997,1566261666,C++,C++14 (GCC 5.4.1),cpp,Wrong Answer,342,12544,424,
s262812578,p02936,u975658594,1566261623,C++,C++14 (GCC 5.4.1),cpp,Wrong Answer,475,25088,969,
s742555861,p02936,u318955153,1566261605,Python,Python (3.4.3),py,Accepted,1732,67208,675,
s146653726,p02936,u677991935,1566261597,C,C (GCC 5.4.1),c,Wrong Answer,129,9412,928,
s678497455,p02936,u502389123,1566261560,Python,Python (3.4.3),py,Wrong Answer,2120,265004,557,
s658165223,p02936,u498620941,1566261512,Python,Python (3.4.3),py,Accepted,1678,230900,525,
s667057735,p02936,u366035313,1566261491,Java,Java8 (OpenJDK 1.8.0),java,Wrong Answer,1919,220496,2069,
s971239253,p02936,u180645294,1566261461,Python,Python (3.4.3),py,Accepted,1915,259332,524,
s423861721,p02936,u882460931,1566261449,Go,Go (1.6),go,Wrong Answer,228,17536,1490,
s423571406,p02936,u061071198,1566261413,C++,C++14 (GCC 5.4.1),cpp,Accepted,1200,64112,3197,
s220648150,p02936,u781659997,1566261361,C++,C++14 (GCC 5.4.1),cpp,Wrong Answer,284,11136,861,
s357859261,p02936,u180645294,1566261347,Python,Python (3.4.3),py,Time Limit Exceeded,2119,254248,567,
s070644030,p02936,u498620941,1566261306,Python,Python (3.4.3),py,Time Limit Exceeded,2112,230920,484,
s096031999,p02936,u673928159,1566261126,C++,C++14 (GCC 5.4.1),cpp,Wrong Answer,306,14848,837,
s847438347,p02936,u261260430,1566261106,Python,Python (3.4.3),py,Accepted,1616,268440,856,
s445277874,p02936,u366035313,1566261066,Java,Java8 (OpenJDK 1.8.0),java,Runtime Error,1308,193620,2065,
s967461289,p02936,u330712095,1566261039,Python,Python (3.4.3),py,Accepted,1566,230932,421,
s587711686,p02936,u320122168,1566261037,Python,Python (3.4.3),py,Wrong Answer,2108,77084,390,
s253736387,p02936,u180645294,1566261020,Python,Python (3.4.3),py,Time Limit Exceeded,2119,254476,567,
s690100999,p02936,u498620941,1566260983,Python,Python (3.4.3),py,Time Limit Exceeded,2118,230892,498,
s724737117,p02936,u677991935,1566260956,C,C (GCC 5.4.1),c,Wrong Answer,97,7552,748,
s717974493,p02936,u535347736,1566260927,C++,C++14 (GCC 5.4.1),cpp,Wrong Answer,275,17024,967,
s643066103,p02936,u180645294,1566260916,Python,Python (3.4.3),py,Time Limit Exceeded,2119,254636,534,
s881732051,p02936,u941028483,1566260865,Scala,Scala (2.11.7),scala,Wrong Answer,2111,120588,981,
s802262584,p02936,u066253157,1566260792,Python,Python (3.4.3),py,Runtime Error,2107,128228,573,
s323925130,p02936,u131944095,1566260792,Python,PyPy3 (2.4.0),py,Runtime Error,2110,120792,427,
s010048460,p02936,u307252896,1566260742,Go,Go (1.6),go,Accepted,338,75904,960,
s598895686,p02936,u180645294,1566260714,Python,PyPy3 (2.4.0),py,Time Limit Exceeded,2123,314232,534,
s661886316,p02936,u498620941,1566260683,Python,PyPy3 (2.4.0),py,Time Limit Exceeded,2126,368760,498,
s048102916,p02936,u781659997,1566260670,C++,C++14 (GCC 5.4.1),cpp,Wrong Answer,304,21120,713,
s210524625,p02936,u180645294,1566260587,Python,Python (3.4.3),py,Time Limit Exceeded,2119,259016,534,
s196413833,p02936,u278566247,1566260568,C++,C++14 (GCC 5.4.1),cpp,Accepted,304,25856,1247,
s973287915,p02936,u330712095,1566260512,Python,Python (3.4.3),py,Time Limit Exceeded,2111,230928,400,
s366598538,p02936,u498620941,1566260475,Python,Python (3.4.3),py,Time Limit Exceeded,2118,228744,489,
s941387095,p02936,u095021077,1566260389,Python,Python (3.4.3),py,Runtime Error,150,12500,466,
s424153227,p02936,u824958582,1566260387,Python,Python (3.4.3),py,Wrong Answer,2184,1094500,1086,
s294023357,p02936,u808738521,1566260379,C++,C++14 (GCC 5.4.1),cpp,Accepted,658,24960,438,
s932213525,p02936,u535347736,1566260199,C++,C++14 (GCC 5.4.1),cpp,Wrong Answer,2103,6144,784,
s498855588,p02936,u808738521,1566260052,C++,C++14 (GCC 5.4.1),cpp,Wrong Answer,343,14848,427,
s098084610,p02936,u159335277,1566260050,Rust,Rust (1.15.1),rs,Accepted,499,41468,2394,
s656027180,p02936,u480200603,1566260016,Python,Python (3.4.3),py,Wrong Answer,1448,47868,348,
s580116977,p02936,u480200603,1566259921,Python,Python (3.4.3),py,Wrong Answer,1467,46096,348,
s181338316,p02936,u901397311,1566259860,C++,C++14 (GCC 5.4.1),cpp,Accepted,143,28160,1325,
s177644893,p02936,u261260430,1566259806,Python,Python (3.4.3),py,Accepted,1526,268460,776,
s872327009,p02936,u946322619,1566259707,C++,C++14 (GCC 5.4.1),cpp,Accepted,701,23424,589,
s063351925,p02936,u946322619,1566259677,C++,C++14 (GCC 5.4.1),cpp,Compile Error,,,589,
s827765848,p02936,u808738521,1566259632,C++,C++14 (GCC 5.4.1),cpp,Wrong Answer,313,3968,458,
s775291919,p02936,u521389909,1566259606,C++,C++14 (GCC 5.4.1),cpp,Accepted,306,19700,1000,
s447337890,p02936,u330712095,1566259590,Python,Python (3.4.3),py,Time Limit Exceeded,2112,230960,416,
s648053236,p02936,u901397311,1566259583,C++,C++14 (GCC 5.4.1),cpp,Accepted,134,25088,1338,
s408814187,p02936,u140135665,1566259566,F#,F# (Mono 4.0),fs,Wrong Answer,1610,35764,864,
s130655899,p02936,u808738521,1566259454,C++,C++14 (GCC 5.4.1),cpp,Wrong Answer,318,3968,452,
s211341536,p02936,u330712095,1566259355,Python,PyPy3 (2.4.0),py,Time Limit Exceeded,2126,376056,416,
s365202193,p02936,u140135665,1566259327,F#,F# (Mono 4.0),fs,Wrong Answer,1616,32964,855,
s570741239,p02936,u808738521,1566259323,C++,C++14 (GCC 5.4.1),cpp,Compile Error,,,445,
s277547799,p02936,u193182854,1566259303,Python,Python (3.4.3),py,Accepted,1910,236936,506,
s763398647,p02936,u909486901,1566259293,C++,C++14 (GCC 5.4.1),cpp,Accepted,125,21888,635,
s301120322,p02936,u654508479,1566259210,C++,C++14 (GCC 5.4.1),cpp,Wrong Answer,318,16512,884,
s555390184,p02936,u330712095,1566259209,Python,PyPy3 (2.4.0),py,Wrong Answer,2127,360696,451,
s695129370,p02936,u289709148,1566259147,C++,C++14 (GCC 5.4.1),cpp,Accepted,383,24448,874,
s149059791,p02936,u535347736,1566259118,C++,C++14 (GCC 5.4.1),cpp,Wrong Answer,2103,3712,764,
s553781674,p02936,u265768297,1566259060,C++,C++14 (GCC 5.4.1),cpp,Accepted,362,23552,1074,
s696828948,p02936,u808738521,1566259046,C++,C++14 (GCC 5.4.1),cpp,Wrong Answer,321,3968,452,
s991909471,p02936,u265768297,1566259001,C++,C++14 (GCC 5.4.1),cpp,Runtime Error,101,2560,1070,
s346357736,p02936,u265768297,1566258976,Python,Python (3.4.3),py,Runtime Error,17,2940,1070,
s849308181,p02936,u261260430,1566258945,Python,Python (3.4.3),py,Accepted,1694,268384,671,
s357431880,p02936,u654508479,1566258894,C++,C++14 (GCC 5.4.1),cpp,Wrong Answer,301,15732,885,
s979373828,p02936,u808738521,1566258886,C++,C++14 (GCC 5.4.1),cpp,Wrong Answer,313,3968,437,
s853279269,p02936,u899909022,1566258836,Python,Python (3.4.3),py,Wrong Answer,1557,45144,464,
s528870168,p02936,u899909022,1566258803,Python,Python (3.4.3),py,Wrong Answer,1634,45144,464,
s609151507,p02936,u193182854,1566258697,Python,Python (3.4.3),py,Wrong Answer,2080,230528,405,
s740277256,p02936,u889018366,1566258658,C++,C++14 (GCC 5.4.1),cpp,Wrong Answer,2105,76928,608,
s975414041,p02936,u334656323,1566258470,C++,C++14 (GCC 5.4.1),cpp,Wrong Answer,595,19584,9611,
s387287012,p02936,u261260430,1566258440,Python,Python (3.4.3),py,Time Limit Exceeded,2121,291892,659,
s782346236,p02936,u889018366,1566258438,C++,C++14 (GCC 5.4.1),cpp,Wrong Answer,2105,76032,570,
s998153520,p02936,u140135665,1566258425,F#,F# (Mono 4.0),fs,Wrong Answer,1925,38628,941,
s660570080,p02936,u498620941,1566258307,Python,Python (3.4.3),py,Time Limit Exceeded,2117,227816,508,
s929750205,p02936,u278278558,1566258307,PHP,PHP7 (7.0.15),php,Accepted,404,158200,612,
s183926948,p02936,u031146664,1566258247,Python,PyPy3 (2.4.0),py,Accepted,1255,128728,669,
s125752127,p02936,u870092796,1566258219,C++,C++14 (GCC 5.4.1),cpp,Accepted,357,24320,851,
s233608777,p02936,u031146664,1566258206,Python,PyPy3 (2.4.0),py,Time Limit Exceeded,2111,116168,631,
s162575250,p02936,u498620941,1566258171,Python,Python (3.4.3),py,Time Limit Exceeded,2117,227464,495,
s433360195,p02936,u317230226,1566258117,C++,C++14 (Clang 3.8.0),cpp,Accepted,756,32128,981,
s799283411,p02936,u261260430,1566258104,Python,Python (3.4.3),py,Time Limit Exceeded,2121,285504,771,
s777193435,p02936,u216849520,1566258098,C++,C++14 (GCC 5.4.1),cpp,Wrong Answer,309,14848,1580,
s315318308,p02936,u045811375,1566258069,C++,C++14 (GCC 5.4.1),cpp,Accepted,343,35200,746,
s159014778,p02936,u996290370,1566257851,TypeScript,TypeScript (2.1.6),ts,Wrong Answer,659,123892,968,
s057377002,p02936,u330712095,1566257788,Python,PyPy3 (2.4.0),py,Time Limit Exceeded,2119,253304,543,
s270418720,p02936,u699765883,1566257757,Python,Python (3.4.3),py,Wrong Answer,1731,67096,500,
s910617333,p02936,u031146664,1566257745,Python,Python (3.4.3),py,Time Limit Exceeded,2107,51104,631,
s629708472,p02936,u031146664,1566257629,Python,Python (3.4.3),py,Time Limit Exceeded,2107,50976,632,
s689254824,p02936,u045811375,1566257412,C++,C++14 (GCC 5.4.1),cpp,Wrong Answer,357,20352,483,
s243242665,p02936,u084324798,1566257399,Python,Python (3.4.3),py,Accepted,1517,232216,532,
s045407004,p02936,u084324798,1566257370,Python,Python (3.4.3),py,Runtime Error,1627,227260,532,
s940170049,p02936,u084324798,1566257334,Python,Python (3.4.3),py,Runtime Error,1194,137224,532,
s771864958,p02936,u975481854,1566257268,C++,C++14 (GCC 5.4.1),cpp,Wrong Answer,2104,54016,1152,
s182367842,p02936,u084324798,1566257187,Python,Python (3.4.3),py,Runtime Error,2128,342728,537,
s407650890,p02936,u975481854,1566257177,C++,C++14 (GCC 5.4.1),cpp,Wrong Answer,2104,54016,1202,
s777814211,p02936,u093384595,1566257137,Python,Python (3.4.3),py,Time Limit Exceeded,2106,56852,937,
s266069380,p02936,u261260430,1566257068,Python,Python (3.4.3),py,Time Limit Exceeded,2120,268272,526,
s791071228,p02936,u412632563,1566256931,C#,C# (Mono 4.6.2.0),cs,Accepted,896,103212,7556,
s623688311,p02936,u371762349,1566256878,C++,C++14 (GCC 5.4.1),cpp,Accepted,336,28928,733,
s692152745,p02936,u854904794,1566256786,C++,C++14 (GCC 5.4.1),cpp,Accepted,143,24576,730,
s483281415,p02936,u924297957,1566256683,C++,C++ (GCC 5.4.1),cpp,Wrong Answer,255,9984,517,
s833907145,p02936,u084324798,1566256677,Python,Python (3.4.3),py,Time Limit Exceeded,2107,59908,693,
s789439899,p02936,u498620941,1566256646,Python,Python (3.4.3),py,Time Limit Exceeded,2117,228480,546,
s549074400,p02936,u084324798,1566256480,Python,PyPy3 (2.4.0),py,Time Limit Exceeded,2110,106380,693,
s002826651,p02936,u654508479,1566256434,C++,C++14 (GCC 5.4.1),cpp,Wrong Answer,271,14848,770,
s799721979,p02936,u924297957,1566256365,C++,C++ (GCC 5.4.1),cpp,Wrong Answer,251,9984,663,
s884388944,p02936,u066253157,1566256341,Python,Python (3.4.3),py,Wrong Answer,1494,63208,362,
s940256427,p02936,u498620941,1566256286,Python,Python (3.4.3),py,Time Limit Exceeded,2106,49704,570,
s415498474,p02936,u066253157,1566256269,Python,Python (3.4.3),py,Wrong Answer,1523,63208,362,
s329235457,p02936,u441723963,1566256009,C++,C++14 (GCC 5.4.1),cpp,Accepted,477,29696,784,
s552069360,p02936,u870092796,1566255937,C++,C++14 (GCC 5.4.1),cpp,Wrong Answer,287,21120,767,
s172936431,p02936,u066253157,1566255918,Python,Python (3.4.3),py,Wrong Answer,1019,63260,401,
s586505945,p02936,u066253157,1566255809,Python,Python (3.4.3),py,Wrong Answer,1524,63208,362,
s201736113,p02936,u432688695,1566255682,C++,C++14 (GCC 5.4.1),cpp,Accepted,133,27392,3595,
s895096532,p02936,u717463970,1566255653,C++,C++14 (GCC 5.4.1),cpp,Accepted,144,23552,942,
s756814665,p02936,u072526305,1566255646,C++,C++14 (GCC 5.4.1),cpp,Accepted,404,35656,1131,
s157826133,p02936,u367534053,1566255622,C++,C++14 (GCC 5.4.1),cpp,Time Limit Exceeded,2104,18672,1676,
s163436919,p02936,u862237347,1566255585,C++,C++14 (GCC 5.4.1),cpp,Accepted,147,28928,883,
s572233218,p02936,u981708764,1566255518,D,D (DMD64 v2.070.1),d,Accepted,1882,57084,21698,
s333955040,p02936,u503890246,1566255498,Ruby,Ruby (2.3.3),rb,Accepted,788,34020,497,
s347668196,p02936,u084324798,1566255491,Python,PyPy3 (2.4.0),py,Wrong Answer,521,91100,336,
s015162217,p02936,u093384595,1566255491,Python,PyPy3 (2.4.0),py,Time Limit Exceeded,2107,65632,987,
s218022037,p02936,u981708764,1566255480,D,D (DMD64 v2.070.1),d,Accepted,392,52732,16818,
s566923760,p02936,u924297957,1566255276,C++,C++ (GCC 5.4.1),cpp,Wrong Answer,251,9984,537,
s487032154,p02936,u093384595,1566255216,Python,Python (3.4.3),py,Time Limit Exceeded,2106,58824,987,
s131374801,p02936,u226191225,1566255203,Python,Python (3.4.3),py,Wrong Answer,1999,118992,818,
s488319088,p02936,u084324798,1566255185,Python,PyPy3 (2.4.0),py,Wrong Answer,575,92636,244,
s550805376,p02936,u073057072,1566255095,C++,C++14 (GCC 5.4.1),cpp,Accepted,296,17904,908,
s286921841,p02936,u367534053,1566255083,C++,C++14 (GCC 5.4.1),cpp,Time Limit Exceeded,2104,18672,1648,
s523306508,p02936,u302957509,1566255046,D,D (DMD64 v2.070.1),d,Accepted,654,73980,1743,
s500487766,p02936,u367534053,1566255024,C++,C++14 (GCC 5.4.1),cpp,Runtime Error,98,3328,1648,
s046254035,p02936,u084324798,1566254963,Python,PyPy3 (2.4.0),py,Time Limit Exceeded,2140,598780,564,
s066610598,p02936,u084324798,1566254931,Python,Python (3.4.3),py,Time Limit Exceeded,2111,65564,564,
s105837979,p02936,u731346939,1566254874,Java,Java8 (OpenJDK 1.8.0),java,Wrong Answer,2110,238088,1493,
s370141319,p02936,u503890246,1566254838,Ruby,Ruby (2.3.3),rb,Wrong Answer,1827,37340,299,
s368963514,p02936,u354638986,1566254809,C++,C++14 (GCC 5.4.1),cpp,Accepted,162,21120,1718,
s068777493,p02936,u503890246,1566254776,Ruby,Ruby (2.3.3),rb,Wrong Answer,757,36220,288,
s461298353,p02936,u084324798,1566254735,Python,Python (3.4.3),py,Time Limit Exceeded,2107,71828,612,
s486087659,p02936,u302957509,1566254735,D,D (DMD64 v2.070.1),d,Accepted,604,45436,1790,
s822174136,p02936,u379629675,1566254721,C++,C++14 (GCC 5.4.1),cpp,Accepted,352,34928,3507,
s184594728,p02936,u441723963,1566254696,C++,C++14 (GCC 5.4.1),cpp,Wrong Answer,416,22784,694,
s291130950,p02936,u084324798,1566254583,Python,Python (3.4.3),py,Runtime Error,2106,71708,582,
s579816007,p02936,u778700306,1566254569,Python,PyPy3 (2.4.0),py,Accepted,1978,127120,1484,
s511239517,p02936,u778700306,1566254538,Python,Python (3.4.3),py,Time Limit Exceeded,2112,80048,1484,
s406693091,p02936,u060072952,1566254499,C++,C++14 (GCC 5.4.1),cpp,Accepted,149,24320,1174,
s979704481,p02936,u788717734,1566254434,C++,C++14 (GCC 5.4.1),cpp,Accepted,315,23552,1337,
s783671245,p02936,u150027030,1566254321,Python,Python (3.4.3),py,Runtime Error,152,12508,616,
s119804498,p02936,u924297957,1566254231,C++,C++ (GCC 5.4.1),cpp,Wrong Answer,249,11520,674,
s729558492,p02936,u441723963,1566254014,C++,C++14 (GCC 5.4.1),cpp,Wrong Answer,399,22656,665,
s685726807,p02936,u444804755,1566253986,C++,C++14 (GCC 5.4.1),cpp,Accepted,368,21120,565,
s127357154,p02936,u093384595,1566253815,Python,Python (3.4.3),py,Runtime Error,2104,68660,1017,
s096342075,p02936,u928313240,1566253810,C++,C++14 (GCC 5.4.1),cpp,Accepted,150,21376,826,
s881906309,p02936,u150027030,1566253761,Python,Python (3.4.3),py,Wrong Answer,2110,43220,462,
s812209806,p02936,u777923818,1566253723,Python,PyPy3 (2.4.0),py,Accepted,814,99888,644,
s913649931,p02936,u444804755,1566253716,C++,C++14 (GCC 5.4.1),cpp,Accepted,364,24320,706,
s449715871,p02936,u778700306,1566253682,Python,Python (3.4.3),py,Runtime Error,2108,83888,1367,
s934837314,p02936,u444804755,1566253649,C++,C++ (GCC 5.4.1),cpp,Time Limit Exceeded,2104,13556,706,
s519896572,p02936,u619850971,1566253530,Python,Python (3.4.3),py,Accepted,1927,301404,1206,
s948305610,p02936,u806508506,1566253530,C++,C++14 (GCC 5.4.1),cpp,Accepted,382,23424,719,
s586645208,p02936,u731346939,1566253454,Java,Java8 (OpenJDK 1.8.0),java,Wrong Answer,2110,361020,1492,
s397502965,p02936,u928313240,1566253430,C++,C++14 (GCC 5.4.1),cpp,Runtime Error,100,2560,831,
s731706041,p02936,u619850971,1566253334,Python,Python (3.4.3),py,Runtime Error,2079,137932,1137,
s211911689,p02936,u536493833,1566253318,C++,C++14 (GCC 5.4.1),cpp,Accepted,328,30580,689,
s700210039,p02936,u093384595,1566253317,Python,Python (3.4.3),py,Runtime Error,17,2940,847,
s905034561,p02936,u330712095,1566253207,Python,Python (3.4.3),py,Runtime Error,1442,45216,431,
s604508719,p02936,u656732735,1566253164,C++,C++14 (GCC 5.4.1),cpp,Accepted,344,28160,891,
s329731682,p02936,u656732735,1566253134,C++,C++14 (GCC 5.4.1),cpp,Compile Error,,,891,
s942783945,p02936,u527058497,1566253072,C++,C++14 (GCC 5.4.1),cpp,Accepted,305,24448,808,
s994719410,p02936,u330712095,1566253030,Python,Python (3.4.3),py,Runtime Error,1486,45088,580,
s346040257,p02936,u056663436,1566252971,C++,C++14 (GCC 5.4.1),cpp,Accepted,352,50688,912,
s986127609,p02936,u780565479,1566252960,Python,PyPy3 (2.4.0),py,Wrong Answer,2121,292472,442,
s780856999,p02936,u780565479,1566252853,Python,Python (3.4.3),py,Wrong Answer,2091,224564,442,
s389581946,p02936,u633757735,1566252837,C++,C++14 (GCC 5.4.1),cpp,Accepted,470,33536,838,
s767077822,p02936,u323606556,1566252832,C++,C++14 (GCC 5.4.1),cpp,Accepted,153,24064,701,
s563684307,p02936,u910199116,1566252801,C++,C++14 (GCC 5.4.1),cpp,Accepted,293,19696,860,
s418453420,p02936,u780565479,1566252786,Python,Python (3.4.3),py,Runtime Error,1457,49700,440,
s869907365,p02936,u961052574,1566252763,C++,C++14 (GCC 5.4.1),cpp,Accepted,384,23552,574,
s045761788,p02936,u910199116,1566252741,C++,C++14 (GCC 5.4.1),cpp,Accepted,297,19696,858,
s054449731,p02936,u780565479,1566252660,Python,Python (3.4.3),py,Runtime Error,1569,45092,399,
s221843898,p02936,u910199116,1566252632,C++,C++14 (GCC 5.4.1),cpp,Accepted,322,19696,810,
s001754787,p02936,u441723963,1566252588,C++,C++14 (GCC 5.4.1),cpp,Wrong Answer,2104,22656,641,
s459808621,p02936,u997368585,1566252498,C,C (GCC 5.4.1),c,Wrong Answer,94,4608,499,
s939597040,p02936,u441723963,1566252485,C++,C++14 (GCC 5.4.1),cpp,Wrong Answer,2104,22656,639,
s225875421,p02936,u899975427,1566252401,Python,Python (3.4.3),py,Wrong Answer,2104,55788,436,
s086754696,p02936,u454826990,1566252351,C++,C++14 (GCC 5.4.1),cpp,Wrong Answer,349,20096,480,
s164514682,p02936,u997368585,1566252316,C,C (GCC 5.4.1),c,Wrong Answer,92,3840,490,
s487633041,p02936,u961052574,1566252270,C++,C++14 (GCC 5.4.1),cpp,Runtime Error,2119,274424,563,
s815882381,p02936,u717463970,1566252235,C++,C++14 (GCC 5.4.1),cpp,Accepted,281,23552,772,
s818265612,p02936,u717463970,1566252186,C++,C++14 (GCC 5.4.1),cpp,Time Limit Exceeded,2220,1438608,1983,
s789443057,p02936,u056663436,1566252097,C++,C++14 (GCC 5.4.1),cpp,Runtime Error,308,35200,836,
s147800684,p02936,u454826990,1566252033,C++,C++14 (GCC 5.4.1),cpp,Wrong Answer,341,19328,457,
s686711242,p02936,u901397311,1566251900,C++,C++14 (GCC 5.4.1),cpp,Accepted,190,44672,648,
s506939225,p02936,u459121100,1566251711,C++,C++14 (GCC 5.4.1),cpp,Accepted,382,27264,557,
s489085526,p02936,u012004082,1566251622,C++,C++14 (GCC 5.4.1),cpp,Accepted,365,23424,747,
s829995962,p02936,u654926761,1566251599,C++,C++14 (GCC 5.4.1),cpp,Accepted,376,23552,568,
s534126533,p02936,u468440945,1566251528,C++,C++14 (GCC 5.4.1),cpp,Wrong Answer,326,30464,1054,
s992991990,p02936,u404244809,1566251525,C++,C++14 (GCC 5.4.1),cpp,Accepted,124,26624,1524,
s590984620,p02936,u901397311,1566251428,C++,C++14 (GCC 5.4.1),cpp,Wrong Answer,122,25088,1365,
s864304261,p02936,u524870111,1566251380,Python,Python (3.4.3),py,Wrong Answer,2114,62780,865,
s262532118,p02936,u053730251,1566251368,C++,C++14 (GCC 5.4.1),cpp,Accepted,360,23680,618,
s041067161,p02936,u780565479,1566251245,Python,Python (3.4.3),py,Runtime Error,1546,55104,370,
s695976848,p02936,u508700891,1566251239,C++,C++14 (GCC 5.4.1),cpp,Accepted,321,61440,2091,
s617438206,p02936,u969850098,1566250858,Python,Python (3.4.3),py,Accepted,920,73736,892,
s238981291,p02936,u150027030,1566250826,Python,Python (3.4.3),py,Runtime Error,150,12508,545,
s973566591,p02936,u208440216,1566250796,C++,C++14 (GCC 5.4.1),cpp,Accepted,386,28280,827,
s375040840,p02936,u969850098,1566250609,Python,Python (3.4.3),py,Accepted,913,73708,960,
s178981592,p02936,u226191225,1566250595,Python,Python (3.4.3),py,Wrong Answer,1991,115560,478,
s006390017,p02936,u714538557,1566250580,C++,C++14 (GCC 5.4.1),cpp,Wrong Answer,285,25088,869,
s584877848,p02936,u150027030,1566250429,Python,Python (3.4.3),py,Runtime Error,155,12668,702,
s191056926,p02936,u798261425,1566250415,Java,Java8 (OpenJDK 1.8.0),java,Accepted,1880,123400,1675,
s050041535,p02936,u798261425,1566250373,Java,Java8 (OpenJDK 1.8.0),java,Compile Error,,,1647,
s571663853,p02936,u602865659,1566250332,Java,Java8 (OpenJDK 1.8.0),java,Accepted,1999,236492,1159,
s061723051,p02936,u602865659,1566250291,Java,Java8 (OpenJDK 1.8.0),java,Time Limit Exceeded,2109,236720,1134,
s573805083,p02936,u093384595,1566250194,Python,Python (3.4.3),py,Runtime Error,1609,45924,371,
s133900683,p02936,u744908753,1566250167,Ruby,Ruby (2.3.3),rb,Wrong Answer,925,35380,404,
s694290017,p02936,u709076082,1566250133,Python,Python (3.4.3),py,Accepted,1503,232312,543,
s770433492,p02936,u226191225,1566250109,Python,Python (3.4.3),py,Wrong Answer,1886,115560,389,
s220517158,p02936,u923279197,1566250093,C++,C++14 (GCC 5.4.1),cpp,Accepted,320,44672,1335,
s220878957,p02936,u175752990,1566250071,Java,Java8 (OpenJDK 1.8.0),java,Runtime Error,1018,113940,1025,
s528220860,p02936,u669141618,1566250065,C++,C++14 (GCC 5.4.1),cpp,Accepted,384,26624,667,
s625140250,p02936,u326609687,1566250049,Python,Python (3.4.3),py,Wrong Answer,923,45308,206664,
s648664722,p02936,u275726913,1566250039,C++,C++14 (GCC 5.4.1),cpp,Accepted,141,23424,531,
s088713969,p02936,u798261425,1566250025,Java,Java8 (OpenJDK 1.8.0),java,Accepted,1999,233212,1159,
s353602144,p02936,u798261425,1566249988,C++,C++14 (GCC 5.4.1),cpp,Compile Error,,,1159,
s436541479,p02936,u709076082,1566249985,Python,Python (3.4.3),py,Time Limit Exceeded,2109,232184,516,
s828644820,p02936,u275726913,1566249982,C++,C++14 (GCC 5.4.1),cpp,Wrong Answer,324,3968,473,
s976490499,p02936,u508700891,1566249941,C++,C++14 (GCC 5.4.1),cpp,Wrong Answer,321,61440,2080,
s113785806,p02936,u677149117,1566249939,C++,C++14 (GCC 5.4.1),cpp,Runtime Error,3503,9460,2329,
s683501049,p02936,u275726913,1566249935,C++,C++14 (GCC 5.4.1),cpp,Accepted,140,23424,534,
s611323829,p02936,u379629675,1566249891,C++,C++14 (GCC 5.4.1),cpp,Wrong Answer,336,34928,3226,
s844735873,p02936,u494330378,1566249784,C++,C++14 (GCC 5.4.1),cpp,Wrong Answer,2108,12288,2705,
s278245498,p02936,u709076082,1566249743,Python,Python (3.4.3),py,Time Limit Exceeded,2117,237724,540,
s147822197,p02936,u654926761,1566249734,C++,C++14 (GCC 5.4.1),cpp,Time Limit Exceeded,2104,24192,709,
s811395442,p02936,u780565479,1566249733,Python,Python (3.4.3),py,Runtime Error,1426,55104,409,
s866419401,p02936,u759721333,1566249690,Python,Python (3.4.3),py,Runtime Error,2112,111292,452,
s919102847,p02936,u535010493,1566249661,C++,C++14 (GCC 5.4.1),cpp,Runtime Error,101,256,716,
s917918219,p02936,u709076082,1566249659,Python,Python (3.4.3),py,Time Limit Exceeded,2113,237708,561,
s396623755,p02936,u074445770,1566249586,C++,C++14 (GCC 5.4.1),cpp,Accepted,317,27392,2126,
s876729476,p02936,u379629675,1566249577,C++,C++14 (GCC 5.4.1),cpp,Wrong Answer,347,34928,3197,
s852806087,p02936,u824358246,1566249552,C++,C++14 (GCC 5.4.1),cpp,Accepted,99,16640,913,
s509726140,p02936,u602865659,1566249514,Java,Java8 (OpenJDK 1.8.0),java,Time Limit Exceeded,2063,234964,1138,
s669261150,p02936,u923279197,1566249502,Python,Python (3.4.3),py,Accepted,1906,230920,510,
s872908976,p02936,u709076082,1566249497,Python,Python (3.4.3),py,Time Limit Exceeded,2118,231728,567,
s512197460,p02936,u379629675,1566249478,C++,C++14 (GCC 5.4.1),cpp,Wrong Answer,613,34928,3176,
s874450176,p02936,u709076082,1566249460,Python,Python (3.4.3),py,Wrong Answer,2117,237732,563,
s300928836,p02936,u861038878,1566249396,Python,PyPy3 (2.4.0),py,Accepted,1924,107524,450,
s616843517,p02936,u923279197,1566249381,Python,PyPy3 (2.4.0),py,Time Limit Exceeded,2151,787704,510,
s266968038,p02936,u861038878,1566249348,Python,PyPy3 (2.4.0),py,Time Limit Exceeded,2115,202096,775,
s246298749,p02936,u709076082,1566249322,Python,Python (3.4.3),py,Time Limit Exceeded,2118,231724,548,
s207124551,p02936,u901397311,1566249316,C++,C++14 (GCC 5.4.1),cpp,Wrong Answer,123,24320,1355,
s640985611,p02936,u709076082,1566249280,Python,Python (3.4.3),py,Runtime Error,775,43184,548,
s312235611,p02936,u579670739,1566249273,C++,C++14 (GCC 5.4.1),cpp,Accepted,166,24320,1241,
s680261178,p02936,u150027030,1566249261,Python,Python (3.4.3),py,Runtime Error,152,12500,640,
s230084020,p02936,u476383383,1566249245,Python,Python (3.4.3),py,Wrong Answer,1611,44880,251,
s842689750,p02936,u150027030,1566249217,Python,Python (3.4.3),py,Runtime Error,149,12512,656,
s035603700,p02936,u923279197,1566249158,Python,PyPy3 (2.4.0),py,Time Limit Exceeded,2148,743928,500,
s858308691,p02936,u709076082,1566249146,Python,Python (3.4.3),py,Time Limit Exceeded,2120,268436,551,
s963197632,p02936,u170077602,1566249110,Python,Python (3.4.3),py,Accepted,1630,230928,485,
s671205010,p02936,u170077602,1566249049,Python,Python (3.4.3),py,Accepted,1569,230932,473,
s441211073,p02936,u923279197,1566249011,Python,PyPy3 (2.4.0),py,Time Limit Exceeded,2151,802232,510,
s965449783,p02936,u923279197,1566248958,Python,PyPy3 (2.4.0),py,Runtime Error,183,38384,507,
s508390412,p02936,u776194115,1566248942,C++,C++14 (GCC 5.4.1),cpp,Runtime Error,103,7168,1152,
s586704615,p02936,u170077602,1566248934,Python,Python (3.4.3),py,Accepted,1555,230936,472,
s938173875,p02936,u326609687,1566248905,Python,Python (3.4.3),py,Wrong Answer,959,46552,206671,
s213881921,p02936,u969850098,1566248901,Python,Python (3.4.3),py,Wrong Answer,781,22704,582,
s509079556,p02936,u170077602,1566248872,Python,PyPy3 (2.4.0),py,Time Limit Exceeded,2153,823300,472,
s836364869,p02936,u170077602,1566248816,Python,Python (3.4.3),py,Accepted,1857,230932,472,
s768678152,p02936,u476383383,1566248791,Python,Python (3.4.3),py,Wrong Answer,2111,236932,445,
s717612577,p02936,u677149117,1566248741,C++,C++14 (GCC 5.4.1),cpp,Wrong Answer,2105,28416,1972,
s808726915,p02936,u861038878,1566248733,Python,Python (3.4.3),py,Accepted,1733,62616,451,
s020236237,p02936,u170077602,1566248716,Python,Python (3.4.3),py,Runtime Error,1423,137188,471,
s358495476,p02936,u170077602,1566248687,Python,PyPy3 (2.4.0),py,Time Limit Exceeded,2154,798968,471,
s915291609,p02936,u889915625,1566248615,C++,C++14 (GCC 5.4.1),cpp,Time Limit Exceeded,2300,2070828,2735,
s984728947,p02936,u602865659,1566248596,Java,Java8 (OpenJDK 1.8.0),java,Time Limit Exceeded,2110,251580,1129,
s993769955,p02936,u970899068,1566248587,Python,Python (3.4.3),py,Accepted,1576,237828,605,
s253732960,p02936,u709076082,1566248572,Python,Python (3.4.3),py,Time Limit Exceeded,2122,265264,550,
s578171205,p02936,u728134648,1566248524,C++,C++14 (GCC 5.4.1),cpp,Accepted,606,29696,1900,
s508747109,p02936,u476383383,1566248521,Python,Python (3.4.3),py,Runtime Error,1488,52000,445,
s569303843,p02936,u709076082,1566248517,Python,Python (3.4.3),py,Time Limit Exceeded,2120,268412,525,
s628069174,p02936,u970899068,1566248454,Python,Python (3.4.3),py,Accepted,1686,239388,927,
s690877793,p02936,u969850098,1566248447,Python,Python (3.4.3),py,Wrong Answer,818,22704,532,
s096654378,p02936,u677149117,1566248443,C++,C++14 (GCC 5.4.1),cpp,Wrong Answer,2105,28800,1708,
s847417571,p02936,u824358246,1566248440,C++,C++14 (GCC 5.4.1),cpp,Accepted,105,19712,1054,
s738556374,p02936,u655048024,1566248408,Python,Python (3.4.3),py,Wrong Answer,1866,53044,372,
s483109492,p02936,u824358246,1566248393,C++,C++14 (GCC 5.4.1),cpp,Wrong Answer,3,4352,1052,
s340714859,p02936,u127030911,1566248367,Java,Java8 (OpenJDK 1.8.0),java,Runtime Error,1243,182380,777,
s226273054,p02936,u709076082,1566248311,Python,Python (3.4.3),py,Time Limit Exceeded,2120,268432,539,
s048911311,p02936,u161616073,1566248309,C++,C++14 (GCC 5.4.1),cpp,Runtime Error,3396,1780,567,
s838907284,p02936,u811472478,1566248307,C++,C++14 (GCC 5.4.1),cpp,Wrong Answer,285,24960,1156,
s334571337,p02936,u861038878,1566248290,Python,Python (3.4.3),py,Time Limit Exceeded,2118,236944,440,
s381020981,p02936,u127030911,1566248276,Java,Java8 (OpenJDK 1.8.0),java,Runtime Error,1568,191252,603,
s037366199,p02936,u602865659,1566248243,Java,Java8 (OpenJDK 1.8.0),java,Time Limit Exceeded,2110,255932,1104,
s130196701,p02936,u127030911,1566248238,Java,Java8 (OpenJDK 1.8.0),java,Wrong Answer,1123,157768,649,
s207199910,p02936,u861038878,1566248235,Python,Python (3.4.3),py,Runtime Error,2109,231724,444,
s368320819,p02936,u170077602,1566248203,Python,PyPy3 (2.4.0),py,Runtime Error,916,123748,484,
s477403755,p02936,u500297289,1566248149,Python,Python (3.4.3),py,Accepted,1709,238464,666,
s152055950,p02936,u127030911,1566248137,Java,Java8 (OpenJDK 1.8.0),java,Wrong Answer,1560,158900,677,
s891718307,p02936,u655048024,1566248105,Python,Python (3.4.3),py,Wrong Answer,1764,53468,301,
s091533868,p02936,u150027030,1566248103,Python,Python (3.4.3),py,Runtime Error,150,12528,446,
s646708126,p02936,u969850098,1566248066,Python,Python (3.4.3),py,Wrong Answer,816,22768,490,
s931723759,p02936,u500297289,1566248060,Python,PyPy3 (2.4.0),py,Time Limit Exceeded,2151,778360,666,
s422195009,p02936,u709076082,1566248046,Python,PyPy3 (2.4.0),py,Time Limit Exceeded,2129,335224,572,
s337122479,p02936,u861038878,1566248026,Python,Python (3.4.3),py,Time Limit Exceeded,2118,236944,449,
s951949832,p02936,u421777980,1566248015,Rust,Rust (1.15.1),rs,Accepted,207,41468,2689,
s687400661,p02936,u500297289,1566247941,Python,PyPy3 (2.4.0),py,Wrong Answer,2148,729720,687,
s207244636,p02936,u170077602,1566247939,Python,PyPy3 (2.4.0),py,Time Limit Exceeded,2151,774008,483,
s040646073,p02936,u709076082,1566247911,Python,Python (3.4.3),py,Time Limit Exceeded,2120,265264,571,
s908934763,p02936,u013629972,1566247883,Python,PyPy3 (2.4.0),py,Wrong Answer,2111,172004,2362,
s471481602,p02936,u969850098,1566247880,Python,Python (3.4.3),py,Wrong Answer,505,18676,503,
s791878009,p02936,u861038878,1566247861,Python,Python (3.4.3),py,Time Limit Exceeded,2118,236944,467,
s007972748,p02936,u468700753,1566247736,C++,C++14 (GCC 5.4.1),cpp,Accepted,138,17140,1573,
s646877013,p02936,u709076082,1566247731,Python,Python (3.4.3),py,Runtime Error,1859,49228,530,
s625140580,p02936,u871436624,1566247714,C++,C++14 (GCC 5.4.1),cpp,Accepted,148,24448,1880,
s613960094,p02936,u824358246,1566247705,C++,C++14 (GCC 5.4.1),cpp,Wrong Answer,96,27008,960,
s197332088,p02936,u709879360,1566247592,C++,C++14 (GCC 5.4.1),cpp,Accepted,596,27904,864,
s406175172,p02936,u170077602,1566247578,Python,PyPy3 (2.4.0),py,Time Limit Exceeded,2123,315128,462,
s028036907,p02936,u997368585,1566247573,C,C (GCC 5.4.1),c,Wrong Answer,2103,3712,681,
s965918597,p02936,u969850098,1566247558,Python,Python (3.4.3),py,Runtime Error,929,44704,522,
s739438552,p02936,u112504572,1566247506,Ruby,Ruby (2.3.3),rb,Runtime Error,2118,168432,579,
s500806236,p02936,u709076082,1566247488,Python,Python (3.4.3),py,Runtime Error,1760,52300,499,
s638277738,p02936,u538632589,1566247483,Python,PyPy3 (2.4.0),py,Accepted,1998,124452,786,
s283458476,p02936,u861038878,1566247436,Python,Python (3.4.3),py,Time Limit Exceeded,2118,248924,527,
s704418272,p02936,u824358246,1566247418,C++,C++14 (GCC 5.4.1),cpp,Wrong Answer,94,10240,971,
s360957733,p02936,u476383383,1566247376,Python,Python (3.4.3),py,Runtime Error,1475,48624,404,
s203459683,p02936,u601932003,1566247370,Java,Java8 (OpenJDK 1.8.0),java,Accepted,1182,126328,2103,
s716288809,p02936,u538632589,1566247353,Python,Python (3.4.3),py,Time Limit Exceeded,2112,151028,800,
s425531688,p02936,u824358246,1566247305,C++,C++14 (GCC 5.4.1),cpp,Wrong Answer,95,6272,976,
s671479841,p02936,u982594421,1566247268,Python,Python (3.4.3),py,Accepted,1908,62588,513,
s366791844,p02936,u538632589,1566247215,Python,Python (3.4.3),py,Time Limit Exceeded,2093,162032,839,
s223254717,p02936,u923279197,1566247214,Python,PyPy3 (2.4.0),py,Time Limit Exceeded,2124,327288,483,
s621981397,p02936,u273928723,1566247213,Python,Python (3.4.3),py,Wrong Answer,2118,225520,715,
s230862542,p02936,u170077602,1566247201,Python,PyPy3 (2.4.0),py,Time Limit Exceeded,2126,373368,484,
s704977438,p02936,u273928723,1566247191,C++,C++14 (GCC 5.4.1),cpp,Compile Error,,,715,
s933320565,p02936,u467826805,1566247126,C++,C++14 (GCC 5.4.1),cpp,Accepted,320,18668,1257,
s804854661,p02936,u538632589,1566247120,Python,Python (3.4.3),py,Time Limit Exceeded,2121,290404,866,
s791847880,p02936,u326609687,1566247100,Python,Python (3.4.3),py,Wrong Answer,975,102320,207095,
s387684187,p02936,u284045566,1566247090,C++,C++14 (GCC 5.4.1),cpp,Accepted,292,16372,2210,
s848859928,p02936,u089885969,1566247077,C++,C++14 (GCC 5.4.1),cpp,Accepted,405,66432,822,
s106941358,p02936,u861038878,1566247077,Python,Python (3.4.3),py,Runtime Error,1973,91660,519,
s747172450,p02936,u170077602,1566247020,Python,Python (3.4.3),py,Wrong Answer,2107,53960,508,
s351278746,p02936,u676029460,1566247008,C++,C++14 (GCC 5.4.1),cpp,Accepted,151,22656,739,
s568739945,p02936,u839537391,1566246974,C++,C++14 (GCC 5.4.1),cpp,Wrong Answer,266,23424,796,
s883771708,p02936,u046105273,1566246953,Kotlin,Kotlin (1.0.0),kt,Wrong Answer,1994,129612,609,
s601101409,p02936,u747390421,1566246950,C++,C++14 (GCC 5.4.1),cpp,Accepted,381,23424,596,
s128933459,p02936,u652420316,1566246928,C++,C++14 (GCC 5.4.1),cpp,Accepted,130,17140,1532,
s306819828,p02936,u241908712,1566246794,C++,C++14 (GCC 5.4.1),cpp,Accepted,128,24320,839,
s598194515,p02936,u102275718,1566246790,Python,PyPy3 (2.4.0),py,Accepted,1893,125260,529,
s033724289,p02936,u467826805,1566246749,C++,C++14 (GCC 5.4.1),cpp,Accepted,293,19308,1192,
s632548815,p02936,u467826805,1566246652,C++,C++14 (GCC 5.4.1),cpp,Accepted,307,18668,1272,
s906862939,p02936,u861038878,1566246597,Python,Python (3.4.3),py,Time Limit Exceeded,2107,91680,568,
s787713711,p02936,u467826805,1566246596,C++,C++14 (GCC 5.4.1),cpp,Wrong Answer,958,19436,1270,
s704508012,p02936,u089885969,1566246536,C++,C++14 (GCC 5.4.1),cpp,Accepted,420,66432,831,
s274273213,p02936,u131020584,1566246530,C++,C++14 (GCC 5.4.1),cpp,Accepted,148,29696,1839,
s188869920,p02936,u467826805,1566246529,C++,C++14 (GCC 5.4.1),cpp,Wrong Answer,929,19052,1232,
s333823090,p02936,u415865011,1566246479,JavaScript,JavaScript (node.js v5.12),js,Runtime Error,326,69600,1177,
s138144452,p02936,u823582819,1566246413,C++,C++14 (GCC 5.4.1),cpp,Wrong Answer,2124,352184,1323,
s948550362,p02936,u986399983,1566246382,C++,C++14 (GCC 5.4.1),cpp,Accepted,157,30592,1285,
s965593110,p02936,u467826805,1566246342,C++,C++14 (GCC 5.4.1),cpp,Wrong Answer,288,17004,1192,
s534735894,p02936,u467826805,1566246290,C++,C++14 (GCC 5.4.1),cpp,Wrong Answer,301,16236,1191,
s317202161,p02936,u465699806,1566246185,C++,C++14 (GCC 5.4.1),cpp,Wrong Answer,329,25132,5693,
s912519421,p02936,u465699806,1566246149,C++,C++14 (GCC 5.4.1),cpp,Accepted,661,105004,5634,
s095487384,p02936,u823582819,1566246139,C++,C++14 (GCC 5.4.1),cpp,Wrong Answer,2132,479288,1266,
s340290372,p02936,u975658594,1566246088,C++,C++14 (GCC 5.4.1),cpp,Wrong Answer,264,4848,761,
s968884191,p02936,u975658594,1566246064,Python,Python (3.4.3),py,Runtime Error,17,2940,761,
s481130937,p02936,u982594421,1566246052,Python,Python (3.4.3),py,Accepted,1865,70652,506,
s054728229,p02936,u874414087,1566245987,C++,C++14 (GCC 5.4.1),cpp,Accepted,365,42100,1097,
s798645621,p02936,u839537391,1566245824,C++,C++14 (GCC 5.4.1),cpp,Wrong Answer,294,51456,793,
s886447593,p02936,u602865659,1566245647,Java,Java8 (OpenJDK 1.8.0),java,Wrong Answer,1909,239452,1132,
s914069619,p02936,u839537391,1566245572,C++,C++14 (GCC 5.4.1),cpp,Wrong Answer,288,50304,832,
s338724481,p02936,u602865659,1566245387,Java,Java8 (OpenJDK 1.8.0),java,Wrong Answer,1809,241560,1117,
s732775919,p02936,u318955153,1566245282,Python,Python (3.4.3),py,Time Limit Exceeded,2118,228800,616,
s067808420,p02936,u861038878,1566245268,Python,Python (3.4.3),py,Time Limit Exceeded,2111,86604,626,
s986066503,p02936,u839537391,1566245259,C++,C++14 (GCC 5.4.1),cpp,Wrong Answer,251,50304,749,
s085503710,p02936,u879436400,1566245210,C++,C++14 (GCC 5.4.1),cpp,Accepted,614,17908,904,
s356805782,p02936,u008582165,1566245032,C++,C++14 (GCC 5.4.1),cpp,Accepted,155,44672,862,
s552716208,p02936,u465699806,1566245025,C++,C++14 (GCC 5.4.1),cpp,Wrong Answer,659,96812,5617,
s110198779,p02936,u008582165,1566245003,C++,C++14 (GCC 5.4.1),cpp,Wrong Answer,367,21120,997,
s734766010,p02936,u013629972,1566244901,Python,PyPy2 (5.6.0),py,Runtime Error,35,28396,2127,
s143292027,p02936,u107995903,1566244886,C++,C++14 (GCC 5.4.1),cpp,Accepted,327,31104,3801,
s947381367,p02936,u013629972,1566244878,Python,PyPy3 (2.4.0),py,Time Limit Exceeded,2111,172048,2127,
s224192886,p02936,u008582165,1566244833,C++,C++14 (GCC 5.4.1),cpp,Compile Error,,,709,
s980304438,p02936,u111496108,1566244767,C++,C++14 (GCC 5.4.1),cpp,Accepted,154,17136,3558,
s741128348,p02936,u492968387,1566244718,Python,Python (3.4.3),py,Wrong Answer,1371,262036,739,
s082209048,p02936,u879436400,1566244713,C++,C++14 (GCC 5.4.1),cpp,Wrong Answer,564,14848,702,
s006484809,p02936,u335478716,1566244700,C++,C++14 (GCC 5.4.1),cpp,Wrong Answer,2104,23424,948,
s012128060,p02936,u111496108,1566244655,C++,C++14 (GCC 5.4.1),cpp,Accepted,234,17136,3537,
s072013543,p02936,u465699806,1566244631,C++,C++14 (GCC 5.4.1),cpp,Wrong Answer,628,96812,5593,
s065345157,p02936,u805343140,1566244631,C++,C++14 (GCC 5.4.1),cpp,Accepted,310,43124,4335,
s630011617,p02936,u697421413,1566244551,C++,C++14 (GCC 5.4.1),cpp,Wrong Answer,282,22656,1735,
s055242182,p02936,u008582165,1566244517,C++,C++14 (GCC 5.4.1),cpp,Wrong Answer,273,15616,1112,
s903577014,p02936,u492968387,1566244505,Python,Python (3.4.3),py,Accepted,1584,231060,580,
s397240003,p02936,u111496108,1566244501,C++,C++14 (GCC 5.4.1),cpp,Wrong Answer,144,17136,3547,
s820833618,p02936,u095136435,1566244475,C++,C++14 (GCC 5.4.1),cpp,Accepted,390,25856,709,
s171589685,p02936,u824358246,1566244441,C++,C++14 (GCC 5.4.1),cpp,Wrong Answer,94,12544,856,
s411576437,p02936,u013629972,1566244426,Python,Python (3.4.3),py,Time Limit Exceeded,2110,109976,2127,
s354529637,p02936,u149362554,1566244384,C++,C++14 (GCC 5.4.1),cpp,Accepted,323,24320,1608,
s531044415,p02936,u547105766,1566244356,C++,C++14 (GCC 5.4.1),cpp,Accepted,163,30336,877,
s841308368,p02936,u052332717,1566244353,C++,C++14 (GCC 5.4.1),cpp,Accepted,144,25856,1496,
s074600801,p02936,u492968387,1566244339,Python,Python (3.4.3),py,Accepted,1543,230892,528,
s346946763,p02936,u547105766,1566244290,C++,C++14 (GCC 5.4.1),cpp,Wrong Answer,201,30336,884,
s729357342,p02936,u492968387,1566244275,Python,Python (3.4.3),py,Time Limit Exceeded,2120,267540,645,
s196296015,p02936,u318955153,1566244219,Python,Python (3.4.3),py,Time Limit Exceeded,2118,257020,663,
s793330647,p02936,u406479924,1566244148,Java,Java8 (OpenJDK 1.8.0),java,Runtime Error,584,870996,1419,
s513304822,p02936,u406479924,1566244101,Java,Java8 (OpenJDK 1.8.0),java,Runtime Error,595,873428,1521,
s703136360,p02936,u168579419,1566244068,C++,C++14 (GCC 5.4.1),cpp,Accepted,314,25840,2710,
s865326995,p02936,u465699806,1566243954,C++,C++14 (GCC 5.4.1),cpp,Wrong Answer,2108,82264,5676,
s286477287,p02936,u547105766,1566243895,C++,C++14 (GCC 5.4.1),cpp,Wrong Answer,171,28672,817,
s712620479,p02936,u111496108,1566243850,C++,C++14 (GCC 5.4.1),cpp,Runtime Error,102,4096,3532,
s383733430,p02936,u102133537,1566243806,Java,Java8 (OpenJDK 1.8.0),java,Wrong Answer,1890,212212,1414,
s519947163,p02936,u525065967,1566243780,C++,C++14 (GCC 5.4.1),cpp,Accepted,174,23424,534,
s333703989,p02936,u017078415,1566243767,C++,C++14 (GCC 5.4.1),cpp,Accepted,158,18036,1283,
s332590878,p02936,u547105766,1566243702,C++,C++14 (GCC 5.4.1),cpp,Wrong Answer,154,28672,810,
s104783058,p02936,u465699806,1566243552,C++,C++14 (GCC 5.4.1),cpp,Runtime Error,2107,66520,5549,
s756721837,p02936,u547105766,1566243517,C++,C++14 (GCC 5.4.1),cpp,Wrong Answer,165,27904,800,
s980151737,p02936,u492968387,1566243454,Python,Python (3.4.3),py,Wrong Answer,1984,262036,573,
s951130931,p02936,u462434199,1566243449,Python,Python (3.4.3),py,Accepted,1620,237728,738,
s551484672,p02936,u676010704,1566243394,Rust,Rust (1.15.1),rs,Wrong Answer,181,30972,1452,
s458342703,p02936,u269623316,1566243370,C++,C++14 (GCC 5.4.1),cpp,Accepted,140,22784,3314,
s072955359,p02936,u462434199,1566243351,Python,Python (3.4.3),py,Time Limit Exceeded,2118,237828,711,
s852813899,p02936,u427344224,1566243219,C++,C++14 (GCC 5.4.1),cpp,Accepted,164,31360,1256,
s065608333,p02936,u754651673,1566243153,C++,C++14 (GCC 5.4.1),cpp,Accepted,310,23424,835,
s746259353,p02936,u465699806,1566243139,C++,C++14 (GCC 5.4.1),cpp,Runtime Error,2108,82264,5655,
s250721664,p02936,u462434199,1566243097,Python,Python (3.4.3),py,Time Limit Exceeded,2121,280492,721,
s591811689,p02936,u022138926,1566243048,Nim,Nim (0.13.0),nim,Accepted,322,62128,6690,
s702943834,p02936,u028973125,1566243036,Python,Python (3.4.3),py,Accepted,1294,81568,1100,
s004748216,p02936,u233393801,1566242867,C++,C++14 (GCC 5.4.1),cpp,Accepted,180,35200,1172,
s769696275,p02936,u886545507,1566242795,Python,Python (2.7.6),py,Wrong Answer,1665,74276,325,
s430441146,p02936,u465699806,1566242779,C++,C++14 (GCC 5.4.1),cpp,Runtime Error,2116,82264,5657,
s319715570,p02936,u149362554,1566242736,C++,C++14 (GCC 5.4.1),cpp,Wrong Answer,310,24320,1580,
s395924397,p02936,u462434199,1566242712,Python,Python (3.4.3),py,Time Limit Exceeded,2118,239280,895,
s981042020,p02936,u421777980,1566242676,Rust,Rust (1.15.1),rs,Wrong Answer,206,41468,2588,
s279614624,p02936,u102133537,1566242656,Java,Java8 (OpenJDK 1.8.0),java,Wrong Answer,2110,342488,1640,
s768002598,p02936,u868089307,1566242592,Ruby,Ruby (2.3.3),rb,Accepted,880,34048,456,
s352867765,p02936,u519950235,1566242523,C++,C++14 (GCC 5.4.1),cpp,Wrong Answer,296,25600,924,
s822343929,p02936,u874414087,1566242497,Ruby,Ruby (2.3.3),rb,Accepted,1606,75500,719,
s025985997,p02936,u050138914,1566242473,C++,C++14 (GCC 5.4.1),cpp,Accepted,443,141440,979,
s372675527,p02936,u022138926,1566242444,Nim,Nim (0.13.0),nim,Accepted,340,62512,6719,
s855783818,p02936,u207048881,1566242434,C++,C++14 (GCC 5.4.1),cpp,Accepted,371,23552,783,
s607960094,p02936,u868089307,1566242424,Ruby,Ruby (2.3.3),rb,Wrong Answer,2117,155592,457,
s087097426,p02936,u080863136,1566242423,C++,C++14 (GCC 5.4.1),cpp,Accepted,317,28800,472,
s460629650,p02936,u187878098,1566242394,C++,C++14 (GCC 5.4.1),cpp,Accepted,132,16372,1439,
s859763577,p02936,u525065967,1566242350,C++,C++14 (GCC 5.4.1),cpp,Accepted,363,23424,520,
s439237097,p02936,u494037974,1566242341,C++,C++14 (GCC 5.4.1),cpp,Accepted,378,23552,772,
s507689629,p02936,u519950235,1566242292,C++,C++14 (GCC 5.4.1),cpp,Wrong Answer,352,24064,905,
s962866123,p02936,u886545507,1566242258,Python,Python (2.7.6),py,Runtime Error,1088,17156,258,
s808297271,p02936,u474514603,1566242180,Python,Python (3.4.3),py,Accepted,1666,230920,511,
s066529463,p02936,u346307762,1566242157,Java,Java8 (OpenJDK 1.8.0),java,Wrong Answer,2111,356208,1271,
s309080264,p02936,u474514603,1566242123,Python,Python (3.4.3),py,Wrong Answer,1488,224536,436,
s233766012,p02936,u677421794,1566242075,C++,C++14 (GCC 5.4.1),cpp,Accepted,310,17904,1166,
s501401002,p02936,u474514603,1566242057,Python,Python (3.4.3),py,Accepted,1615,230920,529,
s667885279,p02936,u080863136,1566242017,C++,C++14 (GCC 5.4.1),cpp,Wrong Answer,304,25600,422,
s065764246,p02936,u509125770,1566241971,C#,C# (Mono 4.6.2.0),cs,Accepted,606,73112,4085,
s434450496,p02936,u748241164,1566241955,Python,PyPy3 (2.4.0),py,Accepted,922,124508,689,
s192297201,p02936,u628047647,1566241954,C++,C++14 (GCC 5.4.1),cpp,Accepted,136,24064,1679,
s517923160,p02936,u748241164,1566241895,Python,PyPy3 (2.4.0),py,Wrong Answer,1017,124508,702,
s883551844,p02936,u092650292,1566241816,C++,C++14 (GCC 5.4.1),cpp,Accepted,130,19736,2291,
s075496188,p02936,u886545507,1566241721,Python,Python (2.7.6),py,Runtime Error,992,17156,258,
s253240107,p02936,u092650292,1566241708,C++,C++14 (GCC 5.4.1),cpp,Runtime Error,2333,1359144,2307,
s899143068,p02936,u057866967,1566241661,C++,C++14 (GCC 5.4.1),cpp,Accepted,298,25600,955,
s727317149,p02936,u220212997,1566241634,C++,C++14 (GCC 5.4.1),cpp,Wrong Answer,318,7296,361,
s491212913,p02936,u092650292,1566241545,C++,C++14 (GCC 5.4.1),cpp,Runtime Error,2236,2095232,2307,
s917961044,p02936,u899635344,1566241498,C++,C++14 (GCC 5.4.1),cpp,Accepted,315,25856,1260,
s484661625,p02936,u492968387,1566241378,Python,Python (3.4.3),py,Wrong Answer,2110,118276,836,
s149444295,p02936,u160452355,1566241375,C++,C++14 (GCC 5.4.1),cpp,Accepted,300,17904,753,
s869085326,p02936,u276796245,1566241373,C++,C++14 (GCC 5.4.1),cpp,Accepted,324,25856,1575,
s450441926,p02936,u534772498,1566241312,C++,C++14 (GCC 5.4.1),cpp,Accepted,161,26624,610,
s560559039,p02936,u474514603,1566241235,Python,Python (3.4.3),py,Time Limit Exceeded,2112,230888,528,
s247730010,p02936,u474514603,1566241183,Python,Python (3.4.3),py,Accepted,1826,230888,527,
s898284370,p02936,u656771711,1566241170,C++,C++14 (GCC 5.4.1),cpp,Accepted,297,16372,2076,
s523868374,p02936,u212904724,1566241128,C++,C++14 (GCC 5.4.1),cpp,Accepted,319,30592,2149,
s982908467,p02936,u050138914,1566241128,C++,C++14 (GCC 5.4.1),cpp,Wrong Answer,469,141440,922,
s799482694,p02936,u081688405,1566241123,Python,Python (3.4.3),py,Accepted,1585,230960,491,
s964477402,p02936,u890870565,1566241119,C++,C++14 (GCC 5.4.1),cpp,Wrong Answer,273,6272,1143,
s202893753,p02936,u166223730,1566241117,C++,C++14 (GCC 5.4.1),cpp,Accepted,155,47232,906,
s582151057,p02936,u474514603,1566241116,Python,Python (3.4.3),py,Accepted,1657,230936,513,
s102905939,p02936,u261260430,1566241115,Python,Python (3.4.3),py,Time Limit Exceeded,2121,274036,993,
s799415063,p02936,u592099403,1566241106,C++,C++14 (GCC 5.4.1),cpp,Wrong Answer,2104,6784,703,
s735671713,p02936,u525065967,1566241070,C++,C++14 (GCC 5.4.1),cpp,Accepted,398,23424,510,
s075212210,p02936,u474514603,1566241003,Python,Python (3.4.3),py,Time Limit Exceeded,2112,230892,501,
s789028520,p02936,u050138914,1566240999,C++,C++14 (GCC 5.4.1),cpp,Time Limit Exceeded,2115,141568,922,
s818996339,p02936,u492968387,1566240956,Python,Python (3.4.3),py,Wrong Answer,2110,118280,793,
s881072865,p02936,u976365284,1566240944,Python,Python (3.4.3),py,Accepted,1769,68480,564,
s598852736,p02936,u474514603,1566240872,Python,Python (3.4.3),py,Time Limit Exceeded,2119,229440,519,
s231964273,p02936,u318955153,1566240812,Python,Python (3.4.3),py,Runtime Error,2107,112388,629,
s115982854,p02936,u599365206,1566240809,C#,C# (Mono 4.6.2.0),cs,Wrong Answer,669,69924,6089,
s246958952,p02936,u268793453,1566240797,C++,C++14 (GCC 5.4.1),cpp,Wrong Answer,288,26880,1087,
s793595970,p02936,u160452355,1566240761,C++,C++14 (GCC 5.4.1),cpp,Wrong Answer,285,14976,732,
s136998377,p02936,u938924220,1566240755,C++,C++14 (GCC 5.4.1),cpp,Accepted,162,34176,3921,
s252092164,p02936,u492968387,1566240725,Python,Python (3.4.3),py,Wrong Answer,2110,118264,767,
s150019687,p02936,u382002817,1566240704,C++,C++14 (GCC 5.4.1),cpp,Wrong Answer,287,32128,1835,
s348262943,p02936,u824958582,1566240683,Python,PyPy3 (2.4.0),py,Wrong Answer,2119,258620,706,
s986052538,p02936,u599365206,1566240677,C#,C# (Mono 4.6.2.0),cs,Accepted,687,74632,6198,
s541992938,p02936,u669729085,1566240664,Python,Python (3.4.3),py,Runtime Error,17,3064,410,
s128608287,p02936,u598795006,1566240655,JavaScript,JavaScript (node.js v5.12),js,Wrong Answer,868,197344,1541,
s059441695,p02936,u598795006,1566240602,JavaScript,JavaScript (node.js v5.12),js,Wrong Answer,849,197300,1552,
s442442771,p02936,u382002817,1566240591,C++,C++14 (GCC 5.4.1),cpp,Accepted,320,32128,833,
s001561701,p02936,u297045966,1566240589,C++,C++14 (GCC 5.4.1),cpp,Accepted,355,41472,1415,
s635669496,p02936,u653187094,1566240588,C++,C++14 (GCC 5.4.1),cpp,Accepted,321,25712,2558,
s956473403,p02936,u572468811,1566240566,C++,C++14 (GCC 5.4.1),cpp,Accepted,189,41344,2477,
s105378468,p02936,u653187094,1566240557,C++,C++14 (GCC 5.4.1),cpp,Wrong Answer,73,1792,2014,
s345786577,p02936,u081688405,1566240543,Python,Python (3.4.3),py,Time Limit Exceeded,2117,230952,464,
s046401138,p02936,u261260430,1566240526,Python,PyPy3 (2.4.0),py,Time Limit Exceeded,2135,518004,1173,
s640734870,p02936,u787259080,1566240517,C++,C++14 (GCC 5.4.1),cpp,Accepted,326,16372,1239,
s534431565,p02936,u970899068,1566240516,Python,Python (3.4.3),py,Time Limit Exceeded,2118,239388,898,
s989812594,p02936,u474514603,1566240507,Python,Python (3.4.3),py,Time Limit Exceeded,2118,236092,520,
s616669533,p02936,u976365284,1566240501,Python,Python (3.4.3),py,Time Limit Exceeded,2104,7788,468,
s489700330,p02936,u220212997,1566240500,C++,C++14 (GCC 5.4.1),cpp,Wrong Answer,257,6272,768,
s286546864,p02936,u787259080,1566240427,C++,C++14 (GCC 5.4.1),cpp,Accepted,292,16372,1209,
s723209268,p02936,u474514603,1566240424,Python,Python (3.4.3),py,Runtime Error,1906,60192,478,
s466211835,p02936,u970899068,1566240417,Python,Python (3.4.3),py,Runtime Error,17,2940,899,
s351776998,p02936,u017810624,1566240345,Python,PyPy3 (2.4.0),py,Accepted,997,128672,651,
s561662727,p02936,u824958582,1566240343,Python,Python (3.4.3),py,Runtime Error,2106,56144,704,
s079497055,p02936,u598795006,1566240319,JavaScript,JavaScript (node.js v5.12),js,Runtime Error,806,187316,1567,
s515659566,p02936,u836644468,1566240306,C++,C++14 (GCC 5.4.1),cpp,Wrong Answer,343,20608,1570,
s635587593,p02936,u824958582,1566240248,Python,Python (3.4.3),py,Runtime Error,2109,211200,1084,
s422744039,p02936,u081688405,1566240192,Python,Python (3.4.3),py,Runtime Error,1740,52296,421,
s563660132,p02936,u787259080,1566240150,C++,C++14 (GCC 5.4.1),cpp,Time Limit Exceeded,2149,751620,1205,
s846836798,p02936,u317711717,1566240145,C++,C++14 (GCC 5.4.1),cpp,Accepted,140,21104,1053,
s745472535,p02936,u199343957,1566240138,C++,C++14 (GCC 5.4.1),cpp,Accepted,662,24216,613,
s464322157,p02936,u601444374,1566240116,C++,C++14 (GCC 5.4.1),cpp,Wrong Answer,329,6272,632,
s906444232,p02936,u868628468,1566240036,Python,Python (3.4.3),py,Accepted,1356,64980,1190,
s321916148,p02936,u592099403,1566240020,C++,C++14 (GCC 5.4.1),cpp,Wrong Answer,2104,5632,703,
s249242889,p02936,u474514603,1566239992,Python,Python (3.4.3),py,Accepted,1572,230932,515,
s180781186,p02936,u474514603,1566239897,Python,Python (3.4.3),py,Runtime Error,2055,60328,2744,
s445607314,p02936,u492968387,1566239885,Python,Python (3.4.3),py,Wrong Answer,2111,138852,1349,
s075179039,p02936,u825769322,1566239870,Python,Python (3.4.3),py,Wrong Answer,1708,65308,391,
s130854563,p02936,u527867336,1566239833,Python,PyPy3 (2.4.0),py,Time Limit Exceeded,2130,364152,1027,
s619276251,p02936,u069838609,1566239824,C++,C++14 (GCC 5.4.1),cpp,Accepted,148,21104,3588,
s337818517,p02936,u269476572,1566239776,C++,C++14 (GCC 5.4.1),cpp,Accepted,388,23936,995,
s545265086,p02936,u623687794,1566239718,Python,PyPy3 (2.4.0),py,Wrong Answer,1865,122700,387,
s255741522,p02936,u474514603,1566239631,Python,Python (3.4.3),py,Runtime Error,2106,57804,2725,
s926985233,p02936,u527867336,1566239623,Python,PyPy3 (2.4.0),py,Runtime Error,2050,131276,987,
s260355125,p02936,u976365284,1566239600,Python,Python (3.4.3),py,Time Limit Exceeded,2104,9364,537,
s144269163,p02936,u824958582,1566239585,Python,PyPy3 (2.4.0),py,Runtime Error,2117,229172,1027,
s711729917,p02936,u059234158,1566239584,Java,Java8 (OpenJDK 1.8.0),java,Wrong Answer,1113,155932,649,
s838817200,p02936,u868628468,1566239564,Python,Python (3.4.3),py,Wrong Answer,1669,55936,445,
s956752314,p02936,u824958582,1566239495,Python,Python (3.4.3),py,Runtime Error,2109,216960,1027,
s373521523,p02936,u787259080,1566239467,C++,C++14 (GCC 5.4.1),cpp,Time Limit Exceeded,2172,1158780,1213,
s691955679,p02936,u149419355,1566239453,Java,Java8 (OpenJDK 1.8.0),java,Accepted,1739,212856,1480,
s697124532,p02936,u046482892,1566239427,Java,Java8 (OpenJDK 1.8.0),java,Wrong Answer,1607,103672,1102,
s236916176,p02936,u623687794,1566239375,Python,PyPy3 (2.4.0),py,Runtime Error,1662,74956,369,
s102024535,p02936,u492968387,1566239360,Python,Python (3.4.3),py,Wrong Answer,2112,138828,1539,
s880606936,p02936,u787259080,1566239352,C++,C++14 (GCC 5.4.1),cpp,Time Limit Exceeded,2171,1147928,1212,
s368374094,p02936,u739259290,1566239311,C++,C++14 (GCC 5.4.1),cpp,Wrong Answer,320,6144,607,
s512589760,p02936,u623687794,1566239307,Python,PyPy3 (2.4.0),py,Runtime Error,1734,77132,327,
s562347604,p02936,u318955153,1566239304,Python,Python (3.4.3),py,Runtime Error,2105,112772,644,
s430384923,p02936,u474514603,1566239253,Python,Python (3.4.3),py,Runtime Error,1773,54564,2642,
s717030246,p02936,u787259080,1566239231,C++,C++14 (GCC 5.4.1),cpp,Accepted,315,32128,837,
s743708638,p02936,u339937125,1566239197,C++,C++14 (GCC 5.4.1),cpp,Accepted,378,24320,695,
s619720417,p02936,u254456372,1566239192,C++,C++14 (GCC 5.4.1),cpp,Accepted,152,23936,50659,
s658547046,p02936,u527867336,1566239131,Python,PyPy3 (2.4.0),py,Runtime Error,2048,132044,959,
s481747008,p02936,u787259080,1566239127,C++,C++14 (GCC 5.4.1),cpp,Wrong Answer,285,32128,840,
s786951079,p02936,u958825287,1566239115,C++,C++14 (GCC 5.4.1),cpp,Runtime Error,2817,1907644,1187,
s372653498,p02936,u484229314,1566239106,Python,PyPy3 (2.4.0),py,Time Limit Exceeded,2110,92632,1435,
s661429798,p02936,u520276780,1566239037,Python,Python (3.4.3),py,Wrong Answer,1851,79924,667,
s679299206,p02936,u046482892,1566239023,Java,Java8 (OpenJDK 1.8.0),java,Wrong Answer,1225,104784,1044,
s250106338,p02936,u382002817,1566238976,C++,C++14 (GCC 5.4.1),cpp,Wrong Answer,262,11520,1036,
s200100236,p02936,u520276780,1566238896,Python,Python (3.4.3),py,Wrong Answer,2107,73116,687,
s026914875,p02936,u865413330,1566238810,Python,Python (3.4.3),py,Wrong Answer,1625,122228,305,
s414317347,p02936,u261260430,1566238776,Python,Python (3.4.3),py,Time Limit Exceeded,2120,299636,1179,
s804053655,p02936,u876978301,1566238749,C++,C++14 (GCC 5.4.1),cpp,Accepted,324,24320,1913,
s709095938,p02936,u382002817,1566238688,C++,C++14 (GCC 5.4.1),cpp,Wrong Answer,318,5504,680,
s931587088,p02936,u382002817,1566238654,C++,C++14 (GCC 5.4.1),cpp,Runtime Error,99,384,679,
s330598415,p02936,u970899068,1566238647,Python,Python (3.4.3),py,Time Limit Exceeded,2118,235428,792,
s678091741,p02936,u703461446,1566238635,Python,Python (3.4.3),py,Runtime Error,2109,96120,1043,
s275993657,p02936,u824958582,1566238585,Python,Python (3.4.3),py,Runtime Error,2116,208648,957,
s690794995,p02936,u296610335,1566238584,C++,C++14 (GCC 5.4.1),cpp,Wrong Answer,105,4608,546,
s546609114,p02936,u527867336,1566238556,Python,PyPy3 (2.4.0),py,Time Limit Exceeded,2109,118092,1708,
s187381424,p02936,u382002817,1566238529,C++,C++14 (GCC 5.4.1),cpp,Wrong Answer,85,7168,1375,
s694231844,p02936,u272557899,1566238523,Python,Python (3.4.3),py,Time Limit Exceeded,2112,164420,1043,
s085354054,p02936,u382002817,1566238447,C++,C++14 (GCC 5.4.1),cpp,Wrong Answer,72,16384,1307,
s986419393,p02936,u739259290,1566238432,C++,C++14 (GCC 5.4.1),cpp,Wrong Answer,315,6144,601,
s543976450,p02936,u484229314,1566238372,Python,Python (3.4.3),py,Wrong Answer,2117,218320,1560,
s803127153,p02936,u739259290,1566238289,C++,C++14 (GCC 5.4.1),cpp,Wrong Answer,319,6144,589,
s240655572,p02936,u138486156,1566238213,C++,C++14 (GCC 5.4.1),cpp,Accepted,315,30464,798,
s649705297,p02936,u970899068,1566238212,Python,PyPy3 (2.4.0),py,Time Limit Exceeded,2122,298488,573,
s184594014,p02936,u739259290,1566238201,C++,C++14 (GCC 5.4.1),cpp,Runtime Error,388,6144,587,
s034243335,p02936,u970899068,1566238180,Python,Python (3.4.3),py,Time Limit Exceeded,2118,229152,573,
s077915982,p02936,u382002817,1566238175,C++,C++14 (GCC 5.4.1),cpp,Wrong Answer,23,13824,1669,
s014343039,p02936,u787972656,1566238111,C++,C++14 (GCC 5.4.1),cpp,Wrong Answer,126,24192,660,
s783388597,p02936,u382002817,1566238102,C++,C++14 (GCC 5.4.1),cpp,Wrong Answer,259,10752,940,
s569154511,p02936,u474514603,1566238047,Python,Python (3.4.3),py,Runtime Error,1755,54552,2685,
s896307026,p02936,u787972656,1566238035,C++,C++14 (GCC 5.4.1),cpp,Wrong Answer,129,24192,661,
s286881462,p02936,u417365712,1566238034,Python,Python (3.4.3),py,Runtime Error,2113,174808,923,
s184119459,p02936,u539199630,1566237959,C++,C++14 (GCC 5.4.1),cpp,Accepted,127,23552,815,
s235303224,p02936,u118211443,1566237951,Python,Python (3.4.3),py,Accepted,1584,230932,507,
s692863012,p02936,u970899068,1566237942,Python,PyPy3 (2.4.0),py,Time Limit Exceeded,2124,353960,785,
s235426139,p02936,u427344224,1566237941,Python,PyPy3 (2.4.0),py,Time Limit Exceeded,2138,569208,573,
s604710746,p02936,u722397179,1566237936,C++,C++14 (GCC 5.4.1),cpp,Accepted,400,28672,890,
s618544919,p02936,u474514603,1566237907,Python,Python (3.4.3),py,Runtime Error,1681,56732,2657,
s539081093,p02936,u729133443,1566237900,Python,Python (3.4.3),py,Accepted,1391,55832,1043,
s890279183,p02936,u970899068,1566237899,Python,Python (3.4.3),py,Time Limit Exceeded,2120,239388,785,
s374382226,p02936,u787972656,1566237892,C++,C++14 (GCC 5.4.1),cpp,Wrong Answer,138,25856,695,
s415481568,p02936,u427344224,1566237880,Python,PyPy3 (2.4.0),py,Time Limit Exceeded,2136,536952,578,
s787200621,p02936,u118211443,1566237869,Python,PyPy3 (2.4.0),py,Time Limit Exceeded,2154,813432,507,
s132906183,p02936,u427344224,1566237858,Python,PyPy3 (2.4.0),py,Time Limit Exceeded,2142,627064,592,
s865781075,p02936,u970899068,1566237799,Python,PyPy3 (2.4.0),py,Wrong Answer,1119,80204,612,
s747192936,p02936,u970899068,1566237762,Python,PyPy3 (2.4.0),py,Runtime Error,167,38480,786,
s855253655,p02936,u118211443,1566237749,Python,Python (3.4.3),py,Time Limit Exceeded,2110,230932,481,
s170481618,p02936,u592099403,1566237739,C++,C++14 (GCC 5.4.1),cpp,Wrong Answer,540,5504,544,
s898310670,p02936,u427344224,1566237718,Python,PyPy3 (2.4.0),py,Time Limit Exceeded,2124,340856,565,
s022104989,p02936,u787972656,1566237715,C++,C++14 (GCC 5.4.1),cpp,Wrong Answer,120,24192,669,
s121777859,p02936,u787259080,1566237680,C++,C++14 (GCC 5.4.1),cpp,Wrong Answer,278,14080,893,
s001837198,p02936,u427344224,1566237616,Python,PyPy3 (2.4.0),py,Time Limit Exceeded,2127,377976,699,
s216597588,p02936,u118211443,1566237611,Python,PyPy3 (2.4.0),py,Time Limit Exceeded,2124,355260,481,
s809381444,p02936,u787259080,1566237574,C++,C++14 (GCC 5.4.1),cpp,Compile Error,,,898,
s662116472,p02936,u296518383,1566237548,Python,Python (3.4.3),py,Wrong Answer,1253,36896,277,
s727223939,p02936,u832039789,1566237534,C++,C++14 (GCC 5.4.1),cpp,Accepted,443,25856,801,
s215992095,p02936,u049420296,1566237515,C++,C++14 (GCC 5.4.1),cpp,Accepted,142,22400,1739,
s313595460,p02936,u261260430,1566237515,Python,Python (3.4.3),py,Time Limit Exceeded,2116,299636,1087,
s606669949,p02936,u970899068,1566237509,Python,PyPy3 (2.4.0),py,Runtime Error,890,123212,771,
s304938274,p02936,u684822781,1566237480,C++,C++14 (GCC 5.4.1),cpp,Wrong Answer,299,6912,441,
s089442453,p02936,u441250130,1566237396,C++,C++14 (GCC 5.4.1),cpp,Wrong Answer,259,7040,783,
s061785697,p02936,u970899068,1566237381,Python,PyPy3 (2.4.0),py,Runtime Error,1891,132812,734,
s485665843,p02936,u272557899,1566237378,Python,PyPy3 (2.4.0),py,Time Limit Exceeded,2115,208148,1064,
s551172291,p02936,u787259080,1566237373,C++,C++14 (GCC 5.4.1),cpp,Wrong Answer,276,14080,774,
s001668875,p02936,u209767598,1566237365,C++,C++14 (GCC 5.4.1),cpp,Accepted,613,16372,876,
s104685633,p02936,u575074893,1566237349,Rust,Rust (1.15.1),rs,Accepted,117,29684,13559,
s345315686,p02936,u118211443,1566237346,Python,PyPy3 (2.4.0),py,Runtime Error,1903,129868,437,
s223057468,p02936,u272557899,1566237315,Python,Python (3.4.3),py,Time Limit Exceeded,2112,165320,1064,
s344420381,p02936,u825769322,1566237167,Python,Python (3.4.3),py,Wrong Answer,2106,58268,368,
s872185838,p02936,u559765551,1566237096,Python,PyPy3 (2.4.0),py,Accepted,1975,119768,801,
s635501931,p02936,u981931040,1566237093,Python,Python (3.4.3),py,Accepted,1364,71772,522,
s066716545,p02936,u441250130,1566237041,C++,C++14 (GCC 5.4.1),cpp,Wrong Answer,252,7040,733,
s432072697,p02936,u559765551,1566237036,Python,PyPy3 (2.4.0),py,Wrong Answer,1910,105548,782,
s238489177,p02936,u433532588,1566236936,Python,PyPy3 (2.4.0),py,Wrong Answer,2146,697980,1106,
s240065400,p02936,u933341648,1566236822,Python,Python (3.4.3),py,Wrong Answer,1744,80616,453,
s480660075,p02936,u261260430,1566236798,Python,Python (3.4.3),py,Time Limit Exceeded,2114,274036,1084,
s236891555,p02936,u525065967,1566236774,C++,C++14 (GCC 5.4.1),cpp,Accepted,374,23424,535,
s155150657,p02936,u118211443,1566236752,Python,Python (3.4.3),py,Runtime Error,1754,53780,437,
s028692549,p02936,u787259080,1566236739,C++,C++14 (GCC 5.4.1),cpp,Wrong Answer,272,14848,1143,
s624991602,p02936,u017810624,1566236687,Python,PyPy3 (2.4.0),py,Wrong Answer,907,148796,767,
s606341317,p02936,u427344224,1566236658,C++,C++14 (GCC 5.4.1),cpp,Accepted,182,32128,1481,
s294077824,p02936,u017810624,1566236618,Python,PyPy3 (2.4.0),py,Accepted,945,129832,801,
s637566291,p02936,u085288971,1566236522,Kotlin,Kotlin (1.0.0),kt,Time Limit Exceeded,2112,150632,1261,
s513602034,p02936,u386321778,1566236507,C++,C++14 (GCC 5.4.1),cpp,Accepted,407,24448,650,
s052649034,p02936,u494655741,1566236496,C++,C++14 (GCC 5.4.1),cpp,Accepted,379,21376,1066,
s689127708,p02936,u017078415,1566236456,C++,C++14 (GCC 5.4.1),cpp,Wrong Answer,131,15744,940,
s116824937,p02936,u787259080,1566236363,C++,C++14 (GCC 5.4.1),cpp,Accepted,336,32128,837,
s720076236,p02936,u882620594,1566236362,Python,PyPy3 (2.4.0),py,Time Limit Exceeded,2109,90828,515,
s934324052,p02936,u427344224,1566236359,C++,C++14 (GCC 5.4.1),cpp,Time Limit Exceeded,2105,29184,1385,
s152768511,p02936,u342051078,1566236309,C++,C++14 (GCC 5.4.1),cpp,Wrong Answer,308,21120,1634,
s477755221,p02936,u787259080,1566236267,C++,C++14 (GCC 5.4.1),cpp,Wrong Answer,274,14976,1158,
s965720104,p02936,u882620594,1566236252,C++,C++14 (GCC 5.4.1),cpp,Accepted,321,16244,980,
s266825750,p02936,u013629972,1566236228,Python,Python (3.4.3),py,Wrong Answer,1970,109076,1652,
s818566802,p02936,u261260430,1566236194,Python,PyPy3 (2.4.0),py,Time Limit Exceeded,2134,506644,1012,
s798932918,p02936,u081688405,1566236186,Python,Python (3.4.3),py,Runtime Error,2106,48828,448,
s901460536,p02936,u017078415,1566236167,C++,C++14 (GCC 5.4.1),cpp,Runtime Error,3460,1780,944,
s096847579,p02936,u138486156,1566236150,Python,PyPy3 (2.4.0),py,Accepted,825,94412,536,
s687306370,p02936,u787972656,1566236113,C++,C++14 (GCC 5.4.1),cpp,Wrong Answer,2107,3712,546,
s687082684,p02936,u884379688,1566236110,C++,C++14 (GCC 5.4.1),cpp,Accepted,131,24320,998,
s737397583,p02936,u342051078,1566236090,C++,C++14 (GCC 5.4.1),cpp,Wrong Answer,357,21120,1582,
s806570089,p02936,u261260430,1566236000,Python,Python (3.4.3),py,Time Limit Exceeded,2121,280436,899,
s585080558,p02936,u787259080,1566235925,C++,C++14 (GCC 5.4.1),cpp,Wrong Answer,286,14976,1034,
s462745126,p02936,u525065967,1566235899,C++,C++14 (GCC 5.4.1),cpp,Accepted,343,29696,778,
s799466248,p02936,u042365947,1566235788,Scala,Scala (2.11.7),scala,Accepted,1934,159748,916,
s679822477,p02936,u138486156,1566235785,Python,PyPy3 (2.4.0),py,Runtime Error,712,79180,534,
s111912490,p02936,u494655741,1566235751,C++,C++14 (GCC 5.4.1),cpp,Wrong Answer,345,21376,1059,
s638730728,p02936,u234826697,1566235739,Java,Java8 (OpenJDK 1.8.0),java,Accepted,600,78456,6312,
s618425850,p02936,u059570092,1566235734,C++,C++14 (GCC 5.4.1),cpp,Wrong Answer,290,33016,1082,
s831663501,p02936,u427681070,1566235699,C++,C++14 (GCC 5.4.1),cpp,Accepted,653,24320,1010,
s630383285,p02936,u191874006,1566235697,Python,PyPy3 (2.4.0),py,Time Limit Exceeded,2151,786552,820,
s987913107,p02936,u154289649,1566235678,C++,C++14 (GCC 5.4.1),cpp,Accepted,363,23424,731,
s463265648,p02936,u191874006,1566235651,Python,Python (3.4.3),py,Accepted,1823,237684,820,
s725881187,p02936,u751964641,1566235613,C++,C++14 (GCC 5.4.1),cpp,Accepted,325,43264,1146,
s191807163,p02936,u468811760,1566235612,C++,C++14 (GCC 5.4.1),cpp,Wrong Answer,2,256,797,
s499817602,p02936,u605722824,1566235612,Java,Java8 (OpenJDK 1.8.0),java,Accepted,1987,274248,1882,
s888287165,p02936,u863044225,1566235598,C++,C++14 (GCC 5.4.1),cpp,Accepted,137,17908,1957,
s494764920,p02936,u591717585,1566235531,Java,Java8 (OpenJDK 1.8.0),java,Accepted,1384,131344,4005,
s960197798,p02936,u518641666,1566235506,Java,Java8 (OpenJDK 1.8.0),java,Accepted,1961,224856,1987,
s076181392,p02936,u726872801,1566235498,Java,Java8 (OpenJDK 1.8.0),java,Accepted,1810,233020,1382,
s598607762,p02936,u342051078,1566235493,C++,C++14 (GCC 5.4.1),cpp,Wrong Answer,273,5616,1553,
s918450830,p02936,u751964641,1566235454,C++,C++14 (GCC 5.4.1),cpp,Wrong Answer,243,43008,1090,
s703289787,p02936,u149419355,1566235422,Java,Java8 (OpenJDK 1.8.0),java,Wrong Answer,1892,155740,982,
s928289077,p02936,u863044225,1566235417,C++,C++14 (GCC 5.4.1),cpp,Wrong Answer,130,15744,1938,
s051646279,p02936,u804922227,1566235396,Java,Java8 (OpenJDK 1.8.0),java,Wrong Answer,2109,209580,2086,
s812704679,p02936,u804922227,1566235369,Java,Java8 (OpenJDK 1.8.0),java,Compile Error,,,2087,
s728891010,p02936,u726872801,1566235363,Java,Java8 (OpenJDK 1.8.0),java,Wrong Answer,1678,203596,1392,
s928477037,p02936,u426649993,1566235363,Python,Python (3.4.3),py,Wrong Answer,1733,99044,377,
s706230502,p02936,u261260430,1566235353,Python,Python (3.4.3),py,Runtime Error,2112,144792,856,
s870359255,p02936,u349888092,1566235341,Python,Python (3.4.3),py,Accepted,1668,227760,537,
s384619400,p02936,u726872801,1566235321,Java,Java8 (OpenJDK 1.8.0),java,Compile Error,,,1364,
s007181482,p02936,u494655741,1566235306,C++,C++14 (GCC 5.4.1),cpp,Wrong Answer,350,21376,1026,
s617661431,p02936,u433532588,1566235245,Python,Python (3.4.3),py,Wrong Answer,2125,332492,1105,
s877407101,p02936,u075539606,1566235182,Python,PyPy3 (2.4.0),py,Wrong Answer,2109,75352,348,
s009987739,p02936,u605722824,1566235155,Java,Java8 (OpenJDK 1.8.0),java,Accepted,1700,222872,1839,
s384626043,p02936,u494655741,1566235145,C++,C++14 (GCC 5.4.1),cpp,Wrong Answer,342,22656,1065,
s113132794,p02936,u605722824,1566235123,Java,Java8 (OpenJDK 1.8.0),java,Runtime Error,77,23124,1873,
s769607889,p02936,u075539606,1566235111,Python,PyPy3 (2.4.0),py,Wrong Answer,1972,90456,349,
s389815623,p02936,u191874006,1566235093,Python,Python (3.4.3),py,Wrong Answer,2107,63220,914,
s621667891,p02936,u271934630,1566235083,Python,PyPy3 (2.4.0),py,Time Limit Exceeded,2122,295928,466,
s957886611,p02936,u168578024,1566235076,C++,C++14 (GCC 5.4.1),cpp,Accepted,193,30464,7976,
s694702328,p02936,u349888092,1566235046,Python,Python (3.4.3),py,Wrong Answer,1766,246564,1604,
s282774067,p02936,u299647642,1566235008,C++,C++14 (GCC 5.4.1),cpp,Accepted,154,22656,968,
s630268998,p02936,u468811760,1566234995,C++,C++14 (GCC 5.4.1),cpp,Accepted,337,21888,662,
s794471637,p02936,u314057689,1566234945,C++,C++14 (GCC 5.4.1),cpp,Accepted,163,22784,2313,
s487559176,p02936,u114412102,1566234880,C#,C# (Mono 4.6.2.0),cs,Accepted,1563,99044,35063,
s013398391,p02936,u605722824,1566234799,Java,Java8 (OpenJDK 1.8.0),java,Time Limit Exceeded,2110,222552,1760,
s380905675,p02936,u329232967,1566234797,Kotlin,Kotlin (1.0.0),kt,Accepted,1540,153708,1989,
s085332547,p02936,u168578024,1566234751,C++,C++14 (GCC 5.4.1),cpp,Wrong Answer,181,30464,7968,
s827839960,p02936,u983918956,1566234720,Python,PyPy3 (2.4.0),py,Accepted,1904,117908,555,
s344714914,p02936,u061071198,1566234682,C++,C++14 (GCC 5.4.1),cpp,Accepted,1123,71144,5762,
s419060271,p02936,u254521846,1566234594,C++,C++14 (GCC 5.4.1),cpp,Accepted,339,22528,3207,
s963519221,p02936,u089885969,1566234579,C++,C++14 (GCC 5.4.1),cpp,Wrong Answer,350,16512,1236,
s811046424,p02936,u990641118,1566234530,C++,C++14 (GCC 5.4.1),cpp,Accepted,152,24064,1550,
s491247465,p02936,u703461446,1566234515,Python,Python (3.4.3),py,Runtime Error,2132,391032,1213,
s874906842,p02936,u850491413,1566234507,Python,PyPy3 (2.4.0),py,Wrong Answer,566,42076,330,
s947894094,p02936,u494655741,1566234498,C++,C++14 (GCC 5.4.1),cpp,Wrong Answer,2104,20608,953,
s670206779,p02936,u019780057,1566234476,C++,C++14 (GCC 5.4.1),cpp,Accepted,168,31360,1439,
s243234252,p02936,u850491413,1566234431,Python,PyPy3 (2.4.0),py,Runtime Error,185,38384,326,
s477281640,p02936,u168578024,1566234385,C++,C++14 (GCC 5.4.1),cpp,Wrong Answer,182,28416,7966,
s914582729,p02936,u850491413,1566234350,Python,PyPy3 (2.4.0),py,Wrong Answer,544,57432,245,
s050756043,p02936,u222866518,1566234337,C++,C++14 (GCC 5.4.1),cpp,Accepted,410,26624,610,
s367439700,p02936,u983918956,1566234280,Python,PyPy3 (2.4.0),py,Time Limit Exceeded,2126,376140,518,
s167055836,p02936,u993381291,1566234276,C#,C# (Mono 4.6.2.0),cs,Accepted,1325,106224,965,
s523108042,p02936,u050138914,1566234203,C++,C++14 (GCC 5.4.1),cpp,Wrong Answer,389,141312,789,
s100833115,p02936,u983918956,1566234174,Python,Python (3.4.3),py,Time Limit Exceeded,2121,273608,518,
s761031888,p02936,u850491413,1566234174,Python,PyPy3 (2.4.0),py,Wrong Answer,1653,52056,330,
s672132560,p02936,u082446606,1566234170,Python,Python (3.4.3),py,Wrong Answer,2108,166632,595,
s804560018,p02936,u471828790,1566234112,Python,Python (3.4.3),py,Time Limit Exceeded,2118,227840,514,
s624479739,p02936,u433532588,1566234104,Python,Python (3.4.3),py,Wrong Answer,2125,335404,1059,
s074140977,p02936,u543167400,1566234086,C++,C++14 (GCC 5.4.1),cpp,Accepted,159,27392,3017,
s297649570,p02936,u850491413,1566234060,Python,PyPy3 (2.4.0),py,Wrong Answer,1650,52056,332,
s851460325,p02936,u698786289,1566234006,C++,C++14 (GCC 5.4.1),cpp,Wrong Answer,290,23424,779,
s633774049,p02936,u177904182,1566234001,C#,C# (Mono 4.6.2.0),cs,Accepted,1272,53360,2047,
s826392315,p02936,u471828790,1566233998,Python,Python (3.4.3),py,Accepted,1670,227760,537,
s704243740,p02936,u709304134,1566233975,C++,C++14 (GCC 5.4.1),cpp,Wrong Answer,280,23424,792,
s789622773,p02936,u850491413,1566233929,Python,PyPy3 (2.4.0),py,Time Limit Exceeded,2111,118796,782,
s210616848,p02936,u050138914,1566233908,C++,C++14 (GCC 5.4.1),cpp,Wrong Answer,398,141312,823,
s836479706,p02936,u698786289,1566233873,C++,C++14 (GCC 5.4.1),cpp,Wrong Answer,271,12928,769,
s698888148,p02936,u850491413,1566233870,Python,PyPy3 (2.4.0),py,Time Limit Exceeded,2109,118732,614,
s308936390,p02936,u889915625,1566233826,C++,C++14 (GCC 5.4.1),cpp,Wrong Answer,291,29056,1841,
s287692409,p02936,u329232967,1566233819,Kotlin,Kotlin (1.0.0),kt,Wrong Answer,1460,144280,1957,
s778816142,p02936,u850491413,1566233785,Python,PyPy3 (2.4.0),py,Runtime Error,184,38256,702,
s926334924,p02936,u050138914,1566233674,C++,C++14 (GCC 5.4.1),cpp,Wrong Answer,419,146048,861,
s424300926,p02936,u736278528,1566233665,C++,C++14 (GCC 5.4.1),cpp,Accepted,674,23424,541,
s553566968,p02936,u139300044,1566233620,C++,C++14 (GCC 5.4.1),cpp,Accepted,385,23424,722,
s924281076,p02936,u271063202,1566233609,C++,C++14 (GCC 5.4.1),cpp,Accepted,361,23424,1200,
s057446650,p02936,u224756887,1566233592,C++,C++14 (GCC 5.4.1),cpp,Accepted,321,28928,8341,
s340292885,p02936,u471828790,1566233551,Python,Python (3.4.3),py,Time Limit Exceeded,2119,264624,515,
s215003013,p02936,u074306398,1566233516,C++,C++14 (GCC 5.4.1),cpp,Accepted,383,23552,588,
s752338401,p02936,u290693410,1566233463,C++,C++14 (GCC 5.4.1),cpp,Accepted,614,30592,1249,
s093471568,p02936,u791593901,1566233409,C++,C++14 (GCC 5.4.1),cpp,Accepted,139,24832,1082,
s806068237,p02936,u271934630,1566233404,Python,PyPy3 (2.4.0),py,Wrong Answer,1751,122060,468,
s771287084,p02936,u973951392,1566233383,Rust,Rust (1.15.1),rs,Accepted,421,39160,2207,
s295456412,p02936,u106635407,1566233362,C++,C++14 (GCC 5.4.1),cpp,Accepted,649,23424,639,
s696035027,p02936,u271934630,1566233356,Python,PyPy3 (2.4.0),py,Runtime Error,175,38384,576,
s841329288,p02936,u074306398,1566233345,C++,C++14 (GCC 5.4.1),cpp,Wrong Answer,352,23552,566,
s526760306,p02936,u993381291,1566233336,C#,C# (Mono 4.6.2.0),cs,Time Limit Exceeded,2112,101904,972,
s832463314,p02936,u050138914,1566233329,C++,C++14 (GCC 5.4.1),cpp,Wrong Answer,390,145464,849,
s929164487,p02936,u505830998,1566233263,Python,Python (3.4.3),py,Wrong Answer,2106,57444,881,
s287674054,p02936,u698786289,1566233184,C++,C++14 (GCC 5.4.1),cpp,Wrong Answer,2105,24960,893,
s983906544,p02936,u812977645,1566233092,Java,Java8 (OpenJDK 1.8.0),java,Time Limit Exceeded,2110,251584,1754,
s175624003,p02936,u167931717,1566233089,C++,C++14 (GCC 5.4.1),cpp,Accepted,343,36972,18518,
s180347832,p02936,u864197622,1566233032,Python,PyPy3 (2.4.0),py,Accepted,1952,118656,702,
s959289120,p02936,u698786289,1566233018,C++,C++14 (GCC 5.4.1),cpp,Wrong Answer,2105,22144,874,
s544349195,p02936,u577853041,1566232944,Python,Python (3.4.3),py,Runtime Error,2109,95832,1331,
s713006884,p02936,u874414087,1566232879,Ruby,Ruby (2.3.3),rb,Wrong Answer,1389,72440,624,
s035053942,p02936,u040926655,1566232859,C++,C++14 (GCC 5.4.1),cpp,Accepted,158,20608,1146,
s876095463,p02936,u791593901,1566232830,C++,C++14 (GCC 5.4.1),cpp,Wrong Answer,2103,15604,2103,
s288959682,p02936,u040926655,1566232769,C++,C++14 (GCC 5.4.1),cpp,Runtime Error,322,2560,1140,
s050676216,p02936,u812977645,1566232742,Java,Java8 (OpenJDK 1.8.0),java,Compile Error,,,1699,
s330638033,p02936,u340228918,1566232734,C++,C++14 (GCC 5.4.1),cpp,Wrong Answer,2104,14080,561,
s738649644,p02936,u471828790,1566232721,Python,Python (3.4.3),py,Time Limit Exceeded,2120,264880,477,
s094697257,p02936,u149362554,1566232710,Java,Java8 (OpenJDK 1.8.0),java,Time Limit Exceeded,2109,202980,1645,
s549470526,p02936,u269476572,1566232690,C++,C++14 (GCC 5.4.1),cpp,Wrong Answer,341,17536,605,
s388732954,p02936,u993381291,1566232681,C#,C# (Mono 4.6.2.0),cs,Wrong Answer,1148,96244,859,
s245689515,p02936,u879870653,1566232656,Python,Python (3.4.3),py,Accepted,1195,56260,574,
s822832858,p02936,u879870653,1566232644,Python,PyPy3 (2.4.0),py,Accepted,849,93972,574,
s737185057,p02936,u269476572,1566232614,C++,C++14 (GCC 5.4.1),cpp,Runtime Error,307,6392,605,
s224592685,p02936,u074306398,1566232580,C++,C++14 (GCC 5.4.1),cpp,Wrong Answer,582,100852,754,
s530955945,p02936,u052332717,1566232576,C++,C++14 (GCC 5.4.1),cpp,Accepted,177,25856,1488,
s627914584,p02936,u620480037,1566232510,Python,PyPy3 (2.4.0),py,Accepted,947,111152,560,
s399762695,p02936,u623819879,1566232506,Python,PyPy3 (2.4.0),py,Accepted,1900,106900,825,
s657608947,p02936,u222866518,1566232504,C++,C++14 (GCC 5.4.1),cpp,Accepted,670,23424,596,
s328841249,p02936,u085288971,1566232452,Kotlin,Kotlin (1.0.0),kt,Time Limit Exceeded,2111,163348,961,
s617110434,p02936,u791593901,1566232444,C++,C++14 (GCC 5.4.1),cpp,Accepted,605,17140,1396,
s435827346,p02936,u554096168,1566232415,Python,Python (3.4.3),py,Wrong Answer,1094,71496,475,
s870734724,p02936,u149362554,1566232370,Java,Java8 (OpenJDK 1.8.0),java,Wrong Answer,2109,204988,1613,
s814640244,p02936,u925364229,1566232361,C++,C++14 (GCC 5.4.1),cpp,Accepted,128,23552,2327,
s147427830,p02936,u222866518,1566232352,C++,C++14 (GCC 5.4.1),cpp,Wrong Answer,361,15096,682,
s297581882,p02936,u074306398,1566232344,C++,C++14 (GCC 5.4.1),cpp,Wrong Answer,474,84480,753,
s409279124,p02936,u963055157,1566232331,C++,C++14 (GCC 5.4.1),cpp,Accepted,389,23424,611,
s275343726,p02936,u074306398,1566232322,C++,C++14 (GCC 5.4.1),cpp,Wrong Answer,475,84480,728,
s168583137,p02936,u074306398,1566232274,C++,C++14 (GCC 5.4.1),cpp,Wrong Answer,375,66432,724,
s772053946,p02936,u471828790,1566232229,Python,Python (3.4.3),py,Time Limit Exceeded,2114,269716,482,
s007863915,p02936,u343110708,1566232203,C++,C++14 (GCC 5.4.1),cpp,Accepted,304,25856,1789,
s409357743,p02936,u326609687,1566232176,Python,Python (3.4.3),py,Wrong Answer,2109,40764,206550,
s572771169,p02936,u222866518,1566232166,C++,C++14 (GCC 5.4.1),cpp,Wrong Answer,2104,13940,734,
s095852893,p02936,u879870653,1566232155,Python,PyPy3 (2.4.0),py,Time Limit Exceeded,2150,756984,489,
s813961549,p02936,u554096168,1566232154,Python,Python (3.4.3),py,Accepted,1202,71772,527,
s345806991,p02936,u074306398,1566232138,C++,C++14 (GCC 5.4.1),cpp,Wrong Answer,375,24320,707,
s423572040,p02936,u868237899,1566232136,Python,Python (3.4.3),py,Wrong Answer,1326,36900,333,
s323130414,p02936,u889915625,1566232129,C++,C++14 (GCC 5.4.1),cpp,Wrong Answer,312,4736,1161,
s577051637,p02936,u351299035,1566232116,C,C (GCC 5.4.1),c,Wrong Answer,0,128,25,
s190052838,p02936,u326609687,1566232116,Python,Python (3.4.3),py,Runtime Error,17,2940,206549,
s290418873,p02936,u879870653,1566232116,Python,Python (3.4.3),py,Accepted,1626,230960,489,
s905514127,p02936,u344122377,1566232078,C++,C++14 (GCC 5.4.1),cpp,Accepted,295,28672,759,
s840152793,p02936,u074306398,1566232076,C++,C++14 (GCC 5.4.1),cpp,Wrong Answer,377,66432,704,
s714516666,p02936,u879870653,1566232063,Python,Python (3.4.3),py,Time Limit Exceeded,2117,225456,462,
s267106244,p02936,u149362554,1566232061,Java,Java8 (OpenJDK 1.8.0),java,Wrong Answer,2109,204308,1629,
s395668417,p02936,u595893956,1566232046,C++,C++14 (GCC 5.4.1),cpp,Accepted,300,22656,814,
s124934323,p02936,u879870653,1566232031,Python,PyPy3 (2.4.0),py,Time Limit Exceeded,2121,288888,462,
s789134675,p02936,u174404613,1566232007,C++,C++14 (GCC 5.4.1),cpp,Accepted,1184,77440,1343,
s731472757,p02936,u177904182,1566231999,C#,C# (Mono 4.6.2.0),cs,Runtime Error,1524,300040,1656,
s706885415,p02936,u405923605,1566231836,C++,C++14 (GCC 5.4.1),cpp,Accepted,391,23552,1333,
s428380628,p02936,u222866518,1566231800,C++,C++14 (GCC 5.4.1),cpp,Runtime Error,333,274552,727,
s921885523,p02936,u177904182,1566231788,C#,C# (Mono 4.6.2.0),cs,Runtime Error,1518,296712,1663,
s766774760,p02936,u505830998,1566231753,Python,Python (3.4.3),py,Wrong Answer,1943,65800,780,
s038130623,p02936,u222866518,1566231753,C++,C++14 (GCC 5.4.1),cpp,Compile Error,,,718,
s723155695,p02936,u559765551,1566231703,Python,PyPy3 (2.4.0),py,Time Limit Exceeded,2125,357240,581,
s994887797,p02936,u059570092,1566231628,C++,C++14 (GCC 5.4.1),cpp,Wrong Answer,2103,4480,543,
s477417263,p02936,u504142483,1566231622,C++,C++14 (GCC 5.4.1),cpp,Accepted,156,21760,2173,
s008306268,p02936,u145078501,1566231604,C++,C++14 (GCC 5.4.1),cpp,Accepted,322,16908,1543,
s313607942,p02936,u904666233,1566231580,Rust,Rust (1.15.1),rs,Accepted,79,60028,6352,
s522419052,p02936,u241908712,1566231544,C++,C++14 (GCC 5.4.1),cpp,Wrong Answer,104,16512,1008,
s278311236,p02936,u693391925,1566231534,Python,Python (3.4.3),py,Time Limit Exceeded,2114,265248,604,
s411033321,p02936,u013629972,1566231499,Python,Python (3.4.3),py,Wrong Answer,1939,109068,1547,
s542763043,p02936,u504142483,1566231473,C++,C++14 (GCC 5.4.1),cpp,Accepted,390,21760,2123,
s261769495,p02936,u504142483,1566231443,C++,C++14 (GCC 5.4.1),cpp,Accepted,331,15988,2283,
s240913553,p02936,u919923389,1566231423,C++,C++14 (GCC 5.4.1),cpp,Accepted,106,13312,717,
s659449474,p02936,u222866518,1566231393,C++,C++14 (GCC 5.4.1),cpp,Wrong Answer,356,15096,675,
s239221933,p02936,u561443723,1566231392,C++,C++14 (GCC 5.4.1),cpp,Accepted,450,43008,1336,
s603973084,p02936,u868628468,1566231376,Python,Python (3.4.3),py,Runtime Error,2106,52124,494,
s318184862,p02936,u508571192,1566231353,C++,C++14 (GCC 5.4.1),cpp,Accepted,157,24320,1815,
s616526315,p02936,u783578121,1566231351,C++,C++14 (GCC 5.4.1),cpp,Accepted,107,15616,837,
s872063679,p02936,u508571192,1566231339,C++,C++14 (GCC 5.4.1),cpp,Accepted,126,24320,1815,
s894464495,p02936,u149362554,1566231335,Java,Java8 (OpenJDK 1.8.0),java,Runtime Error,1919,166820,1160,
s370695319,p02936,u874414087,1566231328,C++,C++14 (GCC 5.4.1),cpp,Wrong Answer,575,45172,1084,
s043999826,p02936,u699888017,1566231327,PHP,PHP7 (7.0.15),php,Accepted,492,170476,878,
s553040480,p02936,u693391925,1566231295,Python,Python (3.4.3),py,Wrong Answer,1556,63208,365,
s686521629,p02936,u699888017,1566231197,PHP,PHP7 (7.0.15),php,Time Limit Exceeded,2133,116328,878,
s087279465,p02936,u554096168,1566231184,Python,Python (3.4.3),py,Accepted,1284,71772,522,
s278552909,p02936,u471828790,1566231181,Python,Python (3.4.3),py,Time Limit Exceeded,2123,262256,579,
s714834954,p02936,u963055157,1566231093,C++,C++14 (GCC 5.4.1),cpp,Runtime Error,280,12020,598,
s544020298,p02936,u554096168,1566231079,Python,Python (3.4.3),py,Accepted,1308,72136,559,
s158270870,p02936,u508571192,1566231049,C++,C++14 (GCC 5.4.1),cpp,Accepted,165,24320,1815,
s464957180,p02936,u963055157,1566231005,C++,C++14 (GCC 5.4.1),cpp,Runtime Error,277,12020,597,
s591933361,p02936,u956758464,1566230963,C++,C++14 (GCC 5.4.1),cpp,Accepted,553,24448,792,
s917141409,p02936,u508571192,1566230936,C++,C++14 (GCC 5.4.1),cpp,Accepted,142,24320,1815,
s922336692,p02936,u149362554,1566230923,Java,Java8 (OpenJDK 1.8.0),java,Runtime Error,1960,168016,1193,
s498441771,p02936,u423624748,1566230878,C++,C++14 (GCC 5.4.1),cpp,Accepted,320,41968,867,
s996592422,p02936,u149362554,1566230821,Java,Java8 (OpenJDK 1.8.0),java,Runtime Error,2096,195304,1352,
s807959496,p02936,u297203024,1566230818,C++,C++14 (GCC 5.4.1),cpp,Wrong Answer,342,21120,1204,
s978018255,p02936,u693391925,1566230803,Python,Python (3.4.3),py,Time Limit Exceeded,2119,263088,578,
s506836259,p02936,u812977645,1566230773,Java,Java8 (OpenJDK 1.8.0),java,Time Limit Exceeded,2110,278244,2157,
s067385672,p02936,u969190727,1566230751,Python,Python (3.4.3),py,Accepted,1178,55824,468,
s555325713,p02936,u471828790,1566230743,Python,Python (3.4.3),py,Runtime Error,1805,70500,535,
s348199556,p02936,u693391925,1566230734,Python,Python (3.4.3),py,Accepted,1984,265312,603,
s991056058,p02936,u868628468,1566230722,Python,Python (3.4.3),py,Runtime Error,2106,52068,488,
s717551841,p02936,u543657872,1566230717,C++,C++14 (GCC 5.4.1),cpp,Accepted,697,25088,1022,
s298616921,p02936,u554096168,1566230697,Python,Python (3.4.3),py,Accepted,1210,72132,563,
s603417085,p02936,u812977645,1566230676,Java,Java8 (OpenJDK 1.8.0),java,Compile Error,,,1294,
s558290812,p02936,u812977645,1566230593,Java,Java8 (OpenJDK 1.8.0),java,Runtime Error,78,23380,2176,
s327993106,p02936,u868628468,1566230570,Python,Python (3.4.3),py,Runtime Error,901,34136,488,
s167865234,p02936,u095029955,1566230555,C++,C++14 (GCC 5.4.1),cpp,Runtime Error,101,3456,1416,
s787945133,p02936,u471828790,1566230510,Python,Python (3.4.3),py,Runtime Error,1894,70500,521,
s093997128,p02936,u209767598,1566230508,C++,C++14 (GCC 5.4.1),cpp,Wrong Answer,574,14080,739,
s997117717,p02936,u693391925,1566230478,Python,Python (3.4.3),py,Accepted,1999,265244,602,
s170738152,p02936,u812977645,1566230474,Java,Java8 (OpenJDK 1.8.0),java,Compile Error,,,2154,
s556154535,p02936,u214434454,1566230432,Python,Python (3.4.3),py,Accepted,1746,55828,455,
s650734288,p02936,u510887956,1566230418,Ruby,Ruby (2.3.3),rb,Wrong Answer,2005,70908,886,
s643250022,p02936,u274744399,1566230369,C++,C++14 (GCC 5.4.1),cpp,Wrong Answer,117,23424,974,
s043995788,p02936,u222866518,1566230345,C++,C++14 (GCC 5.4.1),cpp,Wrong Answer,349,14720,668,
s439503633,p02936,u349081333,1566230320,C#,C# (Mono 4.6.2.0),cs,Accepted,1387,65360,1155,
s531227673,p02936,u818078165,1566230252,Python,Python (3.4.3),py,Accepted,1993,312792,727,
s195983382,p02936,u716530146,1566230240,Python,Python (3.4.3),py,Wrong Answer,2121,310992,633,
s155330667,p02936,u090084494,1566230237,C++,C++14 (GCC 5.4.1),cpp,Wrong Answer,274,13952,741,
s656414076,p02936,u812973725,1566230187,C++,C++14 (GCC 5.4.1),cpp,Accepted,328,24320,1588,
s074965320,p02936,u095029955,1566230169,C++,C++14 (GCC 5.4.1),cpp,Runtime Error,178,7416,1389,
s891083968,p02936,u889344512,1566230134,Python,Python (3.4.3),py,Accepted,1488,60372,671,
s245133148,p02936,u818078165,1566230110,Python,Python (3.4.3),py,Runtime Error,2107,140928,698,
s035153934,p02936,u693391925,1566230101,Python,Python (3.4.3),py,Time Limit Exceeded,2120,272188,590,
s873901516,p02936,u783578121,1566230065,C++,C++14 (GCC 5.4.1),cpp,Wrong Answer,99,15616,765,
s991209344,p02936,u818078165,1566230065,Python,Python (3.4.3),py,Runtime Error,2111,142656,698,
s731752801,p02936,u748069390,1566230004,C++,C++14 (GCC 5.4.1),cpp,Accepted,142,18160,1475,
s223913200,p02936,u085288971,1566230002,Kotlin,Kotlin (1.0.0),kt,Time Limit Exceeded,2113,166316,1103,
s988660830,p02936,u126833093,1566229937,C++,C++14 (GCC 5.4.1),cpp,Wrong Answer,111,24576,595,
s314641909,p02936,u204616996,1566229907,Python,Python (3.4.3),py,Wrong Answer,2110,102072,609,
s116794092,p02936,u693391925,1566229891,Python,Python (3.4.3),py,Wrong Answer,2123,305468,500,
s553202192,p02936,u126833093,1566229867,C++,C++14 (GCC 5.4.1),cpp,Wrong Answer,119,24576,583,
s467279198,p02936,u693391925,1566229795,Python,Python (3.4.3),py,Time Limit Exceeded,2121,303888,588,
s465426709,p02936,u854831509,1566229791,C++,C++14 (GCC 5.4.1),cpp,Accepted,293,17908,894,
s896161226,p02936,u559266616,1566229790,C++,C++14 (GCC 5.4.1),cpp,Accepted,77,13440,945,
s351623461,p02936,u868628468,1566229748,Python,Python (3.4.3),py,Runtime Error,922,34196,432,
s303975455,p02936,u214434454,1566229739,Python,Python (3.4.3),py,Time Limit Exceeded,2124,259580,655,
s911380447,p02936,u818078165,1566229736,Python,Python (3.4.3),py,Runtime Error,2109,140896,706,
s617676460,p02936,u693391925,1566229723,Python,PyPy3 (2.4.0),py,Runtime Error,1993,155800,542,
s010666479,p02936,u226191225,1566229710,Python,PyPy3 (2.4.0),py,Wrong Answer,2110,120604,705,
s579721685,p02936,u818078165,1566229702,Python,Python (3.4.3),py,Runtime Error,2112,140924,721,
s781293834,p02936,u855087874,1566229621,C++,C++14 (GCC 5.4.1),cpp,Accepted,390,24192,900,
s856673349,p02936,u969190727,1566229604,Python,PyPy3 (2.4.0),py,Accepted,882,89088,468,
s111308565,p02936,u149362554,1566229493,Java,Java8 (OpenJDK 1.8.0),java,Wrong Answer,2133,385736,1820,
s943072748,p02936,u597622207,1566229483,Python,Python (3.4.3),py,Accepted,1351,65000,1183,
s962197433,p02936,u063404629,1566229480,C++,C++14 (GCC 5.4.1),cpp,Wrong Answer,425,43124,2563,
s252451253,p02936,u081445141,1566229477,C++,C++14 (GCC 5.4.1),cpp,Accepted,758,39168,699,
s817262021,p02936,u831873811,1566229452,C++,C++14 (GCC 5.4.1),cpp,Accepted,664,29696,750,
s053830274,p02936,u677523557,1566229433,Python,Python (3.4.3),py,Accepted,1697,284052,824,
s609907761,p02936,u868237899,1566229414,Python,Python (3.4.3),py,Wrong Answer,1315,27556,313,
s708979073,p02936,u085288971,1566229409,Kotlin,Kotlin (1.0.0),kt,Time Limit Exceeded,2111,167964,1082,
s686696465,p02936,u831873811,1566229405,C++,C++14 (GCC 5.4.1),cpp,Runtime Error,101,768,749,
s867989005,p02936,u266643907,1566229405,C++,C++14 (GCC 5.4.1),cpp,Wrong Answer,220,43008,1645,
s057694015,p02936,u063404629,1566229387,C++,C++14 (GCC 5.4.1),cpp,Compile Error,,,5752,
s396950245,p02936,u928536113,1566229384,C++,C++14 (GCC 5.4.1),cpp,Accepted,295,25856,646,
s636139087,p02936,u597622207,1566229347,Python,Python (3.4.3),py,Wrong Answer,1791,70184,1196,
s588848477,p02936,u406407674,1566229347,Nim,Nim (0.13.0),nim,Accepted,485,50920,1790,
s233279471,p02936,u149362554,1566229263,Java,Java8 (OpenJDK 1.8.0),java,Wrong Answer,2110,249544,1824,
s390985810,p02936,u898167769,1566229261,C++,C++14 (GCC 5.4.1),cpp,Accepted,132,27392,2385,
s576464956,p02936,u597622207,1566229253,Python,Python (3.4.3),py,Wrong Answer,1796,74592,1244,
s394314715,p02936,u597622207,1566229197,Python,Python (3.4.3),py,Runtime Error,17,2940,1244,
s145761127,p02936,u882620594,1566229187,C++,C++14 (GCC 5.4.1),cpp,Accepted,148,16372,996,
s575457292,p02936,u480831358,1566229185,C++,C++14 (GCC 5.4.1),cpp,Accepted,141,18804,1224,
s402651550,p02936,u910756197,1566229098,C++,C++14 (Clang 3.8.0),cpp,Accepted,716,21120,951,
s266722331,p02936,u745250049,1566229048,C++,C++14 (GCC 5.4.1),cpp,Wrong Answer,118,21120,1560,
s212095435,p02936,u745250049,1566229005,C++,C++14 (GCC 5.4.1),cpp,Accepted,144,30592,1463,
s568395342,p02936,u939734474,1566228984,Java,Java8 (OpenJDK 1.8.0),java,Wrong Answer,2105,205900,1855,
s854561930,p02936,u647974562,1566228958,C++,C++14 (GCC 5.4.1),cpp,Accepted,405,24320,1236,
s663238768,p02936,u923279197,1566228921,Python,PyPy3 (2.4.0),py,Wrong Answer,1868,91340,482,
s723669317,p02936,u950603962,1566228920,C++,C++14 (GCC 5.4.1),cpp,Wrong Answer,424,144640,942,
s966353436,p02936,u126833093,1566228887,C++,C++14 (GCC 5.4.1),cpp,Wrong Answer,143,23808,584,
s305807586,p02936,u597622207,1566228870,Python,Python (3.4.3),py,Wrong Answer,2110,81684,1168,
s176013160,p02936,u149362554,1566228830,Java,Java8 (OpenJDK 1.8.0),java,Wrong Answer,2110,239564,1745,
s575878029,p02936,u019637926,1566228818,Python,PyPy3 (2.4.0),py,Wrong Answer,733,121292,563,
s906197312,p02936,u423624748,1566228813,C++,C++14 (GCC 5.4.1),cpp,Wrong Answer,112,24320,3583,
s458151803,p02936,u976365284,1566228803,Python,Python (3.4.3),py,Runtime Error,1609,55116,424,
s857952554,p02936,u214434454,1566228801,Python,Python (3.4.3),py,Time Limit Exceeded,2124,251748,788,
s044176564,p02936,u147049801,1566228789,C++,C++14 (GCC 5.4.1),cpp,Accepted,291,21888,1921,
s574368599,p02936,u554096168,1566228785,Python,Python (3.4.3),py,Accepted,1763,238808,562,
s847565419,p02936,u895641117,1566228708,C++,C++14 (GCC 5.4.1),cpp,Accepted,135,30592,2130,
s550266961,p02936,u349081333,1566228703,C#,C# (Mono 4.6.2.0),cs,Wrong Answer,1284,60244,1035,
s583848482,p02936,u736278528,1566228674,C++,C++14 (GCC 5.4.1),cpp,Accepted,666,23552,782,
s416564546,p02936,u855087874,1566228643,C++,C++14 (GCC 5.4.1),cpp,Wrong Answer,358,24064,843,
s536313624,p02936,u804922227,1566228633,Java,Java8 (OpenJDK 1.8.0),java,Wrong Answer,2110,200160,2084,
s433096145,p02936,u233588813,1566228631,Python,Python (3.4.3),py,Accepted,1016,75056,614,
s900803638,p02936,u818078165,1566228593,Python,Python (3.4.3),py,Runtime Error,2110,147684,745,
s324539752,p02936,u233588813,1566228541,Python,Python (3.4.3),py,Accepted,1187,75000,521,
s391339045,p02936,u962104148,1566228531,C++,C++14 (GCC 5.4.1),cpp,Accepted,303,27520,984,
s926776374,p02936,u236433947,1566228529,C++,C++14 (GCC 5.4.1),cpp,Accepted,306,15604,2049,
s651001485,p02936,u233588813,1566228487,Python,PyPy3 (2.4.0),py,Accepted,835,101452,521,
s990957518,p02936,u493750228,1566228481,C++,C++14 (GCC 5.4.1),cpp,Wrong Answer,120,21120,1442,
s786540189,p02936,u950603962,1566228464,C++,C++14 (GCC 5.4.1),cpp,Wrong Answer,407,144640,898,
s975826715,p02936,u493750228,1566228450,C++,C++14 (GCC 5.4.1),cpp,Accepted,136,24320,1516,
s733604743,p02936,u960171798,1566228376,Python,Python (3.4.3),py,Wrong Answer,1283,74100,813,
s564828846,p02936,u969617556,1566228297,C++,C++14 (GCC 5.4.1),cpp,Accepted,677,23424,823,
s867112370,p02936,u073082475,1566228290,C++,C++14 (GCC 5.4.1),cpp,Accepted,360,28416,656,
s495042373,p02936,u959822889,1566228289,C++,C++14 (GCC 5.4.1),cpp,Accepted,698,151680,5994,
s001498556,p02936,u233588813,1566228227,Python,PyPy3 (2.4.0),py,Accepted,1347,105236,615,
s022279411,p02936,u233588813,1566228183,Python,Python (3.4.3),py,Accepted,1354,75056,615,
s062189320,p02936,u764234894,1566228171,C++,C++14 (GCC 5.4.1),cpp,Accepted,138,25856,7367,
s757770429,p02936,u976365284,1566228133,Python,Python (3.4.3),py,Wrong Answer,1659,59020,394,
s931597297,p02936,u818078165,1566228076,Python,Python (3.4.3),py,Runtime Error,2111,147560,722,
s581057259,p02936,u533039576,1566228042,Python,Python (3.4.3),py,Accepted,1778,232232,542,
s976425364,p02936,u818078165,1566227990,Python,Python (3.4.3),py,Runtime Error,2108,143680,705,
s709546087,p02936,u533039576,1566227979,Python,PyPy3 (2.4.0),py,Accepted,761,117452,559,
s114477437,p02936,u826263061,1566227975,Python,PyPy3 (2.4.0),py,Wrong Answer,2110,113868,654,
s432828460,p02936,u385617244,1566227931,C++,C++14 (GCC 5.4.1),cpp,Accepted,380,21888,1665,
s598198313,p02936,u233588813,1566227924,Python,PyPy3 (2.4.0),py,Accepted,1345,105236,630,
s829455053,p02936,u081688405,1566227903,Python,Python (3.4.3),py,Time Limit Exceeded,2109,90556,1210,
s110044495,p02936,u054475353,1566227888,C++,C++14 (GCC 5.4.1),cpp,Accepted,150,21460,2591,
s625136005,p02936,u959822889,1566227883,C++,C++14 (GCC 5.4.1),cpp,Wrong Answer,659,150784,5890,
s872314276,p02936,u577127055,1566227844,C++,C++14 (GCC 5.4.1),cpp,Accepted,102,27392,998,
s546838066,p02936,u185896732,1566227842,Python,Python (3.4.3),py,Accepted,1824,268464,739,
s217973387,p02936,u804922227,1566227833,Java,Java8 (OpenJDK 1.8.0),java,Wrong Answer,2106,205736,1775,
s540364017,p02936,u774845108,1566227816,C#,C# (Mono 4.6.2.0),cs,Accepted,614,60148,2102,
s449167132,p02936,u959822889,1566227811,C++,C++14 (GCC 5.4.1),cpp,Wrong Answer,289,14848,851,
s638408268,p02936,u085288971,1566227772,Kotlin,Kotlin (1.0.0),kt,Wrong Answer,2114,164732,1554,
s269780384,p02936,u185896732,1566227718,Python,PyPy3 (2.4.0),py,Time Limit Exceeded,2154,799096,739,
s386462656,p02936,u905270643,1566227703,C++,C++14 (GCC 5.4.1),cpp,Accepted,128,16372,874,
s607408238,p02936,u233588813,1566227603,Python,Python (3.4.3),py,Accepted,1610,79540,630,
s840860795,p02936,u818078165,1566227569,Python,Python (3.4.3),py,Runtime Error,2112,147264,771,
s475364792,p02936,u144980750,1566227569,C++,C++14 (GCC 5.4.1),cpp,Accepted,306,27392,736,
s701690830,p02936,u086849314,1566227563,C++,C++14 (GCC 5.4.1),cpp,Accepted,167,21120,807,
s169019556,p02936,u604693716,1566227540,C++,C++14 (GCC 5.4.1),cpp,Accepted,308,15604,917,
s301938788,p02936,u818078165,1566227493,Python,Python (3.4.3),py,Time Limit Exceeded,2113,147568,772,
s984080065,p02936,u959822889,1566227452,C++,C++14 (GCC 5.4.1),cpp,Wrong Answer,270,6272,1099,
s356092517,p02936,u604693716,1566227444,C++,C++14 (GCC 5.4.1),cpp,Wrong Answer,313,15604,917,
s647651051,p02936,u614314290,1566227428,Python,Python (3.4.3),py,Accepted,1517,96836,1267,
s480600631,p02936,u233588813,1566227422,Python,Python (3.4.3),py,Accepted,1373,74992,630,
s781875356,p02936,u306142032,1566227395,C++,C++14 (GCC 5.4.1),cpp,Accepted,312,24320,2403,
s158950273,p02936,u610798793,1566227352,C#,C# (Mono 4.6.2.0),cs,Accepted,824,80140,14420,
s359900220,p02936,u693027786,1566227319,C++,C++14 (GCC 5.4.1),cpp,Accepted,295,25856,992,
s140010207,p02936,u474514603,1566227314,Python,Python (3.4.3),py,Runtime Error,2109,117572,2644,
s495360729,p02936,u024809932,1566227285,C++,C++14 (GCC 5.4.1),cpp,Accepted,387,26624,699,
s220569599,p02936,u959822889,1566227270,C++,C++14 (GCC 5.4.1),cpp,Wrong Answer,685,150784,5860,
s938027998,p02936,u844005364,1566227196,C++,C++14 (GCC 5.4.1),cpp,Accepted,125,16372,995,
s729005262,p02936,u920299620,1566227176,C++,C++14 (GCC 5.4.1),cpp,Accepted,325,22656,1826,
s446999271,p02936,u077291787,1566227165,Python,Python (3.4.3),py,Accepted,1512,265728,813,
s055853560,p02936,u976365284,1566227153,Python,Python (3.4.3),py,Runtime Error,2106,50556,426,
s232895227,p02936,u233588813,1566227152,Python,Python (3.4.3),py,Accepted,1476,75072,602,
s347180143,p02936,u559765551,1566227137,C++,C++14 (GCC 5.4.1),cpp,Accepted,383,31872,837,
s354644129,p02936,u185896732,1566227120,Python,PyPy3 (2.4.0),py,Time Limit Exceeded,2152,773752,733,
s650811034,p02936,u614314290,1566227101,Python,Python (3.4.3),py,Accepted,1635,93496,1264,
s387689505,p02936,u559765551,1566227098,C++,C++14 (GCC 5.4.1),cpp,Wrong Answer,354,31872,814,
s191260422,p02936,u379804877,1566227078,Python,PyPy3 (2.4.0),py,Runtime Error,1873,74188,405,
s966306214,p02936,u634999820,1566227078,C++,C++14 (GCC 5.4.1),cpp,Accepted,339,24320,683,
s582198643,p02936,u844005364,1566227048,C++,C++14 (GCC 5.4.1),cpp,Accepted,294,16372,941,
s990064802,p02936,u379804877,1566227042,Python,PyPy3 (2.4.0),py,Runtime Error,1677,59120,404,
s019527168,p02936,u559765551,1566227029,Python,PyPy3 (2.4.0),py,Runtime Error,1831,129996,519,
s005970907,p02936,u844005364,1566227005,C++,C++14 (GCC 5.4.1),cpp,Accepted,139,16372,991,
s546349299,p02936,u306142032,1566226986,C++,C++14 (GCC 5.4.1),cpp,Wrong Answer,301,20352,2326,
s136714939,p02936,u214434454,1566226970,Python,Python (3.4.3),py,Runtime Error,154,14072,755,
s090948964,p02936,u614314290,1566226959,Python,Python (3.4.3),py,Accepted,1458,93764,1286,
s520671136,p02936,u098220653,1566226807,C++,C++14 (GCC 5.4.1),cpp,Accepted,120,20736,1228,
s738338731,p02936,u385617244,1566226795,C++,C++14 (GCC 5.4.1),cpp,Wrong Answer,357,21120,1487,
s120224634,p02936,u214434454,1566226748,Python,Python (3.4.3),py,Runtime Error,156,14072,750,
s188912875,p02936,u379804877,1566226643,Python,PyPy3 (2.4.0),py,Wrong Answer,1854,91852,529,
s981661382,p02936,u844005364,1566226587,C++,C++14 (GCC 5.4.1),cpp,Accepted,353,16372,1347,
s599820714,p02936,u449473917,1566226560,Python,Python (3.4.3),py,Wrong Answer,1319,36896,571,
s290539950,p02936,u614314290,1566226555,Python,Python (3.4.3),py,Time Limit Exceeded,2120,234656,672,
s358459712,p02936,u449473917,1566226525,Python,Python (3.4.3),py,Wrong Answer,2105,81876,582,
s124368684,p02936,u408372746,1566226447,C++,C++14 (GCC 5.4.1),cpp,Wrong Answer,295,14080,547,
s797148278,p02936,u118477733,1566226430,Kotlin,Kotlin (1.0.0),kt,Wrong Answer,781,115476,706,
s181394855,p02936,u853900857,1566226428,C#,C# (Mono 4.6.2.0),cs,Accepted,698,68228,2762,
s077465909,p02936,u638057737,1566226361,Python,Python (3.4.3),py,Accepted,1834,57700,728,
s484269702,p02936,u471828790,1566226359,Python,Python (3.4.3),py,Wrong Answer,1711,89712,577,
s618629469,p02936,u278868910,1566226348,C++,C++14 (GCC 5.4.1),cpp,Accepted,462,42752,4109,
s619039311,p02936,u058297300,1566226339,C++,C++14 (GCC 5.4.1),cpp,Wrong Answer,299,28672,1576,
s613321514,p02936,u338929851,1566226251,Python,Python (3.4.3),py,Runtime Error,150,12508,899,
s514700731,p02936,u614314290,1566226169,Python,Python (3.4.3),py,Accepted,1602,92104,1263,
s669804632,p02936,u214434454,1566226135,Python,Python (3.4.3),py,Runtime Error,153,14072,750,
s090820668,p02936,u426397594,1566226075,C++,C++14 (GCC 5.4.1),cpp,Wrong Answer,153,19060,2011,
s890269970,p02936,u638057737,1566226068,Python,Python (3.4.3),py,Time Limit Exceeded,2096,54508,759,
s782096884,p02936,u214434454,1566226062,Python,Python (3.4.3),py,Runtime Error,158,14072,749,
s372414592,p02936,u844005364,1566226004,C++,C++14 (GCC 5.4.1),cpp,Wrong Answer,2104,15744,1337,
s358638520,p02936,u426397594,1566225991,C++,C++14 (GCC 5.4.1),cpp,Compile Error,,,2015,
s407790921,p02936,u301397468,1566225990,C++,C++14 (GCC 5.4.1),cpp,Wrong Answer,277,16752,653,
s865290947,p02936,u655048024,1566225983,Python,Python (3.4.3),py,Runtime Error,1549,44756,279,
s153554721,p02936,u426108351,1566225971,Python,PyPy3 (2.4.0),py,Wrong Answer,706,119240,464,
s086256360,p02936,u844005364,1566225966,C++,C++14 (GCC 5.4.1),cpp,Wrong Answer,2104,15744,1330,
s260032936,p02936,u426397594,1566225935,C++,C++14 (GCC 5.4.1),cpp,Compile Error,,,2015,
s080955660,p02936,u375639135,1566225893,C++,C++14 (GCC 5.4.1),cpp,Time Limit Exceeded,2104,22528,1011,
s444718816,p02936,u608698812,1566225849,C#,C# (Mono 4.6.2.0),cs,Wrong Answer,527,37476,4757,
s977258540,p02936,u379804877,1566225847,Python,PyPy3 (2.4.0),py,Wrong Answer,1860,91852,519,
s007872403,p02936,u655048024,1566225819,Python,Python (3.4.3),py,Runtime Error,1690,44756,275,
s848519366,p02936,u614314290,1566225809,Python,Python (3.4.3),py,Accepted,1575,92616,1241,
s016830262,p02936,u426108351,1566225775,Python,Python (3.4.3),py,Wrong Answer,884,59812,464,
s316320894,p02936,u375639135,1566225773,C++,C++14 (GCC 5.4.1),cpp,Accepted,384,24320,1060,
s459750631,p02936,u614314290,1566225763,Python,Python (3.4.3),py,Wrong Answer,1495,81468,1217,
s456406335,p02936,u134381136,1566225714,C#,C# (Mono 4.6.2.0),cs,Wrong Answer,697,59048,2676,
s088677647,p02936,u734519000,1566225706,C++,C++14 (GCC 5.4.1),cpp,Accepted,307,16372,927,
s960811199,p02936,u941028483,1566225702,Scala,Scala (2.11.7),scala,Wrong Answer,2111,122120,961,
s966882505,p02936,u638057737,1566225681,Python,Python (3.4.3),py,Wrong Answer,1986,54552,773,
s148355486,p02936,u324303263,1566225678,C++,C++14 (GCC 5.4.1),cpp,Accepted,128,16372,2388,
s223496299,p02936,u077025302,1566225619,C++,C++14 (GCC 5.4.1),cpp,Accepted,159,28288,1865,
s772654320,p02936,u233588813,1566225594,Python,Python (3.4.3),py,Time Limit Exceeded,2108,77492,544,
s702067743,p02936,u991846372,1566225587,C++,C++14 (GCC 5.4.1),cpp,Wrong Answer,2105,23680,555,
s176159853,p02936,u426108351,1566225557,Python,Python (3.4.3),py,Accepted,1012,67780,583,
s226827600,p02936,u426397594,1566225551,C++,C++14 (GCC 5.4.1),cpp,Accepted,597,20212,1998,
s520949919,p02936,u324303263,1566225544,C++,C++14 (GCC 5.4.1),cpp,Wrong Answer,111,14976,2216,
s945112385,p02936,u426108351,1566225535,Python,PyPy3 (2.4.0),py,Accepted,750,121928,583,
s796468841,p02936,u844005364,1566225528,C++,C++14 (GCC 5.4.1),cpp,Wrong Answer,2104,14848,908,
s732894772,p02936,u459798349,1566225510,Python,PyPy3 (2.4.0),py,Wrong Answer,2127,377776,564,
s766105938,p02936,u033620890,1566225507,C++,C++14 (GCC 5.4.1),cpp,Accepted,291,28160,1257,
s939041010,p02936,u375639135,1566225432,C++,C++14 (GCC 5.4.1),cpp,Runtime Error,104,3328,1060,
s490082789,p02936,u132284673,1566225414,C++,C++14 (GCC 5.4.1),cpp,Accepted,655,23424,832,
s346952513,p02936,u426108351,1566225395,Python,PyPy3 (2.4.0),py,Time Limit Exceeded,2114,314184,479,
s952925474,p02936,u426397594,1566225385,C++,C++14 (GCC 5.4.1),cpp,Accepted,300,20212,1996,
s374688679,p02936,u426108351,1566225362,Python,Python (3.4.3),py,Time Limit Exceeded,2109,95632,479,
s596037764,p02936,u077337864,1566225349,Python,Python (3.4.3),py,Accepted,1650,245228,550,
s642705580,p02936,u379804877,1566225341,Python,PyPy3 (2.4.0),py,Wrong Answer,1794,124876,489,
s549977312,p02936,u459798349,1566225332,Python,PyPy3 (2.4.0),py,Time Limit Exceeded,2118,235312,633,
s233295100,p02936,u352824706,1566225292,C++,C++14 (GCC 5.4.1),cpp,Wrong Answer,247,4736,451,
s747816618,p02936,u233588813,1566225228,Python,Python (3.4.3),py,Accepted,1762,79548,565,
s837878554,p02936,u941028483,1566225200,Scala,Scala (2.11.7),scala,Wrong Answer,2111,121640,902,
s905868967,p02936,u426108351,1566225139,Python,Python (3.4.3),py,Time Limit Exceeded,2107,67728,629,
s958266619,p02936,u233588813,1566225130,Python,Python (3.4.3),py,Accepted,1903,79580,497,
s416146509,p02936,u459798349,1566225100,Python,Python (3.4.3),py,Wrong Answer,2109,226984,563,
s020619783,p02936,u426108351,1566225054,Python,PyPy3 (2.4.0),py,Time Limit Exceeded,2114,127432,603,
s193856456,p02936,u991846372,1566225047,C++,C++14 (GCC 5.4.1),cpp,Runtime Error,2104,23680,555,
s322269917,p02936,u077337864,1566225021,Python,PyPy3 (2.4.0),py,Time Limit Exceeded,2153,820984,550,
s221131620,p02936,u326609687,1566224999,Python,Python (3.4.3),py,Runtime Error,156,12744,207325,
s786596449,p02936,u969850098,1566224994,Python,Python (3.4.3),py,Runtime Error,937,26996,400,
s547387171,p02936,u233588813,1566224994,Python,Python (3.4.3),py,Time Limit Exceeded,2108,114040,520,
s695172550,p02936,u081445141,1566224965,C++,C++14 (GCC 5.4.1),cpp,Wrong Answer,557,4848,524,
s542351890,p02936,u375639135,1566224921,C++,C++14 (GCC 5.4.1),cpp,Runtime Error,99,3328,1020,
s964899644,p02936,u474514603,1566224903,Python,Python (3.4.3),py,Wrong Answer,2111,117600,2367,
s282122183,p02936,u143509139,1566224821,Python,Python (3.4.3),py,Accepted,1663,66848,450,
s410452720,p02936,u310690147,1566224782,C++,C++14 (GCC 5.4.1),cpp,Wrong Answer,354,23424,469,
s530345289,p02936,u820628270,1566224766,C++,C++14 (GCC 5.4.1),cpp,Accepted,130,24320,571,
s732841164,p02936,u894555185,1566224765,C++,C++14 (GCC 5.4.1),cpp,Accepted,694,23424,736,
s457381648,p02936,u620084012,1566224638,Python,Python (3.4.3),py,Wrong Answer,1362,262048,690,
s357659382,p02936,u894555185,1566224584,C++,C++14 (GCC 5.4.1),cpp,Runtime Error,575,274932,736,
s210974784,p02936,u352248517,1566224581,C++,C++14 (GCC 5.4.1),cpp,Accepted,300,29312,788,
s143902540,p02936,u394482932,1566224569,C++,C++14 (GCC 5.4.1),cpp,Accepted,297,16372,1805,
s497858799,p02936,u665871498,1566224565,C++,C++14 (GCC 5.4.1),cpp,Accepted,648,23552,606,
s454386841,p02936,u824237520,1566224541,Python,PyPy3 (2.4.0),py,Time Limit Exceeded,2114,170348,514,
s063365071,p02936,u969850098,1566224474,Python,Python (3.4.3),py,Runtime Error,910,22704,402,
s041831015,p02936,u233588813,1566224471,Python,Python (3.4.3),py,Time Limit Exceeded,2111,111888,471,
s069956046,p02936,u712822150,1566224422,Go,Go (1.6),go,Accepted,1063,30976,1014,
s190865814,p02936,u753615299,1566224344,C++,C++14 (GCC 5.4.1),cpp,Accepted,326,25856,834,
s499052911,p02936,u233588813,1566224309,Python,Python (3.4.3),py,Time Limit Exceeded,2113,157592,507,
s211492893,p02936,u969850098,1566224222,Python,Python (3.4.3),py,Runtime Error,889,22704,386,
s446809795,p02936,u623954643,1566224192,C++,C++14 (GCC 5.4.1),cpp,Accepted,315,33664,687,
s095871554,p02936,u366959492,1566224105,Python,PyPy3 (2.4.0),py,Accepted,773,93004,497,
s483859254,p02936,u408927978,1566224105,C++,C++14 (GCC 5.4.1),cpp,Accepted,205,42512,11718,
s722296698,p02936,u780122303,1566224084,C++,C++14 (GCC 5.4.1),cpp,Accepted,305,18032,1383,
s235681592,p02936,u319410662,1566224080,C++,C++14 (GCC 5.4.1),cpp,Accepted,320,42240,1044,
s440463480,p02936,u824237520,1566224072,Python,PyPy3 (2.4.0),py,Time Limit Exceeded,2120,292620,543,
s399315958,p02936,u809967037,1566224000,C++,C++14 (GCC 5.4.1),cpp,Accepted,410,24320,2126,
s246424912,p02936,u824237520,1566223987,Python,Python (3.4.3),py,Time Limit Exceeded,2124,347528,543,
s932496732,p02936,u185821641,1566223985,C++,C++14 (GCC 5.4.1),cpp,Runtime Error,98,896,768,
s752285329,p02936,u866879589,1566223976,C++,C++14 (GCC 5.4.1),cpp,Accepted,437,31488,2565,
s094147727,p02936,u824237520,1566223948,Python,Python (3.4.3),py,Runtime Error,2113,184652,500,
s290609243,p02936,u577853041,1566223911,Python,Python (3.4.3),py,Runtime Error,2108,77332,1537,
s106097378,p02936,u517851140,1566223901,Java,Java8 (OpenJDK 1.8.0),java,Wrong Answer,2071,229360,2509,
s182445475,p02936,u118477733,1566223886,Kotlin,Kotlin (1.0.0),kt,Time Limit Exceeded,2111,161812,1320,
s767209035,p02936,u305824645,1566223853,C++,C++14 (GCC 5.4.1),cpp,Accepted,173,24320,768,
s616144849,p02936,u577853041,1566223837,Python,Python (3.4.3),py,Runtime Error,2107,53208,1565,
s768964703,p02936,u515627603,1566223823,C++,C++14 (GCC 5.4.1),cpp,Accepted,137,24320,509,
s606298383,p02936,u025688159,1566223773,C#,C# (Mono 4.6.2.0),cs,Wrong Answer,1326,92932,4360,
s281715945,p02936,u366959492,1566223731,Python,PyPy3 (2.4.0),py,Wrong Answer,2161,959928,368,
s428369251,p02936,u185821641,1566223703,C++,C++14 (GCC 5.4.1),cpp,Runtime Error,98,768,756,
s678660825,p02936,u190234543,1566223688,C++,C++14 (GCC 5.4.1),cpp,Accepted,158,33664,2435,
s318497141,p02936,u203927510,1566223648,C++,C++14 (GCC 5.4.1),cpp,Accepted,292,16372,732,
s392286724,p02936,u763881112,1566223643,C++,C++14 (GCC 5.4.1),cpp,Runtime Error,501,279652,1741,
s944337363,p02936,u353610238,1566223641,C#,C# (Mono 4.6.2.0),cs,Accepted,1651,71364,3106,
s246374077,p02936,u752907799,1566223606,Java,Java8 (OpenJDK 1.8.0),java,Accepted,1221,154748,2747,
s575742732,p02936,u233588813,1566223572,Python,Python (3.4.3),py,Wrong Answer,1939,125632,280,
s712827253,p02936,u515627603,1566223471,C++,C++14 (GCC 5.4.1),cpp,Wrong Answer,130,21120,476,
s471663487,p02936,u185821641,1566223452,C++,C++14 (GCC 5.4.1),cpp,Runtime Error,2103,5120,789,
s624687750,p02936,u303496477,1566223428,C++,C++14 (GCC 5.4.1),cpp,Accepted,150,24832,681,
s925074026,p02936,u927534107,1566223352,Python,Python (3.4.3),py,Wrong Answer,1962,66732,213,
s981382909,p02936,u874644572,1566223328,C++,C++14 (GCC 5.4.1),cpp,Accepted,182,24320,8091,
s345010606,p02936,u752907799,1566223318,Java,Java8 (OpenJDK 1.8.0),java,Accepted,1210,155180,2751,
s042765641,p02936,u118477733,1566223302,Kotlin,Kotlin (1.0.0),kt,Wrong Answer,2119,163964,1131,
s923541821,p02936,u818078165,1566223257,Python,Python (3.4.3),py,Wrong Answer,1877,131664,722,
s201299334,p02936,u546047488,1566223255,Java,Java8 (OpenJDK 1.8.0),java,Accepted,940,120104,3810,
s480533570,p02936,u706695185,1566223250,Ruby,Ruby (2.3.3),rb,Wrong Answer,725,36220,493,
s412055319,p02936,u422029490,1566223199,C++,C++14 (GCC 5.4.1),cpp,Wrong Answer,380,25856,736,
s495672673,p02936,u515627603,1566223158,C++,C++14 (GCC 5.4.1),cpp,Wrong Answer,121,21120,461,
s088352582,p02936,u545022164,1566223104,C++,C++14 (Clang 3.8.0),cpp,Accepted,755,28928,1844,
s613024124,p02936,u496854818,1566223097,C++,C++14 (GCC 5.4.1),cpp,Accepted,101,17280,712,
s208734714,p02936,u021423660,1566223045,C++,C++14 (GCC 5.4.1),cpp,Accepted,363,25600,697,
s799131508,p02936,u476421932,1566223018,C++,C++14 (GCC 5.4.1),cpp,Accepted,119,17792,823,
s675497009,p02936,u706695185,1566223008,Ruby,Ruby (2.3.3),rb,Accepted,825,37756,600,
s462821163,p02936,u137460366,1566223007,C++,C++14 (GCC 5.4.1),cpp,Accepted,102,17152,599,
s437037348,p02936,u515627603,1566222963,C++,C++14 (GCC 5.4.1),cpp,Wrong Answer,117,20352,437,
s363665031,p02936,u976817999,1566222941,Java,Java8 (OpenJDK 1.8.0),java,Wrong Answer,1864,140256,1862,
s338698849,p02936,u710190793,1566222921,Go,Go (1.6),go,Accepted,687,50176,759,
s971930891,p02936,u515627603,1566222910,C++,C++14 (GCC 5.4.1),cpp,Runtime Error,182,6520,437,
s557375160,p02936,u025688159,1566222905,C#,C# (Mono 4.6.2.0),cs,Wrong Answer,2111,67856,4828,
s767746917,p02936,u702582248,1566222874,C++,C++14 (GCC 5.4.1),cpp,Accepted,137,21888,2755,
s348425193,p02936,u675296835,1566222867,C++,C++14 (GCC 5.4.1),cpp,Accepted,302,21376,7180,
s312598297,p02936,u614314290,1566222830,Python,Python (3.4.3),py,Wrong Answer,1513,79924,1116,
s904262427,p02936,u874644572,1566222823,C++,C++14 (GCC 5.4.1),cpp,Wrong Answer,133,14848,7954,
s855257773,p02936,u608258653,1566222810,C++,C++14 (GCC 5.4.1),cpp,Accepted,288,19444,1364,
s623712027,p02936,u927534107,1566222785,Python,PyPy3 (2.4.0),py,Wrong Answer,2109,89304,213,
s228627395,p02936,u579754454,1566222782,C++,C++14 (GCC 5.4.1),cpp,Accepted,381,23424,677,
s050389162,p02936,u239493918,1566222741,C++,C++14 (GCC 5.4.1),cpp,Accepted,131,25856,5139,
s399575644,p02936,u839509562,1566222736,Rust,Rust (1.15.1),rs,Wrong Answer,382,65272,2207,
s176963660,p02936,u546047488,1566222735,Java,Java8 (OpenJDK 1.8.0),java,Accepted,844,117044,3798,
s336095824,p02936,u426108351,1566222733,Python,PyPy3 (2.4.0),py,Accepted,1250,130164,633,
s030452292,p02936,u579754454,1566222718,C++,C++14 (GCC 5.4.1),cpp,Wrong Answer,373,23424,679,
s634670022,p02936,u976817999,1566222695,Java,Java8 (OpenJDK 1.8.0),java,Wrong Answer,2090,202396,2374,
s315646163,p02936,u143509139,1566222688,Python,PyPy3 (2.4.0),py,Accepted,1821,130728,450,
s932136423,p02936,u396391104,1566222684,Python,Python (3.4.3),py,Wrong Answer,1549,112944,279,
s373687973,p02936,u352824706,1566222650,C++,C++14 (GCC 5.4.1),cpp,Wrong Answer,264,3968,445,
s529068056,p02936,u864171425,1566222643,C++,C++14 (GCC 5.4.1),cpp,Wrong Answer,105,14976,821,
s698517954,p02936,u094534482,1566222613,C++,C++14 (GCC 5.4.1),cpp,Accepted,312,31360,2158,
s565342149,p02936,u600300412,1566222600,C,C (GCC 5.4.1),c,Accepted,306,12524,2364,
s677756749,p02936,u546047488,1566222596,Java,Java8 (OpenJDK 1.8.0),java,Accepted,1132,132772,3473,
s779189366,p02936,u127844950,1566222573,C++,C++14 (GCC 5.4.1),cpp,Accepted,146,30592,3942,
s190466453,p02936,u668711082,1566222565,C++,C++14 (GCC 5.4.1),cpp,Accepted,153,30592,2580,
s580545343,p02936,u670041018,1566222537,C++,C++14 (GCC 5.4.1),cpp,Accepted,100,13440,663,
s563515914,p02936,u839509562,1566222496,Rust,Rust (1.15.1),rs,Wrong Answer,346,55772,1967,
s193716363,p02936,u575909439,1566222491,Java,Java8 (OpenJDK 1.8.0),java,Accepted,1888,232224,1181,
s742109109,p02936,u207680181,1566222475,C++,C++14 (GCC 5.4.1),cpp,Accepted,383,26752,465,
s488687103,p02936,u128456980,1566222463,C++,C++14 (GCC 5.4.1),cpp,Accepted,151,33664,1723,
s821527097,p02936,u752907799,1566222433,Java,Java8 (OpenJDK 1.8.0),java,Wrong Answer,1328,141716,2611,
s130513586,p02936,u976817999,1566222423,C++,C++14 (GCC 5.4.1),cpp,Wrong Answer,293,21484,873,
s942458871,p02936,u370447425,1566222355,C++,C++14 (GCC 5.4.1),cpp,Accepted,438,23552,1570,
s105507875,p02936,u976817999,1566222347,C++,C++14 (GCC 5.4.1),cpp,Wrong Answer,288,15212,964,
s603109270,p02936,u517851140,1566222321,Java,Java8 (OpenJDK 1.8.0),java,Wrong Answer,1818,178200,2013,
s623560682,p02936,u370447425,1566222237,C++,C++14 (GCC 5.4.1),cpp,Runtime Error,354,274932,1568,
s964252721,p02936,u764483026,1566222139,C++,C++14 (GCC 5.4.1),cpp,Accepted,104,17920,515,
s689428690,p02936,u455201979,1566222132,C++,C++14 (GCC 5.4.1),cpp,Accepted,79,23808,816,
s225692288,p02936,u128456980,1566222120,C++,C++14 (GCC 5.4.1),cpp,Accepted,305,33664,1711,
s964544296,p02936,u652539064,1566222045,C++,C++14 (GCC 5.4.1),cpp,Accepted,103,17152,737,
s452085894,p02936,u990764614,1566222016,C++,C++14 (GCC 5.4.1),cpp,Accepted,301,23552,782,
s718922748,p02936,u557656621,1566221951,C,C (GCC 5.4.1),c,Wrong Answer,92,7040,736,
s605593733,p02936,u366644013,1566221913,C++,C++14 (GCC 5.4.1),cpp,Accepted,136,25856,1002,
s048871286,p02936,u638057737,1566221883,Python,Python (3.4.3),py,Wrong Answer,1829,52668,414,
s240626434,p02936,u887675488,1566221876,C++,C++14 (GCC 5.4.1),cpp,Wrong Answer,2105,23808,2322,
s059179739,p02936,u370447425,1566221867,C++,C++14 (GCC 5.4.1),cpp,Wrong Answer,416,20352,1529,
s536520330,p02936,u136378781,1566221833,C++,C++14 (GCC 5.4.1),cpp,Accepted,415,32584,1751,
s239776796,p02936,u557656621,1566221830,C,C (GCC 5.4.1),c,Wrong Answer,93,7040,735,
s012063385,p02936,u938993305,1566221721,C#,C# (Mono 4.6.2.0),cs,Accepted,1125,48380,1258,
s442172554,p02936,u976817999,1566221715,Java,Java8 (OpenJDK 1.8.0),java,Wrong Answer,2109,201700,1722,
s449055629,p02936,u807998890,1566221679,C++,C++14 (GCC 5.4.1),cpp,Accepted,343,25600,1013,
s897940777,p02936,u938993305,1566221663,C#,C# (Mono 4.6.2.0),cs,Wrong Answer,1101,43136,1225,
s442396393,p02936,u370447425,1566221655,C++,C++14 (GCC 5.4.1),cpp,Wrong Answer,413,12928,1521,
s735527331,p02936,u644070128,1566221651,C++,C++14 (GCC 5.4.1),cpp,Accepted,306,38272,6656,
s988779145,p02936,u577853041,1566221591,Python,Python (3.4.3),py,Runtime Error,18,3064,1400,
s911093089,p02936,u644070128,1566221571,C++,C++14 (GCC 5.4.1),cpp,Wrong Answer,295,38400,6603,
s646479228,p02936,u644568158,1566221518,C++,C++14 (GCC 5.4.1),cpp,Wrong Answer,566,9472,1271,
s770322356,p02936,u942230032,1566221516,C++,C++14 (GCC 5.4.1),cpp,Wrong Answer,285,14848,1745,
s433694198,p02936,u028973125,1566221462,Python,PyPy3 (2.4.0),py,Accepted,880,121544,1100,
s358619325,p02936,u259590403,1566221447,C++,C++14 (GCC 5.4.1),cpp,Wrong Answer,314,6144,935,
s461274304,p02936,u347640436,1566221442,Python,Python (3.4.3),py,Accepted,1552,62132,621,
s275959274,p02936,u171366497,1566221439,C++,C++14 (GCC 5.4.1),cpp,Accepted,156,26624,1793,
s752524912,p02936,u517851140,1566221368,Java,Java8 (OpenJDK 1.8.0),java,Wrong Answer,1738,207932,1924,
s212154308,p02936,u565795452,1566221368,C++,C++14 (GCC 5.4.1),cpp,Accepted,253,32128,913,
s332703124,p02936,u550398291,1566221330,C++,C++14 (GCC 5.4.1),cpp,Wrong Answer,115,14080,1683,
s745370643,p02936,u369508054,1566221322,C++,C++14 (GCC 5.4.1),cpp,Accepted,164,35200,1554,
s388780688,p02936,u546047488,1566221254,Java,Java8 (OpenJDK 1.8.0),java,Accepted,1171,133316,3463,
s513438812,p02936,u831161882,1566221180,C++,C++14 (GCC 5.4.1),cpp,Wrong Answer,250,9964,928,
s886386013,p02936,u832039789,1566221167,C++,C++14 (GCC 5.4.1),cpp,Accepted,705,27264,749,
s589243821,p02936,u831161882,1566221133,C++,C++14 (GCC 5.4.1),cpp,Runtime Error,297,8304,925,
s453095745,p02936,u831161882,1566221085,C++,C++14 (GCC 5.4.1),cpp,Compile Error,,,926,
s728258665,p02936,u831161882,1566221033,C++,C++14 (GCC 5.4.1),cpp,Runtime Error,300,8432,912,
s013314696,p02936,u546047488,1566220997,Java,Java8 (OpenJDK 1.8.0),java,Accepted,975,135680,4246,
s363905228,p02936,u085288971,1566220996,Kotlin,Kotlin (1.0.0),kt,Wrong Answer,1819,164760,976,
s998974921,p02936,u526630579,1566220964,C++,C++14 (GCC 5.4.1),cpp,Accepted,691,23424,2604,
s989207044,p02936,u465638326,1566220952,C++,C++14 (GCC 5.4.1),cpp,Accepted,371,25600,608,
s013812999,p02936,u085288971,1566220921,Kotlin,Kotlin (1.0.0),kt,Wrong Answer,1851,163528,1002,
s062303112,p02936,u579152247,1566220896,C++,C++14 (GCC 5.4.1),cpp,Accepted,414,23552,2580,
s442217536,p02936,u831161882,1566220882,C++,C++14 (GCC 5.4.1),cpp,Runtime Error,298,8560,913,
s458199875,p02936,u911147723,1566220874,C++,C++14 (GCC 5.4.1),cpp,Accepted,362,24448,782,
s625508028,p02936,u831161882,1566220850,C++,C++14 (GCC 5.4.1),cpp,Compile Error,,,912,
s492004078,p02936,u993640894,1566220846,C++,C++14 (GCC 5.4.1),cpp,Accepted,132,24064,1323,
s601567916,p02936,u546047488,1566220824,Java,Java8 (OpenJDK 1.8.0),java,Accepted,1877,223324,2314,
s808314561,p02936,u546047488,1566220769,Java,Java8 (OpenJDK 1.8.0),java,Accepted,1434,209288,2238,
s320515713,p02936,u831161882,1566220767,C++,C++14 (GCC 5.4.1),cpp,Runtime Error,330,2804,894,
s054633846,p02936,u831161882,1566220690,C++,C++14 (GCC 5.4.1),cpp,Runtime Error,333,2804,893,
s200269862,p02936,u887207211,1566220634,Python,Python (3.4.3),py,Accepted,1723,236936,628,
s570135354,p02936,u341957179,1566220618,C++,C++14 (GCC 5.4.1),cpp,Accepted,297,21104,997,
s937063653,p02936,u394033362,1566220617,C++,C++14 (GCC 5.4.1),cpp,Accepted,136,23552,1166,
s856574234,p02936,u887207211,1566220596,Python,Python (3.4.3),py,Wrong Answer,1067,51108,398,
s715315123,p02936,u600300412,1566220552,C,C (GCC 5.4.1),c,Wrong Answer,209,10732,2220,
s453592278,p02936,u711985352,1566220503,C++,C++14 (GCC 5.4.1),cpp,Accepted,301,24320,1150,
s108626486,p02936,u832039789,1566220360,C++,C++14 (GCC 5.4.1),cpp,Wrong Answer,661,22656,683,
s644115907,p02936,u656572785,1566220358,C++,C++14 (GCC 5.4.1),cpp,Accepted,138,35200,868,
s285770380,p02936,u374416262,1566220307,C++,C++14 (GCC 5.4.1),cpp,Accepted,404,27904,610,
s737822133,p02936,u876335718,1566220221,C++,C++14 (GCC 5.4.1),cpp,Accepted,168,55936,1653,
s877761137,p02936,u632423548,1566220180,Python,PyPy3 (2.4.0),py,Runtime Error,2111,125036,573,
s357292334,p02936,u228295160,1566220163,C++,C++14 (GCC 5.4.1),cpp,Accepted,619,36736,2706,
s929004966,p02936,u540877546,1566220147,C++,C++14 (GCC 5.4.1),cpp,Wrong Answer,295,14080,856,
s402256063,p02936,u740054550,1566219931,C#,C# (Mono 4.6.2.0),cs,Wrong Answer,1144,41588,3856,
s931409737,p02936,u632423548,1566219929,Python,PyPy3 (2.4.0),py,Runtime Error,186,38384,700,
s560735050,p02936,u580402951,1566219907,C++,C++14 (GCC 5.4.1),cpp,Accepted,338,17140,841,
s175984712,p02936,u887675488,1566219817,C++,C++14 (GCC 5.4.1),cpp,Wrong Answer,113,14848,2148,
s832919920,p02936,u740054550,1566219771,C#,C# (Mono 4.6.2.0),cs,Wrong Answer,1087,40956,3841,
s749710520,p02936,u887675488,1566219665,C++,C++14 (GCC 5.4.1),cpp,Wrong Answer,341,52224,2424,
s267881134,p02936,u887675488,1566219608,C++,C++14 (GCC 5.4.1),cpp,Wrong Answer,114,14848,2045,
s011369129,p02936,u553623615,1566219537,C++,C++14 (GCC 5.4.1),cpp,Accepted,167,32128,896,
s626735433,p02936,u724317441,1566219511,C#,C# (Mono 4.6.2.0),cs,Accepted,754,104252,4236,
s158640802,p02936,u033620890,1566219503,C++,C++14 (GCC 5.4.1),cpp,Wrong Answer,294,27776,1075,
s093039045,p02936,u218842729,1566219502,C++,C++14 (GCC 5.4.1),cpp,Accepted,134,30592,1135,
s271055257,p02936,u284539389,1566219405,C++,C++14 (GCC 5.4.1),cpp,Accepted,134,24320,663,
s559651509,p02936,u118797367,1566219370,C++,C++14 (GCC 5.4.1),cpp,Accepted,290,15604,805,
s767018652,p02936,u134519179,1566219314,C++,C++14 (GCC 5.4.1),cpp,Accepted,130,24576,924,
s028168114,p02936,u134519179,1566219275,C++,C++14 (GCC 5.4.1),cpp,Wrong Answer,115,24576,893,
s030168467,p02936,u228295160,1566219112,C++,C++14 (GCC 5.4.1),cpp,Wrong Answer,586,37396,2681,
s731878199,p02936,u822169805,1566218915,C++,C++14 (GCC 5.4.1),cpp,Accepted,298,32128,959,
s924166932,p02936,u898749314,1566218902,C++,C++14 (GCC 5.4.1),cpp,Accepted,138,37632,1565,
s972381556,p02936,u753615299,1566218884,C++,C++14 (GCC 5.4.1),cpp,Wrong Answer,317,40236,896,
s936515343,p02936,u028973125,1566218821,Python,PyPy3 (2.4.0),py,Accepted,815,121796,1039,
s475295624,p02936,u913008467,1566218808,C++,C++14 (GCC 5.4.1),cpp,Accepted,368,21120,2152,
s756625787,p02936,u028973125,1566218482,Python,PyPy3 (2.4.0),py,Accepted,1891,129392,834,
s832043858,p02936,u558720836,1566218460,C++,C++14 (GCC 5.4.1),cpp,Accepted,369,24320,1084,
s535600987,p02936,u670180528,1566218433,Python,Python (3.4.3),py,Accepted,1711,63596,480,
s390421464,p02936,u085288971,1566218340,Kotlin,Kotlin (1.0.0),kt,Wrong Answer,1113,150512,725,
s753451643,p02936,u688789047,1566218287,C#,C# (Mono 4.6.2.0),cs,Accepted,720,54188,1484,
s699063674,p02936,u314232289,1566218236,Haskell,Haskell (GHC 7.10.3),hs,Runtime Error,1096,193148,1874,
s508338220,p02936,u028973125,1566218227,Python,PyPy3 (2.4.0),py,Accepted,1983,120012,1329,
s821612002,p02936,u077291787,1566218224,Python,Python (3.4.3),py,Accepted,1504,265748,762,
s701102295,p02936,u077291787,1566218173,Python,PyPy3 (2.4.0),py,Time Limit Exceeded,2143,648680,762,
s406913428,p02936,u517851140,1566218160,Java,Java8 (OpenJDK 1.8.0),java,Runtime Error,1668,179720,1775,
s166483214,p02936,u578850957,1566218131,Python,Python (3.4.3),py,Runtime Error,1982,100876,524,
s190898018,p02936,u028973125,1566218076,Python,PyPy3 (2.4.0),py,Accepted,789,121416,808,
s944857657,p02936,u578850957,1566218024,Python,Python (3.4.3),py,Runtime Error,1934,100972,510,
s710572809,p02936,u347640436,1566217976,Go,Go (1.6),go,Accepted,274,33408,1483,
s575519503,p02936,u578850957,1566217898,Python,Python (3.4.3),py,Accepted,1664,268424,655,
s685039582,p02936,u427756349,1566217849,C++,C++14 (GCC 5.4.1),cpp,Accepted,139,24320,1581,
s305691917,p02936,u578850957,1566217833,Python,Python (3.4.3),py,Runtime Error,870,48000,692,
s800109408,p02936,u014967455,1566217738,C++,C++14 (GCC 5.4.1),cpp,Accepted,639,23552,849,
s364522241,p02936,u427756349,1566217727,C++,C++14 (GCC 5.4.1),cpp,Accepted,132,24320,1605,
s652801571,p02936,u578850957,1566217703,Python,Python (3.4.3),py,Runtime Error,805,48636,707,
s620764325,p02936,u600402037,1566217679,Python,PyPy3 (2.4.0),py,Time Limit Exceeded,2155,828268,560,
s068567846,p02936,u670180528,1566217646,Python,Python (3.4.3),py,Accepted,1814,63596,484,
s588069849,p02936,u578850957,1566217479,Python,Python (3.4.3),py,Runtime Error,1909,100972,507,
s739063516,p02936,u439947047,1566217397,Java,Java8 (OpenJDK 1.8.0),java,Time Limit Exceeded,2109,217536,1106,
s742259613,p02936,u709304134,1566217379,C++,C++14 (GCC 5.4.1),cpp,Wrong Answer,2104,21376,731,
s302087639,p02936,u517851140,1566217351,Java,Java8 (OpenJDK 1.8.0),java,Runtime Error,1703,191916,1768,
s827782904,p02936,u823582819,1566217347,C++,C++14 (GCC 5.4.1),cpp,Wrong Answer,279,14080,709,
s115155193,p02936,u823582819,1566217306,C++,C++14 (Clang 3.8.0),cpp,Compile Error,,,709,
s398336327,p02936,u823582819,1566217223,C++,C++ (GCC 5.4.1),cpp,Compile Error,,,709,
s574791158,p02936,u024469792,1566217207,C++,C++14 (GCC 5.4.1),cpp,Accepted,408,49408,1011,
s368049656,p02936,u014967455,1566217194,C++,C++14 (GCC 5.4.1),cpp,Wrong Answer,2104,18304,755,
s171353297,p02936,u517851140,1566217165,Java,Java8 (OpenJDK 1.8.0),java,Runtime Error,1605,193388,1672,
s318443512,p02936,u187516587,1566217138,Python,Python (3.4.3),py,Runtime Error,1765,56212,272,
s224141481,p02936,u187516587,1566217100,Python,Python (3.4.3),py,Runtime Error,1753,56212,272,
s549896048,p02936,u419307948,1566217051,C++,C++14 (GCC 5.4.1),cpp,Accepted,143,21232,773,
s439587440,p02936,u700923200,1566217024,Ruby,Ruby (2.3.3),rb,Wrong Answer,1805,122148,596,
s396265344,p02936,u540491484,1566217001,C++,C++14 (GCC 5.4.1),cpp,Accepted,301,29696,1107,
s447395615,p02936,u014967455,1566216999,C++,C++14 (GCC 5.4.1),cpp,Runtime Error,259,6136,755,
s116092765,p02936,u600402037,1566216999,Python,Python (3.4.3),py,Accepted,1752,285812,560,
s580516325,p02936,u717463970,1566216953,C++,C++14 (GCC 5.4.1),cpp,Accepted,302,29696,816,
s011524455,p02936,u600402037,1566216935,Python,Python (3.4.3),py,Runtime Error,1392,121900,529,
s018831614,p02936,u419307948,1566216900,C++,C++14 (GCC 5.4.1),cpp,Accepted,138,21232,787,
s229927940,p02936,u823582819,1566216810,Python,Python (3.4.3),py,Wrong Answer,2108,80688,666,
s272591756,p02936,u600402037,1566216754,Python,Python (3.4.3),py,Accepted,1980,285812,560,
s972018839,p02936,u419307948,1566216752,C++,C++14 (GCC 5.4.1),cpp,Runtime Error,98,4864,773,
s265284265,p02936,u717463970,1566216701,C++,C++14 (GCC 5.4.1),cpp,Accepted,369,23424,746,
s511635215,p02936,u024469792,1566216675,C++,C++14 (GCC 5.4.1),cpp,Accepted,395,32256,957,
s672286122,p02936,u419307948,1566216640,C++,C++14 (GCC 5.4.1),cpp,Accepted,290,21360,754,
s702513551,p02936,u600402037,1566216632,Python,Python (3.4.3),py,Runtime Error,18,3064,533,
s881971314,p02936,u600402037,1566216599,Python,Python (3.4.3),py,Runtime Error,17,3064,517,
s914908502,p02936,u578850957,1566216545,Python,Python (3.4.3),py,Runtime Error,1973,110656,495,
s645557094,p02936,u448147261,1566216538,C++,C++14 (GCC 5.4.1),cpp,Accepted,127,25856,1190,
s746266755,p02936,u600402037,1566216508,Python,Python (3.4.3),py,Accepted,1678,285828,643,
s736637933,p02936,u717463970,1566216427,C++,C++14 (GCC 5.4.1),cpp,Time Limit Exceeded,2210,1488532,809,
s320211481,p02936,u600402037,1566216359,Python,Python (3.4.3),py,Time Limit Exceeded,2086,296032,642,
s012222042,p02936,u632353278,1566216316,C++,C++14 (GCC 5.4.1),cpp,Accepted,376,24320,1265,
s022283750,p02936,u600402037,1566216232,Python,Python (3.4.3),py,Runtime Error,1696,134568,613,
s896262492,p02936,u300866293,1566216130,C++,C++14 (GCC 5.4.1),cpp,Wrong Answer,277,15616,5028,
s655799078,p02936,u300866293,1566215909,C++,C++14 (GCC 5.4.1),cpp,Wrong Answer,298,14720,5059,
s398779559,p02936,u024469792,1566215907,C++,C++14 (GCC 5.4.1),cpp,Wrong Answer,326,22656,795,
s487196815,p02936,u717463970,1566215873,C++,C++14 (GCC 5.4.1),cpp,Accepted,366,23424,2581,
s232439797,p02936,u625046108,1566215837,Python,Python (3.4.3),py,Time Limit Exceeded,2109,106308,533,
s871281442,p02936,u717463970,1566215826,C++,C++14 (GCC 5.4.1),cpp,Time Limit Exceeded,2216,1488532,804,
s774794369,p02936,u578850957,1566215767,Python,Python (3.4.3),py,Runtime Error,1892,110656,517,
s558390059,p02936,u300866293,1566215744,C++,C++14 (GCC 5.4.1),cpp,Accepted,708,176640,4789,
s272790238,p02936,u717463970,1566215687,C++,C++14 (GCC 5.4.1),cpp,Time Limit Exceeded,2212,1542376,1046,
s493947524,p02936,u300866293,1566215568,C++,C++14 (GCC 5.4.1),cpp,Runtime Error,98,1280,4762,
s071093467,p02936,u958825287,1566215543,C++,C++14 (GCC 5.4.1),cpp,Runtime Error,2586,1908,1290,
s480265007,p02936,u878615689,1566215540,C++,C++14 (GCC 5.4.1),cpp,Accepted,125,16500,2167,
s751209124,p02936,u625046108,1566215420,Python,Python (3.4.3),py,Wrong Answer,1845,107028,508,
s690419543,p02936,u593555034,1566215420,C++,C++14 (GCC 5.4.1),cpp,Accepted,594,27380,1281,
s859667672,p02936,u108540384,1566214997,C++,C++14 (GCC 5.4.1),cpp,Accepted,380,24320,847,
s793626240,p02936,u625046108,1566214823,Python,Python (3.4.3),py,Time Limit Exceeded,2068,154456,539,
s003453462,p02936,u025688159,1566214606,C#,C# (Mono 4.6.2.0),cs,Wrong Answer,1363,91908,4136,
s112602349,p02936,u625046108,1566214339,Python,Python (3.4.3),py,Wrong Answer,2017,153896,546,
s775148666,p02936,u625046108,1566214221,Python,Python (3.4.3),py,Runtime Error,1839,137640,563,
s231973787,p02936,u516483179,1566214194,Python,PyPy3 (2.4.0),py,Wrong Answer,2000,103328,326,
s446152676,p02936,u823582819,1566213956,Python,Python (3.4.3),py,Wrong Answer,2109,115276,559,
s476255432,p02936,u177907787,1566213930,C++,C++14 (GCC 5.4.1),cpp,Accepted,420,46080,800,
s428598728,p02936,u761320129,1566213861,Python,Python (3.4.3),py,Accepted,1176,116312,570,
s556797044,p02936,u136427605,1566213829,Java,Java8 (OpenJDK 1.8.0),java,Wrong Answer,1934,229064,1357,
s912892075,p02936,u761320129,1566213817,Python,PyPy3 (2.4.0),py,Accepted,915,125608,570,
s161952768,p02936,u216962796,1566213584,C++,C++14 (GCC 5.4.1),cpp,Accepted,147,25856,2353,
s860652798,p02936,u189832798,1566213576,Java,Java8 (OpenJDK 1.8.0),java,Accepted,1771,206344,1231,
s494049923,p02936,u532573979,1566213307,C++,C++14 (GCC 5.4.1),cpp,Accepted,145,21504,2697,
s510468645,p02936,u412908746,1566213304,C++,C++14 (GCC 5.4.1),cpp,Accepted,299,23552,872,
s483702395,p02936,u174273188,1566213253,Python,PyPy3 (2.4.0),py,Runtime Error,2111,117464,496,
s076594718,p02936,u823582819,1566213175,Python,Python (3.4.3),py,Wrong Answer,2108,82744,576,
s338180181,p02936,u831294922,1566213160,Python,PyPy3 (2.4.0),py,Wrong Answer,1744,64216,256,
s880430950,p02936,u625046108,1566213050,Python,Python (3.4.3),py,Wrong Answer,1991,147528,625,
s651003251,p02936,u625046108,1566212956,Python,Python (3.4.3),py,Wrong Answer,1970,145260,643,
s346576753,p02936,u325942975,1566212954,Java,Java8 (OpenJDK 1.8.0),java,Wrong Answer,2106,358592,3513,
s884494530,p02936,u625046108,1566212813,Python,Python (3.4.3),py,Wrong Answer,1924,147564,614,
s694906491,p02936,u484703930,1566212775,Fortran,Fortran (gfortran v4.8.4),f,Time Limit Exceeded,2103,4864,3695,
s666178095,p02936,u325942975,1566212553,Java,Java8 (OpenJDK 1.8.0),java,Wrong Answer,2110,346008,3828,
s743217902,p02936,u484703930,1566212489,Fortran,Fortran (gfortran v4.8.4),f,Runtime Error,2103,5340,3687,
s235661940,p02936,u313766957,1566212442,C++,C++14 (GCC 5.4.1),cpp,Accepted,367,25856,743,
s080571344,p02936,u325942975,1566212378,Java,Java8 (OpenJDK 1.8.0),java,Wrong Answer,2109,346148,3828,
s234417153,p02936,u729133443,1566212328,Python,Python (3.4.3),py,Time Limit Exceeded,2113,210748,232,
s987667805,p02936,u729133443,1566212255,Python,Python (3.4.3),py,Accepted,1909,207620,237,
s345415537,p02936,u325942975,1566212180,Java,Java8 (OpenJDK 1.8.0),java,Wrong Answer,2106,344260,3827,
s011657493,p02936,u729133443,1566212104,Python,Python (3.4.3),py,Accepted,1997,207676,276,
s330015566,p02936,u982594421,1566212006,Python,Python (3.4.3),py,Wrong Answer,1593,54256,455,
s594628277,p02936,u625046108,1566211685,Python,Python (3.4.3),py,Wrong Answer,2040,147528,559,
s639289672,p02936,u982594421,1566211550,Python,Python (3.4.3),py,Wrong Answer,2123,45216,421,
s217408430,p02936,u625046108,1566211457,Python,Python (3.4.3),py,Time Limit Exceeded,2112,132420,558,
s918887714,p02936,u326966549,1566211408,C++,C++14 (GCC 5.4.1),cpp,Accepted,298,21120,955,
s910114719,p02936,u606045429,1566211118,Python,Python (3.4.3),py,Accepted,1162,56168,559,
s779521768,p02936,u606045429,1566211079,Python,PyPy3 (2.4.0),py,Accepted,852,93972,559,
s298717008,p02936,u717463970,1566211045,C++,C++14 (GCC 5.4.1),cpp,Time Limit Exceeded,2220,1598696,1433,
s940587478,p02936,u172929647,1566211030,C++,C++14 (GCC 5.4.1),cpp,Accepted,144,33648,7060,
s411521252,p02936,u172929647,1566211005,C++,C++14 (GCC 5.4.1),cpp,Compile Error,,,14115,
s559796824,p02936,u729133443,1566210959,Python,Python (3.4.3),py,Accepted,1630,143972,238,
s859027602,p02936,u729133443,1566210735,Python,PyPy3 (2.4.0),py,Accepted,1177,180788,236,
s825762599,p02936,u606045429,1566210652,Python,PyPy3 (2.4.0),py,Accepted,877,98380,598,
s850590835,p02936,u771276542,1566210616,C++,C++14 (GCC 5.4.1),cpp,Accepted,157,30592,1142,
s340086945,p02936,u606045429,1566210602,Python,Python (3.4.3),py,Accepted,1249,63608,598,
s830957110,p02936,u729133443,1566210448,Python,Python (3.4.3),py,Time Limit Exceeded,2107,53280,237,
s219244982,p02936,u729133443,1566210235,Python,Python (3.4.3),py,Wrong Answer,2106,53296,237,
s021320429,p02936,u436832975,1566210080,C++,C++14 (GCC 5.4.1),cpp,Accepted,948,80000,1332,
s970097211,p02936,u211681714,1566209808,C++,C++14 (GCC 5.4.1),cpp,Accepted,147,33648,35090,
s896511914,p02936,u162773977,1566209619,Go,Go (1.6),go,Accepted,702,77056,1931,
s741000918,p02936,u729133443,1566209532,Python,Python (3.4.3),py,Time Limit Exceeded,2106,211644,236,
s456757158,p02936,u551373727,1566209473,C++,C++14 (GCC 5.4.1),cpp,Accepted,341,24320,973,
s692630309,p02936,u625046108,1566209456,Python,Python (3.4.3),py,Wrong Answer,1843,146036,412,
s936705472,p02936,u077291787,1566209428,Python,Python (3.4.3),py,Time Limit Exceeded,2115,265760,696,
s912710389,p02936,u551373727,1566209410,C++,C++14 (GCC 5.4.1),cpp,Wrong Answer,281,24320,946,
s899048540,p02936,u729133443,1566209392,Python,Python (3.4.3),py,Time Limit Exceeded,2116,211644,236,
s958659718,p02936,u162773977,1566209371,Lua,Lua (5.3.2),lua,Accepted,674,82912,1084,
s279986442,p02936,u077291787,1566209366,Python,Python (3.4.3),py,Accepted,1583,303312,710,
s426478178,p02936,u729133443,1566209302,Python,Python (3.4.3),py,Time Limit Exceeded,2101,211644,236,
s355693523,p02936,u982594421,1566209288,Python,Python (3.4.3),py,Wrong Answer,1572,53908,413,
s693505233,p02936,u013962767,1566209247,C++,C++14 (GCC 5.4.1),cpp,Runtime Error,0,128,1108,
s499466155,p02936,u077291787,1566209224,Python,Python (3.4.3),py,Wrong Answer,1335,265792,666,
s410892697,p02936,u506255180,1566209128,C++,C++14 (GCC 5.4.1),cpp,Accepted,365,23424,661,
s767779187,p02936,u077291787,1566209084,Python,Python (3.4.3),py,Accepted,1561,265748,723,
s099299183,p02936,u077291787,1566209008,Python,Python (3.4.3),py,Runtime Error,1016,93388,692,
s947480343,p02936,u729133443,1566209004,Python,Python (3.4.3),py,Time Limit Exceeded,2117,212028,236,
s502180494,p02936,u035131936,1566208905,C++,C++14 (GCC 5.4.1),cpp,Accepted,129,24320,1319,
s563213770,p02936,u729133443,1566208874,Python,Python (3.4.3),py,Time Limit Exceeded,2121,211904,236,
s223470581,p02936,u729133443,1566208829,Python,Python (3.4.3),py,Time Limit Exceeded,2117,211132,232,
s917389455,p02936,u845427837,1566208752,Rust,Rust (1.15.1),rs,Accepted,145,43372,3099,
s213337968,p02936,u463655976,1566208223,Go,Go (1.6),go,Wrong Answer,582,44416,4114,
s078182369,p02936,u551373727,1566208128,C++,C++14 (GCC 5.4.1),cpp,Wrong Answer,294,21120,828,
s788821285,p02936,u463655976,1566208128,Python,Python (3.4.3),py,Wrong Answer,1747,72336,482,
s766873829,p02936,u697658632,1566208077,C++,C++14 (GCC 5.4.1),cpp,Accepted,308,29824,838,
s673458378,p02936,u791593901,1566208062,C++,C++14 (GCC 5.4.1),cpp,Accepted,665,24832,1047,
s923538562,p02936,u791593901,1566207847,C++,C++14 (GCC 5.4.1),cpp,Wrong Answer,652,24064,942,
s530503243,p02936,u791593901,1566207726,C++,C++14 (GCC 5.4.1),cpp,Wrong Answer,630,23040,943,
s224424453,p02936,u463655976,1566207707,Python,Python (3.4.3),py,Runtime Error,2107,71972,443,
s749970077,p02936,u671861352,1566207612,Python,Python (3.4.3),py,Time Limit Exceeded,2109,101416,591,
s744764707,p02936,u697658632,1566207295,C++,C++14 (GCC 5.4.1),cpp,Wrong Answer,273,14080,545,
s815630474,p02936,u845427837,1566207280,Rust,Rust (1.15.1),rs,Time Limit Exceeded,2103,43256,3233,
s303914334,p02936,u845427837,1566207242,Rust,Rust (1.15.1),rs,Time Limit Exceeded,2103,43256,3224,
s072727535,p02936,u172929647,1566207226,C++,C++14 (GCC 5.4.1),cpp,Wrong Answer,161,39936,7010,
s410968490,p02936,u671861352,1566207122,Python,Python (3.4.3),py,Time Limit Exceeded,2108,105524,771,
s539419588,p02936,u347746039,1566207120,C++,C++14 (GCC 5.4.1),cpp,Wrong Answer,119,14976,1117,
s520677174,p02936,u845427837,1566207037,Rust,Rust (1.15.1),rs,Time Limit Exceeded,2103,43256,3063,
s346087471,p02936,u845427837,1566206947,Rust,Rust (1.15.1),rs,Time Limit Exceeded,2104,43256,3063,
s258527816,p02936,u347746039,1566206908,C++,C++14 (GCC 5.4.1),cpp,Compile Error,,,1102,
s177081710,p02936,u845427837,1566206885,Rust,Rust (1.15.1),rs,Time Limit Exceeded,2104,43256,3071,
s976431854,p02936,u347746039,1566206850,C++,C++14 (GCC 5.4.1),cpp,Wrong Answer,114,14976,1103,
s755584555,p02936,u172929647,1566206823,C++,C++14 (GCC 5.4.1),cpp,Wrong Answer,194,39936,7007,
s217842123,p02936,u347746039,1566206814,C++,C++14 (GCC 5.4.1),cpp,Accepted,155,32128,1409,
s772930009,p02936,u347746039,1566206721,C++,C++14 (GCC 5.4.1),cpp,Accepted,329,30464,3594,
s685182862,p02936,u729133443,1566206589,Python,Python (3.4.3),py,Accepted,1992,55736,239,
s953781272,p02936,u729133443,1566206546,Python,Python (3.4.3),py,Time Limit Exceeded,2021,55864,239,
s559350869,p02936,u161742175,1566206546,C++,C++14 (GCC 5.4.1),cpp,Accepted,139,24320,1350,
s008282778,p02936,u729133443,1566206517,Python,Python (3.4.3),py,Time Limit Exceeded,2107,55864,239,
s682922496,p02936,u729133443,1566206433,Python,Python (3.4.3),py,Time Limit Exceeded,2061,55736,239,
s014385524,p02936,u729133443,1566206345,Python,Python (3.4.3),py,Time Limit Exceeded,2107,57232,239,
s605696941,p02936,u862953056,1566206306,C++,C++14 (GCC 5.4.1),cpp,Accepted,158,21376,717,
s321918854,p02936,u845427837,1566206121,Rust,Rust (1.15.1),rs,Runtime Error,2106,2023660,3025,
s022108090,p02936,u867860100,1566206082,C++,C++14 (GCC 5.4.1),cpp,Accepted,124,23552,907,
s348378277,p02936,u514114987,1566206064,C++,C++14 (GCC 5.4.1),cpp,Accepted,143,25984,1233,
s829276933,p02936,u077291787,1566206042,Python,Python (3.4.3),py,Runtime Error,1099,109432,771,
s020593760,p02936,u671861352,1566205773,Python,Python (3.4.3),py,Time Limit Exceeded,2046,99216,664,
s448953392,p02936,u347746039,1566205736,C++,C++14 (GCC 5.4.1),cpp,Wrong Answer,102,14976,1103,
s350451758,p02936,u190616169,1566205696,C++,C++14 (GCC 5.4.1),cpp,Accepted,136,33664,1649,
s414441888,p02936,u729133443,1566205540,Python,Python (3.4.3),py,Time Limit Exceeded,2042,55736,239,
s359277124,p02936,u136869985,1566205530,C++,C++14 (GCC 5.4.1),cpp,Accepted,139,24320,915,
s468700081,p02936,u845427837,1566205443,Rust,Rust (1.15.1),rs,Wrong Answer,129,43256,2873,
s633201132,p02936,u050138914,1566205318,C++,C++14 (GCC 5.4.1),cpp,Wrong Answer,396,145464,724,
s002358696,p02936,u845427837,1566205303,Rust,Rust (1.15.1),rs,Runtime Error,128,43256,2888,
s983354121,p02936,u845427837,1566205224,Rust,Rust (1.15.1),rs,Compile Error,,,2865,
s551802045,p02936,u845427837,1566205190,Rust,Rust (1.15.1),rs,Compile Error,,,2866,
s349016833,p02936,u729133443,1566205162,Python,Python (3.4.3),py,Accepted,1125,91388,265,
s817616925,p02936,u845427837,1566205150,Rust,Rust (1.15.1),rs,Compile Error,,,2865,
s527822283,p02936,u404338281,1566205064,C++,C++14 (GCC 5.4.1),cpp,Wrong Answer,349,25856,770,
s427275004,p02936,u063404629,1566205063,C++,C++14 (GCC 5.4.1),cpp,Wrong Answer,149,30708,2436,
s867145081,p02936,u878355493,1566204988,C++,C++14 (GCC 5.4.1),cpp,Accepted,162,24192,794,
s458199781,p02936,u203033720,1566204899,C++,C++14 (GCC 5.4.1),cpp,Accepted,304,23808,22481,
s142568274,p02936,u671861352,1566204866,Python,Python (3.4.3),py,Wrong Answer,1828,88824,595,
s918323691,p02936,u404338281,1566204788,C++,C++14 (GCC 5.4.1),cpp,Wrong Answer,361,24320,745,
s204624622,p02936,u813098295,1566204712,C++,C++14 (GCC 5.4.1),cpp,Accepted,143,24832,792,
s435264256,p02936,u050138914,1566204707,C++,C++14 (GCC 5.4.1),cpp,Wrong Answer,430,141084,700,
s262529623,p02936,u063404629,1566204680,C++,C++14 (GCC 5.4.1),cpp,Wrong Answer,144,30708,2383,
s316380587,p02936,u996425102,1566204584,C++,C++14 (GCC 5.4.1),cpp,Accepted,134,21120,779,
s474505169,p02936,u708550576,1566204487,C++,C++14 (GCC 5.4.1),cpp,Accepted,315,25856,992,
s832871604,p02936,u729133443,1566204433,Python,Python (3.4.3),py,Accepted,863,94828,298,
s807678291,p02936,u063404629,1566204427,C++,C++14 (GCC 5.4.1),cpp,Accepted,131,20336,2730,
s573112984,p02936,u782219335,1566204149,C++,C++14 (GCC 5.4.1),cpp,Accepted,593,25088,908,
s426401258,p02936,u525065967,1566204104,C++,C++14 (GCC 5.4.1),cpp,Wrong Answer,289,24320,526,
s486965428,p02936,u551351897,1566203841,C++,C++14 (GCC 5.4.1),cpp,Accepted,125,19568,1552,
s481252617,p02936,u063404629,1566203823,C++,C++14 (GCC 5.4.1),cpp,Wrong Answer,148,30708,2373,
s649003531,p02936,u551351897,1566203773,C++,C++14 (GCC 5.4.1),cpp,Time Limit Exceeded,2208,1770284,1579,
s434828173,p02936,u729133443,1566203762,Python,Python (3.4.3),py,Wrong Answer,826,94828,161,
s778026319,p02936,u671861352,1566203757,Python,Python (3.4.3),py,Wrong Answer,2118,252792,517,
s255337613,p02936,u624892251,1566203748,C++,C++14 (GCC 5.4.1),cpp,Accepted,145,15604,925,
s506756786,p02936,u652057333,1566203706,Python,Python (3.4.3),py,Wrong Answer,1521,232928,587,
s299582399,p02936,u652057333,1566203627,Python,PyPy3 (2.4.0),py,Wrong Answer,2165,1013636,587,
s378497102,p02936,u551351897,1566203431,C++,C++14 (GCC 5.4.1),cpp,Wrong Answer,108,16512,1548,
s498393800,p02936,u904833081,1566203316,C++,C++14 (GCC 5.4.1),cpp,Accepted,315,30592,1153,
s946091486,p02936,u372798233,1566203270,C++,C++14 (GCC 5.4.1),cpp,Accepted,129,15732,1900,
s461988574,p02936,u904833081,1566203207,C++,C++14 (GCC 5.4.1),cpp,Wrong Answer,314,30592,1132,
s052211301,p02936,u918753189,1566203160,C++,C++14 (GCC 5.4.1),cpp,Accepted,399,24064,814,
s441887595,p02936,u904833081,1566203120,C++,C++14 (GCC 5.4.1),cpp,Wrong Answer,302,30592,978,
s189888072,p02936,u702142173,1566202849,C++,C++14 (GCC 5.4.1),cpp,Accepted,134,24320,1597,
s975031428,p02936,u702142173,1566202777,C++,C++14 (GCC 5.4.1),cpp,Accepted,145,24320,1598,
s659438404,p02936,u904833081,1566202773,C++,C++14 (GCC 5.4.1),cpp,Wrong Answer,301,29312,1164,
s407423008,p02936,u439947047,1566202713,Java,Java8 (OpenJDK 1.8.0),java,Wrong Answer,2110,191064,1022,
s791861790,p02936,u904833081,1566202440,C++,C++14 (GCC 5.4.1),cpp,Wrong Answer,287,24320,1019,
s221832222,p02936,u045575753,1566202257,C++,C++14 (GCC 5.4.1),cpp,Accepted,293,18676,837,
s889397358,p02936,u805277811,1566202176,C++,C++14 (GCC 5.4.1),cpp,Accepted,289,21232,2590,
s162980651,p02936,u805277811,1566202138,Pascal,Pascal (FPC 2.6.2),pas,Compile Error,,,2590,
s431517662,p02936,u904833081,1566201914,C++,C++14 (GCC 5.4.1),cpp,Wrong Answer,292,24320,1015,
s179107477,p02936,u347640436,1566201888,Python,Python (3.4.3),py,Wrong Answer,1204,25852,396,
s342358300,p02936,u889018366,1566201829,C++,C++14 (GCC 5.4.1),cpp,Wrong Answer,2105,18432,497,
s723522568,p02936,u805277811,1566201780,Pascal,Pascal (FPC 2.6.2),pas,Wrong Answer,127,3840,370,
s667270131,p02936,u525065967,1566201663,C++,C++14 (GCC 5.4.1),cpp,Wrong Answer,277,14848,560,
s074339529,p02936,u347640436,1566201587,Python,PyPy3 (2.4.0),py,Accepted,1773,107156,593,
s251989725,p02936,u347640436,1566201466,Python,Python (3.4.3),py,Accepted,1471,62132,593,
s422349205,p02936,u549517003,1566201448,C++,C++14 (GCC 5.4.1),cpp,Accepted,387,45696,720,
s276245889,p02936,u045575753,1566201441,C++,C++14 (GCC 5.4.1),cpp,Time Limit Exceeded,2104,14848,386,
s371521520,p02936,u785846901,1566201366,C++,C++14 (GCC 5.4.1),cpp,Accepted,268,46208,1526,
s257014818,p02936,u875291233,1566201335,Python,Python (3.4.3),py,Runtime Error,1679,288816,788,
s884987289,p02936,u434509016,1566201305,Ruby,Ruby (2.3.3),rb,Accepted,1322,66468,681,
s791430460,p02936,u805277811,1566201205,Pascal,Pascal (FPC 2.6.2),pas,Wrong Answer,146,6144,759,
s112183611,p02936,u702142173,1566201163,C++,C++14 (GCC 5.4.1),cpp,Wrong Answer,246,5504,4473,
s586577812,p02936,u702142173,1566201083,C++,C++14 (GCC 5.4.1),cpp,Wrong Answer,85,4736,1513,
s145896936,p02936,u805277811,1566201072,Pascal,Pascal (FPC 2.6.2),pas,Wrong Answer,147,5888,768,
s094665139,p02936,u812922761,1566200830,C++,C++14 (GCC 5.4.1),cpp,Accepted,127,24320,736,
s394879100,p02936,u347640436,1566200618,Python,Python (3.4.3),py,Accepted,1961,268436,619,
s588518622,p02936,u660341491,1566200611,C++,C++14 (GCC 5.4.1),cpp,Accepted,285,15732,938,
s856130962,p02936,u434509016,1566200535,Ruby,Ruby (2.3.3),rb,Wrong Answer,1138,38152,554,
s957214367,p02936,u812922761,1566200486,C++,C++14 (GCC 5.4.1),cpp,Runtime Error,197,16640,731,
s441258094,p02936,u805277811,1566200237,Pascal,Pascal (FPC 2.6.2),pas,Time Limit Exceeded,2103,3200,767,
s349873753,p02936,u805277811,1566200152,Pascal,Pascal (FPC 2.6.2),pas,Compile Error,,,767,
s225120070,p02936,u785989355,1566200102,Python,PyPy3 (2.4.0),py,Accepted,817,96532,813,
s489549063,p02936,u805277811,1566200059,Pascal,Pascal (FPC 2.6.2),pas,Compile Error,,,762,
s168331352,p02936,u347640436,1566199851,Python,Python (3.4.3),py,Accepted,1951,62224,464,
s066854936,p02936,u463697306,1566199837,C++,C++14 (GCC 5.4.1),cpp,Accepted,128,17140,1399,
s387961528,p02936,u237620737,1566199822,C++,C++14 (GCC 5.4.1),cpp,Accepted,298,24320,760,
s527005169,p02936,u456070059,1566199792,C++,C++14 (GCC 5.4.1),cpp,Accepted,152,24320,1512,
s198035912,p02936,u237620737,1566199790,C++,C++14 (GCC 5.4.1),cpp,Wrong Answer,287,24320,763,
s792358206,p02936,u278136654,1566199779,C++,C++14 (GCC 5.4.1),cpp,Wrong Answer,390,252144,1010,
s616132954,p02936,u785989355,1566199770,Python,PyPy3 (2.4.0),py,Wrong Answer,1731,90444,371,
s300771638,p02936,u034865202,1566199770,C++,C++14 (GCC 5.4.1),cpp,Accepted,136,29824,4691,
s977638707,p02936,u785989355,1566199590,Python,PyPy3 (2.4.0),py,Accepted,1853,107540,747,
s278236852,p02936,u347640436,1566199587,Python,Python (3.4.3),py,Wrong Answer,1441,52588,451,
s904812309,p02936,u237620737,1566199543,Ruby,Ruby (2.3.3),rb,Runtime Error,676,28028,389,
s193553701,p02936,u872959410,1566199491,C++,C++14 (GCC 5.4.1),cpp,Accepted,146,24448,1724,
s563734313,p02936,u785989355,1566199461,Python,PyPy3 (2.4.0),py,Accepted,1950,109132,781,
s036737194,p02936,u958848605,1566199332,C++,C++14 (GCC 5.4.1),cpp,Accepted,306,38264,3037,
s445977134,p02936,u660341491,1566199186,C++,C++14 (GCC 5.4.1),cpp,Wrong Answer,268,13312,1013,
s914094212,p02936,u774160580,1566198951,C++,C++14 (GCC 5.4.1),cpp,Wrong Answer,2104,12288,888,
s303406000,p02936,u235027735,1566198927,C++,C++14 (GCC 5.4.1),cpp,Wrong Answer,2226,2013824,935,
s651336279,p02936,u352600849,1566198895,Lisp,Common Lisp (SBCL 1.1.14),l,Accepted,290,56504,4315,
s553724844,p02936,u235027735,1566198812,C++,C++14 (GCC 5.4.1),cpp,Runtime Error,3182,1780,930,
s891922898,p02936,u237620737,1566198492,C++,C++14 (GCC 5.4.1),cpp,Accepted,312,24320,760,
s314728739,p02936,u434509016,1566198449,Ruby,Ruby (2.3.3),rb,Wrong Answer,1060,38280,559,
s881160339,p02936,u118211443,1566198448,Python,Python (3.4.3),py,Wrong Answer,1298,25852,339,
s382673893,p02936,u412481017,1566198442,Python,Python (3.4.3),py,Wrong Answer,17,3064,673,
s155525883,p02936,u434509016,1566198305,Ruby,Ruby (2.3.3),rb,Wrong Answer,1029,38152,522,
s578458977,p02936,u490084374,1566198182,Python,Python (3.4.3),py,Wrong Answer,1925,74340,521,
s811746433,p02936,u807772568,1566198127,Python,PyPy3 (2.4.0),py,Wrong Answer,1958,134880,1532,
s883871854,p02936,u490084374,1566198100,Python,Python (3.4.3),py,Runtime Error,1676,58692,360,
s254212330,p02936,u725792883,1566197957,C++,C++14 (GCC 5.4.1),cpp,Accepted,175,24320,2004,
s025562360,p02936,u607741489,1566197937,C++,C++14 (GCC 5.4.1),cpp,Wrong Answer,248,5504,3361,
s245596741,p02936,u434509016,1566197936,Ruby,Ruby (2.3.3),rb,Wrong Answer,1018,39944,331,
s205927509,p02936,u026424523,1566197913,C++,C++14 (GCC 5.4.1),cpp,Wrong Answer,249,3968,583,
s409174166,p02936,u317711717,1566197685,C++,C++14 (GCC 5.4.1),cpp,Accepted,145,21104,1053,
s431360479,p02936,u048791623,1566197633,C++,C++14 (GCC 5.4.1),cpp,Accepted,339,54528,1958,
s006843731,p02936,u359313068,1566197543,C++,C++14 (GCC 5.4.1),cpp,Accepted,370,30464,577,
s873006238,p02936,u040067762,1566197495,Python,PyPy3 (2.4.0),py,Wrong Answer,1966,130060,438,
s738536923,p02936,u423779789,1566197495,C++,C++14 (GCC 5.4.1),cpp,Accepted,126,16372,1267,
s846133830,p02936,u347640436,1566197397,Python,Python (3.4.3),py,Wrong Answer,2132,461360,643,
s066522491,p02936,u394853232,1566197388,C++,C++14 (GCC 5.4.1),cpp,Accepted,143,15604,7336,
s703121171,p02936,u725792883,1566197339,C++,C++14 (GCC 5.4.1),cpp,Wrong Answer,284,44544,1907,
s810180295,p02936,u394853232,1566197302,C++,C++14 (GCC 5.4.1),cpp,Time Limit Exceeded,2177,1181344,7319,
s016903994,p02936,u607741489,1566197285,C++,C++14 (GCC 5.4.1),cpp,Wrong Answer,2104,5376,3353,
s886090113,p02936,u951672936,1566197128,Java,Java8 (OpenJDK 1.8.0),java,Time Limit Exceeded,2110,240168,11707,
s943138091,p02936,u725792883,1566197051,C++,C++14 (GCC 5.4.1),cpp,Wrong Answer,124,21120,1886,
s474786191,p02936,u981273896,1566197048,C++,C++14 (GCC 5.4.1),cpp,Accepted,384,24064,588,
s530846589,p02936,u981273896,1566196981,C++,C++14 (GCC 5.4.1),cpp,Wrong Answer,325,5504,468,
s362158616,p02936,u981273896,1566196936,C++,C++14 (GCC 5.4.1),cpp,Wrong Answer,316,7296,477,
s200118895,p02936,u981273896,1566196901,C++,C++14 (GCC 5.4.1),cpp,Wrong Answer,247,7296,457,
s689085203,p02936,u305366205,1566196843,Python,Python (3.4.3),py,Accepted,1572,268432,783,
s135331454,p02936,u981273896,1566196795,C++,C++14 (GCC 5.4.1),cpp,Wrong Answer,248,7296,441,
s012419073,p02936,u404459933,1566196776,Python,PyPy3 (2.4.0),py,Accepted,1982,122112,559,
s479906667,p02936,u620639655,1566196756,Ruby,Ruby (2.3.3),rb,Accepted,762,32356,373,
s195596066,p02936,u981273896,1566196753,C++,C++14 (GCC 5.4.1),cpp,Compile Error,,,439,
s644377731,p02936,u404459933,1566196719,Python,Python (3.4.3),py,Time Limit Exceeded,2051,80612,559,
s329684216,p02936,u318955153,1566196714,Python,Python (3.4.3),py,Wrong Answer,2108,105264,561,
s495913344,p02936,u921168761,1566196664,C++,C++14 (GCC 5.4.1),cpp,Accepted,386,24192,841,
s523327337,p02936,u404459933,1566196632,Python,Python (3.4.3),py,Time Limit Exceeded,2108,68436,546,
s119047795,p02936,u921168761,1566196562,C++,C++14 (GCC 5.4.1),cpp,Wrong Answer,352,24192,843,
s909608805,p02936,u981273896,1566196561,C++,C++14 (GCC 5.4.1),cpp,Runtime Error,328,3968,443,
s528343307,p02936,u450983668,1566196467,Python,Python (3.4.3),py,Runtime Error,152,12524,470,
s765747340,p02936,u404459933,1566196448,Python,Python (3.4.3),py,Wrong Answer,2107,68444,545,
s109739953,p02936,u472675932,1566196403,C++,C++14 (GCC 5.4.1),cpp,Accepted,381,25600,1039,
s989190759,p02936,u450983668,1566196399,Python,Python (3.4.3),py,Runtime Error,185,12500,470,
s247234991,p02936,u620639655,1566196398,Ruby,Ruby (2.3.3),rb,Time Limit Exceeded,2116,147228,448,
s387184550,p02936,u305366205,1566196387,Python,Python (3.4.3),py,Time Limit Exceeded,2117,230972,621,
s909607777,p02936,u662614053,1566196254,C++,C++14 (GCC 5.4.1),cpp,Runtime Error,3423,1780,1759,
s681144648,p02936,u305366205,1566196183,Python,PyPy3 (2.4.0),py,Time Limit Exceeded,2126,376184,620,
s465085548,p02936,u525065967,1566195938,C++,C++14 (GCC 5.4.1),cpp,Wrong Answer,340,14848,822,
s823877836,p02936,u166378830,1566195877,C++,C++14 (GCC 5.4.1),cpp,Wrong Answer,286,21120,594,
s475251999,p02936,u166378830,1566195835,C++,C++14 (GCC 5.4.1),cpp,Accepted,303,24320,685,
s039290140,p02936,u256351611,1566195778,Python,PyPy3 (2.4.0),py,Wrong Answer,2109,104280,312,
s080721152,p02936,u472675932,1566195753,C++,C++14 (GCC 5.4.1),cpp,Wrong Answer,358,25728,1038,
s897947553,p02936,u318955153,1566195720,Python,Python (3.4.3),py,Wrong Answer,2110,163504,661,
s630883714,p02936,u620639655,1566195698,Ruby,Ruby (2.3.3),rb,Time Limit Exceeded,2116,147192,439,
s053907769,p02936,u394853232,1566195688,C++,C++14 (GCC 5.4.1),cpp,Wrong Answer,113,14080,7242,
s745699856,p02936,u028973125,1566195595,Python,PyPy3 (2.4.0),py,Accepted,1996,120012,1324,
s731968736,p02936,u895838522,1566195580,Go,Go (1.6),go,Wrong Answer,2115,195456,1053,
s574433072,p02936,u256351611,1566195579,Python,PyPy3 (2.4.0),py,Wrong Answer,2051,104096,318,
s131784304,p02936,u998251394,1566195451,C++,C++14 (GCC 5.4.1),cpp,Wrong Answer,2104,20992,572,
s829819259,p02936,u886633618,1566195426,Python,PyPy3 (2.4.0),py,Accepted,839,131140,735,
s159536438,p02936,u048791623,1566195410,C++,C++14 (GCC 5.4.1),cpp,Wrong Answer,245,3968,639,
s171270707,p02936,u802094864,1566195404,C++,C++14 (GCC 5.4.1),cpp,Wrong Answer,279,14080,688,
s301267458,p02936,u028973125,1566195357,Python,PyPy3 (2.4.0),py,Accepted,1990,129264,1314,
s271701638,p02936,u981932242,1566195311,C++,C++14 (GCC 5.4.1),cpp,Accepted,140,21888,700,
s327218537,p02936,u256351611,1566195289,Python,PyPy3 (2.4.0),py,Wrong Answer,2109,87896,268,
s120711241,p02936,u056626722,1566195271,D,D (LDC 0.17.0),d,Accepted,639,85372,1738,
s827668355,p02936,u981932242,1566195236,C++,C++14 (GCC 5.4.1),cpp,Accepted,434,21888,679,
s723138511,p02936,u620639655,1566195226,Ruby,Ruby (2.3.3),rb,Time Limit Exceeded,2116,145108,396,
s463586093,p02936,u166378830,1566195197,C++,C++14 (GCC 5.4.1),cpp,Runtime Error,509,277248,621,
s555573687,p02936,u028973125,1566195187,Python,PyPy3 (2.4.0),py,Time Limit Exceeded,2110,141560,1281,
s481859854,p02936,u890870565,1566195183,C++,C++14 (GCC 5.4.1),cpp,Accepted,309,18688,1085,
s635992246,p02936,u981932242,1566195148,C++,C++14 (GCC 5.4.1),cpp,Accepted,126,21888,710,
s340220201,p02936,u981932242,1566195104,C++,C++14 (GCC 5.4.1),cpp,Accepted,589,21888,623,
s754464575,p02936,u014376901,1566195102,C++,C++14 (GCC 5.4.1),cpp,Accepted,140,23424,531,
s513115626,p02936,u028973125,1566195088,Python,PyPy3 (2.4.0),py,Time Limit Exceeded,2110,141816,1251,
s621299845,p02936,u481187938,1566194967,Rust,Rust (1.15.1),rs,Accepted,203,32892,3518,
s621501187,p02936,u620639655,1566194941,Ruby,Ruby (2.3.3),rb,Time Limit Exceeded,2116,154992,388,
s671695316,p02936,u305366205,1566194830,Python,PyPy3 (2.4.0),py,Wrong Answer,2127,377996,567,
s544099081,p02936,u981932242,1566194774,C++,C++14 (GCC 5.4.1),cpp,Accepted,651,23808,601,
s605054956,p02936,u620639655,1566194687,Ruby,Ruby (2.3.3),rb,Runtime Error,743,38012,352,
s902890772,p02936,u981708764,1566194663,D,D (DMD64 v2.070.1),d,Accepted,351,40572,21706,
s052185404,p02936,u167893138,1566194657,C++,C++14 (GCC 5.4.1),cpp,Accepted,293,24320,606,
s036347188,p02936,u305366205,1566194656,Python,PyPy3 (2.4.0),py,Wrong Answer,2127,400524,863,
s313938719,p02936,u153556810,1566194633,Java,Java8 (OpenJDK 1.8.0),java,Time Limit Exceeded,2110,229628,945,
s360355385,p02936,u256351611,1566194626,Python,PyPy3 (2.4.0),py,Wrong Answer,1996,132556,359,
s553483654,p02936,u330661451,1566194536,C++,C++14 (GCC 5.4.1),cpp,Accepted,166,15716,1165,
s652562755,p02936,u698883164,1566194521,C++,C++14 (GCC 5.4.1),cpp,Accepted,369,23424,1147,
s866879669,p02936,u794173881,1566194506,Python,PyPy3 (2.4.0),py,Accepted,1071,137700,783,
s720691009,p02936,u557656621,1566194496,C,C (GCC 5.4.1),c,Wrong Answer,93,7040,644,
s876887533,p02936,u794173881,1566194484,Python,PyPy3 (2.4.0),py,Accepted,947,135524,785,
s760283204,p02936,u028973125,1566194449,Python,PyPy3 (2.4.0),py,Time Limit Exceeded,2109,143608,1500,
s211834457,p02936,u330661451,1566194429,Python,Python (3.4.3),py,Accepted,1728,55808,544,
s448289640,p02936,u726523100,1566194410,Ruby,Ruby (2.3.3),rb,Wrong Answer,1135,26460,399,
s470135113,p02936,u951672936,1566194389,Java,Java8 (OpenJDK 1.8.0),java,Time Limit Exceeded,2111,217984,11642,
s204563814,p02936,u056626722,1566194313,D,D (LDC 0.17.0),d,Accepted,564,84348,1780,
s070105661,p02936,u305366205,1566194274,Python,PyPy3 (2.4.0),py,Runtime Error,1765,128460,518,
s287209478,p02936,u330661451,1566194243,Python,Python (3.4.3),py,Runtime Error,1338,40748,515,
s871654956,p02936,u028973125,1566194189,Python,PyPy3 (2.4.0),py,Time Limit Exceeded,2110,167360,1412,
s651064437,p02936,u890870565,1566194127,C++,C++14 (GCC 5.4.1),cpp,Wrong Answer,347,21760,1118,
s408069528,p02936,u557656621,1566194106,C,C (GCC 5.4.1),c,Wrong Answer,2103,4096,697,
s436472442,p02936,u890870565,1566194036,C++,C++14 (GCC 5.4.1),cpp,Wrong Answer,386,23424,1681,
s023206946,p02936,u028973125,1566194000,Python,PyPy3 (2.4.0),py,Time Limit Exceeded,2110,167284,1480,
s595993045,p02936,u870610226,1566193930,C++,C++14 (GCC 5.4.1),cpp,Wrong Answer,2104,72192,1031,
s206570299,p02936,u890870565,1566193902,C++,C++14 (GCC 5.4.1),cpp,Wrong Answer,407,21760,1680,
s398777062,p02936,u876875284,1566193780,C++,C++14 (GCC 5.4.1),cpp,Accepted,369,23424,704,
s253665735,p02936,u981932242,1566193778,Ruby,Ruby (2.3.3),rb,Runtime Error,789,31484,443,
s182944994,p02936,u485731913,1566193745,C++,C++14 (GCC 5.4.1),cpp,Accepted,310,25856,1471,
s437948968,p02936,u741397536,1566193689,Python,Python (3.4.3),py,Accepted,1801,227804,508,
s545112520,p02936,u981932242,1566193682,Ruby,Ruby (2.3.3),rb,Runtime Error,59,13948,425,
s912918149,p02936,u263715385,1566193672,C++,C++14 (GCC 5.4.1),cpp,Accepted,664,23424,1941,
s999444739,p02936,u870610226,1566193640,C++,C++14 (GCC 5.4.1),cpp,Time Limit Exceeded,2105,71168,1009,
s583096880,p02936,u741397536,1566193630,Python,PyPy3 (2.4.0),py,Time Limit Exceeded,2159,883576,508,
s275240465,p02936,u352600849,1566193593,Lisp,Common Lisp (SBCL 1.1.14),l,Accepted,293,58552,4385,
s251521764,p02936,u600300412,1566193585,C,C (GCC 5.4.1),c,Wrong Answer,216,10860,2161,
s857502298,p02936,u525065967,1566193551,C++,C++14 (GCC 5.4.1),cpp,Wrong Answer,2105,31488,810,
s065159605,p02936,u131944095,1566193495,Python,PyPy3 (2.4.0),py,Runtime Error,2111,123300,455,
s123894657,p02936,u052499405,1566193464,Python,Python (3.4.3),py,Time Limit Exceeded,2118,229152,604,
s181842821,p02936,u698677417,1566193463,C++,C++14 (GCC 5.4.1),cpp,Accepted,331,29696,1221,
s322655967,p02936,u028973125,1566193448,Python,PyPy3 (2.4.0),py,Time Limit Exceeded,2111,160116,1480,
s104200297,p02936,u428267713,1566193424,C++,C++14 (GCC 5.4.1),cpp,Accepted,296,41472,841,
s181387298,p02936,u131944095,1566193398,Python,Python (3.4.3),py,Runtime Error,2110,116368,455,
s330685513,p02936,u330661451,1566193354,C++,C++14 (GCC 5.4.1),cpp,Accepted,129,15716,1166,
s496600701,p02936,u256351611,1566193338,Python,PyPy3 (2.4.0),py,Wrong Answer,2110,117408,294,
s973941767,p02936,u993381291,1566193322,C#,C# (Mono 4.6.2.0),cs,Wrong Answer,950,74564,594,
s862937108,p02936,u654386293,1566193314,Python,PyPy3 (2.4.0),py,Wrong Answer,2111,123340,886,
s830298452,p02936,u981932242,1566193255,Go,Go (1.6),go,Accepted,348,54272,910,
s757652883,p02936,u330661451,1566193240,C++,C++14 (GCC 5.4.1),cpp,Accepted,143,15716,1237,
s155172881,p02936,u570770016,1566193226,C++,C++14 (GCC 5.4.1),cpp,Accepted,129,30592,705,
s990985668,p02936,u665871498,1566193125,C++,C++14 (GCC 5.4.1),cpp,Wrong Answer,2104,21376,606,
s185204038,p02936,u028973125,1566193123,Python,PyPy3 (2.4.0),py,Wrong Answer,2110,145780,1312,
s725091896,p02936,u256351611,1566193118,Python,PyPy3 (2.4.0),py,Wrong Answer,2109,89432,242,
s923885384,p02936,u163320134,1566193082,Python,Python (3.4.3),py,Accepted,1676,56060,434,
s272726420,p02936,u330661451,1566193081,C++,C++14 (GCC 5.4.1),cpp,Wrong Answer,172,15700,1169,
s251508083,p02936,u492373312,1566193067,C++,C++14 (GCC 5.4.1),cpp,Accepted,143,20480,1840,
s473219261,p02936,u890870565,1566193060,C++,C++14 (GCC 5.4.1),cpp,Wrong Answer,368,23424,983,
s840137990,p02936,u163320134,1566192996,Python,Python (3.4.3),py,Time Limit Exceeded,2114,269972,501,
s338554500,p02936,u643495354,1566192989,Python,Python (3.4.3),py,Accepted,1806,351776,692,
s022004878,p02936,u084324798,1566192953,Python,Python (3.4.3),py,Wrong Answer,1308,125444,371,
s859334241,p02936,u660899777,1566192942,Python,Python (3.4.3),py,Wrong Answer,1293,25852,292,
s046461326,p02936,u490084374,1566192932,Python,Python (3.4.3),py,Wrong Answer,2107,77824,431,
s038783073,p02936,u163320134,1566192893,Python,Python (3.4.3),py,Time Limit Exceeded,2112,232468,436,
s544478650,p02936,u305366205,1566192892,Python,PyPy3 (2.4.0),py,Runtime Error,1856,129996,817,
s074789262,p02936,u330661451,1566192866,C++,C++14 (GCC 5.4.1),cpp,Wrong Answer,112,14080,1008,
s814868541,p02936,u981932242,1566192864,Go,Go (1.6),go,Wrong Answer,2108,17152,784,
s169732178,p02936,u163320134,1566192835,Python,Python (3.4.3),py,Time Limit Exceeded,2112,232468,438,
s158444705,p02936,u152614052,1566192833,Python,Python (3.4.3),py,Wrong Answer,1629,115164,401,
s366305404,p02936,u726807166,1566192829,Python,Python (3.4.3),py,Wrong Answer,1919,125632,293,
s563998910,p02936,u128513271,1566192827,C++,C++14 (GCC 5.4.1),cpp,Wrong Answer,255,20068,660,
s991225670,p02936,u141378465,1566192810,C++,C++14 (GCC 5.4.1),cpp,Accepted,130,23552,1904,
s140587203,p02936,u722189950,1566192751,Python,Python (3.4.3),py,Accepted,1673,230972,435,
s363842088,p02936,u989654188,1566192688,Python,Python (3.4.3),py,Wrong Answer,1582,58928,503,
s082898864,p02936,u722189950,1566192676,Python,Python (3.4.3),py,Wrong Answer,1536,224560,412,
s105199366,p02936,u153556810,1566192667,Java,Java8 (OpenJDK 1.8.0),java,Wrong Answer,2109,206024,982,
s787331980,p02936,u030685402,1566192605,C++,C++14 (GCC 5.4.1),cpp,Accepted,350,24180,2515,
s679938071,p02936,u056626722,1566192586,D,D (LDC 0.17.0),d,Wrong Answer,431,44284,1481,
s332668998,p02936,u163320134,1566192562,Python,Python (3.4.3),py,Time Limit Exceeded,2112,232468,430,
s266145462,p02936,u698677417,1566192556,C++,C++14 (GCC 5.4.1),cpp,Wrong Answer,279,23424,1152,
s029500264,p02936,u056626722,1566192547,D,D (LDC 0.17.0),d,Wrong Answer,525,61692,1574,
s175437578,p02936,u128513271,1566192539,C++,C++14 (GCC 5.4.1),cpp,Wrong Answer,191,18816,624,
s815388117,p02936,u747184036,1566192519,C++,C++14 (GCC 5.4.1),cpp,Accepted,152,24064,966,
s008789054,p02936,u592758681,1566192506,C++,C++14 (GCC 5.4.1),cpp,Accepted,154,33152,2785,
s122859569,p02936,u741397536,1566192493,Python,PyPy3 (2.4.0),py,Time Limit Exceeded,2148,736248,576,
s065816965,p02936,u726807166,1566192489,Python,Python (3.4.3),py,Wrong Answer,1367,25828,240,
s224873130,p02936,u162773977,1566192485,Go,Go (1.6),go,Wrong Answer,706,77312,1804,
s588966122,p02936,u256351611,1566192472,Python,PyPy3 (2.4.0),py,Wrong Answer,2110,105048,337,
s420517354,p02936,u714564133,1566192468,C++,C++14 (GCC 5.4.1),cpp,Accepted,139,24320,999,
s397890147,p02936,u116328320,1566192427,Rust,Rust (1.15.1),rs,Wrong Answer,2104,33148,1457,
s540276834,p02936,u490084374,1566192305,Python,Python (3.4.3),py,Wrong Answer,2110,74856,458,
s693723057,p02936,u330661451,1566192300,C++,C++14 (GCC 5.4.1),cpp,Wrong Answer,109,14080,839,
s797917007,p02936,u741397536,1566192280,Python,PyPy3 (2.4.0),py,Runtime Error,668,91852,563,
s446659668,p02936,u162773977,1566192240,Go,Go (1.6),go,Wrong Answer,722,71296,1839,
s094791601,p02936,u901538529,1566192236,Python,Python (3.4.3),py,Wrong Answer,2119,273280,547,
s366069115,p02936,u084324798,1566192232,Python,Python (3.4.3),py,Wrong Answer,1992,125468,332,
s598369607,p02936,u153556810,1566192211,Java,Java8 (OpenJDK 1.8.0),java,Time Limit Exceeded,2110,221960,980,
s516690370,p02936,u330661451,1566192200,Python,Python (3.4.3),py,Wrong Answer,1488,47896,336,
s224077773,p02936,u726807166,1566192172,Python,Python (3.4.3),py,Wrong Answer,1438,25828,266,
s467445934,p02936,u485731913,1566192128,C++,C++14 (GCC 5.4.1),cpp,Time Limit Exceeded,2104,18676,2289,
s578107384,p02936,u981708764,1566192124,D,D (DMD64 v2.070.1),d,Compile Error,,,21583,
s622571495,p02936,u777283665,1566192091,Python,Python (3.4.3),py,Wrong Answer,1617,80440,413,
s022345039,p02936,u901538529,1566192063,Python,Python (3.4.3),py,Runtime Error,2109,120508,530,
s624189776,p02936,u084324798,1566192028,Python,Python (3.4.3),py,Wrong Answer,1536,122240,316,
s186813764,p02936,u153556810,1566192018,Java,Java8 (OpenJDK 1.8.0),java,Runtime Error,1358,193928,976,
s551874673,p02936,u347640436,1566192005,Go,Go (1.6),go,Wrong Answer,888,11904,719,
s804992514,p02936,u726807166,1566192001,Python,Python (3.4.3),py,Wrong Answer,1357,25812,262,
s555084781,p02936,u525065967,1566191990,C++,C++14 (GCC 5.4.1),cpp,Wrong Answer,2106,51840,837,
s249833779,p02936,u956400481,1566191971,C++,C++14 (GCC 5.4.1),cpp,Accepted,126,20480,1948,
s865001187,p02936,u729300713,1566191942,Python,Python (3.4.3),py,Time Limit Exceeded,2111,104160,876,
s743429535,p02936,u558720836,1566191923,C++,C++14 (GCC 5.4.1),cpp,Wrong Answer,313,4736,640,
s527834282,p02936,u599444495,1566191913,Nim,Nim (0.13.0),nim,Accepted,315,58236,921,
s208513100,p02936,u604896914,1566191905,C++,C++14 (GCC 5.4.1),cpp,Wrong Answer,114,21120,1358,
s061205098,p02936,u422831867,1566191881,C++,C++14 (GCC 5.4.1),cpp,Wrong Answer,345,14080,870,
s678296946,p02936,u604896914,1566191880,C++,C++14 (GCC 5.4.1),cpp,Wrong Answer,412,25600,1385,
s984442343,p02936,u522993719,1566191868,C++,C++14 (GCC 5.4.1),cpp,Runtime Error,404,15744,548,
s260123699,p02936,u777283665,1566191820,Python,Python (3.4.3),py,Wrong Answer,1585,78744,416,
s225022685,p02936,u558720836,1566191803,C++,C++14 (GCC 5.4.1),cpp,Runtime Error,355,1408,640,
s044933699,p02936,u741397536,1566191757,Python,PyPy3 (2.4.0),py,Time Limit Exceeded,2150,768120,641,
s314612032,p02936,u643495354,1566191737,Python,Python (3.4.3),py,Time Limit Exceeded,2127,351076,675,
s051594290,p02936,u181719868,1566191724,C++,C++14 (GCC 5.4.1),cpp,Wrong Answer,359,31872,2403,
s289969966,p02936,u816587940,1566191716,C++,C++14 (Clang 3.8.0),cpp,Accepted,823,89076,1515,
s745636721,p02936,u903311413,1566191705,C++,C++14 (GCC 5.4.1),cpp,Accepted,430,24320,2081,
s464025906,p02936,u599444495,1566191638,Nim,Nim (0.13.0),nim,Wrong Answer,276,56060,585,
s376611551,p02936,u981932242,1566191591,Go,Go (1.6),go,Time Limit Exceeded,2108,20864,527,
s436698913,p02936,u605722824,1566191573,Java,Java8 (OpenJDK 1.8.0),java,Runtime Error,1935,189452,831,
s920745808,p02936,u181719868,1566191555,C++,C++14 (GCC 5.4.1),cpp,Wrong Answer,2105,29952,2428,
s388980221,p02936,u981932242,1566191543,Go,Go (1.6),go,Wrong Answer,2108,19968,544,
s017486346,p02936,u901538529,1566191542,Python,Python (3.4.3),py,Runtime Error,2108,120384,546,
s030774789,p02936,u056626722,1566191487,D,D (LDC 0.17.0),d,Wrong Answer,513,81468,1458,
s254849860,p02936,u525603554,1566191486,C#,C# (Mono 4.6.2.0),cs,Wrong Answer,245,45032,5840,
s826844519,p02936,u500855421,1566191439,C++,C++14 (GCC 5.4.1),cpp,Wrong Answer,302,21232,1279,
s860037669,p02936,u605722824,1566191400,Java,Java8 (OpenJDK 1.8.0),java,Runtime Error,1933,189048,797,
s300101148,p02936,u643495354,1566191385,Python,Python (3.4.3),py,Accepted,1871,351868,706,
s868086325,p02936,u506403362,1566191378,Go,Go (1.6),go,Accepted,856,82816,1035,
s603849644,p02936,u490084374,1566191372,Python,Python (3.4.3),py,Wrong Answer,2107,77824,450,
s140265433,p02936,u901538529,1566191349,Python,Python (3.4.3),py,Runtime Error,2107,75848,570,
s071274891,p02936,u605722824,1566191325,Java,Java8 (OpenJDK 1.8.0),java,Runtime Error,1962,188616,764,
s691002079,p02936,u056626722,1566191319,D,D (LDC 0.17.0),d,Wrong Answer,615,96956,1551,
s579587573,p02936,u237513745,1566191312,Python,Python (3.4.3),py,Runtime Error,798,42836,364,
s561994442,p02936,u181719868,1566191290,C++,C++14 (GCC 5.4.1),cpp,Wrong Answer,2104,20224,2317,
s669843961,p02936,u812475404,1566191274,C++,C++14 (GCC 5.4.1),cpp,Wrong Answer,281,14848,567,
s281232488,p02936,u422831867,1566191255,C++,C++14 (GCC 5.4.1),cpp,Wrong Answer,2104,23296,664,
s777064474,p02936,u862569952,1566191227,Python,Python (3.4.3),py,Wrong Answer,1822,72764,667,
s541568462,p02936,u591510335,1566191209,Python,PyPy3 (2.4.0),py,Wrong Answer,1884,85268,314,
s438509852,p02936,u862569952,1566191166,Python,Python (3.4.3),py,Runtime Error,1546,54684,667,
s162264082,p02936,u525065967,1566191132,C++,C++14 (GCC 5.4.1),cpp,Wrong Answer,2106,39296,1652,
s592085282,p02936,u325282913,1566191029,Python,PyPy3 (2.4.0),py,Wrong Answer,1989,122700,436,
s170365950,p02936,u028973125,1566191027,Python,PyPy3 (2.4.0),py,Wrong Answer,2113,139480,1132,
s323073989,p02936,u307752464,1566190988,C++,C++14 (Clang 3.8.0),cpp,Wrong Answer,743,18664,1593,
s236079492,p02936,u072526305,1566190967,C++,C++14 (GCC 5.4.1),cpp,Accepted,460,42056,2569,
s474296454,p02936,u325282913,1566190945,Python,Python (3.4.3),py,Wrong Answer,2106,104116,436,
s237113472,p02936,u139458416,1566190941,C++,C++14 (GCC 5.4.1),cpp,Wrong Answer,314,5504,501,
s839089229,p02936,u525065967,1566190930,C++,C++14 (GCC 5.4.1),cpp,Wrong Answer,2105,38528,1641,
s212397608,p02936,u347640436,1566190923,Python,Python (3.4.3),py,Wrong Answer,1908,268096,630,
s774231687,p02936,u162773977,1566190896,Lua,Lua (5.3.2),lua,Wrong Answer,509,67704,985,
s706497287,p02936,u903311413,1566190865,C++,C++14 (GCC 5.4.1),cpp,Runtime Error,177,12032,2155,
s532887425,p02936,u848736574,1566190811,C++,C++14 (GCC 5.4.1),cpp,Accepted,291,32256,1820,
s184779968,p02936,u591510335,1566190786,Python,PyPy3 (2.4.0),py,Wrong Answer,2108,75608,288,
s766269931,p02936,u483366732,1566190759,C++,C++14 (GCC 5.4.1),cpp,Accepted,293,21376,1284,
s324110514,p02936,u153556810,1566190749,Java,Java8 (OpenJDK 1.8.0),java,Time Limit Exceeded,2110,227568,1027,
s149917305,p02936,u237513745,1566190733,Python,Python (3.4.3),py,Wrong Answer,2116,233116,607,
s169592273,p02936,u903311413,1566190715,C++,C++14 (GCC 5.4.1),cpp,Wrong Answer,402,26624,1979,
s158803873,p02936,u347640436,1566190709,Go,Go (1.6),go,Wrong Answer,180,12928,1175,
s943362882,p02936,u923712635,1566190704,Python,PyPy3 (2.4.0),py,Accepted,812,102780,673,
s636533154,p02936,u162773977,1566190688,Go,Go (1.6),go,Wrong Answer,708,71168,1687,
s476148987,p02936,u152614052,1566190687,Python,Python (3.4.3),py,Wrong Answer,1593,112876,287,
s870631266,p02936,u153556810,1566190611,Java,Java8 (OpenJDK 1.8.0),java,Time Limit Exceeded,2110,272088,1024,
s294529674,p02936,u064061804,1566190594,Python,PyPy3 (2.4.0),py,Wrong Answer,1955,121772,599,
s766090378,p02936,u457499130,1566190551,Ruby,Ruby (2.3.3),rb,Wrong Answer,1052,36728,521,
s779939252,p02936,u905715926,1566190536,C++,C++14 (GCC 5.4.1),cpp,Accepted,167,39424,1118,
s695523754,p02936,u981708764,1566190526,D,D (DMD64 v2.070.1),d,Accepted,513,47484,21554,
s267974693,p02936,u139458416,1566190484,C++,C++14 (GCC 5.4.1),cpp,Wrong Answer,322,5504,460,
s121396572,p02936,u028973125,1566190479,Python,PyPy3 (2.4.0),py,Wrong Answer,2109,137716,1097,
s682773958,p02936,u887207211,1566190473,Python,Python (3.4.3),py,Accepted,1656,236936,627,
s991757499,p02936,u584924463,1566190471,Java,Java8 (OpenJDK 1.8.0),java,Time Limit Exceeded,2109,221868,1001,
s902257249,p02936,u725792883,1566190431,C++,C++14 (GCC 5.4.1),cpp,Wrong Answer,2104,19072,1871,
s798404505,p02936,u862569952,1566190429,Python,Python (3.4.3),py,Wrong Answer,2118,233588,539,
s645317385,p02936,u041739330,1566190426,Python,PyPy3 (2.4.0),py,Time Limit Exceeded,2117,240732,455,
s216565069,p02936,u330661451,1566190394,Python,Python (3.4.3),py,Accepted,1490,58976,325,
s725085297,p02936,u605722824,1566190391,Java,Java8 (OpenJDK 1.8.0),java,Runtime Error,77,23124,1206,
s712849692,p02936,u061231294,1566190385,Python,PyPy3 (2.4.0),py,Time Limit Exceeded,2129,419704,386,
s681046455,p02936,u330661451,1566190361,Python,Python (3.4.3),py,Wrong Answer,1460,57120,327,
s675092302,p02936,u056626722,1566190359,D,D (LDC 0.17.0),d,Accepted,396,45052,1481,
s358246346,p02936,u477651929,1566190349,C++,C++14 (GCC 5.4.1),cpp,Accepted,313,3968,471,
s202119218,p02936,u347640436,1566190305,Go,Go (1.6),go,Accepted,185,11520,1157,
s369897793,p02936,u722189950,1566190304,Python,PyPy3 (2.4.0),py,Accepted,1613,64176,345,
s975036248,p02936,u061231294,1566190299,Python,PyPy3 (2.4.0),py,Runtime Error,1923,128460,344,
s069516657,p02936,u350997995,1566190293,Python,Python (3.4.3),py,Accepted,1368,25852,248,
s606506436,p02936,u690576712,1566190288,Python,PyPy3 (2.4.0),py,Accepted,1760,69836,334,
s026076223,p02936,u305366205,1566190263,Python,PyPy3 (2.4.0),py,Time Limit Exceeded,2116,162036,627,
s933674973,p02936,u923712635,1566190251,Python,PyPy3 (2.4.0),py,Time Limit Exceeded,2108,93332,800,
s199368346,p02936,u350997995,1566190249,Python,PyPy3 (2.4.0),py,Accepted,1660,66008,248,
s968318771,p02936,u722189950,1566190244,Python,Python (3.4.3),py,Accepted,1272,25852,345,
s079669557,p02936,u600402037,1566190239,Python,Python (3.4.3),py,Time Limit Exceeded,2243,1887520,532,
s150221510,p02936,u330661451,1566190219,Python,Python (3.4.3),py,Accepted,1405,58924,331,
s417485892,p02936,u134856634,1566190211,Java,Java8 (OpenJDK 1.8.0),java,Accepted,1710,239220,2638,
s471287427,p02936,u641446860,1566190189,C++,C++14 (GCC 5.4.1),cpp,Accepted,678,23552,607,
s439304666,p02936,u600402037,1566190186,Python,Python (3.4.3),py,Accepted,1672,285828,577,
s853720230,p02936,u305366205,1566190160,Python,Python (3.4.3),py,Time Limit Exceeded,2107,60460,627,
s546560008,p02936,u061231294,1566190127,Python,PyPy3 (2.4.0),py,Runtime Error,1788,128588,371,
s021935516,p02936,u923712635,1566190124,Python,PyPy3 (2.4.0),py,Wrong Answer,2108,93332,792,
s473008011,p02936,u591510335,1566190124,Python,PyPy3 (2.4.0),py,Time Limit Exceeded,2146,715784,530,
s900686913,p02936,u061231294,1566190072,Python,PyPy3 (2.4.0),py,Runtime Error,1905,128076,398,
s991457469,p02936,u134856634,1566190038,Java,Java8 (OpenJDK 1.8.0),java,Time Limit Exceeded,2112,1016900,2647,
s087880735,p02936,u591510335,1566190020,Python,PyPy3 (2.4.0),py,Runtime Error,2111,124620,489,
s671378718,p02936,u584924463,1566190012,Java,Java8 (OpenJDK 1.8.0),java,Time Limit Exceeded,2112,1016520,1002,
s729956637,p02936,u744314647,1566190000,C++,C++14 (GCC 5.4.1),cpp,Accepted,132,16244,1316,
s071034096,p02936,u485731913,1566189977,C++,C++14 (GCC 5.4.1),cpp,Time Limit Exceeded,2104,18676,2155,
s299242231,p02936,u032189172,1566189963,C++,C++14 (GCC 5.4.1),cpp,Accepted,584,24320,950,
s853127787,p02936,u641446860,1566189941,C++,C++14 (GCC 5.4.1),cpp,Runtime Error,661,65664,608,
s415258321,p02936,u293991054,1566189928,C++,C++14 (GCC 5.4.1),cpp,Accepted,382,24448,832,
s288242469,p02936,u283869437,1566189921,Perl,Perl (v5.18.2),pl,Accepted,669,62464,73,
s051458400,p02936,u923712635,1566189885,Python,PyPy3 (2.4.0),py,Time Limit Exceeded,2109,91668,744,
s539766800,p02936,u722189950,1566189874,Python,PyPy3 (2.4.0),py,Wrong Answer,1608,63776,337,
s070390562,p02936,u041739330,1566189873,Python,Python (3.4.3),py,Time Limit Exceeded,2111,230932,448,
s510238447,p02936,u717463970,1566189860,C++,C++14 (GCC 5.4.1),cpp,Time Limit Exceeded,2208,2095360,1977,
s114109836,p02936,u046105273,1566189798,Kotlin,Kotlin (1.0.0),kt,Wrong Answer,1854,138892,1094,
s931173894,p02936,u737951432,1566189783,C++,C++14 (GCC 5.4.1),cpp,Compile Error,,,1557,
s549143819,p02936,u186838327,1566189781,Python,PyPy3 (2.4.0),py,Accepted,1732,122060,464,
s519358080,p02936,u366398972,1566189768,C++,C++14 (GCC 5.4.1),cpp,Runtime Error,576,274932,793,
s904842872,p02936,u237513745,1566189715,Python,Python (3.4.3),py,Runtime Error,2106,50652,537,
s945150999,p02936,u198112909,1566189710,C++,C++14 (GCC 5.4.1),cpp,Time Limit Exceeded,2106,36340,785,
s037060545,p02936,u981932242,1566189645,Ruby,Ruby (2.3.3),rb,Runtime Error,777,30844,443,
s970368494,p02936,u046105273,1566189621,Kotlin,Kotlin (1.0.0),kt,Wrong Answer,2090,150816,1152,
s972107031,p02936,u325282913,1566189619,Python,Python (3.4.3),py,Wrong Answer,1952,109736,376,
s005020849,p02936,u584924463,1566189612,Java,Java8 (OpenJDK 1.8.0),java,Time Limit Exceeded,2109,221552,998,
s667768486,p02936,u605722824,1566189605,Java,Java8 (OpenJDK 1.8.0),java,Accepted,1971,187800,831,
s532398391,p02936,u028973125,1566189604,Python,PyPy3 (2.4.0),py,Accepted,1993,127704,1088,
s991321480,p02936,u293991054,1566189599,C++,C++14 (GCC 5.4.1),cpp,Accepted,406,24448,744,
s001555009,p02936,u605722824,1566189581,Java,Java8 (OpenJDK 1.8.0),java,Runtime Error,77,23380,846,
s628062735,p02936,u347640436,1566189576,Go,Go (1.6),go,Compile Error,,,854,
s238291070,p02936,u923712635,1566189549,Python,PyPy3 (2.4.0),py,Time Limit Exceeded,2159,903160,722,
s062753299,p02936,u367259152,1566189545,Ruby,Ruby (2.3.3),rb,Runtime Error,935,46896,578,
s929396424,p02936,u046105273,1566189518,Kotlin,Kotlin (1.0.0),kt,Compile Error,,,1118,
s200178400,p02936,u325282913,1566189516,Python,Python (3.4.3),py,Wrong Answer,1898,112236,340,
s781281837,p02936,u605722824,1566189515,Java,Java8 (OpenJDK 1.8.0),java,Wrong Answer,2115,182876,853,
s965490970,p02936,u041739330,1566189513,Python,PyPy3 (2.4.0),py,Runtime Error,1902,129868,407,
s918223956,p02936,u933341648,1566189510,Python,Python (3.4.3),py,Accepted,1613,80492,453,
s237308156,p02936,u741397536,1566189506,Python,Python (3.4.3),py,Accepted,1302,59512,552,
s042467543,p02936,u152614052,1566189502,Python,Python (3.4.3),py,Wrong Answer,1464,106276,348,
s729684762,p02936,u028973125,1566189486,Python,PyPy3 (2.4.0),py,Time Limit Exceeded,2110,127192,1019,
s033801176,p02936,u471212175,1566189465,Python,Python (3.4.3),py,Accepted,1563,22792,333,
s344598652,p02936,u570018655,1566189457,C++,C++14 (GCC 5.4.1),cpp,Runtime Error,2529,256,857,
s892399478,p02936,u214547877,1566189453,C++,C++14 (GCC 5.4.1),cpp,Accepted,272,14080,684,
s420582608,p02936,u741397536,1566189450,Python,PyPy3 (2.4.0),py,Accepted,951,96076,552,
s545816847,p02936,u982594421,1566189447,Python,PyPy3 (2.4.0),py,Accepted,1785,91520,413,
s046010939,p02936,u688375653,1566189439,Python,Python (3.4.3),py,Accepted,1722,96504,503,
s176731046,p02936,u014967455,1566189439,C++,C++14 (GCC 5.4.1),cpp,Accepted,675,23424,834,
s080553117,p02936,u981932242,1566189398,Ruby,Ruby (2.3.3),rb,Runtime Error,948,30844,493,
s287877968,p02936,u605722824,1566189389,Java,Java8 (OpenJDK 1.8.0),java,Accepted,1946,189312,809,
s332265175,p02936,u041739330,1566189388,Python,Python (3.4.3),py,Runtime Error,1616,51864,407,
s166833769,p02936,u733823138,1566189385,C++,C++14 (GCC 5.4.1),cpp,Accepted,364,22528,762,
s157996055,p02936,u046105273,1566189379,Kotlin,Kotlin (1.0.0),kt,Wrong Answer,2063,151244,1116,
s343023293,p02936,u639032323,1566189373,C++,C++14 (GCC 5.4.1),cpp,Accepted,653,23552,596,
s979001118,p02936,u741397536,1566189359,Python,PyPy3 (2.4.0),py,Accepted,1898,107084,513,
s933437974,p02936,u381572531,1566189354,C++,C++14 (GCC 5.4.1),cpp,Accepted,293,14080,797,
s285116817,p02936,u721185744,1566189336,C++,C++14 (GCC 5.4.1),cpp,Accepted,250,4736,999,
s697349552,p02936,u152614052,1566189336,Python,Python (3.4.3),py,Time Limit Exceeded,2110,108152,340,
s151052404,p02936,u600402037,1566189335,Python,Python (3.4.3),py,Time Limit Exceeded,2243,1848284,531,
s738934021,p02936,u134856634,1566189329,Java,Java8 (OpenJDK 1.8.0),java,Time Limit Exceeded,2115,1017784,2582,
s289350630,p02936,u741397536,1566189314,Python,Python (3.4.3),py,Accepted,1933,59500,513,
s340083859,p02936,u162773977,1566189302,Python,PyPy3 (2.4.0),py,Time Limit Exceeded,2124,348536,577,
s287638877,p02936,u186838327,1566189300,Python,PyPy3 (2.4.0),py,Time Limit Exceeded,2125,358904,405,
s785572468,p02936,u102275718,1566189292,Python,PyPy3 (2.4.0),py,Accepted,1859,120716,439,
s292352022,p02936,u162773977,1566189276,Python,Python (3.4.3),py,Time Limit Exceeded,2109,231396,577,
s200634277,p02936,u933341648,1566189233,Python,Python (3.4.3),py,Accepted,924,63260,401,
s643978933,p02936,u567053725,1566189225,Python,Python (3.4.3),py,Wrong Answer,1453,53728,495,
s523811795,p02936,u982594421,1566189210,Python,Python (3.4.3),py,Accepted,1721,53908,413,
s166511080,p02936,u733823138,1566189203,C++,C++14 (GCC 5.4.1),cpp,Wrong Answer,380,25856,748,
s487108286,p02936,u028973125,1566189200,Python,PyPy3 (2.4.0),py,Time Limit Exceeded,2110,130548,1097,
s809145103,p02936,u228295160,1566189156,C++,C++14 (GCC 5.4.1),cpp,Accepted,730,36992,2681,
s605136296,p02936,u263859746,1566189145,C++,C++14 (GCC 5.4.1),cpp,Time Limit Exceeded,2107,4096,517,
s721553433,p02936,u017810624,1566189137,Python,PyPy3 (2.4.0),py,Accepted,1150,129832,801,
s390999526,p02936,u229213815,1566189133,C++,C++14 (GCC 5.4.1),cpp,Accepted,288,24320,2458,
s802592845,p02936,u981932242,1566189132,Ruby,Ruby (2.3.3),rb,Runtime Error,968,30844,488,
s223453143,p02936,u777923818,1566189125,Python,PyPy3 (2.4.0),py,Time Limit Exceeded,2158,847864,3474,
s665601435,p02936,u186838327,1566189104,Python,PyPy3 (2.4.0),py,Time Limit Exceeded,2124,335096,413,
s016244750,p02936,u600402037,1566189091,Python,Python (3.4.3),py,Accepted,1672,285828,615,
s674016119,p02936,u347640436,1566189079,Go,Go (1.6),go,Accepted,963,11904,904,
s947013937,p02936,u023958502,1566189068,Python,Python (3.4.3),py,Accepted,1720,67276,407,
s079248684,p02936,u600402037,1566189067,Python,Python (3.4.3),py,Runtime Error,1822,121348,502,
s232329277,p02936,u570018655,1566189059,C++,C++14 (GCC 5.4.1),cpp,Runtime Error,2796,256,877,
s228543143,p02936,u688375653,1566189054,Python,Python (3.4.3),py,Time Limit Exceeded,2116,215572,702,
s644638439,p02936,u041739330,1566189025,Python,Python (3.4.3),py,Runtime Error,1801,60180,436,
s093641822,p02936,u256351611,1566189021,Python,PyPy3 (2.4.0),py,Time Limit Exceeded,2110,108632,294,
s069052699,p02936,u191874006,1566189020,Python,PyPy3 (2.4.0),py,Accepted,792,81556,867,
s592264150,p02936,u600402037,1566189012,Python,Python (3.4.3),py,Runtime Error,1895,121348,503,
s043951022,p02936,u023958502,1566189009,Python,Python (3.4.3),py,Runtime Error,1756,62028,404,
s028454668,p02936,u521039434,1566188997,Python,Python (3.4.3),py,Accepted,1322,36896,310,
s428157073,p02936,u418180220,1566188996,Python,Python (3.4.3),py,Accepted,1634,44752,385,
s839540990,p02936,u134856634,1566188989,Java,Java8 (OpenJDK 1.8.0),java,Wrong Answer,1992,192296,2580,
s149564182,p02936,u191874006,1566188982,Python,Python (3.4.3),py,Accepted,1324,62324,867,
s681403021,p02936,u843070415,1566188968,C++,C++14 (GCC 5.4.1),cpp,Accepted,382,19584,1244,
s373401392,p02936,u605722824,1566188967,Java,Java8 (OpenJDK 1.8.0),java,Accepted,1935,188136,810,
s637888529,p02936,u186838327,1566188961,Python,PyPy3 (2.4.0),py,Time Limit Exceeded,2126,375928,457,
s862605770,p02936,u439009525,1566188946,Python,PyPy3 (2.4.0),py,Time Limit Exceeded,2119,264312,509,
s873028923,p02936,u418180220,1566188924,Python,Python (3.4.3),py,Wrong Answer,1568,42952,385,
s464899030,p02936,u923712635,1566188894,Python,PyPy3 (2.4.0),py,Time Limit Exceeded,2145,675704,697,
s157875923,p02936,u981932242,1566188893,Ruby,Ruby (2.3.3),rb,Runtime Error,873,30844,467,
s721942154,p02936,u777923818,1566188877,Python,PyPy3 (2.4.0),py,Time Limit Exceeded,2144,675704,3474,
s179636022,p02936,u843070415,1566188873,C++,C++14 (GCC 5.4.1),cpp,Accepted,376,19584,1255,
s790639407,p02936,u654386293,1566188857,Python,Python (3.4.3),py,Time Limit Exceeded,2107,75080,886,
s575020179,p02936,u166378830,1566188854,C++,C++14 (GCC 5.4.1),cpp,Accepted,280,21120,594,
s389100219,p02936,u023958502,1566188851,Python,Python (3.4.3),py,Accepted,1759,64204,435,
s835234026,p02936,u688375653,1566188832,Python,PyPy3 (2.4.0),py,Runtime Error,2107,152640,669,
s536853513,p02936,u706695185,1566188821,Ruby,Ruby (2.3.3),rb,Accepted,784,37812,599,
s691558341,p02936,u600402037,1566188800,Python,Python (3.4.3),py,Runtime Error,1899,121348,514,
s103987552,p02936,u023958502,1566188800,Python,Python (3.4.3),py,Runtime Error,1813,102868,499,
s755744692,p02936,u415154163,1566188764,Python,Python (3.4.3),py,Accepted,1474,47920,396,
s369503653,p02936,u605722824,1566188754,Java,Java8 (OpenJDK 1.8.0),java,Accepted,1969,189724,819,
s581577435,p02936,u385631112,1566188746,Ruby,Ruby (2.3.3),rb,Accepted,1847,56052,284,
s497837058,p02936,u095453583,1566188718,C++,C++14 (GCC 5.4.1),cpp,Accepted,266,7040,831,
s105280060,p02936,u401600823,1566188711,Haskell,Haskell (GHC 7.10.3),hs,Time Limit Exceeded,2104,7420,796,
s917531021,p02936,u923712635,1566188700,Python,PyPy3 (2.4.0),py,Time Limit Exceeded,2123,307704,571,
s905318457,p02936,u636019904,1566188692,C++,C++14 (Clang 3.8.0),cpp,Runtime Error,304,760,948,
s320094395,p02936,u439009525,1566188683,Python,PyPy3 (2.4.0),py,Time Limit Exceeded,2118,241712,562,
s265667597,p02936,u175743386,1566188653,Python,Python (3.4.3),py,Accepted,1577,47896,339,
s964559146,p02936,u028973125,1566188643,Python,PyPy3 (2.4.0),py,Time Limit Exceeded,2041,123920,1051,
s434259039,p02936,u439009525,1566188607,Python,PyPy3 (2.4.0),py,Runtime Error,1991,141804,503,
s345871536,p02936,u415154163,1566188567,Python,Python (3.4.3),py,Accepted,1387,47888,474,
s171115949,p02936,u600402037,1566188548,Python,Python (3.4.3),py,Runtime Error,1983,121348,507,
s146624663,p02936,u175743386,1566188536,Python,Python (3.4.3),py,Wrong Answer,1961,52648,335,
s219684669,p02936,u600402037,1566188529,Python,Python (3.4.3),py,Runtime Error,1534,101436,506,
s612550785,p02936,u721185744,1566188507,C++,C++14 (GCC 5.4.1),cpp,Time Limit Exceeded,2103,3712,814,
s357502605,p02936,u305824645,1566188498,C++,C++14 (GCC 5.4.1),cpp,Accepted,156,24320,765,
s051986203,p02936,u994910167,1566188468,Python,Python (3.4.3),py,Accepted,1844,113604,259,
s619408724,p02936,u504142483,1566188456,C++,C++14 (GCC 5.4.1),cpp,Accepted,365,21760,2123,
s967622971,p02936,u736788838,1566188445,C++,C++14 (GCC 5.4.1),cpp,Accepted,708,24576,615,
s517043455,p02936,u923712635,1566188444,Python,PyPy3 (2.4.0),py,Time Limit Exceeded,2108,95436,764,
s918619343,p02936,u600402037,1566188429,Python,Python (3.4.3),py,Runtime Error,1701,107708,506,
s809385652,p02936,u879573689,1566188403,Ruby,Ruby (2.3.3),rb,Wrong Answer,2109,63996,554,
s842976466,p02936,u032174114,1566188397,C++,C++14 (GCC 5.4.1),cpp,Accepted,657,23424,809,
s484533577,p02936,u703503553,1566188373,C++,C++14 (GCC 5.4.1),cpp,Accepted,275,14080,592,
s308694991,p02936,u184335045,1566188333,C++,C++14 (GCC 5.4.1),cpp,Accepted,251,7936,854,
s275566568,p02936,u600402037,1566188322,Python,Python (3.4.3),py,Accepted,1723,285828,615,
s667561176,p02936,u787972656,1566188313,C++,C++14 (GCC 5.4.1),cpp,Time Limit Exceeded,2103,3712,586,
s785571251,p02936,u600402037,1566188290,Python,Python (3.4.3),py,Runtime Error,2106,121352,503,
s459209058,p02936,u484229314,1566188287,Python,PyPy3 (2.4.0),py,Time Limit Exceeded,2109,99588,1215,
s646418288,p02936,u952708174,1566188278,Python,PyPy3 (2.4.0),py,Time Limit Exceeded,2150,774776,820,
s637034531,p02936,u484229314,1566188263,Python,Python (3.4.3),py,Time Limit Exceeded,2122,290856,1215,
s908738472,p02936,u952708174,1566188253,Python,PyPy3 (2.4.0),py,Runtime Error,897,122316,787,
s048264304,p02936,u600402037,1566188240,Python,Python (3.4.3),py,Runtime Error,1525,61612,452,
s518555521,p02936,u415154163,1566188234,Python,Python (3.4.3),py,Accepted,1427,64996,496,
s679334305,p02936,u933341648,1566188196,Python,Python (3.4.3),py,Time Limit Exceeded,2104,64364,361,
s488810189,p02936,u430494842,1566188192,C++,C++14 (GCC 5.4.1),cpp,Accepted,126,23552,3480,
s304742569,p02936,u577926181,1566188191,C++,C++14 (GCC 5.4.1),cpp,Accepted,618,24320,650,
s274475099,p02936,u952708174,1566188144,Python,PyPy3 (2.4.0),py,Accepted,763,121548,856,
s521343360,p02936,u923712635,1566188118,Python,Python (3.4.3),py,Time Limit Exceeded,2108,65480,736,
s077855223,p02936,u415154163,1566188113,Python,Python (3.4.3),py,Runtime Error,1332,56760,483,
s425069258,p02936,u397880990,1566188030,C++,C++14 (GCC 5.4.1),cpp,Wrong Answer,263,9216,921,
s807595777,p02936,u600402037,1566188030,Python,Python (3.4.3),py,Runtime Error,65,17332,433,
s334711582,p02936,u528718838,1566188017,C++,C++14 (GCC 5.4.1),cpp,Accepted,289,12532,970,
s492699439,p02936,u073057072,1566188011,C++,C++14 (GCC 5.4.1),cpp,Accepted,294,17904,908,
s518469167,p02936,u401600823,1566187999,Haskell,Haskell (GHC 7.10.3),hs,Time Limit Exceeded,2104,7420,778,
s115770019,p02936,u358689692,1566187981,C++,C++14 (GCC 5.4.1),cpp,Accepted,131,29696,626,
s748807215,p02936,u348670055,1566187898,C++,C++14 (GCC 5.4.1),cpp,Accepted,311,24320,655,
s598697260,p02936,u006883624,1566187863,Python,Python (3.4.3),py,Accepted,1706,60520,625,
s650781682,p02936,u449758089,1566187851,C++,C++14 (GCC 5.4.1),cpp,Accepted,368,23424,1319,
s215315187,p02936,u843070415,1566187849,C++,C++14 (GCC 5.4.1),cpp,Accepted,407,19584,1540,
s052489071,p02936,u652583512,1566187830,Python,PyPy3 (2.4.0),py,Accepted,1826,91624,554,
s747719810,p02936,u952708174,1566187826,Python,PyPy3 (2.4.0),py,Time Limit Exceeded,2109,130600,810,
s347966324,p02936,u923712635,1566187822,Python,PyPy3 (2.4.0),py,Time Limit Exceeded,2110,105076,736,
s918830014,p02936,u879573689,1566187809,Ruby,Ruby (2.3.3),rb,Wrong Answer,2109,75516,542,
s866010192,p02936,u601444374,1566187808,C++,C++14 (GCC 5.4.1),cpp,Accepted,329,6272,632,
s065889500,p02936,u344412812,1566187799,C++,C++14 (GCC 5.4.1),cpp,Accepted,338,31872,785,
s049402864,p02936,u652583512,1566187777,Python,PyPy3 (2.4.0),py,Runtime Error,165,38448,659,
s909402300,p02936,u066120889,1566187776,Haskell,Haskell (GHC 7.10.3),hs,Accepted,1720,174716,1213,
s335445737,p02936,u023958502,1566187736,Python,PyPy3 (2.4.0),py,Time Limit Exceeded,2111,119256,565,
s240075141,p02936,u046105273,1566187715,Kotlin,Kotlin (1.0.0),kt,Wrong Answer,1822,137608,1091,
s496448702,p02936,u041401317,1566187713,Python,Python (3.4.3),py,Accepted,1674,83044,754,
s063540839,p02936,u002135808,1566187704,C++,C++14 (GCC 5.4.1),cpp,Runtime Error,2523,41368,839,
s980608044,p02936,u554953477,1566187698,C++,C++14 (GCC 5.4.1),cpp,Accepted,297,25328,1287,
s539909805,p02936,u493750228,1566187675,C++,C++14 (GCC 5.4.1),cpp,Accepted,133,24704,1516,
s299988324,p02936,u554953477,1566187670,C++,C++14 (GCC 5.4.1),cpp,Runtime Error,97,2176,1283,
s897018655,p02936,u017810624,1566187652,Python,Python (3.4.3),py,Accepted,1620,141220,709,
s364152547,p02936,u711539583,1566187628,Python,Python (3.4.3),py,Accepted,1889,237732,533,
s855057239,p02936,u621374656,1566187627,JavaScript,JavaScript (node.js v5.12),js,Accepted,1099,128696,850,
s435060628,p02936,u326891688,1566187623,Ruby,Ruby (2.3.3),rb,Wrong Answer,846,29692,1388,
s149105979,p02936,u703503553,1566187622,C++,C++14 (GCC 5.4.1),cpp,Time Limit Exceeded,2217,1782784,848,
s143698505,p02936,u017810624,1566187614,Python,Python (3.4.3),py,Wrong Answer,2112,241888,706,
s406013707,p02936,u401600823,1566187593,Haskell,Haskell (GHC 7.10.3),hs,Time Limit Exceeded,2104,7420,589,
s095810391,p02936,u587857074,1566187590,C++,C++14 (GCC 5.4.1),cpp,Accepted,264,18048,3510,
s963555509,p02936,u518987899,1566187584,Python,Python (3.4.3),py,Accepted,1900,108508,616,
s946773060,p02936,u757628628,1566187582,C++,C++14 (GCC 5.4.1),cpp,Time Limit Exceeded,2135,528624,740,
s951725925,p02936,u711539583,1566187558,Python,PyPy3 (2.4.0),py,Time Limit Exceeded,2158,897144,533,
s261443089,p02936,u621374656,1566187549,JavaScript,JavaScript (node.js v5.12),js,Accepted,1068,134844,819,
s703782981,p02936,u422590714,1566187542,Python,PyPy3 (2.4.0),py,Time Limit Exceeded,2111,130972,713,
s055503247,p02936,u017810624,1566187542,Python,Python (3.4.3),py,Accepted,1504,154156,745,
s629775126,p02936,u833492079,1566187541,Python,Python (3.4.3),py,Runtime Error,1885,58020,683,
s793035620,p02936,u318398144,1566187540,C++,C++14 (GCC 5.4.1),cpp,Accepted,547,3968,477,
s141956159,p02936,u415154163,1566187528,Python,Python (3.4.3),py,Time Limit Exceeded,2104,44728,492,
s149360223,p02936,u449758089,1566187523,C++,C++14 (GCC 5.4.1),cpp,Runtime Error,278,12020,1298,
s526052556,p02936,u016726316,1566187519,C++,C++14 (GCC 5.4.1),cpp,Accepted,263,4736,609,
s399024667,p02936,u162773977,1566187517,Lua,Lua (5.3.2),lua,Accepted,523,67704,985,
s884136144,p02936,u422590714,1566187516,Python,Python (3.4.3),py,Wrong Answer,1989,165664,713,
s265998890,p02936,u122897704,1566187488,C++,C++14 (GCC 5.4.1),cpp,Accepted,311,26752,812,
s424486632,p02936,u757628628,1566187476,C++,C++14 (GCC 5.4.1),cpp,Time Limit Exceeded,2135,515880,981,
s468947965,p02936,u981932242,1566187466,Ruby,Ruby (2.3.3),rb,Runtime Error,839,30844,492,
s102816003,p02936,u311636831,1566187465,Python,Python (3.4.3),py,Time Limit Exceeded,2100,79912,377,
s433603362,p02936,u449758089,1566187464,C++,C++14 (GCC 5.4.1),cpp,Runtime Error,273,12020,1317,
s667886136,p02936,u922487073,1566187460,Python,Python (3.4.3),py,Time Limit Exceeded,2116,144716,682,
s973040278,p02936,u214304095,1566187455,C++,C++14 (GCC 5.4.1),cpp,Accepted,383,24320,830,
s254968183,p02936,u401600823,1566187437,Haskell,Haskell (GHC 7.10.3),hs,Time Limit Exceeded,2110,107900,561,
s879786669,p02936,u133607477,1566187429,C++,C++14 (Clang 3.8.0),cpp,Accepted,734,14848,1274,
s972302268,p02936,u449758089,1566187414,C++,C++14 (GCC 5.4.1),cpp,Compile Error,,,1315,
s057785841,p02936,u706695185,1566187387,C++,C++14 (GCC 5.4.1),cpp,Accepted,133,23552,2175,
s233601970,p02936,u449758089,1566187387,C++,C++14 (GCC 5.4.1),cpp,Compile Error,,,1315,
s387902512,p02936,u023958502,1566187377,Python,PyPy3 (2.4.0),py,Time Limit Exceeded,2111,119676,474,
s466930391,p02936,u621374656,1566187373,JavaScript,JavaScript (node.js v5.12),js,Time Limit Exceeded,2111,134844,821,
s596103951,p02936,u933341648,1566187372,Python,Python (3.4.3),py,Time Limit Exceeded,2104,63288,322,
s722907964,p02936,u164644833,1566187352,C++,C++14 (GCC 5.4.1),cpp,Accepted,158,27264,1834,
s061091754,p02936,u706695185,1566187345,C++,C++14 (GCC 5.4.1),cpp,Runtime Error,2115,274932,2166,
s324937133,p02936,u046105273,1566187345,Kotlin,Kotlin (1.0.0),kt,Wrong Answer,1624,156040,1051,
s715597100,p02936,u625046108,1566187322,Python,Python (3.4.3),py,Accepted,1878,146036,409,
s986459091,p02936,u059207724,1566187315,C++,C++14 (GCC 5.4.1),cpp,Accepted,371,26624,505,
s014579726,p02936,u401600823,1566187310,Haskell,Haskell (GHC 7.10.3),hs,Wrong Answer,2110,107900,526,
s243010514,p02936,u318398144,1566187298,C++,C++14 (GCC 5.4.1),cpp,Runtime Error,202,1024,479,
s133268168,p02936,u981932242,1566187284,Ruby,Ruby (2.3.3),rb,Runtime Error,925,30844,485,
s976430201,p02936,u512330062,1566187284,C++,C++14 (GCC 5.4.1),cpp,Accepted,400,25856,1900,
s186973117,p02936,u867534917,1566187278,Java,Java8 (OpenJDK 1.8.0),java,Time Limit Exceeded,2114,200856,1988,
s648210503,p02936,u879573689,1566187251,Ruby,Ruby (2.3.3),rb,Time Limit Exceeded,2110,59164,459,
s498113086,p02936,u706695185,1566187245,C++,C++14 (GCC 5.4.1),cpp,Accepted,426,23552,2148,
s261886069,p02936,u184115330,1566187243,C++,C++14 (GCC 5.4.1),cpp,Accepted,270,5504,946,
s222378105,p02936,u567053725,1566187241,Python,Python (3.4.3),py,Wrong Answer,1424,57160,495,
s083968967,p02936,u645250356,1566187237,Python,Python (3.4.3),py,Accepted,1508,47868,340,
s626157403,p02936,u449758089,1566187236,C++,C++14 (GCC 5.4.1),cpp,Runtime Error,292,13184,1175,
s104823446,p02936,u415154163,1566187235,Python,Python (3.4.3),py,Time Limit Exceeded,2117,214632,498,
s580070454,p02936,u833492079,1566187232,Python,Python (3.4.3),py,Runtime Error,18,3064,656,
s425945541,p02936,u996290370,1566187231,TypeScript,TypeScript (2.1.6),ts,Accepted,649,124000,968,
s215281640,p02936,u002135808,1566187205,C++,C++14 (GCC 5.4.1),cpp,Runtime Error,3546,41496,813,
s289121931,p02936,u081445141,1566187199,C++,C++14 (GCC 5.4.1),cpp,Accepted,556,14080,513,
s616568384,p02936,u017810624,1566187178,Python,PyPy3 (2.4.0),py,Accepted,891,148924,767,
s747558129,p02936,u587857074,1566187176,C++,C++14 (GCC 5.4.1),cpp,Accepted,267,18048,2524,
s713467652,p02936,u449758089,1566187169,C++,C++14 (GCC 5.4.1),cpp,Compile Error,,,1162,
s071821254,p02936,u996290370,1566187168,TypeScript,TypeScript (2.1.6),ts,Wrong Answer,520,96492,385,
s871885911,p02936,u385631112,1566187157,Ruby,Ruby (2.3.3),rb,Wrong Answer,1832,61404,558,
s884350738,p02936,u415154163,1566187152,Python,Python (3.4.3),py,Runtime Error,2105,37392,470,
s312486489,p02936,u933341648,1566187150,Python,Python (3.4.3),py,Time Limit Exceeded,2104,63288,314,
s353164126,p02936,u120582723,1566187148,Lua,LuaJIT (2.0.4),lua,Accepted,500,52864,898,
s888890817,p02936,u311636831,1566187148,Python,Python (3.4.3),py,Time Limit Exceeded,2109,81292,415,
s044990044,p02936,u449758089,1566187127,C++,C++14 (GCC 5.4.1),cpp,Compile Error,,,1166,
s567882574,p02936,u923712635,1566187110,Python,PyPy3 (2.4.0),py,Time Limit Exceeded,2143,650768,698,
s441277145,p02936,u449758089,1566187090,C++,C++14 (GCC 5.4.1),cpp,Compile Error,,,1161,
s546395545,p02936,u305824645,1566187065,Ruby,Ruby (2.3.3),rb,Runtime Error,738,30588,460,
s539997165,p02936,u952708174,1566187059,Python,PyPy3 (2.4.0),py,Time Limit Exceeded,2123,316908,818,
s246755456,p02936,u811967730,1566187046,Python,Python (3.4.3),py,Accepted,1010,57480,501,
s881739219,p02936,u056626722,1566187046,D,D (LDC 0.17.0),d,Accepted,406,44924,1034,
s232037269,p02936,u879573689,1566187042,Ruby,Ruby (2.3.3),rb,Wrong Answer,939,29564,459,
s563212229,p02936,u449758089,1566187041,C++,C++14 (GCC 5.4.1),cpp,Compile Error,,,1141,
s451731782,p02936,u028973125,1566187030,Python,PyPy3 (2.4.0),py,Accepted,1972,124888,1306,
s914914573,p02936,u184115330,1566187018,C++,C++14 (GCC 5.4.1),cpp,Wrong Answer,268,4352,950,
s780361087,p02936,u130529502,1566186989,Rust,Rust (1.15.1),rs,Accepted,283,24700,1301,
s044022024,p02936,u002135808,1566186976,C++,C++14 (GCC 5.4.1),cpp,Wrong Answer,3028,41624,832,
s704303292,p02936,u471212175,1566186970,Python,PyPy3 (2.4.0),py,Time Limit Exceeded,2109,89420,352,
s806559485,p02936,u184115330,1566186965,C++,C++14 (GCC 5.4.1),cpp,Wrong Answer,250,4352,950,
s066440144,p02936,u838644735,1566186962,C++,C++14 (GCC 5.4.1),cpp,Accepted,442,25856,1133,
s146595722,p02936,u838644735,1566186951,Python,PyPy3 (2.4.0),py,Runtime Error,179,38384,1133,
s069616300,p02936,u621374656,1566186941,JavaScript,JavaScript (node.js v5.12),js,Time Limit Exceeded,2111,128284,754,
s425358585,p02936,u933341648,1566186940,Python,Python (3.4.3),py,Time Limit Exceeded,2104,63288,321,
s185865827,p02936,u017810624,1566186935,Python,PyPy3 (2.4.0),py,Accepted,1053,147420,835,
s432723364,p02936,u923712635,1566186934,Python,PyPy3 (2.4.0),py,Time Limit Exceeded,2125,358520,572,
s384577344,p02936,u061231294,1566186916,Python,PyPy3 (2.4.0),py,Runtime Error,2123,330444,527,
s463785056,p02936,u184115330,1566186896,C++,C++14 (GCC 5.4.1),cpp,Runtime Error,345,5376,939,
s657163673,p02936,u033094865,1566186890,Python,PyPy3 (2.4.0),py,Accepted,1985,132684,358,
s806133803,p02936,u837259155,1566186890,C++,C++14 (GCC 5.4.1),cpp,Accepted,380,30152,753,
s893173180,p02936,u310678820,1566186885,Python,PyPy3 (2.4.0),py,Accepted,1835,105236,478,
s864756805,p02936,u938389536,1566186879,C++,C++14 (GCC 5.4.1),cpp,Accepted,84,3968,1431,
s039415120,p02936,u006883624,1566186878,Python,Python (3.4.3),py,Time Limit Exceeded,2109,85780,645,
s237978011,p02936,u879573689,1566186860,Ruby,Ruby (2.3.3),rb,Runtime Error,892,29180,454,
s993499993,p02936,u190907730,1566186830,C++,C++14 (GCC 5.4.1),cpp,Accepted,379,21376,1356,
s919822992,p02936,u061231294,1566186822,Python,PyPy3 (2.4.0),py,Time Limit Exceeded,2123,322936,533,
s188546674,p02936,u405483159,1566186815,Python,Python (3.4.3),py,Accepted,1732,47868,339,
s823565720,p02936,u471212175,1566186778,Python,PyPy3 (2.4.0),py,Time Limit Exceeded,2109,87884,356,
s137301125,p02936,u021358975,1566186774,Ruby,Ruby (2.3.3),rb,Accepted,924,62000,650,
s157310825,p02936,u017810624,1566186771,Python,PyPy3 (2.4.0),py,Accepted,935,148968,852,
s801392819,p02936,u215692812,1566186761,Ruby,Ruby (2.3.3),rb,Accepted,796,28980,441,
s471067506,p02936,u061231294,1566186755,Python,PyPy3 (2.4.0),py,Runtime Error,1968,149080,491,
s046739849,p02936,u889344512,1566186751,Python,Python (3.4.3),py,Accepted,1882,60424,610,
s204183816,p02936,u771498435,1566186749,Python,Python (3.4.3),py,Accepted,1354,25828,267,
s159401059,p02936,u303059352,1566186749,C++,C++14 (GCC 5.4.1),cpp,Accepted,85,5504,6727,
s757003291,p02936,u327687161,1566186727,C++,C++14 (Clang 3.8.0),cpp,Accepted,735,24320,1000,
s215819484,p02936,u588341295,1566186723,Python,PyPy3 (2.4.0),py,Time Limit Exceeded,2160,930424,845,
s065118530,p02936,u184115330,1566186723,C++,C++14 (GCC 5.4.1),cpp,Runtime Error,364,5504,937,
s323273210,p02936,u886790158,1566186707,Python,PyPy3 (2.4.0),py,Time Limit Exceeded,2111,148116,1809,
s915257135,p02936,u994910167,1566186707,Python,Python (3.4.3),py,Wrong Answer,1633,112892,251,
s768827512,p02936,u621374656,1566186706,JavaScript,JavaScript (node.js v5.12),js,Time Limit Exceeded,2110,125540,775,
s646714366,p02936,u684901760,1566186670,C++,C++14 (Clang 3.8.0),cpp,Accepted,131,20352,799,
s917871915,p02936,u587857074,1566186666,C++,C++14 (GCC 5.4.1),cpp,Time Limit Exceeded,2103,17280,2382,
s741155263,p02936,u471212175,1566186650,Python,Python (3.4.3),py,Time Limit Exceeded,2107,63608,356,
s171254894,p02936,u332385682,1566186646,D,D (DMD64 v2.070.1),d,Accepted,324,38396,3054,
s247646020,p02936,u133607477,1566186634,C++,C++14 (Clang 3.8.0),cpp,Time Limit Exceeded,2104,13184,1397,
s653914697,p02936,u184115330,1566186631,C++,C++14 (GCC 5.4.1),cpp,Runtime Error,368,5504,937,
s227739002,p02936,u127314985,1566186630,C++,C++14 (GCC 5.4.1),cpp,Wrong Answer,252,4480,475,
s434240079,p02936,u374531474,1566186630,Python,Python (3.4.3),py,Time Limit Exceeded,2114,178372,621,
s810562397,p02936,u021358975,1566186613,Ruby,Ruby (2.3.3),rb,Time Limit Exceeded,2113,141820,604,
s301033212,p02936,u605722824,1566186601,Java,Java8 (OpenJDK 1.8.0),java,Time Limit Exceeded,2109,174060,1167,
s386535005,p02936,u133607477,1566186597,C++,C++14 (Clang 3.8.0),cpp,Compile Error,,,1419,
s956553645,p02936,u646685002,1566186584,C++,C++14 (GCC 5.4.1),cpp,Accepted,115,23552,3386,
s324175334,p02936,u711620077,1566186582,Java,Java8 (OpenJDK 1.8.0),java,Runtime Error,2110,300476,1360,
s730404449,p02936,u056277698,1566186580,Python,Python (3.4.3),py,Runtime Error,1438,50164,566,
s948668398,p02936,u242031676,1566186561,Python,Python (3.4.3),py,Time Limit Exceeded,2106,40880,402,
s858038747,p02936,u532573979,1566186550,C++,C++14 (GCC 5.4.1),cpp,Accepted,140,20480,2008,
s293779813,p02936,u889915625,1566186542,C++,C++14 (GCC 5.4.1),cpp,Time Limit Exceeded,2233,1974388,2678,
s190890229,p02936,u168621426,1566186539,C#,C# (Mono 4.6.2.0),cs,Accepted,1282,71356,1785,
s456722622,p02936,u711620077,1566186537,Java,Java8 (OpenJDK 1.8.0),java,Compile Error,,,1361,
s851044130,p02936,u591589288,1566186529,Python,Python (3.4.3),py,Accepted,1194,54236,435,
s482269812,p02936,u292106243,1566186521,C++,C++14 (GCC 5.4.1),cpp,Accepted,374,24320,664,
s968036770,p02936,u917092881,1566186517,Python,PyPy3 (2.4.0),py,Accepted,1687,66976,366,
s766507389,p02936,u591589288,1566186505,Java,Java7 (OpenJDK 1.7.0),java,Compile Error,,,435,
s943179182,p02936,u317845566,1566186496,Go,Go (1.6),go,Wrong Answer,2104,16000,1211,
s656616232,p02936,u657913472,1566186495,Perl,Perl (v5.18.2),pl,Accepted,684,60800,76,
s921495735,p02936,u310690147,1566186477,C++,C++14 (GCC 5.4.1),cpp,Time Limit Exceeded,2104,21376,451,
s124014379,p02936,u162773977,1566186462,Lua,Lua (5.3.2),lua,Runtime Error,400,63480,581,
s038181084,p02936,u242031676,1566186455,Python,Python (3.4.3),py,Accepted,977,47920,416,
s290618353,p02936,u513960802,1566186454,Java,Java8 (OpenJDK 1.8.0),java,Wrong Answer,1975,173384,895,
s132843836,p02936,u993381291,1566186446,C#,C# (Mono 4.6.2.0),cs,Accepted,1236,94712,859,
s114253832,p02936,u684822781,1566186439,C++,C++14 (GCC 5.4.1),cpp,Accepted,624,14848,880,
s623547067,p02936,u645250356,1566186429,Python,Python (3.4.3),py,Accepted,1285,25852,260,
s234684620,p02936,u657913472,1566186425,Perl,Perl (v5.18.2),pl,Accepted,559,64512,78,
s673032135,p02936,u881647420,1566186424,C++,C++14 (GCC 5.4.1),cpp,Accepted,147,29824,1095,
s319542953,p02936,u657913472,1566186410,Perl,Perl (v5.18.2),pl,Accepted,654,64512,80,
s314730520,p02936,u670773128,1566186407,C++,C++14 (GCC 5.4.1),cpp,Accepted,362,26624,713,
s274783764,p02936,u923712635,1566186406,Python,PyPy3 (2.4.0),py,Time Limit Exceeded,2119,269832,693,
s715066714,p02936,u021358975,1566186403,Ruby,Ruby (2.3.3),rb,Time Limit Exceeded,2113,141240,613,
s246394280,p02936,u006883624,1566186403,Python,Python (3.4.3),py,Runtime Error,2108,75480,612,
s119511795,p02936,u881647420,1566186386,C++,C++14 (GCC 5.4.1),cpp,Accepted,156,23552,1028,
s560591140,p02936,u310690147,1566186375,C++,C++14 (GCC 5.4.1),cpp,Runtime Error,254,6136,451,
s899144470,p02936,u356539385,1566186362,Python,PyPy3 (2.4.0),py,Time Limit Exceeded,2110,114844,351,
s847148439,p02936,u657913472,1566186348,Perl,Perl (v5.18.2),pl,Accepted,593,70912,85,
s261123482,p02936,u313111801,1566186346,C++,C++14 (GCC 5.4.1),cpp,Accepted,796,23808,604,
s384009027,p02936,u811967730,1566186342,Python,Python (3.4.3),py,Wrong Answer,1167,55108,497,
s153399620,p02936,u594518120,1566186332,Python,PyPy3 (2.4.0),py,Accepted,912,132984,846,
s335858567,p02936,u140135665,1566186329,F#,F# (Mono 4.0),fs,Wrong Answer,2112,69152,1125,
s811657771,p02936,u017810624,1566186323,Python,PyPy3 (2.4.0),py,Accepted,967,148956,829,
s115943658,p02936,u923712635,1566186311,Python,PyPy3 (2.4.0),py,Runtime Error,2112,165216,649,
s042514175,p02936,u229213815,1566186308,C++,C++14 (GCC 5.4.1),cpp,Time Limit Exceeded,2104,25088,1946,
s067610346,p02936,u513960802,1566186302,Java,Java8 (OpenJDK 1.8.0),java,Time Limit Exceeded,2110,180460,893,
s601865808,p02936,u923279197,1566186298,Python,PyPy3 (2.4.0),py,Accepted,1986,91412,481,
s990698924,p02936,u318398144,1566186296,C++,C++14 (GCC 5.4.1),cpp,Wrong Answer,570,14720,545,
s867474426,p02936,u591589288,1566186278,Python,Python (3.4.3),py,Wrong Answer,1092,48700,418,
s816930264,p02936,u794753968,1566186272,Python,Python (3.4.3),py,Accepted,1364,55292,336,
s658142106,p02936,u489326854,1566186271,C++,C++14 (GCC 5.4.1),cpp,Accepted,437,26112,2514,
s637518080,p02936,u356539385,1566186237,Python,Python (3.4.3),py,Time Limit Exceeded,2113,112928,351,
s374431246,p02936,u933341648,1566186230,Python,Python (3.4.3),py,Accepted,1458,47892,332,
s750609014,p02936,u765690804,1566186227,C++,C++14 (GCC 5.4.1),cpp,Accepted,289,23552,1342,
s384321900,p02936,u587857074,1566186226,C++,C++14 (GCC 5.4.1),cpp,Time Limit Exceeded,2103,17280,2304,
s607350361,p02936,u766779796,1566186223,C++,C++14 (GCC 5.4.1),cpp,Accepted,405,20608,1611,
s243102745,p02936,u381572531,1566186219,Python,Python (3.4.3),py,Accepted,1512,47828,352,
s763432207,p02936,u963915126,1566186219,Python,PyPy3 (2.4.0),py,Time Limit Exceeded,2111,158324,841,
s168647728,p02936,u594518120,1566186209,Python,PyPy3 (2.4.0),py,Runtime Error,187,54000,839,
s975138683,p02936,u584355627,1566186199,C++,C++14 (GCC 5.4.1),cpp,Accepted,229,157824,1240,
s846716700,p02936,u313111801,1566186192,C++,C++14 (GCC 5.4.1),cpp,Wrong Answer,633,15476,594,
s681209342,p02936,u658096542,1566186191,C++,C++14 (GCC 5.4.1),cpp,Accepted,249,3968,641,
s199473348,p02936,u963915126,1566186174,Python,Python (3.4.3),py,Time Limit Exceeded,2108,87780,841,
s474116639,p02936,u980322611,1566186170,Python,PyPy3 (2.4.0),py,Accepted,971,130500,690,
s951092541,p02936,u996290370,1566186154,TypeScript,TypeScript (2.1.6),ts,Wrong Answer,2117,499952,469,
s615263900,p02936,u684901760,1566186150,C++,C++14 (Clang 3.8.0),cpp,Runtime Error,0,128,781,
s679033448,p02936,u268977772,1566186147,C++,C++14 (GCC 5.4.1),cpp,Accepted,329,24192,628,
s658641094,p02936,u140135665,1566186143,F#,F# (Mono 4.0),fs,Time Limit Exceeded,2111,71572,1351,
s391223015,p02936,u980322611,1566186139,Python,PyPy3 (2.4.0),py,Time Limit Exceeded,2110,139508,652,
s368002578,p02936,u684901760,1566186137,C++,C++14 (GCC 5.4.1),cpp,Compile Error,,,781,
s731496895,p02936,u605722824,1566186115,Java,Java8 (OpenJDK 1.8.0),java,Time Limit Exceeded,2110,173592,1349,
s089481166,p02936,u881647420,1566186115,C++,C++14 (GCC 5.4.1),cpp,Time Limit Exceeded,2224,1710308,1093,
s848579500,p02936,u513960802,1566186102,Java,Java8 (OpenJDK 1.8.0),java,Time Limit Exceeded,2110,180952,878,
s173583930,p02936,u625729943,1566186092,C++,C++14 (GCC 5.4.1),cpp,Wrong Answer,1003,18936,1586,
s189169861,p02936,u637220270,1566186089,C++,C++14 (GCC 5.4.1),cpp,Accepted,683,23424,577,
s009295491,p02936,u657913472,1566186083,Perl,Perl (v5.18.2),pl,Wrong Answer,631,72448,83,
s195223437,p02936,u995102075,1566186077,Python,Python (3.4.3),py,Accepted,1234,66528,547,
s760499572,p02936,u584355627,1566186075,C++,C++14 (GCC 5.4.1),cpp,Runtime Error,253,146420,1221,
s915461968,p02936,u313111801,1566186074,C++,C++14 (GCC 5.4.1),cpp,Wrong Answer,334,13044,520,
s262670184,p02936,u096883693,1566186071,C++,C++14 (GCC 5.4.1),cpp,Accepted,23,13824,1669,
s919878576,p02936,u837259155,1566186069,Ruby,Ruby (2.3.3),rb,Runtime Error,775,53756,561,
s733672901,p02936,u521272340,1566186059,C++,C++14 (GCC 5.4.1),cpp,Accepted,355,30464,3638,
s437717073,p02936,u242031676,1566186051,Python,Python (3.4.3),py,Time Limit Exceeded,2106,47868,377,
s289268033,p02936,u980322611,1566186048,Python,PyPy3 (2.4.0),py,Accepted,1073,130372,849,
s889598272,p02936,u487476769,1566186036,C++,C++14 (GCC 5.4.1),cpp,Accepted,114,25088,6107,
s095578431,p02936,u684901760,1566186033,C++,C++14 (GCC 5.4.1),cpp,Compile Error,,,1217,
s942735951,p02936,u216772548,1566186025,C++,C++14 (GCC 5.4.1),cpp,Accepted,349,21120,1149,
s944039199,p02936,u096883693,1566186025,C++,C++14 (GCC 5.4.1),cpp,Runtime Error,2107,265216,1669,
s387792204,p02936,u381572531,1566186013,Python,Python (3.4.3),py,Time Limit Exceeded,2135,509488,434,
s861834145,p02936,u716530146,1566186006,Python,Python (3.4.3),py,Wrong Answer,2108,74984,972,
s480126587,p02936,u229213815,1566186004,C++,C++14 (GCC 5.4.1),cpp,Time Limit Exceeded,2105,32456,1913,
s644205496,p02936,u087831989,1566185998,Java,Java8 (OpenJDK 1.8.0),java,Accepted,1312,68524,1505,
s128765838,p02936,u407016024,1566185984,Python,Python (3.4.3),py,Time Limit Exceeded,2106,36332,806,
s159283869,p02936,u657913472,1566185981,Perl,Perl (v5.18.2),pl,Wrong Answer,1247,162944,96,
s513399721,p02936,u002135808,1566185969,C++,C++14 (Clang 3.8.0),cpp,Wrong Answer,2106,88940,797,
s910302065,p02936,u965602776,1566185967,Python,Python (3.4.3),py,Time Limit Exceeded,2107,76660,438,
s664120979,p02936,u457283867,1566185956,C++,C++14 (GCC 5.4.1),cpp,Accepted,691,23424,595,
s929596953,p02936,u684901760,1566185952,C++,C++14 (Clang 3.8.0),cpp,Runtime Error,0,128,1217,
s994779225,p02936,u521272340,1566185951,C++,C++14 (GCC 5.4.1),cpp,Accepted,351,30464,3625,
s102835189,p02936,u965602776,1566185950,Python,PyPy3 (2.4.0),py,Time Limit Exceeded,2110,115788,438,
s905786032,p02936,u017810624,1566185947,Python,PyPy3 (2.4.0),py,Accepted,1946,157320,793,
s313180515,p02936,u507414360,1566185927,C++,C++14 (GCC 5.4.1),cpp,Accepted,269,6272,705,
s619121569,p02936,u042605975,1566185925,C++,C++14 (GCC 5.4.1),cpp,Accepted,558,6384,1248,
s144133149,p02936,u995102075,1566185920,Python,PyPy3 (2.4.0),py,Accepted,1865,100976,472,
s710900583,p02936,u662449766,1566185917,Python,Python (3.4.3),py,Accepted,1275,90132,456,
s738336932,p02936,u733814820,1566185916,Python,PyPy3 (2.4.0),py,Time Limit Exceeded,2127,387828,619,
s048363243,p02936,u684901760,1566185893,C++,C++14 (GCC 5.4.1),cpp,Runtime Error,96,128,1319,
s809842668,p02936,u087831989,1566185881,Java,Java8 (OpenJDK 1.8.0),java,Accepted,1919,128832,1694,
s317372746,p02936,u422590714,1566185874,Python,Python (3.4.3),py,Time Limit Exceeded,2113,171356,1060,
s246691667,p02936,u662449766,1566185874,Python,Python (3.4.3),py,Wrong Answer,1403,95384,469,
s658102614,p02936,u688527214,1566185850,Crystal,Crystal (0.20.5),cr,Accepted,690,64764,582,
s497418465,p02936,u921168761,1566185846,C++,C++14 (GCC 5.4.1),cpp,Accepted,366,24192,843,
s168593704,p02936,u726523100,1566185841,C++,C++14 (GCC 5.4.1),cpp,Wrong Answer,319,6784,618,
s170248712,p02936,u442030035,1566185841,Python,PyPy3 (2.4.0),py,Time Limit Exceeded,2180,1254264,754,
s152924046,p02936,u995102075,1566185828,Python,PyPy3 (2.4.0),py,Accepted,1773,100960,482,
s931783939,p02936,u456353530,1566185821,Python,PyPy3 (2.4.0),py,Time Limit Exceeded,2033,141080,766,
s416012234,p02936,u923606520,1566185819,Java,Java8 (OpenJDK 1.8.0),java,Accepted,1343,149512,23332,
s227545392,p02936,u963915126,1566185817,Python,Python (3.4.3),py,Runtime Error,109,22768,844,
s070076318,p02936,u894258749,1566185816,C++,C++14 (GCC 5.4.1),cpp,Accepted,338,35200,1505,
s314510868,p02936,u522656211,1566185814,Java,Java8 (OpenJDK 1.8.0),java,Accepted,1362,99000,840,
s099485318,p02936,u762152622,1566185805,C++,C++14 (GCC 5.4.1),cpp,Time Limit Exceeded,3024,37364,810,
s200143854,p02936,u028973125,1566185799,Python,PyPy3 (2.4.0),py,Time Limit Exceeded,2113,126804,1323,
s148014531,p02936,u471212175,1566185798,Python,Python (3.4.3),py,Wrong Answer,1918,61160,347,
s219285299,p02936,u352824706,1566185786,Python,Python (3.4.3),py,Accepted,1528,39792,366,
s689789139,p02936,u623115612,1566185786,C++,C++14 (GCC 5.4.1),cpp,Accepted,288,17904,783,
s187531186,p02936,u684901760,1566185781,C++,C++14 (Clang 3.8.0),cpp,Runtime Error,98,256,1319,
s947445339,p02936,u995102075,1566185780,Python,Python (3.4.3),py,Accepted,1912,66532,482,
s286759294,p02936,u456353530,1566185780,Python,PyPy3 (2.4.0),py,Accepted,1099,136532,786,
s818792700,p02936,u268977772,1566185774,C++,C++14 (GCC 5.4.1),cpp,Accepted,328,24448,710,
s351612013,p02936,u711620077,1566185770,Java,Java8 (OpenJDK 1.8.0),java,Runtime Error,2106,346744,1393,
s072132962,p02936,u287132915,1566185758,Python,Python (3.4.3),py,Accepted,1664,66840,592,
s646817832,p02936,u268977772,1566185754,C++,C++14 (GCC 5.4.1),cpp,Runtime Error,640,277492,735,
s955848489,p02936,u087831989,1566185748,Java,Java8 (OpenJDK 1.8.0),java,Compile Error,,,1680,
s305071814,p02936,u762152622,1566185745,C++,C++14 (GCC 5.4.1),cpp,Wrong Answer,117,16256,789,
s525418219,p02936,u366398972,1566185745,C++,C++14 (GCC 5.4.1),cpp,Accepted,355,24064,766,
s633836126,p02936,u623115612,1566185730,C++,C++14 (GCC 5.4.1),cpp,Time Limit Exceeded,2184,1352848,762,
s278943559,p02936,u513960802,1566185718,Java,Java8 (OpenJDK 1.8.0),java,Time Limit Exceeded,2110,176732,939,
s743991983,p02936,u693391925,1566185717,Python,PyPy3 (2.4.0),py,Time Limit Exceeded,2121,286872,496,
s231964139,p02936,u488016167,1566185713,Python,Python (2.7.6),py,Runtime Error,10,2568,817,
s541782853,p02936,u923606520,1566185709,Java,Java8 (OpenJDK 1.8.0),java,Accepted,1654,166976,23319,
s937442422,p02936,u941284420,1566185708,Python,Python (3.4.3),py,Runtime Error,2107,75572,646,
s789194162,p02936,u140135665,1566185686,F#,F# (Mono 4.0),fs,Time Limit Exceeded,2113,98840,1460,
s929869492,p02936,u620156187,1566185670,Python,Python (3.4.3),py,Wrong Answer,1619,103468,262,
s663441128,p02936,u347640436,1566185670,Python,Python (3.4.3),py,Accepted,1190,25852,396,
s787393805,p02936,u545368057,1566185646,Python,PyPy3 (2.4.0),py,Accepted,1832,93488,787,
s028564621,p02936,u633451629,1566185641,C++,C++14 (GCC 5.4.1),cpp,Accepted,318,3968,722,
s320932828,p02936,u923606520,1566185638,Java,Java8 (OpenJDK 1.8.0),java,Accepted,1291,158200,23312,
s220812242,p02936,u380095257,1566185637,C++,C++14 (GCC 5.4.1),cpp,Accepted,270,14080,649,
s593116067,p02936,u621104964,1566185634,C++,C++14 (Clang 3.8.0),cpp,Accepted,147,23552,1618,
s151965910,p02936,u833543158,1566185611,C++,C++14 (GCC 5.4.1),cpp,Accepted,83,3968,662,
s617617920,p02936,u688126754,1566185607,Python,Python (3.4.3),py,Time Limit Exceeded,2112,236548,1724,
s265408742,p02936,u994910167,1566185598,Python,Python (3.4.3),py,Wrong Answer,1649,112852,316,
s749099429,p02936,u845000384,1566185592,C++,C++14 (GCC 5.4.1),cpp,Accepted,576,25600,1782,
s582045775,p02936,u688126754,1566185590,Python,PyPy3 (2.4.0),py,Time Limit Exceeded,2143,646264,1724,
s839907882,p02936,u960171798,1566185576,Python,PyPy3 (2.4.0),py,Time Limit Exceeded,2111,126352,746,
s991027807,p02936,u995102075,1566185572,Python,Python (3.4.3),py,Accepted,1193,66528,547,
s501399941,p02936,u726807166,1566185564,Python,Python (3.4.3),py,Accepted,1909,125584,293,
s021831061,p02936,u568877271,1566185563,C++,C++14 (GCC 5.4.1),cpp,Accepted,252,7808,1253,
s900930245,p02936,u132360211,1566185563,Ruby,Ruby (2.3.3),rb,Time Limit Exceeded,2108,6908,356,
s999588360,p02936,u107407427,1566185562,Python,Python (3.4.3),py,Time Limit Exceeded,2110,105244,971,
s022618040,p02936,u119714109,1566185552,Python,PyPy3 (2.4.0),py,Accepted,953,121804,852,
s815980200,p02936,u955881349,1566185547,C,C (GCC 5.4.1),c,Compile Error,,,455,
s034554277,p02936,u347640436,1566185531,Python,PyPy3 (2.4.0),py,Accepted,1677,66136,396,
s626574856,p02936,u995102075,1566185515,Python,Python (3.4.3),py,Accepted,1242,66524,545,
s621814830,p02936,u726807166,1566185495,Python,Python (3.4.3),py,Accepted,1858,78408,264,
s367660796,p02936,u509621775,1566185487,Python,Python (3.4.3),py,Wrong Answer,17,3064,388,
s726651164,p02936,u481584122,1566185483,C++,C++14 (GCC 5.4.1),cpp,Time Limit Exceeded,2131,362368,1596,
s302565078,p02936,u775013393,1566185463,C++,C++14 (GCC 5.4.1),cpp,Accepted,281,14848,1799,
s414974284,p02936,u253726906,1566185462,Java,Java8 (OpenJDK 1.8.0),java,Time Limit Exceeded,2110,209168,1382,
s855992195,p02936,u693391925,1566185451,Python,Python (3.4.3),py,Time Limit Exceeded,2122,310080,496,
s962798368,p02936,u325942975,1566185444,Java,Java8 (OpenJDK 1.8.0),java,Wrong Answer,2106,355040,3623,
s965295157,p02936,u087831989,1566185443,Java,Java8 (OpenJDK 1.8.0),java,Time Limit Exceeded,2110,204800,1003,
s266906952,p02936,u889344512,1566185433,Python,Python (3.4.3),py,Time Limit Exceeded,2107,58772,561,
s933462455,p02936,u347640436,1566185433,Python,Python (3.4.3),py,Accepted,1204,25852,396,
s841902555,p02936,u484229314,1566185428,Python,Python (3.4.3),py,Time Limit Exceeded,2114,178356,1264,
s655867297,p02936,u704064492,1566185427,C++,C++14 (GCC 5.4.1),cpp,Runtime Error,2104,24064,1158,
s415279044,p02936,u149362554,1566185410,Java,Java8 (OpenJDK 1.8.0),java,Time Limit Exceeded,2110,375988,1820,
s682938899,p02936,u726807166,1566185400,Python,Python (3.4.3),py,Accepted,1818,78428,255,
s650778394,p02936,u409962311,1566185397,Java,Java8 (OpenJDK 1.8.0),java,Runtime Error,1654,1022180,1507,
s873870263,p02936,u027406156,1566185393,Python,Python (3.4.3),py,Accepted,1627,126196,406,
s858931640,p02936,u684822781,1566185384,C++,C++14 (GCC 5.4.1),cpp,Wrong Answer,578,14720,1677,
s293278453,p02936,u042605975,1566185382,C++,C++14 (GCC 5.4.1),cpp,Wrong Answer,552,6256,1055,
s462388044,p02936,u726807166,1566185379,Python,Python (3.4.3),py,Runtime Error,17,3064,253,
s242647157,p02936,u484229314,1566185370,Python,PyPy3 (2.4.0),py,Time Limit Exceeded,2110,111168,1264,
s691112896,p02936,u255673886,1566185358,Python,PyPy3 (2.4.0),py,Wrong Answer,163,38384,692,
s315836153,p02936,u488016167,1566185350,Python,Python (2.7.6),py,Runtime Error,1462,70980,807,
s499345669,p02936,u513960802,1566185332,Java,Java8 (OpenJDK 1.8.0),java,Time Limit Exceeded,2110,177348,954,
s615543388,p02936,u448863865,1566185327,Java,Java8 (OpenJDK 1.8.0),java,Accepted,1275,184540,776,
s353331597,p02936,u909991537,1566185327,Python,PyPy3 (2.4.0),py,Time Limit Exceeded,2108,81140,262,
s051357960,p02936,u191829404,1566185322,Python,PyPy3 (2.4.0),py,Time Limit Exceeded,2111,148056,1924,
s583390935,p02936,u995102075,1566185321,Python,PyPy3 (2.4.0),py,Time Limit Exceeded,2111,134536,519,
s517673461,p02936,u688126754,1566185314,Python,Python (3.4.3),py,Time Limit Exceeded,2113,236544,1561,
s656599941,p02936,u281662621,1566185308,Ruby,Ruby (2.3.3),rb,Accepted,1214,69432,776,
s011013984,p02936,u187597169,1566185304,C++,C++14 (GCC 5.4.1),cpp,Time Limit Exceeded,2104,8448,1996,
s181473944,p02936,u995102075,1566185296,Python,Python (3.4.3),py,Time Limit Exceeded,2104,63416,519,
s642612433,p02936,u347640436,1566185295,Python,Python (3.4.3),py,Accepted,1191,25852,422,
s691150253,p02936,u909991537,1566185271,Python,Python (3.4.3),py,Accepted,1883,66664,258,
s544880388,p02936,u726807166,1566185265,Python,Python (3.4.3),py,Accepted,1876,66632,236,
s381433530,p02936,u317754719,1566185264,C++,C++14 (GCC 5.4.1),cpp,Wrong Answer,300,13952,1715,
s466172204,p02936,u317754719,1566185227,C++,C++14 (GCC 5.4.1),cpp,Accepted,293,27648,1715,
s472619160,p02936,u889344512,1566185210,Python,Python (3.4.3),py,Wrong Answer,2107,54572,539,
s429151561,p02936,u540144742,1566185209,Java,Java8 (OpenJDK 1.8.0),java,Time Limit Exceeded,2109,161496,948,
s801082783,p02936,u657913472,1566185209,Perl,Perl (v5.18.2),pl,Accepted,1282,279812,101,
s680798288,p02936,u995102075,1566185207,Python,PyPy3 (2.4.0),py,Time Limit Exceeded,2112,138756,454,
s000645879,p02936,u471212175,1566185195,Python,Python (3.4.3),py,Wrong Answer,1791,61868,347,
s587605969,p02936,u513960802,1566185190,Java,Java8 (OpenJDK 1.8.0),java,Wrong Answer,2110,176140,953,
s519988822,p02936,u470477785,1566185174,Python,Python (3.4.3),py,Wrong Answer,2110,113920,360,
s357798111,p02936,u716270596,1566185160,Python,Python (3.4.3),py,Accepted,1993,90748,587,
s607809332,p02936,u726807166,1566185157,Python,PyPy3 (2.4.0),py,Time Limit Exceeded,2109,88164,236,
s714624828,p02936,u191829404,1566185154,Python,PyPy3 (2.4.0),py,Time Limit Exceeded,2113,168172,1921,
s160584608,p02936,u021358975,1566185150,Ruby,Ruby (2.3.3),rb,Time Limit Exceeded,2112,68548,978,
s346299436,p02936,u657913472,1566185133,Perl,Perl (v5.18.2),pl,Accepted,1343,279812,106,
s488795298,p02936,u149362554,1566185120,Java,Java8 (OpenJDK 1.8.0),java,Time Limit Exceeded,2110,377836,1674,
s243048221,p02936,u899909022,1566185117,Python,PyPy3 (2.4.0),py,Accepted,1921,87244,463,
s720991925,p02936,u709583164,1566185115,C++,C++14 (GCC 5.4.1),cpp,Accepted,351,32200,1252,
s081033882,p02936,u995102075,1566185113,Python,Python (3.4.3),py,Time Limit Exceeded,2104,63296,444,
s624174084,p02936,u061231294,1566185108,Python,PyPy3 (2.4.0),py,Wrong Answer,1903,103844,856,
s920563006,p02936,u281662621,1566185105,Ruby,Ruby (2.3.3),rb,Runtime Error,1188,74036,680,
s703744950,p02936,u695429668,1566185101,Python,Python (3.4.3),py,Time Limit Exceeded,2111,158896,956,
s359594372,p02936,u119714109,1566185100,Python,PyPy3 (2.4.0),py,Wrong Answer,713,104396,641,
s554913168,p02936,u736861509,1566185093,C++,C++14 (GCC 5.4.1),cpp,Accepted,130,28928,5122,
s842093402,p02936,u066120889,1566185089,Haskell,Haskell (GHC 7.10.3),hs,Accepted,1816,169468,1542,
s367272352,p02936,u657913472,1566185088,Perl,Perl (v5.18.2),pl,Accepted,1309,278672,107,
s581250001,p02936,u480887263,1566185087,Python,PyPy3 (2.4.0),py,Accepted,1976,150292,419,
s229199261,p02936,u966601619,1566185082,Python,Python (3.4.3),py,Time Limit Exceeded,2110,47132,503,
s344759589,p02936,u695429668,1566185073,Python,PyPy3 (2.4.0),py,Time Limit Exceeded,2114,139756,956,
s369287848,p02936,u107639613,1566185069,Python,PyPy3 (2.4.0),py,Accepted,1996,145600,915,
s913751210,p02936,u978178314,1566185068,Python,Python (3.4.3),py,Time Limit Exceeded,2124,328664,473,
s181578228,p02936,u119714109,1566185056,Python,PyPy3 (2.4.0),py,Time Limit Exceeded,2147,719556,626,
s876155208,p02936,u132360211,1566185042,Ruby,Ruby (2.3.3),rb,Time Limit Exceeded,2108,10364,371,
s561499994,p02936,u933341648,1566185031,Python,Python (3.4.3),py,Time Limit Exceeded,2104,78904,350,
s183769939,p02936,u415154163,1566185027,Python,Python (3.4.3),py,Wrong Answer,2105,66516,633,
s181394479,p02936,u330689597,1566185023,C++,C++14 (GCC 5.4.1),cpp,Runtime Error,357,7040,560,
s553445921,p02936,u975329388,1566185019,Python,Python (3.4.3),py,Accepted,1751,46624,835,
s601060540,p02936,u346308892,1566185015,Julia,Julia (0.5.0),jl,Runtime Error,1164,203636,490,
s724220226,p02936,u889344512,1566185014,Python,Python (3.4.3),py,Time Limit Exceeded,2107,60284,603,
s101343407,p02936,u833543158,1566185004,Python,Python (3.4.3),py,Accepted,1272,36924,410,
s200542017,p02936,u275934251,1566185001,C++,C++14 (GCC 5.4.1),cpp,Accepted,634,15476,1715,
s437231818,p02936,u108610307,1566184995,Python,Python (3.4.3),py,Runtime Error,2106,71660,420,
s445418147,p02936,u726807166,1566184977,Python,PyPy3 (2.4.0),py,Time Limit Exceeded,2109,87972,255,
s054554875,p02936,u245531500,1566184958,C++,C++14 (GCC 5.4.1),cpp,Accepted,360,28928,887,
s961769781,p02936,u966601619,1566184949,Python,Python (3.4.3),py,Accepted,1520,62820,460,
s351012500,p02936,u326891688,1566184945,Ruby,Ruby (2.3.3),rb,Wrong Answer,2109,29308,2265,
s015881063,p02936,u963021299,1566184941,C#,C# (Mono 4.6.2.0),cs,Wrong Answer,1400,22524,1124,
s948093769,p02936,u480887263,1566184939,Python,PyPy3 (2.4.0),py,Time Limit Exceeded,2111,150292,394,
s045169535,p02936,u775013393,1566184932,C++,C++14 (GCC 5.4.1),cpp,Runtime Error,4035,256,1860,
s029157374,p02936,u874414087,1566184929,Ruby,Ruby (2.3.3),rb,Accepted,1641,72568,614,
s531628154,p02936,u061231294,1566184927,Python,PyPy3 (2.4.0),py,Runtime Error,1775,105104,838,
s615266305,p02936,u814827385,1566184926,Ruby,Ruby (2.3.3),rb,Accepted,662,12412,305,
s506558160,p02936,u688126754,1566184926,Python,Python (3.4.3),py,Wrong Answer,2106,49476,1741,
s547993292,p02936,u993229809,1566184908,C++,C++14 (GCC 5.4.1),cpp,Accepted,327,6272,628,
s430196975,p02936,u119714109,1566184907,Python,PyPy3 (2.4.0),py,Time Limit Exceeded,2152,752888,642,
s894318661,p02936,u087672117,1566184904,Java,Java8 (OpenJDK 1.8.0),java,Time Limit Exceeded,2112,352248,1849,
s287349003,p02936,u347640436,1566184895,Python,Python (3.4.3),py,Accepted,1237,31856,508,
s793325256,p02936,u391731808,1566184879,Python,PyPy3 (2.4.0),py,Accepted,863,123228,495,
s654812281,p02936,u624505752,1566184870,Ruby,Ruby (2.3.3),rb,Accepted,1126,61436,1380,
s209419162,p02936,u978178314,1566184858,Python,Python (3.4.3),py,Time Limit Exceeded,2114,112976,432,
s357153608,p02936,u391731808,1566184853,Python,Python (3.4.3),py,Accepted,1602,143480,495,
s928955986,p02936,u646130340,1566184849,Python,Python (3.4.3),py,Accepted,1645,63592,327,
s818519935,p02936,u966601619,1566184842,Python,Python (3.4.3),py,Time Limit Exceeded,2110,46332,445,
s351851218,p02936,u451017206,1566184836,Python,PyPy3 (2.4.0),py,Time Limit Exceeded,2110,140284,600,
s474155846,p02936,u406158207,1566184832,C++,C++14 (GCC 5.4.1),cpp,Accepted,385,23680,1571,
s461340686,p02936,u149362554,1566184831,Java,Java8 (OpenJDK 1.8.0),java,Time Limit Exceeded,2110,372708,1841,
s343049603,p02936,u657913472,1566184817,Perl,Perl (v5.18.2),pl,Accepted,1386,311280,124,
s630150637,p02936,u978178314,1566184810,Python,Python (3.4.3),py,Runtime Error,17,2940,431,
s403446768,p02936,u307119370,1566184807,Python,Python (3.4.3),py,Wrong Answer,1313,70788,436,
s864958302,p02936,u231667262,1566184804,C,C (GCC 5.4.1),c,Accepted,94,4608,866,
s084844499,p02936,u993619636,1566184804,C++,C++14 (GCC 5.4.1),cpp,Accepted,365,25600,630,
s179095146,p02936,u554096168,1566184799,Python,Python (3.4.3),py,Time Limit Exceeded,2069,244200,574,
s560779495,p02936,u527058497,1566184793,C++,C++14 (GCC 5.4.1),cpp,Accepted,285,24320,1434,
s683690717,p02936,u526854325,1566184790,C++,C++14 (GCC 5.4.1),cpp,Accepted,255,10240,515,
s740347090,p02936,u087672117,1566184789,Java,Java8 (OpenJDK 1.8.0),java,Accepted,1902,247860,1230,
s466346231,p02936,u915761992,1566184778,C#,C# (Mono 4.6.2.0),cs,Accepted,573,38976,1307,
s843369593,p02936,u409962311,1566184776,Java,Java8 (OpenJDK 1.8.0),java,Runtime Error,1525,1023508,1540,
s497488603,p02936,u607865971,1566184769,Python,Python (3.4.3),py,Accepted,1547,237700,626,
s144995691,p02936,u719622470,1566184755,Kotlin,Kotlin (1.0.0),kt,Accepted,835,113408,483,
s916373251,p02936,u709583164,1566184752,C++,C++14 (GCC 5.4.1),cpp,Accepted,247,32200,1301,
s434588179,p02936,u978178314,1566184751,Python,Python (3.4.3),py,Time Limit Exceeded,2116,204312,459,
s394594707,p02936,u476482490,1566184746,Java,Java8 (OpenJDK 1.8.0),java,Accepted,1563,188832,984,
s168736340,p02936,u409962311,1566184740,Java,Java8 (OpenJDK 1.8.0),java,Runtime Error,1516,1022308,1544,
s795511434,p02936,u702582248,1566184735,Java,Java8 (OpenJDK 1.8.0),java,Accepted,397,62700,3143,
s206767097,p02936,u775013393,1566184734,C++,C++14 (GCC 5.4.1),cpp,Runtime Error,4426,256,1854,
s740320834,p02936,u328259252,1566184730,Python,Python (3.4.3),py,Accepted,1837,135392,331,
s753700387,p02936,u002135808,1566184727,C++,C++14 (Clang 3.8.0),cpp,Runtime Error,0,128,789,
s209614082,p02936,u373958718,1566184725,C++,C++14 (GCC 5.4.1),cpp,Accepted,140,17904,6030,
s603742926,p02936,u702582248,1566184706,Java,Java8 (OpenJDK 1.8.0),java,Runtime Error,83,20820,3159,
s316705027,p02936,u151272183,1566184705,Python,Python (3.4.3),py,Time Limit Exceeded,2105,22052,483,
s308315452,p02936,u895536055,1566184697,C++,C++14 (GCC 5.4.1),cpp,Accepted,264,4736,475,
s690883455,p02936,u797016134,1566184673,Python,PyPy3 (2.4.0),py,Wrong Answer,2113,197728,557,
s323216128,p02936,u621374656,1566184664,Python,PyPy3 (2.4.0),py,Time Limit Exceeded,2110,142076,562,
s826812309,p02936,u722397179,1566184661,C++,C++14 (GCC 5.4.1),cpp,Accepted,385,28672,889,
s396274879,p02936,u874414087,1566184655,Ruby,Ruby (2.3.3),rb,Runtime Error,1452,68472,585,
s071074661,p02936,u072825550,1566184640,C++,C++14 (GCC 5.4.1),cpp,Accepted,366,32128,808,
s391470496,p02936,u684901760,1566184631,C++,C++14 (GCC 5.4.1),cpp,Compile Error,,,1241,
s849558966,p02936,u765690804,1566184629,C++,C++14 (GCC 5.4.1),cpp,Accepted,262,4848,1119,
s458937733,p02936,u347640436,1566184627,Python,Python (3.4.3),py,Accepted,1361,33412,407,
s974360100,p02936,u733814820,1566184619,C++,C++14 (GCC 5.4.1),cpp,Accepted,284,23552,994,
s630448736,p02936,u987039629,1566184612,C++,C++14 (GCC 5.4.1),cpp,Accepted,286,14080,620,
s747806250,p02936,u757738907,1566184609,C++,C++14 (GCC 5.4.1),cpp,Accepted,354,43776,2435,
s939649715,p02936,u307119370,1566184606,Python,Python (3.4.3),py,Wrong Answer,1466,70784,436,
s470467005,p02936,u281662621,1566184605,Ruby,Ruby (2.3.3),rb,Wrong Answer,1149,69780,863,
s496534250,p02936,u719622470,1566184604,Kotlin,Kotlin (1.0.0),kt,Wrong Answer,783,115168,475,
s639899627,p02936,u222188267,1566184604,C++,C++14 (GCC 5.4.1),cpp,Wrong Answer,265,6144,1374,
s768784029,p02936,u889344512,1566184602,Python,Python (3.4.3),py,Time Limit Exceeded,2108,85740,651,
s795604313,p02936,u297109012,1566184602,Python,PyPy3 (2.4.0),py,Time Limit Exceeded,2078,163260,860,
s953532091,p02936,u874414087,1566184598,Ruby,Ruby (2.3.3),rb,Runtime Error,1349,68472,585,
s756969065,p02936,u545368057,1566184597,Python,PyPy3 (2.4.0),py,Accepted,1982,108080,1077,
s003687532,p02936,u297109012,1566184590,Python,Python (3.4.3),py,Accepted,1795,143584,861,
s800582373,p02936,u391731808,1566184589,Python,Python (3.4.3),py,Time Limit Exceeded,2112,143448,457,
s919600529,p02936,u895536055,1566184586,C++,C++14 (GCC 5.4.1),cpp,Wrong Answer,270,4608,473,
s697971990,p02936,u877415670,1566184584,Python,Python (3.4.3),py,Accepted,1864,88692,327,
s084363749,p02936,u006883624,1566184581,Java,Java8 (OpenJDK 1.8.0),java,Accepted,1330,132204,1824,
s976071350,p02936,u554096168,1566184573,Python,Python (3.4.3),py,Accepted,1713,238680,567,
s538611548,p02936,u409962311,1566184569,Java,Java8 (OpenJDK 1.8.0),java,Runtime Error,1518,1023424,1544,
s350008105,p02936,u966601619,1566184569,Python,Python (3.4.3),py,Time Limit Exceeded,2113,41628,594,
s835445337,p02936,u824326335,1566184566,Python,Python (3.4.3),py,Accepted,1599,83744,343,
s886744592,p02936,u419307948,1566184556,C++,C++14 (GCC 5.4.1),cpp,Accepted,325,29184,858,
s298796334,p02936,u759162415,1566184555,C++,C++14 (GCC 5.4.1),cpp,Accepted,276,14848,863,
s100596804,p02936,u505450128,1566184552,Rust,Rust (1.15.1),rs,Accepted,77,24828,5714,
s079168036,p02936,u488016167,1566184551,Python,Python (2.7.6),py,Runtime Error,1771,70984,806,
s478091671,p02936,u726807166,1566184550,Python,PyPy3 (2.4.0),py,Time Limit Exceeded,2110,115600,293,
s398264698,p02936,u019229278,1566184549,C++,C++14 (GCC 5.4.1),cpp,Accepted,291,24320,476,
s901810157,p02936,u096883693,1566184549,C++,C++14 (GCC 5.4.1),cpp,Accepted,30,18560,1672,
s032859253,p02936,u693391925,1566184548,Python,Python (3.4.3),py,Runtime Error,1774,112312,452,
s788992980,p02936,u222188267,1566184545,C++,C++14 (GCC 5.4.1),cpp,Accepted,288,6272,1372,
s276659083,p02936,u297109012,1566184542,Python,Python (3.4.3),py,Runtime Error,1782,143596,861,
s907659264,p02936,u895536055,1566184542,C++,C++14 (GCC 5.4.1),cpp,Compile Error,,,484,
s808073923,p02936,u997113115,1566184538,Python,PyPy3 (2.4.0),py,Accepted,1778,105660,335,
s288372704,p02936,u877415670,1566184528,Python,Python (3.4.3),py,Wrong Answer,2102,91156,326,
s373000659,p02936,u297109012,1566184527,Python,PyPy3 (2.4.0),py,Runtime Error,1995,163860,861,
s302183615,p02936,u324881146,1566184523,Java,Java8 (OpenJDK 1.8.0),java,Runtime Error,650,911060,1374,
s043120370,p02936,u191196346,1566184519,Ruby,Ruby (2.3.3),rb,Accepted,962,46828,416,
s045567476,p02936,u328259252,1566184519,Python,Python (3.4.3),py,Time Limit Exceeded,2111,130352,329,
s118916471,p02936,u540144742,1566184518,Java,Java8 (OpenJDK 1.8.0),java,Wrong Answer,2109,161748,946,
s781038855,p02936,u771498435,1566184516,Python,Python (3.4.3),py,Wrong Answer,1522,87956,319,
s503856811,p02936,u661686644,1566184514,C++,C++14 (GCC 5.4.1),cpp,Accepted,250,5504,755,
s295767900,p02936,u072825550,1566184513,C++,C++14 (GCC 5.4.1),cpp,Wrong Answer,386,32128,809,
s040176907,p02936,u533039576,1566184513,Python,PyPy3 (2.4.0),py,Accepted,1835,124748,521,
s191054533,p02936,u324549724,1566184499,C++,C++14 (GCC 5.4.1),cpp,Accepted,308,30592,1342,
s247432094,p02936,u757738907,1566184492,C++,C++14 (GCC 5.4.1),cpp,Wrong Answer,329,47872,4483,
s175760672,p02936,u734548018,1566184482,Python,PyPy3 (2.4.0),py,Accepted,1986,123724,590,
s632695505,p02936,u047150897,1566184481,C++,C++14 (GCC 5.4.1),cpp,Accepted,355,28928,714,
s985934410,p02936,u688126754,1566184481,Python,Python (3.4.3),py,Wrong Answer,1697,53748,1684,
s782060069,p02936,u887207211,1566184468,Python,Python (3.4.3),py,Accepted,1066,51112,397,
s430916301,p02936,u994147425,1566184467,Python,Python (3.4.3),py,Runtime Error,2107,61296,783,
s103499797,p02936,u734548018,1566184461,Python,Python (3.4.3),py,Time Limit Exceeded,2108,104788,590,
s610450194,p02936,u628047647,1566184460,C++,C++14 (GCC 5.4.1),cpp,Accepted,141,24064,1678,
s859564427,p02936,u792843593,1566184458,Python,Python (3.4.3),py,Accepted,1494,58976,355,
s349803647,p02936,u526854325,1566184456,C++,C++14 (GCC 5.4.1),cpp,Wrong Answer,251,9984,514,
s366362294,p02936,u580402951,1566184454,C++,C++14 (GCC 5.4.1),cpp,Time Limit Exceeded,2213,1581544,3933,
s347672476,p02936,u887207211,1566184439,Python,Python (3.4.3),py,Wrong Answer,1203,59556,411,
s893614520,p02936,u559250296,1566184438,Java,Java8 (OpenJDK 1.8.0),java,Wrong Answer,1633,164616,1021,
s515637781,p02936,u476482490,1566184433,Java,Java8 (OpenJDK 1.8.0),java,Wrong Answer,1578,196200,974,
s111175325,p02936,u754375546,1566184425,Ruby,Ruby (2.3.3),rb,Accepted,1594,91132,631,
s232652585,p02936,u702582248,1566184421,Java,Java8 (OpenJDK 1.8.0),java,Accepted,1661,185460,2441,
s626473288,p02936,u936646170,1566184421,Java,Java8 (OpenJDK 1.8.0),java,Wrong Answer,2109,291500,2016,
s155328876,p02936,u612390263,1566184417,Python,Python (3.4.3),py,Accepted,1975,68252,285,
s453736511,p02936,u792843593,1566184408,Python,PyPy3 (2.4.0),py,Accepted,1727,122316,355,
s814001181,p02936,u330689597,1566184400,C++,C++14 (GCC 5.4.1),cpp,Runtime Error,368,7040,560,
s347275128,p02936,u607865971,1566184395,Python,Python (3.4.3),py,Time Limit Exceeded,2118,228660,599,
s863138643,p02936,u993229809,1566184391,C++,C++14 (GCC 5.4.1),cpp,Wrong Answer,323,6272,622,
s295442067,p02936,u702582248,1566184390,Java,Java8 (OpenJDK 1.8.0),java,Compile Error,,,2181,
s807746804,p02936,u274857138,1566184387,C++,C++14 (GCC 5.4.1),cpp,Accepted,244,5504,746,
s589292234,p02936,u227082700,1566184379,Python,Python (3.4.3),py,Accepted,1271,59236,411,
s201064447,p02936,u978178314,1566184372,Python,Python (3.4.3),py,Wrong Answer,2116,198756,533,
s240029290,p02936,u376082984,1566184366,C++,C++14 (GCC 5.4.1),cpp,Accepted,280,23424,3808,
s394145192,p02936,u380914158,1566184363,Python,Python (3.4.3),py,Time Limit Exceeded,2111,114140,361,
s805858740,p02936,u557168336,1566184363,Python,Python (3.4.3),py,Wrong Answer,1418,69244,325,
s026211141,p02936,u509621775,1566184363,Python,Python (3.4.3),py,Accepted,1395,22700,614,
s107454685,p02936,u726807166,1566184352,Python,Python (3.4.3),py,Time Limit Exceeded,2110,125584,293,
s851932684,p02936,u624505752,1566184352,Ruby,Ruby (2.3.3),rb,Time Limit Exceeded,2113,92496,1533,
s212444361,p02936,u688126754,1566184352,Python,Python (3.4.3),py,Wrong Answer,1747,53748,1609,
s462824882,p02936,u755499606,1566184347,C++,C++14 (GCC 5.4.1),cpp,Accepted,248,3968,528,
s434652822,p02936,u391731808,1566184344,Python,PyPy3 (2.4.0),py,Accepted,1979,125904,457,
s124561963,p02936,u061412802,1566184344,C#,C# (Mono 4.6.2.0),cs,Accepted,576,42240,1141,
s817088335,p02936,u188706971,1566184343,C++,C++14 (GCC 5.4.1),cpp,Accepted,247,5504,759,
s473561094,p02936,u324881146,1566184342,Java,Java8 (OpenJDK 1.8.0),java,Runtime Error,637,912084,1391,
s802533926,p02936,u887207211,1566184342,Python,Python (3.4.3),py,Wrong Answer,749,48704,385,
s311878404,p02936,u612390263,1566184339,Python,Python (3.4.3),py,Wrong Answer,1515,64316,266,
s704904365,p02936,u759162415,1566184337,C++,C++14 (GCC 5.4.1),cpp,Wrong Answer,269,14720,862,
s991669758,p02936,u095714878,1566184336,Julia,Julia (0.5.0),jl,Accepted,1308,180636,683,
s754970637,p02936,u307119370,1566184335,Python,Python (3.4.3),py,Wrong Answer,1351,74864,415,
s628690996,p02936,u536377809,1566184333,Python,Python (3.4.3),py,Accepted,1971,140068,475,
s185553972,p02936,u702582248,1566184328,Java,Java8 (OpenJDK 1.8.0),java,Accepted,1907,464844,2440,
s143246576,p02936,u587857074,1566184321,C++,C++14 (GCC 5.4.1),cpp,Time Limit Exceeded,2103,17280,2321,
s441356811,p02936,u936646170,1566184320,Java,Java8 (OpenJDK 1.8.0),java,Accepted,1832,200572,1412,
s871933478,p02936,u227082700,1566184318,Python,Python (3.4.3),py,Time Limit Exceeded,2104,59236,370,
s416235292,p02936,u533039576,1566184318,Python,PyPy3 (2.4.0),py,Accepted,1972,124876,523,
s184323331,p02936,u151272183,1566184317,Python,Python (3.4.3),py,Wrong Answer,2105,22064,482,
s894932620,p02936,u757738907,1566184308,C++,C++14 (GCC 5.4.1),cpp,Wrong Answer,373,47872,4483,
s709307606,p02936,u607865971,1566184306,Python,PyPy3 (2.4.0),py,Time Limit Exceeded,2126,364804,547,
s665983386,p02936,u657913472,1566184302,Perl,Perl (v5.18.2),pl,Time Limit Exceeded,2111,131584,131,
s965352286,p02936,u688126754,1566184298,Python,Python (3.4.3),py,Runtime Error,1724,53780,1596,
s858818495,p02936,u526854325,1566184291,C++,C++14 (GCC 5.4.1),cpp,Wrong Answer,669,11520,476,
s634044464,p02936,u116328320,1566184290,Rust,Rust (1.15.1),rs,Time Limit Exceeded,2104,30076,1506,
s500094893,p02936,u096883693,1566184290,C++,C++14 (GCC 5.4.1),cpp,Wrong Answer,29,18560,1613,
s317795891,p02936,u047150897,1566184271,C++,C++14 (GCC 5.4.1),cpp,Time Limit Exceeded,2104,26752,689,
s280024518,p02936,u619819312,1566184267,Python,PyPy3 (2.4.0),py,Accepted,1948,131320,483,
s328840945,p02936,u554096168,1566184261,Python,Python (3.4.3),py,Time Limit Exceeded,2118,238704,542,
s090492406,p02936,u107407427,1566184258,Python,Python (3.4.3),py,Time Limit Exceeded,2110,105728,971,
s957856587,p02936,u415154163,1566184255,Python,Python (3.4.3),py,Wrong Answer,2105,75924,656,
s421275353,p02936,u673058289,1566184255,C++,C++14 (GCC 5.4.1),cpp,Accepted,365,26240,578,
s137681770,p02936,u855016901,1566184249,C++,C++14 (GCC 5.4.1),cpp,Accepted,328,4736,625,
s980565632,p02936,u218842729,1566184241,C++,C++14 (GCC 5.4.1),cpp,Runtime Error,2218,1706884,3821,
s243243663,p02936,u580402951,1566184241,C++,C++14 (GCC 5.4.1),cpp,Runtime Error,2210,2055928,3838,
s870962674,p02936,u572271833,1566184235,Python,PyPy3 (2.4.0),py,Wrong Answer,2110,221792,584,
s992016775,p02936,u755499606,1566184227,C++,C++14 (GCC 5.4.1),cpp,Accepted,313,3968,523,
s814232434,p02936,u684901760,1566184227,C++,C++14 (GCC 5.4.1),cpp,Compile Error,,,1199,
s969143720,p02936,u536377809,1566184220,Python,Python (3.4.3),py,Time Limit Exceeded,2111,138664,453,
s884968155,p02936,u605722824,1566184216,Java,Java8 (OpenJDK 1.8.0),java,Time Limit Exceeded,2109,189032,1265,
s207459268,p02936,u488016167,1566184215,Python,Python (2.7.6),py,Runtime Error,1486,70988,796,
s246535782,p02936,u646130340,1566184204,Python,Python (3.4.3),py,Wrong Answer,1276,41060,332,
s977862106,p02936,u149362554,1566184202,Java,Java8 (OpenJDK 1.8.0),java,Time Limit Exceeded,2110,364236,1675,
s162051354,p02936,u536377809,1566184200,Python,Python (3.4.3),py,Wrong Answer,2112,138752,452,
s425544495,p02936,u095714878,1566184199,Julia,Julia (0.5.0),jl,Wrong Answer,2111,173176,306,
s292077349,p02936,u046105273,1566184193,Kotlin,Kotlin (1.0.0),kt,Time Limit Exceeded,2119,154876,1182,
s926944795,p02936,u533039576,1566184178,Python,PyPy3 (2.4.0),py,Accepted,2000,124032,526,
s037002330,p02936,u874414087,1566184164,Ruby,Ruby (2.3.3),rb,Runtime Error,1429,68472,599,
s583662891,p02936,u087672117,1566184162,Java,Java8 (OpenJDK 1.8.0),java,Time Limit Exceeded,2109,243336,1230,
s912494519,p02936,u688126754,1566184151,Python,Python (3.4.3),py,Runtime Error,1742,53748,1532,
s404178796,p02936,u578274732,1566184150,Go,Go (1.6),go,Accepted,1102,35072,1703,
s411071542,p02936,u607865971,1566184145,Python,Python (3.4.3),py,Time Limit Exceeded,2120,260812,546,
s741942682,p02936,u385644001,1566184141,Python,PyPy3 (2.4.0),py,Accepted,1928,101592,348,
s351199622,p02936,u408650734,1566184127,C++,C++14 (GCC 5.4.1),cpp,Accepted,429,24320,723,
s766681392,p02936,u842596864,1566184127,C++,C++14 (GCC 5.4.1),cpp,Accepted,92,3968,669,
s839941700,p02936,u205892160,1566184126,Python,PyPy3 (2.4.0),py,Time Limit Exceeded,2106,58440,668,
s350765181,p02936,u401830498,1566184115,C#,C# (Mono 4.6.2.0),cs,Compile Error,,,1984,
s829902834,p02936,u726807166,1566184115,Python,Python (3.4.3),py,Wrong Answer,1616,122240,283,
s317766315,p02936,u234636620,1566184106,Python,Python (3.4.3),py,Accepted,1401,69448,795,
s363991963,p02936,u849073847,1566184101,C++,C++14 (GCC 5.4.1),cpp,Accepted,273,14848,530,
s983787032,p02936,u508700891,1566184098,C++,C++14 (GCC 5.4.1),cpp,Wrong Answer,253,42752,2906,
s175103784,p02936,u174273188,1566184096,Python,PyPy3 (2.4.0),py,Time Limit Exceeded,2111,117976,494,
s570013810,p02936,u219197917,1566184077,Python,PyPy3 (2.4.0),py,Accepted,817,93844,611,
s524086342,p02936,u177411511,1566184073,Python,PyPy3 (2.4.0),py,Wrong Answer,813,89420,366,
s427187377,p02936,u552730117,1566184068,Java,Java8 (OpenJDK 1.8.0),java,Accepted,1827,110244,1163,
s846448086,p02936,u508700891,1566184067,C++,C++14 (GCC 5.4.1),cpp,Runtime Error,298,8960,2902,
s550650046,p02936,u332906195,1566184065,Python,Python (3.4.3),py,Accepted,1518,58964,372,
s830011904,p02936,u385644001,1566184061,Python,PyPy3 (2.4.0),py,Time Limit Exceeded,2112,144260,372,
s892683767,p02936,u149362554,1566184057,Java,Java8 (OpenJDK 1.8.0),java,Time Limit Exceeded,2110,378760,1674,
s366868414,p02936,u234636620,1566184055,Python,Python (3.4.3),py,Wrong Answer,1418,70312,813,
s386600458,p02936,u561491193,1566184052,Ruby,Ruby (2.3.3),rb,Time Limit Exceeded,2113,105668,439,
s882508594,p02936,u572271833,1566184050,Python,PyPy3 (2.4.0),py,Wrong Answer,2110,222940,584,
s564920616,p02936,u198614819,1566184048,C++,C++14 (GCC 5.4.1),cpp,Accepted,316,3968,742,
s862550392,p02936,u688126754,1566184048,Python,Python (3.4.3),py,Runtime Error,1636,53748,1561,
s410333550,p02936,u243955520,1566184047,Python,Python (3.4.3),py,Runtime Error,2108,91832,727,
s593229400,p02936,u546736430,1566184044,C++,C++14 (GCC 5.4.1),cpp,Accepted,288,24704,609,
s891386075,p02936,u979640637,1566184038,C#,C# (Mono 4.6.2.0),cs,Time Limit Exceeded,2117,100228,4774,
s135440645,p02936,u415865011,1566184036,JavaScript,JavaScript (node.js v5.12),js,Runtime Error,50,7244,1041,
s873281501,p02936,u391157755,1566184036,Python,PyPy3 (2.4.0),py,Time Limit Exceeded,2124,327928,587,
s966494735,p02936,u102960641,1566184028,Python,PyPy3 (2.4.0),py,Accepted,1839,121432,369,
s451377386,p02936,u117657834,1566184026,Java,Java8 (OpenJDK 1.8.0),java,Accepted,1991,190204,846,
s328768689,p02936,u450180547,1566184021,Python,Python (3.4.3),py,Accepted,1710,51052,432,
s977823590,p02936,u107407427,1566184020,Python,Python (3.4.3),py,Wrong Answer,2108,102752,978,
s246657407,p02936,u346308892,1566184018,Julia,Julia (0.5.0),jl,Runtime Error,1103,202772,489,
s940349867,p02936,u332906195,1566184017,Python,PyPy3 (2.4.0),py,Accepted,1801,123468,372,
s284751471,p02936,u409962311,1566184014,Java,Java8 (OpenJDK 1.8.0),java,Runtime Error,1522,1022860,1505,
s185442463,p02936,u219197917,1566184014,Python,PyPy3 (2.4.0),py,Accepted,780,78740,613,
s650634873,p02936,u933341648,1566183983,Python,Python (3.4.3),py,Time Limit Exceeded,2108,78896,377,
s797041738,p02936,u391157755,1566183980,Python,Python (3.4.3),py,Time Limit Exceeded,2119,251204,587,
s188667155,p02936,u102960641,1566183976,Python,Python (3.4.3),py,Accepted,1657,124004,368,
s239416439,p02936,u327687161,1566183973,C++,C++14 (Clang 3.8.0),cpp,Time Limit Exceeded,2104,26368,970,
s388131685,p02936,u409962311,1566183973,Java,Java8 (OpenJDK 1.8.0),java,Wrong Answer,914,157320,1507,
s180741004,p02936,u917092881,1566183972,Python,PyPy3 (2.4.0),py,Accepted,1697,89936,417,
s860928538,p02936,u726807166,1566183952,Python,Python (3.4.3),py,Time Limit Exceeded,2111,125504,291,
s363663087,p02936,u653807637,1566183952,Python,PyPy3 (2.4.0),py,Time Limit Exceeded,2117,231168,499,
s140182779,p02936,u448863865,1566183951,Java,Java8 (OpenJDK 1.8.0),java,Time Limit Exceeded,2110,242240,1252,
s214327724,p02936,u522656211,1566183950,Java,Java8 (OpenJDK 1.8.0),java,Time Limit Exceeded,2109,102532,1269,
s796429319,p02936,u554096168,1566183945,Python,Python (3.4.3),py,Time Limit Exceeded,2118,235560,549,
s257059311,p02936,u234636620,1566183944,Python,Python (3.4.3),py,Wrong Answer,1386,77004,813,
s327209106,p02936,u978178314,1566183941,Python,PyPy3 (2.4.0),py,Time Limit Exceeded,2115,185584,442,
s036368086,p02936,u588341295,1566183940,Python,PyPy3 (2.4.0),py,Time Limit Exceeded,2158,895864,871,
s699930712,p02936,u379804877,1566183940,Python,PyPy3 (2.4.0),py,Wrong Answer,1754,115088,405,
s462052679,p02936,u568545273,1566183939,Java,Java8 (OpenJDK 1.8.0),java,Accepted,1965,164688,865,
s335643839,p02936,u117657834,1566183937,Java,Java8 (OpenJDK 1.8.0),java,Accepted,1826,125236,936,
s887470937,p02936,u607865971,1566183935,Python,PyPy3 (2.4.0),py,Time Limit Exceeded,2122,324808,490,
s693767166,p02936,u379804877,1566183934,Python,PyPy3 (2.4.0),py,Wrong Answer,1455,109004,286,
s225867266,p02936,u488016167,1566183927,Python,Python (2.7.6),py,Runtime Error,1489,75048,772,
s859574223,p02936,u547754910,1566183927,C++,C++14 (GCC 5.4.1),cpp,Accepted,349,12544,423,
s057896958,p02936,u385644001,1566183922,Python,PyPy3 (2.4.0),py,Time Limit Exceeded,2113,188248,468,
s022872037,p02936,u607865971,1566183914,Python,Python (3.4.3),py,Time Limit Exceeded,2120,257344,490,
s034314331,p02936,u612390263,1566183913,Python,Python (3.4.3),py,Wrong Answer,2086,139684,409,
s606830564,p02936,u201660334,1566183913,Python,PyPy3 (2.4.0),py,Time Limit Exceeded,2109,116448,464,
s758024033,p02936,u078181689,1566183904,Python,Python (3.4.3),py,Accepted,1998,113536,445,
s445326280,p02936,u721185744,1566183904,C++,C++14 (GCC 5.4.1),cpp,Runtime Error,3396,256,830,
s382813124,p02936,u453634575,1566183903,Python,Python (3.4.3),py,Time Limit Exceeded,2116,110828,452,
s614727336,p02936,u684901760,1566183900,C++,C++14 (GCC 5.4.1),cpp,Compile Error,,,1190,
s131390067,p02936,u702582248,1566183898,Java,Java8 (OpenJDK 1.8.0),java,Accepted,1681,187988,918,
s775679358,p02936,u744305661,1566183884,C++,C++14 (GCC 5.4.1),cpp,Accepted,371,30464,950,
s627022097,p02936,u322354465,1566183882,Python,Python (3.4.3),py,Accepted,1677,84844,845,
s145511872,p02936,u107407427,1566183880,Python,Python (3.4.3),py,Wrong Answer,2107,105824,1062,
s389080019,p02936,u177411511,1566183876,Python,PyPy3 (2.4.0),py,Wrong Answer,713,86220,402,
s545721237,p02936,u624505752,1566183868,Ruby,Ruby (2.3.3),rb,Time Limit Exceeded,2113,89408,1673,
s437960816,p02936,u607865971,1566183864,Python,Python (3.4.3),py,Runtime Error,1687,93084,446,
s395785186,p02936,u475487788,1566183862,C#,C# (Mono 4.6.2.0),cs,Time Limit Exceeded,2111,58012,1827,
s355424124,p02936,u688126754,1566183861,Python,Python (3.4.3),py,Runtime Error,1800,53780,1509,
s554420855,p02936,u552357043,1566183859,Python,PyPy3 (2.4.0),py,Accepted,1665,66764,324,
s077145081,p02936,u201660334,1566183857,Python,Python (3.4.3),py,Time Limit Exceeded,2107,80100,464,
s125079987,p02936,u648138491,1566183853,C++,C++14 (GCC 5.4.1),cpp,Accepted,140,32128,1971,
s587848071,p02936,u860649643,1566183837,Python,Python (3.4.3),py,Runtime Error,1870,82560,639,
s416282403,p02936,u127194462,1566183833,C++,C++14 (GCC 5.4.1),cpp,Accepted,294,23552,823,
s788569721,p02936,u372177994,1566183829,C++,C++14 (GCC 5.4.1),cpp,Wrong Answer,2105,42880,882,
s395458537,p02936,u168621426,1566183829,C#,C# (Mono 4.6.2.0),cs,Accepted,1325,69436,1825,
s563529073,p02936,u757738907,1566183825,C++,C++14 (GCC 5.4.1),cpp,Wrong Answer,2105,45696,4495,
s612309071,p02936,u087831989,1566183823,Java,Java8 (OpenJDK 1.8.0),java,Accepted,1881,167420,813,
s559179589,p02936,u072774815,1566183822,C++,C++14 (GCC 5.4.1),cpp,Accepted,258,7936,646,
s520762603,p02936,u612390263,1566183818,Python,Python (3.4.3),py,Wrong Answer,1813,128736,388,
s284146863,p02936,u237022500,1566183814,C++,C++14 (GCC 5.4.1),cpp,Accepted,361,20352,766,
s322206041,p02936,u545368057,1566183814,Python,PyPy3 (2.4.0),py,Time Limit Exceeded,2125,354040,810,
s787001666,p02936,u173561231,1566183811,Scala,Scala (2.11.7),scala,Time Limit Exceeded,2119,151176,1506,
s418248948,p02936,u729300713,1566183809,Python,Python (3.4.3),py,Time Limit Exceeded,2111,104124,1031,
s699520898,p02936,u963021299,1566183807,C#,C# (Mono 4.6.2.0),cs,Runtime Error,2109,34624,1628,
s870047701,p02936,u385631112,1566183806,Ruby,Ruby (2.3.3),rb,Runtime Error,2111,62556,700,
s610656413,p02936,u379947938,1566183804,C++,C++14 (GCC 5.4.1),cpp,Accepted,401,73344,2418,
s955115849,p02936,u568877271,1566183803,C++,C++14 (GCC 5.4.1),cpp,Time Limit Exceeded,2106,44416,1534,
s020626315,p02936,u333945892,1566183798,Python,Python (3.4.3),py,Time Limit Exceeded,2108,89796,735,
s049971145,p02936,u464355268,1566183797,C++,C++14 (GCC 5.4.1),cpp,Accepted,251,3968,981,
s103889224,p02936,u064061804,1566183797,Python,PyPy3 (2.4.0),py,Accepted,1890,123564,716,
s844767068,p02936,u688126754,1566183796,Python,Python (3.4.3),py,Runtime Error,1758,53780,1485,
s966144928,p02936,u121192152,1566183794,Python,Python (3.4.3),py,Accepted,1223,102264,562,
s468249002,p02936,u498620941,1566183785,Python,Python (3.4.3),py,Time Limit Exceeded,2109,140028,582,
s983662050,p02936,u997113115,1566183776,Python,PyPy3 (2.4.0),py,Time Limit Exceeded,2123,322304,478,
s324280013,p02936,u307119370,1566183774,Python,Python (3.4.3),py,Runtime Error,326,33528,466,
s568916005,p02936,u476604182,1566183770,Python,PyPy3 (2.4.0),py,Time Limit Exceeded,2123,343436,719,
s455691149,p02936,u153390822,1566183770,C++,C++14 (GCC 5.4.1),cpp,Accepted,324,28928,1224,
s775657623,p02936,u917092881,1566183766,Python,Python (3.4.3),py,Accepted,1485,41268,412,
s875842243,p02936,u936602931,1566183755,C++,C++14 (GCC 5.4.1),cpp,Accepted,264,4736,509,
s288906515,p02936,u066120889,1566183754,Haskell,Haskell (GHC 7.10.3),hs,Time Limit Exceeded,2114,178172,1577,
s068413604,p02936,u978178314,1566183752,Python,PyPy3 (2.4.0),py,Time Limit Exceeded,2114,172880,442,
s782847597,p02936,u333945892,1566183752,Python,PyPy3 (2.4.0),py,Accepted,1331,141308,755,
s228198317,p02936,u019780057,1566183751,C++,C++14 (GCC 5.4.1),cpp,Runtime Error,3509,256,2133,
s312966358,p02936,u522656211,1566183751,Java,Java8 (OpenJDK 1.8.0),java,Time Limit Exceeded,2109,104032,1678,
s420527436,p02936,u488016167,1566183750,Python,Python (2.7.6),py,Wrong Answer,1653,76584,778,
s423245082,p02936,u391157755,1566183745,Python,Python (3.4.3),py,Runtime Error,1976,88636,543,
s736497681,p02936,u787456042,1566183745,Python,Python (3.4.3),py,Accepted,1758,113628,335,
s061183277,p02936,u646130340,1566183738,Python,Python (3.4.3),py,Time Limit Exceeded,2105,33396,328,
s708610121,p02936,u453634575,1566183736,Python,Python (3.4.3),py,Runtime Error,2115,111600,432,
s636393297,p02936,u992767140,1566183733,Python,Python (2.7.6),py,Time Limit Exceeded,2104,16700,1707,
s047086724,p02936,u061984624,1566183728,Python,PyPy3 (2.4.0),py,Accepted,1749,112128,447,
s040201398,p02936,u055685044,1566183719,C++,C++14 (GCC 5.4.1),cpp,Accepted,250,3968,598,
s309204585,p02936,u116328320,1566183719,Rust,Rust (1.15.1),rs,Time Limit Exceeded,2103,17404,1372,
s508905186,p02936,u234636620,1566183710,Python,Python (3.4.3),py,Wrong Answer,1545,69484,791,
s181577435,p02936,u552730117,1566183704,Java,Java8 (OpenJDK 1.8.0),java,Accepted,1683,106452,1220,
s789504431,p02936,u997113115,1566183702,Python,PyPy3 (2.4.0),py,Time Limit Exceeded,2120,274432,497,
s345451785,p02936,u476604182,1566183702,Python,PyPy3 (2.4.0),py,Runtime Error,2123,332848,721,
s631164132,p02936,u978178314,1566183694,Python,Python (3.4.3),py,Accepted,1992,146620,442,
s101207188,p02936,u952467214,1566183694,Python,Python (3.4.3),py,Runtime Error,2107,94188,578,
s704539582,p02936,u379804877,1566183693,Python,PyPy3 (2.4.0),py,Wrong Answer,1527,109004,286,
s865010034,p02936,u147571984,1566183693,C++,C++14 (GCC 5.4.1),cpp,Accepted,402,23424,1039,
s853366562,p02936,u764744362,1566183692,C++,C++14 (GCC 5.4.1),cpp,Wrong Answer,577,24320,1095,
s403490351,p02936,u814827385,1566183691,Ruby,Ruby (2.3.3),rb,Wrong Answer,1261,75440,270,
s855295920,p02936,u936602931,1566183688,C++,C++14 (GCC 5.4.1),cpp,Wrong Answer,250,4480,462,
s317643335,p02936,u922487073,1566183687,Python,Python (3.4.3),py,Time Limit Exceeded,2111,73464,530,
s301841388,p02936,u532894762,1566183683,C++,C++14 (GCC 5.4.1),cpp,Accepted,273,4736,2306,
s097012845,p02936,u052476723,1566183681,C++,C++14 (GCC 5.4.1),cpp,Accepted,256,11008,890,
s031032020,p02936,u545368057,1566183680,Python,PyPy3 (2.4.0),py,Runtime Error,1892,133052,739,
s888532321,p02936,u787456042,1566183677,Python,Python (3.4.3),py,Wrong Answer,1584,112888,274,
s966687083,p02936,u992875223,1566183673,C++,C++14 (GCC 5.4.1),cpp,Accepted,397,39168,729,
s358497624,p02936,u471819781,1566183673,Ruby,Ruby (2.3.3),rb,Runtime Error,2111,69716,576,
s287849392,p02936,u376082984,1566183673,C++,C++14 (GCC 5.4.1),cpp,Time Limit Exceeded,2215,1631836,3807,
s634137504,p02936,u049652688,1566183672,C++,C++14 (GCC 5.4.1),cpp,Accepted,329,7040,711,
s442555779,p02936,u453634575,1566183672,Python,Python (3.4.3),py,Runtime Error,2115,111600,432,
s614391015,p02936,u191874006,1566183667,Python,Python (3.4.3),py,Time Limit Exceeded,2107,63200,918,
s433759897,p02936,u552730117,1566183664,Java,Java8 (OpenJDK 1.8.0),java,Compile Error,,,1223,
s582452823,p02936,u702582248,1566183663,Java,Java8 (OpenJDK 1.8.0),java,Accepted,1979,229812,915,
s319618878,p02936,u072825550,1566183662,C++,C++14 (GCC 5.4.1),cpp,Time Limit Exceeded,2104,14720,1700,
s937222807,p02936,u064061804,1566183662,Python,PyPy3 (2.4.0),py,Accepted,1869,125732,747,
s941713227,p02936,u599547273,1566183659,Python,Python (3.4.3),py,Accepted,1540,47868,400,
s920035806,p02936,u364651911,1566183658,C#,C# (Mono 4.6.2.0),cs,Runtime Error,24,11220,909,
s792553009,p02936,u516922881,1566183654,C++,C++14 (GCC 5.4.1),cpp,Accepted,294,21120,717,
s053820337,p02936,u201316840,1566183652,C++,C++14 (GCC 5.4.1),cpp,Accepted,310,29932,816,
s160499433,p02936,u536377809,1566183649,Python,Python (3.4.3),py,Time Limit Exceeded,2217,1815536,428,
s477404080,p02936,u759162415,1566183649,C++,C++14 (GCC 5.4.1),cpp,Wrong Answer,295,13952,826,
s779191090,p02936,u051089531,1566183648,C++,C++14 (GCC 5.4.1),cpp,Accepted,337,30464,1368,
s643369162,p02936,u475487788,1566183647,C#,C# (Mono 4.6.2.0),cs,Time Limit Exceeded,2344,50580,4286,
s352915661,p02936,u688126754,1566183646,Python,Python (3.4.3),py,Runtime Error,1759,53748,1575,
s828424196,p02936,u075628913,1566183643,Python,Python (3.4.3),py,Accepted,1568,58924,334,
s512689243,p02936,u366934151,1566183634,C++,C++14 (GCC 5.4.1),cpp,Accepted,270,14848,1952,
s576828585,p02936,u251075661,1566183626,Python,Python (3.4.3),py,Accepted,1526,92544,571,
s860968134,p02936,u511344501,1566183623,Python,Python (3.4.3),py,Runtime Error,422,14072,562,
s951346317,p02936,u185821641,1566183621,C++,C++14 (GCC 5.4.1),cpp,Runtime Error,2103,3072,707,
s308367641,p02936,u480887263,1566183619,Python,PyPy3 (2.4.0),py,Accepted,1968,150292,434,
s105932580,p02936,u112681763,1566183618,C++,C++14 (GCC 5.4.1),cpp,Accepted,148,23552,801,
s040631622,p02936,u806508506,1566183617,C++,C++14 (GCC 5.4.1),cpp,Time Limit Exceeded,2105,35072,968,
s903522434,p02936,u752904037,1566183617,C++,C++14 (GCC 5.4.1),cpp,Accepted,278,17280,857,
s746232499,p02936,u307252896,1566183613,Go,Go (1.6),go,Accepted,213,10240,816,
s515169047,p02936,u994147425,1566183613,Python,Python (3.4.3),py,Time Limit Exceeded,2106,37772,858,
s792258598,p02936,u051089531,1566183611,C++,C++14 (GCC 5.4.1),cpp,Wrong Answer,37,18160,1372,
s319948412,p02936,u372299304,1566183608,C++,C++14 (GCC 5.4.1),cpp,Accepted,265,7040,771,
s794025171,p02936,u415865011,1566183604,JavaScript,JavaScript (node.js v5.12),js,Runtime Error,53,7244,973,
s864327680,p02936,u665038048,1566183604,Python,Python (3.4.3),py,Accepted,1583,47820,384,
s961688699,p02936,u240685798,1566183603,Python,Python (3.4.3),py,Wrong Answer,2114,110888,495,
s537616773,p02936,u013628553,1566183600,C++,C++14 (GCC 5.4.1),cpp,Accepted,162,68224,1081,
s669269791,p02936,u910199116,1566183600,C++,C++14 (GCC 5.4.1),cpp,Wrong Answer,303,19696,856,
s009414834,p02936,u366482170,1566183590,Python,Python (3.4.3),py,Accepted,1807,66640,330,
s156211877,p02936,u352969025,1566183589,C++,C++14 (GCC 5.4.1),cpp,Accepted,372,139136,1264,
s267034478,p02936,u824958582,1566183584,Python,Python (3.4.3),py,Runtime Error,2106,56144,663,
s187756531,p02936,u688126754,1566183575,Python,Python (3.4.3),py,Runtime Error,1739,53752,1575,
s055175946,p02936,u525090128,1566183572,Python,Python (3.4.3),py,Accepted,1823,78396,291,
s245363284,p02936,u533749093,1566183571,C++,C++14 (GCC 5.4.1),cpp,Accepted,280,15616,1123,
s673606414,p02936,u365512540,1566183569,C++,C++14 (GCC 5.4.1),cpp,Accepted,127,20352,1664,
s500279718,p02936,u546736430,1566183567,C++,C++14 (GCC 5.4.1),cpp,Time Limit Exceeded,2104,20848,780,
s413162002,p02936,u480887263,1566183567,Python,Python (3.4.3),py,Time Limit Exceeded,2050,121620,434,
s569923246,p02936,u364651911,1566183563,C#,C# (Mono 4.6.2.0),cs,Runtime Error,20,12640,867,
s869581918,p02936,u735909278,1566183560,C++,C++14 (GCC 5.4.1),cpp,Runtime Error,301,13440,792,
s533473467,p02936,u498669934,1566183560,C++,C++14 (GCC 5.4.1),cpp,Compile Error,,,896,
s823342662,p02936,u714378447,1566183556,Python,Python (3.4.3),py,Accepted,1791,66708,226,
s325591148,p02936,u792843593,1566183552,Python,PyPy3 (2.4.0),py,Time Limit Exceeded,2111,124532,497,
s052009139,p02936,u386819480,1566183549,Python,Python (3.4.3),py,Accepted,1007,155588,1433,
s456071781,p02936,u190332602,1566183545,Rust,Rust (1.15.1),rs,Accepted,253,20732,1184,
s930617998,p02936,u539371709,1566183543,JavaScript,JavaScript (node.js v5.12),js,Accepted,1133,167608,1232,
s302400086,p02936,u488016167,1566183534,Python,Python (2.7.6),py,Wrong Answer,1561,75944,733,
s596273623,p02936,u253726906,1566183530,Java,Java8 (OpenJDK 1.8.0),java,Time Limit Exceeded,2110,203256,1367,
s202960490,p02936,u545368057,1566183529,Python,PyPy3 (2.4.0),py,Time Limit Exceeded,2122,304632,950,
s343086149,p02936,u509621775,1566183526,Python,Python (3.4.3),py,Time Limit Exceeded,2119,258992,733,
s248408141,p02936,u672177558,1566183523,C++,C++14 (GCC 5.4.1),cpp,Runtime Error,2617,1591308,905,
s234416119,p02936,u881647420,1566183523,C++,C++14 (GCC 5.4.1),cpp,Time Limit Exceeded,2104,23460,1017,
s230437203,p02936,u450180547,1566183515,Python,Python (3.4.3),py,Wrong Answer,881,48668,461,
s081558123,p02936,u579454699,1566183515,C++,C++14 (GCC 5.4.1),cpp,Wrong Answer,2104,4336,947,
s973530114,p02936,u792843593,1566183509,Python,Python (3.4.3),py,Time Limit Exceeded,2112,129800,505,
s025150851,p02936,u311601704,1566183504,Python,PyPy3 (2.4.0),py,Time Limit Exceeded,2110,153028,834,
s407038989,p02936,u279493135,1566183498,Python,Python (3.4.3),py,Accepted,1503,168316,1011,
s751983441,p02936,u281662621,1566183493,Ruby,Ruby (2.3.3),rb,Wrong Answer,1018,68676,785,
s253941507,p02936,u729133443,1566183491,Python,PyPy3 (2.4.0),py,Accepted,1962,108308,328,
s835067051,p02936,u557168336,1566183490,Python,PyPy3 (2.4.0),py,Time Limit Exceeded,2111,122880,732,
s211820710,p02936,u095756391,1566183488,C++,C++14 (GCC 5.4.1),cpp,Accepted,376,24320,1254,
s106334694,p02936,u596182341,1566183476,Python,Python (3.4.3),py,Accepted,1758,111888,706,
s913176200,p02936,u327687161,1566183471,C++,C++14 (Clang 3.8.0),cpp,Time Limit Exceeded,2205,2022144,1180,
s921847136,p02936,u688126754,1566183469,Python,Python (3.4.3),py,Runtime Error,1709,53816,1559,
s304845277,p02936,u672177558,1566183463,C++,C++14 (GCC 5.4.1),cpp,Compile Error,,,867,
s159686178,p02936,u490084374,1566183462,Python,Python (3.4.3),py,Runtime Error,2107,77688,453,
s503541206,p02936,u253726906,1566183457,Java,Java8 (OpenJDK 1.8.0),java,Compile Error,,,1366,
s723719534,p02936,u792843593,1566183453,Python,Python (3.4.3),py,Wrong Answer,2115,211660,530,
s953210110,p02936,u422590714,1566183448,Python,Python (3.4.3),py,Wrong Answer,1928,165704,713,
s784004502,p02936,u110336920,1566183446,C++,C++14 (GCC 5.4.1),cpp,Accepted,345,21120,1285,
s606641162,p02936,u571969099,1566183443,Python,PyPy3 (2.4.0),py,Time Limit Exceeded,2131,467960,898,
s114403389,p02936,u035462050,1566183439,Python,Python (3.4.3),py,Accepted,1646,70200,360,
s915744793,p02936,u312025627,1566183436,Python,PyPy3 (2.4.0),py,Time Limit Exceeded,2110,127744,674,
s160625020,p02936,u365113395,1566183435,C++,C++14 (GCC 5.4.1),cpp,Accepted,145,32896,982,
s313335481,p02936,u855248478,1566183432,C++,C++14 (GCC 5.4.1),cpp,Accepted,160,28160,729,
s071767048,p02936,u326891688,1566183423,Ruby,Ruby (2.3.3),rb,Wrong Answer,2110,54880,2089,
s339964130,p02936,u508486691,1566183423,Python,PyPy3 (2.4.0),py,Accepted,741,100056,887,
s626859422,p02936,u905268546,1566183414,Python,Python (3.4.3),py,Accepted,1603,257280,601,
s837517078,p02936,u281662621,1566183413,Ruby,Ruby (2.3.3),rb,Runtime Error,1244,74508,784,
s967776086,p02936,u223629820,1566183412,C++,C++14 (GCC 5.4.1),cpp,Time Limit Exceeded,2103,3824,1138,
s099881305,p02936,u147571984,1566183410,C++,C++14 (GCC 5.4.1),cpp,Time Limit Exceeded,2104,24192,1016,
s461987808,p02936,u965602776,1566183404,Python,PyPy3 (2.4.0),py,Accepted,1847,112204,312,
s794507947,p02936,u688126754,1566183403,Python,Python (3.4.3),py,Runtime Error,1868,53752,1572,
s234319964,p02936,u546736430,1566183403,C++,C++14 (GCC 5.4.1),cpp,Wrong Answer,303,34544,801,
s858372497,p02936,u474492589,1566183401,Java,Java8 (OpenJDK 1.8.0),java,Accepted,1944,196248,932,
s974357244,p02936,u579454699,1566183400,C++,C++14 (GCC 5.4.1),cpp,Compile Error,,,897,
s345995566,p02936,u636019904,1566183393,C,C (GCC 5.4.1),c,Runtime Error,99,128,948,
s884160406,p02936,u409962311,1566183393,Java,Java8 (OpenJDK 1.8.0),java,Runtime Error,1512,1024648,1504,
s078677110,p02936,u366482170,1566183390,Python,PyPy3 (2.4.0),py,Wrong Answer,1623,68372,316,
s375179963,p02936,u512979819,1566183388,C++,C++14 (GCC 5.4.1),cpp,Accepted,175,28160,1867,
s275553494,p02936,u599547273,1566183387,Python,Python (3.4.3),py,Accepted,1910,129604,497,
s133255695,p02936,u096616343,1566183373,Python,Python (3.4.3),py,Accepted,1996,64352,513,
s993170979,p02936,u838644735,1566183370,Python,PyPy3 (2.4.0),py,Wrong Answer,2112,164604,666,
s333306512,p02936,u829737781,1566183370,Haskell,Haskell (GHC 7.10.3),hs,Time Limit Exceeded,2113,149884,1330,
s626810138,p02936,u085230936,1566183365,C++,C++14 (GCC 5.4.1),cpp,Wrong Answer,2104,12416,1363,
s733216873,p02936,u147571984,1566183365,C++,C++14 (GCC 5.4.1),cpp,Compile Error,,,991,
s030248258,p02936,u841641310,1566183363,C++,C++14 (GCC 5.4.1),cpp,Accepted,598,30464,950,
s551387581,p02936,u352969025,1566183353,C++,C++14 (GCC 5.4.1),cpp,Wrong Answer,347,138880,1247,
s936289684,p02936,u432998668,1566183351,C++,C++14 (GCC 5.4.1),cpp,Accepted,249,3968,1198,
s481975608,p02936,u332906195,1566183350,Python,Python (3.4.3),py,Time Limit Exceeded,2117,219160,389,
s186108495,p02936,u488016167,1566183347,Python,Python (2.7.6),py,Wrong Answer,1447,75048,741,
s138897416,p02936,u359747364,1566183341,Python,Python (3.4.3),py,Time Limit Exceeded,2124,336028,1025,
s249505307,p02936,u184572586,1566183339,C++,C++14 (GCC 5.4.1),cpp,Accepted,302,22656,1316,
s453218778,p02936,u409962311,1566183334,Java,Java8 (OpenJDK 1.8.0),java,Runtime Error,1553,1021552,1503,
s434717765,p02936,u922487073,1566183324,Python,Python (3.4.3),py,Time Limit Exceeded,2112,73464,706,
s318121832,p02936,u477745626,1566183318,C++,C++14 (GCC 5.4.1),cpp,Time Limit Exceeded,2105,27520,743,
s926144569,p02936,u698786289,1566183318,C++,C++14 (GCC 5.4.1),cpp,Time Limit Exceeded,2104,21376,747,
s686231329,p02936,u990746416,1566183315,C++,C++14 (GCC 5.4.1),cpp,Accepted,365,36352,1016,
s460541750,p02936,u625729943,1566183315,Python,PyPy3 (2.4.0),py,Time Limit Exceeded,2119,249964,695,
s762075657,p02936,u408620326,1566183314,Python,Python (3.4.3),py,Accepted,1120,48224,591,
s539201775,p02936,u602252807,1566183309,Python,Python (3.4.3),py,Accepted,1871,44776,386,
s094174277,p02936,u453634575,1566183304,Python,Python (3.4.3),py,Wrong Answer,2115,112480,369,
s798186442,p02936,u332906195,1566183299,Python,Python (3.4.3),py,Time Limit Exceeded,2110,225856,389,
s668811152,p02936,u824326335,1566183292,Python,Python (3.4.3),py,Runtime Error,2109,96504,345,
s929428267,p02936,u591717585,1566183287,Java,Java8 (OpenJDK 1.8.0),java,Accepted,1587,123336,4005,
s432777663,p02936,u409962311,1566183287,Java,Java8 (OpenJDK 1.8.0),java,Wrong Answer,945,159580,1503,
s491714456,p02936,u525090128,1566183285,Python,Python (3.4.3),py,Wrong Answer,1414,40656,304,
s164273771,p02936,u714378447,1566183283,Python,Python (3.4.3),py,Time Limit Exceeded,2111,113472,257,
s229561923,p02936,u579355226,1566183283,C++,C++14 (GCC 5.4.1),cpp,Accepted,251,7936,646,
s506153716,p02936,u218843509,1566183282,Python,Python (3.4.3),py,Accepted,1290,64980,545,
s859844437,p02936,u432998668,1566183272,C++,C++14 (GCC 5.4.1),cpp,Wrong Answer,248,3968,1197,
s773339634,p02936,u787456042,1566183267,Python,Python (3.4.3),py,Wrong Answer,1729,150004,361,
s577675070,p02936,u688126754,1566183264,Python,Python (3.4.3),py,Runtime Error,1808,53752,1585,
s033183676,p02936,u881647420,1566183260,C++,C++14 (GCC 5.4.1),cpp,Time Limit Exceeded,2222,1770004,1034,
s947051436,p02936,u595893956,1566183255,C++,C++14 (GCC 5.4.1),cpp,Accepted,305,22656,813,
s092030341,p02936,u636019904,1566183255,C,C (GCC 5.4.1),c,Runtime Error,100,128,952,
s400556310,p02936,u652057333,1566183255,Python,Python (3.4.3),py,Accepted,1996,232968,560,
s081968240,p02936,u415154163,1566183253,Python,Python (3.4.3),py,Wrong Answer,2106,75940,655,
s016655268,p02936,u591589288,1566183244,Python,Python (3.4.3),py,Runtime Error,2116,229276,675,
s257229657,p02936,u475008359,1566183243,C++,C++14 (GCC 5.4.1),cpp,Accepted,104,21120,875,
s726274880,p02936,u388637960,1566183238,Python,Python (3.4.3),py,Time Limit Exceeded,2112,85352,1096,
s511787729,p02936,u764744362,1566183235,C++,C++14 (GCC 5.4.1),cpp,Time Limit Exceeded,2105,24320,1110,
s164099711,p02936,u346308892,1566183234,Julia,Julia (0.5.0),jl,Runtime Error,684,140972,486,
s053316842,p02936,u828593789,1566183233,C,C (GCC 5.4.1),c,Accepted,100,4480,655,
s093086233,p02936,u912599273,1566183227,Java,Java8 (OpenJDK 1.8.0),java,Accepted,1582,189052,602,
s013118032,p02936,u095015466,1566183227,Java,Java8 (OpenJDK 1.8.0),java,Accepted,1576,68784,2706,
s403142750,p02936,u887207211,1566183225,Python,PyPy3 (2.4.0),py,Time Limit Exceeded,2157,829828,722,
s237843970,p02936,u979640637,1566183224,C#,C# (Mono 4.6.2.0),cs,Runtime Error,2117,101740,4636,
s109261567,p02936,u826929627,1566183204,Python,Python (3.4.3),py,Accepted,1856,41772,399,
s800807555,p02936,u251075661,1566183202,Python,Python (3.4.3),py,Time Limit Exceeded,2109,80900,964,
s574592063,p02936,u921811474,1566183200,Python,Python (3.4.3),py,Accepted,1268,36896,341,
s342733961,p02936,u695429668,1566183195,Python,PyPy3 (2.4.0),py,Time Limit Exceeded,2114,153840,938,
s514954849,p02936,u498669934,1566183193,C++,C++14 (GCC 5.4.1),cpp,Compile Error,,,884,
s700354742,p02936,u325942975,1566183190,Java,Java8 (OpenJDK 1.8.0),java,Runtime Error,2110,346368,3536,
s039242359,p02936,u391667116,1566183190,C++,C++14 (GCC 5.4.1),cpp,Time Limit Exceeded,2104,6912,747,
s774432943,p02936,u174394352,1566183188,Python,Python (3.4.3),py,Accepted,1996,108128,531,
s333831235,p02936,u825027400,1566183184,Python,PyPy3 (2.4.0),py,Accepted,1792,121036,391,
s240246484,p02936,u488016167,1566183181,Python,Python (2.7.6),py,Runtime Error,1699,75920,772,
s494397584,p02936,u688126754,1566183179,Python,Python (3.4.3),py,Runtime Error,1797,53884,1530,
s786270617,p02936,u965602776,1566183175,Python,Python (3.4.3),py,Accepted,1544,78112,312,
s679004016,p02936,u671252250,1566183174,Python,PyPy3 (2.4.0),py,Time Limit Exceeded,2153,770072,871,
s580966223,p02936,u437638594,1566183172,Python,Python (3.4.3),py,Accepted,1358,25828,277,
s014216999,p02936,u764744362,1566183169,C++,C++14 (GCC 5.4.1),cpp,Wrong Answer,2104,24320,1107,
s399399976,p02936,u562016607,1566183167,Python,Python (3.4.3),py,Accepted,1799,62596,489,
s839385747,p02936,u121192152,1566183164,Python,PyPy3 (2.4.0),py,Time Limit Exceeded,2109,121724,512,
s804694902,p02936,u838644735,1566183158,Python,PyPy3 (2.4.0),py,Wrong Answer,2112,159872,686,
s788278259,p02936,u379804877,1566183155,Python,PyPy3 (2.4.0),py,Wrong Answer,2112,133496,470,
s355212824,p02936,u116328320,1566183147,Rust,Rust (1.15.1),rs,Time Limit Exceeded,2104,26876,1383,
s743936731,p02936,u002135808,1566183140,C++,C++14 (Clang 3.8.0),cpp,Wrong Answer,2106,40832,547,
s943665287,p02936,u616117610,1566183136,Python,Python (3.4.3),py,Time Limit Exceeded,2114,179092,525,
s004662015,p02936,u955251526,1566183135,Python,Python (3.4.3),py,Time Limit Exceeded,2120,261128,662,
s412886276,p02936,u156677492,1566183133,Python,Python (3.4.3),py,Time Limit Exceeded,2106,44340,348,
s697930388,p02936,u281662621,1566183133,Ruby,Ruby (2.3.3),rb,Runtime Error,990,65548,748,
s235386035,p02936,u533039576,1566183132,Python,Python (3.4.3),py,Time Limit Exceeded,2111,232212,490,
s910702101,p02936,u242031676,1566183131,Python,Python (3.4.3),py,Time Limit Exceeded,2106,40856,363,
s080892263,p02936,u040067762,1566183128,Python,PyPy3 (2.4.0),py,Wrong Answer,2109,131936,461,
s306599419,p02936,u838644735,1566183127,Python,PyPy3 (2.4.0),py,Wrong Answer,2113,179828,684,
s141555966,p02936,u905268546,1566183126,Python,Python (3.4.3),py,Time Limit Exceeded,2119,257024,574,
s903353151,p02936,u359747364,1566183123,Python,Python (3.4.3),py,Time Limit Exceeded,2116,212832,971,
s861690585,p02936,u313805990,1566183118,Java,Java8 (OpenJDK 1.8.0),java,Accepted,1953,217924,919,
s310300382,p02936,u697421413,1566183117,C++,C++14 (GCC 5.4.1),cpp,Accepted,276,22656,1736,
s253769198,p02936,u148378522,1566183116,Python,Python (3.4.3),py,Runtime Error,2110,127420,726,
s889191502,p02936,u707870100,1566183116,Python,Python (3.4.3),py,Runtime Error,2107,142556,679,
s218825995,p02936,u673361376,1566183113,Python,Python (3.4.3),py,Runtime Error,2113,140236,920,
s905112975,p02936,u917092881,1566183110,Python,Python (3.4.3),py,Time Limit Exceeded,2108,78596,783,
s145591226,p02936,u440312135,1566183109,C++,C++14 (GCC 5.4.1),cpp,Accepted,201,49280,1659,
s983387955,p02936,u183896397,1566183108,Python,Python (3.4.3),py,Accepted,1922,71208,458,
s859555983,p02936,u489316980,1566183101,Java,Java8 (OpenJDK 1.8.0),java,Accepted,1740,122908,934,
s419618761,p02936,u620156187,1566183100,Python,Python (3.4.3),py,Time Limit Exceeded,2105,22388,358,
s147621281,p02936,u729300713,1566183098,Python,Python (3.4.3),py,Time Limit Exceeded,2110,104188,1017,
s167258648,p02936,u488016167,1566183095,Python,Python (2.7.6),py,Runtime Error,1592,75928,773,
s762030411,p02936,u218843509,1566183092,Python,PyPy3 (2.4.0),py,Accepted,862,110628,545,
s149292259,p02936,u551066908,1566183091,Python,Python (3.4.3),py,Accepted,1440,25808,298,
s134793991,p02936,u185896732,1566183090,Python,PyPy3 (2.4.0),py,Wrong Answer,620,53284,551,
s462457295,p02936,u173561231,1566183089,Scala,Scala (2.11.7),scala,Time Limit Exceeded,2118,162784,1450,
s709517141,p02936,u498669934,1566183088,C++,C++14 (GCC 5.4.1),cpp,Compile Error,,,873,
s949634182,p02936,u955251526,1566183088,Python,Python (3.4.3),py,Runtime Error,1551,75144,659,
s831822928,p02936,u346395915,1566183087,Python,Python (3.4.3),py,Time Limit Exceeded,2113,148228,496,
s134954611,p02936,u043150661,1566183083,Kotlin,Kotlin (1.0.0),kt,Accepted,1356,157792,645,
s661696813,p02936,u359747364,1566183079,Python,Python (3.4.3),py,Wrong Answer,2120,260960,981,
s221887318,p02936,u253726906,1566183079,Java,Java8 (OpenJDK 1.8.0),java,Time Limit Exceeded,2110,200888,1391,
s756262259,p02936,u104282757,1566183075,Python,PyPy3 (2.4.0),py,Accepted,1978,120792,591,
s382203588,p02936,u787972656,1566183070,C++,C++14 (GCC 5.4.1),cpp,Time Limit Exceeded,2103,3712,545,
s392974647,p02936,u938650438,1566183066,Kotlin,Kotlin (1.0.0),kt,Accepted,1478,138112,691,
s605381307,p02936,u609061751,1566183063,Python,PyPy3 (2.4.0),py,Runtime Error,2109,120280,488,
s959795708,p02936,u508486691,1566183057,Python,PyPy3 (2.4.0),py,Time Limit Exceeded,2108,96984,959,
s805158630,p02936,u235027735,1566183051,C++,C++14 (GCC 5.4.1),cpp,Runtime Error,4290,256,918,
s049709521,p02936,u233588813,1566183050,Python,Python (3.4.3),py,Time Limit Exceeded,2113,153480,643,
s117660325,p02936,u173561231,1566183050,Scala,Scala (2.11.7),scala,Compile Error,,,1468,
s065859663,p02936,u533039576,1566183048,Python,Python (3.4.3),py,Time Limit Exceeded,2130,422436,476,
s020736756,p02936,u745359993,1566183047,Java,Java8 (OpenJDK 1.8.0),java,Time Limit Exceeded,2106,349732,1355,
s009224021,p02936,u471212175,1566183036,Python,Python (3.4.3),py,Time Limit Exceeded,2105,18800,414,
s463181853,p02936,u925364229,1566183034,Python,Python (3.4.3),py,Time Limit Exceeded,2117,230960,492,
s271863129,p02936,u014847113,1566183030,C++,C++14 (GCC 5.4.1),cpp,Accepted,305,34432,900,
s262958259,p02936,u754375546,1566183029,Ruby,Ruby (2.3.3),rb,Time Limit Exceeded,2113,115432,633,
s071950598,p02936,u376082984,1566183029,C++,C++14 (GCC 5.4.1),cpp,Time Limit Exceeded,2104,12800,3920,
s441620243,p02936,u440312135,1566183028,C++,C++14 (GCC 5.4.1),cpp,Runtime Error,277,76928,1880,
s241412078,p02936,u905268546,1566183026,Python,PyPy3 (2.4.0),py,Time Limit Exceeded,2117,230132,574,
s276539670,p02936,u309439894,1566183025,Ruby,Ruby (2.3.3),rb,Accepted,642,11388,336,
s471233766,p02936,u121192152,1566183020,Python,Python (3.4.3),py,Time Limit Exceeded,2049,102248,512,
s062261844,p02936,u764744362,1566183017,C++,C++14 (GCC 5.4.1),cpp,Time Limit Exceeded,2104,24320,1084,
s702880054,p02936,u729300713,1566183012,Python,Python (3.4.3),py,Wrong Answer,2111,104124,1072,
s841970784,p02936,u488016167,1566183006,Python,Python (2.7.6),py,Runtime Error,1668,75924,772,
s668447094,p02936,u811967730,1566183004,Python,Python (3.4.3),py,Runtime Error,2108,83216,772,
s551860986,p02936,u503228842,1566182996,Python,Python (3.4.3),py,Accepted,1889,52700,266,
s107426943,p02936,u955251526,1566182991,Python,Python (3.4.3),py,Time Limit Exceeded,2122,258064,507,
s129806587,p02936,u473633103,1566182989,Python,Python (3.4.3),py,Accepted,1326,55516,365,
s767151535,p02936,u979667682,1566182988,Python,PyPy3 (2.4.0),py,Accepted,857,122328,678,
s995149245,p02936,u673361376,1566182988,Python,Python (3.4.3),py,Runtime Error,2111,140236,958,
s220537229,p02936,u399721252,1566182984,Python,PyPy3 (2.4.0),py,Accepted,816,95308,861,
s393428392,p02936,u380524497,1566182977,Python,PyPy3 (2.4.0),py,Accepted,867,121508,548,
s839373942,p02936,u661461084,1566182972,C++,C++14 (GCC 5.4.1),cpp,Accepted,351,23680,561,
s297751435,p02936,u925364229,1566182969,Python,Python (3.4.3),py,Time Limit Exceeded,2117,222900,477,
s105354687,p02936,u117327215,1566182965,C#,C# (Mono 4.6.2.0),cs,Accepted,887,84068,11806,
s920243312,p02936,u023540496,1566182964,Python,Python (3.4.3),py,Accepted,1568,28588,406,
s583853484,p02936,u383416302,1566182955,Python,Python (3.4.3),py,Accepted,1303,25828,258,
s336576028,p02936,u637646387,1566182955,Python,Python (3.4.3),py,Accepted,1475,53024,370,
s532374461,p02936,u438662618,1566182954,Python,Python (3.4.3),py,Accepted,1959,140068,786,
s339137309,p02936,u977193988,1566182949,Python,Python (3.4.3),py,Accepted,1955,77352,302,
s491759640,p02936,u653807637,1566182949,Python,Python (3.4.3),py,Accepted,1970,131852,384,
s782570830,p02936,u251075661,1566182947,Python,Python (3.4.3),py,Runtime Error,2108,83004,861,
s348102069,p02936,u105801182,1566182947,C++,C++14 (GCC 5.4.1),cpp,Accepted,256,7040,1972,
s342415941,p02936,u061984624,1566182945,Python,PyPy3 (2.4.0),py,Time Limit Exceeded,2123,326264,555,
s582789011,p02936,u811967730,1566182943,Python,Python (3.4.3),py,Runtime Error,2109,83216,765,
s638665382,p02936,u620156187,1566182941,Python,Python (3.4.3),py,Time Limit Exceeded,2105,22388,356,
s316727670,p02936,u118477733,1566182939,Kotlin,Kotlin (1.0.0),kt,Time Limit Exceeded,2119,234352,1259,
s670884909,p02936,u994147425,1566182938,Python,Python (3.4.3),py,Wrong Answer,2106,39772,864,
s625915069,p02936,u533039576,1566182934,Python,Python (3.4.3),py,Time Limit Exceeded,2110,232212,488,
s683635384,p02936,u297109012,1566182927,C++,C++ (GCC 5.4.1),cpp,Accepted,300,17124,1474,
s021254941,p02936,u490084374,1566182919,Python,Python (3.4.3),py,Runtime Error,2107,77688,418,
s162500035,p02936,u881647420,1566182902,C++,C++14 (GCC 5.4.1),cpp,Wrong Answer,2104,23424,1044,
s568873525,p02936,u633451629,1566182898,C++,C++14 (GCC 5.4.1),cpp,Time Limit Exceeded,2108,134656,932,
s597578992,p02936,u846686917,1566182896,C++,C++14 (GCC 5.4.1),cpp,Wrong Answer,554,32256,1112,
s230898901,p02936,u281662621,1566182893,Ruby,Ruby (2.3.3),rb,Runtime Error,1848,74568,885,
s281847026,p02936,u776649162,1566182887,Ruby,Ruby (2.3.3),rb,Accepted,832,29436,631,
s596729405,p02936,u695429668,1566182886,Python,PyPy3 (2.4.0),py,Runtime Error,2110,144884,933,
s826735252,p02936,u116328320,1566182874,Rust,Rust (1.15.1),rs,Time Limit Exceeded,2104,26876,1387,
s795526182,p02936,u304292701,1566182872,Python,Python (3.4.3),py,Runtime Error,1555,109512,686,
s667617471,p02936,u671252250,1566182871,Python,Python (3.4.3),py,Time Limit Exceeded,2124,326224,871,
s516658751,p02936,u102133537,1566182864,Java,Java8 (OpenJDK 1.8.0),java,Wrong Answer,2106,345456,1534,
s653263706,p02936,u904943473,1566182856,Python,Python (3.4.3),py,Time Limit Exceeded,2111,140640,870,
s345107360,p02936,u695429668,1566182853,Python,PyPy3 (2.4.0),py,Runtime Error,2111,184312,913,
s546822843,p02936,u823582819,1566182853,Python,Python (3.4.3),py,Time Limit Exceeded,2108,95480,600,
s664754889,p02936,u422029490,1566182853,C++,C++14 (GCC 5.4.1),cpp,Accepted,380,25856,736,
s931122176,p02936,u719622470,1566182851,Kotlin,Kotlin (1.0.0),kt,Accepted,1395,159804,941,
s781950860,p02936,u688126754,1566182848,Python,Python (3.4.3),py,Runtime Error,1769,53780,1498,
s438000535,p02936,u451017206,1566182846,Go,Go (1.6),go,Accepted,1306,48000,1163,
s850286953,p02936,u921681484,1566182846,Java,Java8 (OpenJDK 1.8.0),java,Accepted,1912,169516,1317,
s678718885,p02936,u315635879,1566182837,C#,C# (Mono 4.6.2.0),cs,Time Limit Exceeded,2217,1703216,2652,
s432418363,p02936,u905268546,1566182835,Python,PyPy3 (2.4.0),py,Runtime Error,1951,116172,533,
s568306668,p02936,u646792990,1566182833,C++,C++14 (GCC 5.4.1),cpp,Time Limit Exceeded,2106,38644,565,
s069267575,p02936,u996290370,1566182831,TypeScript,TypeScript (2.1.6),ts,Time Limit Exceeded,2117,504688,1053,
s725740814,p02936,u504407856,1566182823,C++,C++14 (GCC 5.4.1),cpp,Time Limit Exceeded,2103,3712,602,
s761501338,p02936,u474377871,1566182821,C++,C++14 (GCC 5.4.1),cpp,Accepted,317,7296,477,
s133237248,p02936,u623659526,1566182821,Python,PyPy3 (2.4.0),py,Time Limit Exceeded,2110,116180,642,
s356398157,p02936,u391667116,1566182820,C++,C++14 (GCC 5.4.1),cpp,Time Limit Exceeded,2103,3584,628,
s678319523,p02936,u798818115,1566182817,Python,Python (3.4.3),py,Runtime Error,18,2940,578,
s499803743,p02936,u415154163,1566182812,Python,Python (3.4.3),py,Wrong Answer,2143,3064,627,
s387423312,p02936,u488016167,1566182807,Python,Python (2.7.6),py,Wrong Answer,1715,75816,766,
s476115802,p02936,u219197917,1566182806,Python,PyPy3 (2.4.0),py,Time Limit Exceeded,2112,134392,468,
s634607653,p02936,u558242240,1566182804,Python,PyPy3 (2.4.0),py,Time Limit Exceeded,2111,146832,741,
s084049035,p02936,u775999110,1566182794,Kotlin,Kotlin (1.0.0),kt,Time Limit Exceeded,2111,159300,1458,
s888508902,p02936,u437638594,1566182774,Python,PyPy3 (2.4.0),py,Wrong Answer,2109,135140,452,
s816558255,p02936,u917092881,1566182769,Python,Python (3.4.3),py,Time Limit Exceeded,2108,78892,986,
s643871380,p02936,u095714878,1566182764,Julia,Julia (0.5.0),jl,Accepted,1442,178280,687,
s303144449,p02936,u307119370,1566182755,Python,Python (3.4.3),py,Runtime Error,17,2940,477,
s249767213,p02936,u686302771,1566182750,Go,Go (1.6),go,Accepted,1359,22420,1110,
s358629131,p02936,u281662621,1566182749,Ruby,Ruby (2.3.3),rb,Wrong Answer,1107,66440,887,
s779615883,p02936,u121192152,1566182749,Python,Python (3.4.3),py,Time Limit Exceeded,2112,157172,603,
s424491795,p02936,u620156187,1566182746,Python,Python (3.4.3),py,Time Limit Exceeded,2109,41316,452,
s434020695,p02936,u072825550,1566182743,C++,C++14 (GCC 5.4.1),cpp,Time Limit Exceeded,2104,34804,2065,
s167460315,p02936,u191196346,1566182742,Ruby,Ruby (2.3.3),rb,Runtime Error,2111,82484,594,
s247591393,p02936,u432998668,1566182740,C++,C++14 (GCC 5.4.1),cpp,Wrong Answer,265,8704,1508,
s777549546,p02936,u977062184,1566182738,Python,Python (3.4.3),py,Runtime Error,2107,75860,880,
s512483437,p02936,u561491193,1566182732,Ruby,Ruby (2.3.3),rb,Accepted,746,26620,390,
s113169286,p02936,u477062848,1566182728,Python,Python (3.4.3),py,Time Limit Exceeded,2242,2014184,411,
s510328142,p02936,u481584122,1566182728,C++,C++14 (GCC 5.4.1),cpp,Time Limit Exceeded,2126,351984,1172,
s965907524,p02936,u774160580,1566182726,C++,C++14 (GCC 5.4.1),cpp,Time Limit Exceeded,2104,16372,1294,
s958521013,p02936,u747309718,1566182725,Python,Python (3.4.3),py,Wrong Answer,2106,36616,667,
s647350522,p02936,u688126754,1566182720,Python,Python (3.4.3),py,Runtime Error,1817,53752,1455,
s406740844,p02936,u673361376,1566182719,Python,Python (3.4.3),py,Runtime Error,2111,140236,920,
s631453470,p02936,u542541293,1566182708,Python,Python (3.4.3),py,Wrong Answer,2107,56692,754,
s794022207,p02936,u966601619,1566182706,Python,Python (3.4.3),py,Time Limit Exceeded,2110,47212,490,
s863805392,p02936,u281662621,1566182704,Ruby,Ruby (2.3.3),rb,Runtime Error,1420,73864,885,
s320867712,p02936,u936646170,1566182701,Java,Java8 (OpenJDK 1.8.0),java,Wrong Answer,2109,283544,2014,
s568737231,p02936,u207271518,1566182695,Python,Python (3.4.3),py,Time Limit Exceeded,2107,58880,1367,
s195720955,p02936,u132360211,1566182694,Ruby,Ruby (2.3.3),rb,Time Limit Exceeded,2110,45692,413,
s069104949,p02936,u686302771,1566182693,Go,Go (1.6),go,Runtime Error,1359,19332,1110,
s636959678,p02936,u214434454,1566182687,Python,Python (3.4.3),py,Runtime Error,153,14064,583,
s484957718,p02936,u507330326,1566182686,Python,Python (3.4.3),py,Time Limit Exceeded,2114,212368,791,
s944508256,p02936,u234636620,1566182680,Python,Python (3.4.3),py,Runtime Error,2111,82080,938,
s163356458,p02936,u623659526,1566182679,Python,Python (3.4.3),py,Time Limit Exceeded,2110,112124,642,
s786646853,p02936,u476604182,1566182677,Python,Python (3.4.3),py,Time Limit Exceeded,2111,145776,665,
s662147363,p02936,u281662621,1566182671,Ruby,Ruby (2.3.3),rb,Runtime Error,1277,73864,882,
s871805319,p02936,u892052342,1566182666,C#,C# (Mono 4.6.2.0),cs,Compile Error,,,2339,
s981160074,p02936,u540144742,1566182662,Java,Java8 (OpenJDK 1.8.0),java,Runtime Error,662,915668,1335,
s940411793,p02936,u352824706,1566182658,Python,Python (3.4.3),py,Runtime Error,2112,174144,605,
s379834146,p02936,u415154163,1566182658,Python,Python (3.4.3),py,Runtime Error,2149,3064,619,
s084941817,p02936,u532966492,1566182654,Python,Python (3.4.3),py,Time Limit Exceeded,2112,138988,788,
s399674468,p02936,u717943620,1566182651,Go,Go (1.6),go,Time Limit Exceeded,2109,38144,829,
s668993794,p02936,u146364934,1566182651,Java,Java8 (OpenJDK 1.8.0),java,Accepted,1808,202708,1412,
s750065046,p02936,u991462056,1566182648,C++,C++14 (GCC 5.4.1),cpp,Accepted,146,18792,1407,
s121936008,p02936,u187516587,1566182644,Python,Python (3.4.3),py,Accepted,1832,55604,291,
s010559803,p02936,u673361376,1566182639,Python,Python (3.4.3),py,Runtime Error,2111,140236,942,
s779229406,p02936,u201246919,1566182638,Visual Basic,Visual Basic (Mono 4.0.1),vb,Time Limit Exceeded,2114,113168,1396,
s965698624,p02936,u996290370,1566182638,TypeScript,TypeScript (2.1.6),ts,Wrong Answer,2116,499880,1053,
s480512686,p02936,u412481017,1566182635,Python,Python (3.4.3),py,Wrong Answer,2109,113220,623,
s249457884,p02936,u525090128,1566182633,Python,Python (3.4.3),py,Runtime Error,294,21264,531,
s302030753,p02936,u945641805,1566182633,Python,Python (3.4.3),py,Runtime Error,2109,127044,648,
s315732582,p02936,u206985821,1566182632,Java,Java8 (OpenJDK 1.8.0),java,Time Limit Exceeded,2110,162512,1147,
s233257646,p02936,u624505752,1566182630,Ruby,Ruby (2.3.3),rb,Runtime Error,2113,392292,1574,
s910256015,p02936,u176264727,1566182629,Python,Python (3.4.3),py,Runtime Error,840,41608,571,
s986398467,p02936,u214434454,1566182627,Python,Python (3.4.3),py,Runtime Error,157,14064,582,
s272769141,p02936,u320924921,1566182627,Ruby,Ruby (2.3.3),rb,Time Limit Exceeded,2112,68448,543,
s412373900,p02936,u778113870,1566182625,Python,Python (3.4.3),py,Time Limit Exceeded,2105,20620,464,
s318833733,p02936,u486374018,1566182621,Python,Python (3.4.3),py,Time Limit Exceeded,2114,104424,1352,
s401118347,p02936,u488016167,1566182618,Python,Python (2.7.6),py,Runtime Error,1629,75932,775,
s853602090,p02936,u346308892,1566182613,Julia,Julia (0.5.0),jl,Runtime Error,1286,202840,466,
s374793058,p02936,u686302771,1566182612,Go,Go (1.6),go,Runtime Error,1628,8704,1108,
s021520409,p02936,u325942975,1566182608,Java,Java8 (OpenJDK 1.8.0),java,Runtime Error,2110,345412,1748,
s133523138,p02936,u107639613,1566182606,Python,PyPy3 (2.4.0),py,Time Limit Exceeded,2127,388928,918,
s001026932,p02936,u541784678,1566182602,C++,C++14 (GCC 5.4.1),cpp,Time Limit Exceeded,2176,1595224,1201,
s929347845,p02936,u262403099,1566182590,Kotlin,Kotlin (1.0.0),kt,Time Limit Exceeded,2119,187756,1197,
s831875785,p02936,u475008359,1566182581,C++,C++14 (GCC 5.4.1),cpp,Time Limit Exceeded,2104,22144,826,
s535297991,p02936,u798944838,1566182575,C++,C++14 (GCC 5.4.1),cpp,Runtime Error,2104,19784,2225,
s591061535,p02936,u669420827,1566182574,Python,PyPy3 (2.4.0),py,Accepted,1089,123452,611,
s165135697,p02936,u623659526,1566182572,Python,Python (3.4.3),py,Wrong Answer,2111,115332,641,
s449841559,p02936,u841262060,1566182568,C++,C++14 (GCC 5.4.1),cpp,Runtime Error,3553,256,2068,
s099579996,p02936,u498620941,1566182568,Python,Python (3.4.3),py,Runtime Error,1885,50464,541,
s873096170,p02936,u721185744,1566182564,C++,C++14 (GCC 5.4.1),cpp,Runtime Error,2437,256,670,
s736420548,p02936,u239342230,1566182563,Python,Python (3.4.3),py,Accepted,1483,60488,358,
s566995205,p02936,u185966380,1566182560,Python,PyPy3 (2.4.0),py,Time Limit Exceeded,2107,81240,461,
s895399036,p02936,u183509493,1566182559,Java,Java8 (OpenJDK 1.8.0),java,Accepted,1250,106428,4744,
s455834891,p02936,u302870145,1566182558,C++,C++14 (GCC 5.4.1),cpp,Accepted,386,265088,912,
s275481224,p02936,u707870100,1566182554,Python,Python (3.4.3),py,Runtime Error,1763,39124,760,
s049571216,p02936,u412481017,1566182553,Python,Python (3.4.3),py,Wrong Answer,2111,113220,639,
s211349965,p02936,u778113870,1566182549,Python,Python (3.4.3),py,Runtime Error,601,20528,513,
s013855100,p02936,u451017206,1566182548,Python,Python (3.4.3),py,Accepted,1999,108936,600,
s175950982,p02936,u018434698,1566182547,C++,C++14 (GCC 5.4.1),cpp,Wrong Answer,2104,16000,847,
s700677363,p02936,u259590403,1566182544,C++,C++14 (GCC 5.4.1),cpp,Runtime Error,98,256,960,
s487526850,p02936,u918009437,1566182541,Python,Python (3.4.3),py,Time Limit Exceeded,2121,287660,1922,
s344701711,p02936,u966601619,1566182536,Python,Python (3.4.3),py,Wrong Answer,2110,47208,489,
s790789635,p02936,u468440945,1566182529,C++,C++14 (GCC 5.4.1),cpp,Time Limit Exceeded,2105,32220,1106,
s778463820,p02936,u874151776,1566182523,Python,Python (3.4.3),py,Time Limit Exceeded,2114,178848,751,
s598245401,p02936,u625258197,1566182522,C++,C++14 (GCC 5.4.1),cpp,Accepted,569,22656,800,
s193639214,p02936,u577393547,1566182518,C++,C++14 (GCC 5.4.1),cpp,Runtime Error,2581,256,1140,
s049847421,p02936,u498620941,1566182518,Python,Python (3.4.3),py,Runtime Error,2107,112696,542,
s550562605,p02936,u085474925,1566182517,Python,Python (3.4.3),py,Runtime Error,2109,126900,581,
s963872523,p02936,u684901760,1566182513,C++,C++14 (GCC 5.4.1),cpp,Compile Error,,,994,
s038174036,p02936,u885352715,1566182512,C++,C++14 (GCC 5.4.1),cpp,Accepted,166,32256,2940,
s215042292,p02936,u829203929,1566182507,Python,Python (3.4.3),py,Time Limit Exceeded,2107,58232,708,
s308912490,p02936,u921681484,1566182505,Java,Java8 (OpenJDK 1.8.0),java,Time Limit Exceeded,2004,194488,1544,
s266229984,p02936,u577926181,1566182504,C++,C++14 (GCC 5.4.1),cpp,Time Limit Exceeded,2104,22144,1004,
s585540847,p02936,u061984624,1566182503,Python,Python (3.4.3),py,Runtime Error,1736,72100,553,
s183229484,p02936,u259590403,1566182502,C++,C++14 (GCC 5.4.1),cpp,Runtime Error,105,256,968,
s885656092,p02936,u457777106,1566182500,C++,C++14 (GCC 5.4.1),cpp,Accepted,123,23680,576,
s490031581,p02936,u139031151,1566182500,C++,C++14 (GCC 5.4.1),cpp,Accepted,311,30464,3374,
s888819818,p02936,u018434698,1566182499,C++,C++14 (GCC 5.4.1),cpp,Compile Error,,,846,
s460372334,p02936,u095714878,1566182498,Julia,Julia (0.5.0),jl,Accepted,1286,180732,685,
s116225462,p02936,u946378574,1566182487,C++,C++14 (GCC 5.4.1),cpp,Time Limit Exceeded,2105,25216,3679,
s069110973,p02936,u409962311,1566182487,Java,Java8 (OpenJDK 1.8.0),java,Runtime Error,1622,1023676,1500,
s363024125,p02936,u910199116,1566182487,C++,C++14 (GCC 5.4.1),cpp,Wrong Answer,274,16640,858,
s004958207,p02936,u013936801,1566182486,C++,C++14 (GCC 5.4.1),cpp,Accepted,274,16512,832,
s583199203,p02936,u717943620,1566182486,Go,Go (1.6),go,Runtime Error,2109,45748,828,
s262299854,p02936,u577393547,1566182483,C++,C++14 (GCC 5.4.1),cpp,Runtime Error,3531,256,1142,
s257544021,p02936,u669420827,1566182483,Python,PyPy3 (2.4.0),py,Time Limit Exceeded,2109,122608,587,
s576692270,p02936,u619458041,1566182482,Python,Python (3.4.3),py,Accepted,1718,316600,779,
s432095474,p02936,u041513069,1566182480,C++,C++14 (GCC 5.4.1),cpp,Accepted,469,33008,855,
s238517717,p02936,u312025627,1566182477,Python,PyPy3 (2.4.0),py,Time Limit Exceeded,2112,125720,674,
s820449236,p02936,u540144742,1566182476,Java,Java8 (OpenJDK 1.8.0),java,Runtime Error,671,916940,1299,
s720008762,p02936,u084324798,1566182472,Python,Python (3.4.3),py,Wrong Answer,2114,162868,470,
s106022527,p02936,u177546578,1566182471,C#,C# (Mono 4.6.2.0),cs,Time Limit Exceeded,2111,82216,1559,
s330394435,p02936,u776632505,1566182465,C,C (Clang 3.8.0),c,Time Limit Exceeded,2103,1792,1377,
s766276649,p02936,u255821449,1566182464,Python,Python (3.4.3),py,Runtime Error,2107,72188,514,
s157255464,p02936,u219197917,1566182461,Python,PyPy3 (2.4.0),py,Time Limit Exceeded,2109,91336,483,
s762773784,p02936,u267552846,1566182456,Rust,Rust (1.15.1),rs,Accepted,230,27584,1438,
s752604792,p02936,u474514603,1566182455,Python,Python (3.4.3),py,Runtime Error,2110,118244,3089,
s101601225,p02936,u226191225,1566182455,Python,PyPy3 (2.4.0),py,Time Limit Exceeded,2111,119308,475,
s172564245,p02936,u409617391,1566182444,Python,Python (3.4.3),py,Runtime Error,17,3064,707,
s266871053,p02936,u686302771,1566182441,Go,Go (1.6),go,Runtime Error,183,5248,1067,
s104105934,p02936,u185037583,1566182440,C++,C++14 (GCC 5.4.1),cpp,Time Limit Exceeded,2105,35072,807,
s534267720,p02936,u188465420,1566182440,PHP,PHP (5.6.30),php,Time Limit Exceeded,2114,175092,1009,
s030120097,p02936,u752146271,1566182438,C++,C++14 (GCC 5.4.1),cpp,Runtime Error,180,4480,1262,
s850610649,p02936,u240685798,1566182437,Python,Python (3.4.3),py,Wrong Answer,2114,109520,559,
s899859203,p02936,u660918420,1566182435,C++,C++14 (GCC 5.4.1),cpp,Runtime Error,3149,0,664,
s481427852,p02936,u808593466,1566182434,C++,C++14 (GCC 5.4.1),cpp,Wrong Answer,344,13952,840,
s167163221,p02936,u892052342,1566182434,C#,C# (Mono 4.6.2.0),cs,Compile Error,,,2339,
s227208639,p02936,u095714878,1566182433,Julia,Julia (0.5.0),jl,Wrong Answer,1390,169608,620,
s575799659,p02936,u757628628,1566182433,C++,C++14 (GCC 5.4.1),cpp,Wrong Answer,2136,533160,972,
s663523285,p02936,u907059006,1566182428,C#,C# (Mono 4.6.2.0),cs,Accepted,1448,79012,1972,
s048460136,p02936,u905268546,1566182426,Python,PyPy3 (2.4.0),py,Runtime Error,2110,123908,602,
s860897135,p02936,u829203929,1566182426,Python,Python (3.4.3),py,Time Limit Exceeded,2106,58224,744,
s618743416,p02936,u175743386,1566182426,Python,Python (3.4.3),py,Wrong Answer,2111,136956,636,
s435890099,p02936,u921681484,1566182424,Java,Java8 (OpenJDK 1.8.0),java,Runtime Error,1155,192680,1497,
s077941667,p02936,u657994700,1566182424,Python,Python (3.4.3),py,Wrong Answer,2234,2095592,601,
s260326932,p02936,u161979620,1566182424,C,C (GCC 5.4.1),c,Runtime Error,2103,4096,465,
s861150320,p02936,u409617391,1566182420,C++,C++14 (GCC 5.4.1),cpp,Compile Error,,,707,
s729260221,p02936,u752395175,1566182416,Java,Java8 (OpenJDK 1.8.0),java,Wrong Answer,2106,338220,1287,
s370221486,p02936,u506689760,1566182416,C++,C++14 (GCC 5.4.1),cpp,Runtime Error,232,8308,999,
s431738478,p02936,u008582165,1566182415,C++,C++14 (GCC 5.4.1),cpp,Accepted,282,15616,1106,
s834457009,p02936,u498620941,1566182411,Python,Python (3.4.3),py,Runtime Error,1641,53060,524,
s446510694,p02936,u297109012,1566182409,C++,C++ (GCC 5.4.1),cpp,Wrong Answer,297,15988,1408,
s503937104,p02936,u984247484,1566182409,C++,C++14 (GCC 5.4.1),cpp,Compile Error,,,233,
s074411336,p02936,u188486233,1566182408,C,C (GCC 5.4.1),c,Time Limit Exceeded,2103,4608,516,
s750602370,p02936,u185966380,1566182407,Python,Python (3.4.3),py,Time Limit Exceeded,2106,63452,461,
s243858665,p02936,u191196346,1566182404,Ruby,Ruby (2.3.3),rb,Runtime Error,2110,84468,586,
s624691302,p02936,u814827385,1566182401,Ruby,Ruby (2.3.3),rb,Runtime Error,874,51552,573,
s083251985,p02936,u714300041,1566182400,Python,Python (3.4.3),py,Runtime Error,1242,74012,611,
s297908024,p02936,u295618957,1566182400,C++,C++14 (GCC 5.4.1),cpp,Compile Error,,,660,
s672635639,p02936,u798944838,1566182399,C++,C++14 (GCC 5.4.1),cpp,Runtime Error,2103,18760,2215,
s570725862,p02936,u941284420,1566182399,Python,Python (3.4.3),py,Runtime Error,1021,34788,629,
s866100873,p02936,u313403396,1566182399,C++,C++14 (GCC 5.4.1),cpp,Compile Error,,,723,
s746167241,p02936,u216849520,1566182399,C++,C++14 (GCC 5.4.1),cpp,Wrong Answer,2104,40448,1978,
s743828832,p02936,u966601619,1566182398,Python,Python (3.4.3),py,Wrong Answer,2110,47220,531,
s680532271,p02936,u475487788,1566182398,C#,C# (Mono 4.6.2.0),cs,Wrong Answer,2110,77544,4938,
s112998910,p02936,u762183504,1566182396,C++,C++14 (GCC 5.4.1),cpp,Runtime Error,2911,681856,937,
s969122226,p02936,u304292701,1566182395,Python,Python (3.4.3),py,Runtime Error,21,3192,612,
s414516391,p02936,u314669806,1566182394,C++,C++14 (GCC 5.4.1),cpp,Runtime Error,1033,807296,1477,
s466964291,p02936,u251075661,1566182394,Python,Python (3.4.3),py,Runtime Error,17,3064,852,
s504626901,p02936,u808593466,1566182393,C++,C++14 (GCC 5.4.1),cpp,Wrong Answer,332,13952,838,
s549051907,p02936,u235027735,1566182393,C++,C++14 (GCC 5.4.1),cpp,Compile Error,,,956,
s890071352,p02936,u158104782,1566182393,Java,Java8 (OpenJDK 1.8.0),java,Wrong Answer,1725,214560,1389,
s526604907,p02936,u937247236,1566182393,C#,C# (Mono 4.6.2.0),cs,Runtime Error,691,43448,46444,
s748787888,p02936,u500297289,1566182392,Python,PyPy3 (2.4.0),py,Time Limit Exceeded,2122,304632,620,
s849576983,p02936,u963915126,1566182392,Python,Python (3.4.3),py,Runtime Error,133,22768,844,
s241697197,p02936,u259590403,1566182391,C++,C++14 (GCC 5.4.1),cpp,Runtime Error,108,256,965,
s401241737,p02936,u279493135,1566182391,Python,PyPy3 (2.4.0),py,Time Limit Exceeded,2110,143776,1868,
s094086971,p02936,u503111914,1566182390,Python,PyPy3 (2.4.0),py,Time Limit Exceeded,2110,118744,391,
s074481260,p02936,u596182341,1566182390,Python,Python (3.4.3),py,Time Limit Exceeded,2104,113528,932,
s667383217,p02936,u625729943,1566182390,Python,PyPy3 (2.4.0),py,Time Limit Exceeded,2118,225772,772,
s770181547,p02936,u235210692,1566182389,Python,PyPy3 (2.4.0),py,Runtime Error,2111,132808,1657,
s020840763,p02936,u526630579,1566182388,C++,C++14 (GCC 5.4.1),cpp,Wrong Answer,2214,1734272,3334,
s631040881,p02936,u867849998,1566182388,Python,Python (3.4.3),py,Runtime Error,17,2940,498,
s824945502,p02936,u505450128,1566182388,Rust,Rust (1.15.1),rs,Accepted,89,29944,5815,
s792442136,p02936,u968764653,1566182387,JavaScript,JavaScript (node.js v5.12),js,Wrong Answer,2113,113840,1796,
s343555725,p02936,u260216890,1566182387,Python,Python (3.4.3),py,Runtime Error,1397,69056,672,
s972578501,p02936,u726807166,1566182387,Python,Python (3.4.3),py,Time Limit Exceeded,2108,85124,363,
s020012243,p02936,u557168336,1566182385,Python,PyPy3 (2.4.0),py,Wrong Answer,2111,122740,922,
s317305594,p02936,u082512804,1566182385,Java,Java8 (OpenJDK 1.8.0),java,Time Limit Exceeded,2110,206588,1386,
s433213124,p02936,u091051505,1566182384,Python,Python (3.4.3),py,Time Limit Exceeded,2107,98176,701,
s013399840,p02936,u752146271,1566182384,C++,C++14 (GCC 5.4.1),cpp,Compile Error,,,1276,
s777136511,p02936,u320924921,1566182384,Ruby,Ruby (2.3.3),rb,Runtime Error,2116,153612,542,
s403113017,p02936,u009286788,1566182384,C,C (GCC 5.4.1),c,Wrong Answer,91,5376,1506,
s936885427,p02936,u370447425,1566182384,C++,C++14 (GCC 5.4.1),cpp,Wrong Answer,136,21120,1742,
s764709744,p02936,u491418383,1566182383,C#,C# (Mono 4.6.2.0),cs,Time Limit Exceeded,2111,70284,3488,
s337344556,p02936,u549517003,1566182382,C++,C++14 (GCC 5.4.1),cpp,Wrong Answer,2105,27264,816,
s332753905,p02936,u184572586,1566182382,C++,C++14 (GCC 5.4.1),cpp,Time Limit Exceeded,2104,18944,1306,
s495060360,p02936,u609061751,1566182382,Python,PyPy3 (2.4.0),py,Runtime Error,2109,120152,480,
s504164984,p02936,u953868469,1566182381,Python,Python (3.4.3),py,Time Limit Exceeded,2105,33316,492,
s817003228,p02936,u831161882,1566182381,C++,C++14 (GCC 5.4.1),cpp,Runtime Error,329,2804,893,
s566147496,p02936,u409962311,1566182380,Java,Java8 (OpenJDK 1.8.0),java,Runtime Error,1516,1021952,1502,
s396511133,p02936,u903005414,1566182380,Python,Python (3.4.3),py,Runtime Error,2107,60620,570,
s964236073,p02936,u917092881,1566182379,Python,Python (3.4.3),py,Time Limit Exceeded,2108,77260,808,
s952397718,p02936,u764744362,1566182379,C++,C++14 (GCC 5.4.1),cpp,Compile Error,,,1076,
s772607563,p02936,u507330326,1566182379,Python,Python (3.4.3),py,Runtime Error,2114,215668,767,
s756635163,p02936,u672475305,1566182378,Python,Python (3.4.3),py,Time Limit Exceeded,2106,41140,478,
s130263341,p02936,u892052342,1566182377,C#,C# (Mono 4.6.2.0),cs,Compile Error,,,2338,
s025600598,p02936,u806508506,1566182376,C++,C++14 (GCC 5.4.1),cpp,Runtime Error,2234,2045824,951,
s098570166,p02936,u894258749,1566182375,C++,C++14 (GCC 5.4.1),cpp,Runtime Error,572,278784,1470,
s691334343,p02936,u827141374,1566182375,Python,Python (3.4.3),py,Wrong Answer,2106,65572,458,
s298046270,p02936,u233588813,1566182375,Python,Python (3.4.3),py,Time Limit Exceeded,2112,146516,788,
s669305410,p02936,u558242240,1566182374,Python,PyPy3 (2.4.0),py,Runtime Error,2112,145036,712,
s601671749,p02936,u591589288,1566182373,Python,Python (3.4.3),py,Time Limit Exceeded,2191,1433724,933,
s357173964,p02936,u049652688,1566182373,C++,C++14 (GCC 5.4.1),cpp,Time Limit Exceeded,2104,25856,715,
s650603456,p02936,u325942975,1566182373,Java,Java8 (OpenJDK 1.8.0),java,Runtime Error,2109,343852,1746,
s024703237,p02936,u811360551,1566182373,Java,Java8 (OpenJDK 1.8.0),java,Time Limit Exceeded,2109,202324,1517,
s090897175,p02936,u441575327,1566182373,Python,Python (3.4.3),py,Runtime Error,1980,65580,629,
s670901895,p02936,u388637960,1566182371,Python,Python (3.4.3),py,Time Limit Exceeded,2112,150992,1136,
s115181682,p02936,u555688810,1566182371,Python,Python (3.4.3),py,Runtime Error,2107,61812,594,
s434113242,p02936,u714300041,1566182370,Python,PyPy3 (2.4.0),py,Runtime Error,1944,144848,574,
s461078167,p02936,u172998095,1566182370,Python,Python (3.4.3),py,Runtime Error,1584,43424,582,
s841206464,p02936,u502772848,1566182369,C++,C++14 (GCC 5.4.1),cpp,Wrong Answer,2103,5376,1492,
s884143376,p02936,u879294842,1566182369,Julia,Julia (0.5.0),jl,Wrong Answer,2112,160392,680,
s664836505,p02936,u798944838,1566182368,C++,C++14 (GCC 5.4.1),cpp,Runtime Error,2104,19784,2221,
s203318573,p02936,u136090046,1566182368,Python,PyPy3 (2.4.0),py,Wrong Answer,2113,160540,2387,
s859679706,p02936,u101112282,1566182368,Ruby,Ruby (2.3.3),rb,Time Limit Exceeded,2111,64568,369,
s576699721,p02936,u196501792,1566182367,Java,Java8 (OpenJDK 1.8.0),java,Runtime Error,595,925012,1974,
s804363819,p02936,u820164965,1566182367,C++,C++14 (GCC 5.4.1),cpp,Time Limit Exceeded,2106,44488,1031,
s402761343,p02936,u527379148,1566182367,Python,PyPy3 (2.4.0),py,Wrong Answer,2108,113880,1003,
s168598169,p02936,u018434698,1566182367,C++,C++14 (GCC 5.4.1),cpp,Compile Error,,,854,
s504936117,p02936,u146364934,1566182366,Java,Java8 (OpenJDK 1.8.0),java,Time Limit Exceeded,2106,209960,1319,
s429439907,p02936,u517851140,1566182366,Java,Java8 (OpenJDK 1.8.0),java,Time Limit Exceeded,2113,57972,2936,
s956048619,p02936,u807948625,1566182365,Perl,Perl (v5.18.2),pl,Wrong Answer,2124,370796,939,
s128644101,p02936,u912087911,1566182365,Ruby,Ruby (2.3.3),rb,Runtime Error,2110,50936,1060,
s950570891,p02936,u500092662,1566182365,C++,C++14 (GCC 5.4.1),cpp,Accepted,208,30592,859,
s547644660,p02936,u802094864,1566182365,C++,C++14 (GCC 5.4.1),cpp,Time Limit Exceeded,2104,12672,859,
s471300832,p02936,u533749093,1566182364,C++,C++14 (GCC 5.4.1),cpp,Runtime Error,3612,256,1015,
s757205106,p02936,u821284362,1566182364,Python,Python (3.4.3),py,Time Limit Exceeded,2106,40212,647,
s211154182,p02936,u711539583,1566182362,Python,PyPy3 (2.4.0),py,Time Limit Exceeded,2124,352736,506,
s900932387,p02936,u707870100,1566182361,Python,Python (3.4.3),py,Time Limit Exceeded,2112,143156,707,
s778950588,p02936,u565624841,1566182360,C++,C++14 (GCC 5.4.1),cpp,Wrong Answer,2115,187200,2889,
s302590883,p02936,u605722824,1566182359,Java,Java8 (OpenJDK 1.8.0),java,Runtime Error,2111,502188,1389,
s287921696,p02936,u754375546,1566182359,Ruby,Ruby (2.3.3),rb,Time Limit Exceeded,2114,115432,689,
s633933124,p02936,u540144742,1566182359,Java,Java8 (OpenJDK 1.8.0),java,Runtime Error,860,922568,1297,
s799502300,p02936,u814154745,1566182358,C++,C++14 (GCC 5.4.1),cpp,Accepted,501,43008,824,
s959335865,p02936,u193182854,1566182357,Python,PyPy3 (2.4.0),py,Time Limit Exceeded,2147,722552,457,
s442844334,p02936,u085230936,1566182357,C++,C++14 (GCC 5.4.1),cpp,Runtime Error,2104,266240,1342,
s563395168,p02936,u193886067,1566182356,Python,Python (3.4.3),py,Accepted,1878,74340,521,
s254109032,p02936,u515047101,1566182356,C++,C++14 (GCC 5.4.1),cpp,Runtime Error,100,6528,1155,
s157954795,p02936,u910199116,1566182356,C++,C++14 (GCC 5.4.1),cpp,Wrong Answer,328,16640,858,
s833647826,p02936,u085996299,1566182354,C++,C++14 (GCC 5.4.1),cpp,Wrong Answer,2103,1792,428,
s289411511,p02936,u234636620,1566182354,Python,Python (3.4.3),py,Runtime Error,2111,82108,968,
s948681879,p02936,u996290370,1566182353,TypeScript,TypeScript (2.1.6),ts,Time Limit Exceeded,2117,500592,1067,
s058708816,p02936,u512007680,1566182353,Python,Python (3.4.3),py,Time Limit Exceeded,2110,123176,1039,
s260530570,p02936,u802094864,1566182353,C++,C++14 (GCC 5.4.1),cpp,Time Limit Exceeded,2104,13184,859,
s997150575,p02936,u235210692,1566182352,Python,PyPy3 (2.4.0),py,Runtime Error,2112,174664,1667,
s094563799,p02936,u235027735,1566182352,C++,C++14 (GCC 5.4.1),cpp,Compile Error,,,1129,
s760847354,p02936,u960997735,1566182352,C++,C++14 (GCC 5.4.1),cpp,Wrong Answer,437,40052,3807,
s154843618,p02936,u174394352,1566182352,Python,Python (3.4.3),py,Wrong Answer,2111,138092,623,
s463279384,p02936,u488127128,1566182351,Python,Python (3.4.3),py,Runtime Error,2109,106864,518,
s281024056,p02936,u620156187,1566182351,Python,Python (3.4.3),py,Time Limit Exceeded,2106,40996,449,
s878727211,p02936,u399232305,1566182349,C++,C++14 (GCC 5.4.1),cpp,Runtime Error,2104,9600,1166,
s048174764,p02936,u870164956,1566182349,Python,PyPy3 (2.4.0),py,Time Limit Exceeded,2112,155672,592,
s460655999,p02936,u992875223,1566182348,C++,C++14 (GCC 5.4.1),cpp,Time Limit Exceeded,2226,1762944,728,
s350246379,p02936,u824958582,1566182347,Python,Python (3.4.3),py,Runtime Error,2107,49492,608,
s542959430,p02936,u907059006,1566182347,C#,C# (Mono 4.6.2.0),cs,Accepted,1416,74916,3034,
s321679339,p02936,u056123277,1566182347,C++,C++14 (GCC 5.4.1),cpp,Time Limit Exceeded,2104,14848,928,
s948840154,p02936,u369212307,1566182346,C++,C++14 (GCC 5.4.1),cpp,Runtime Error,340,5376,1090,
s411262340,p02936,u082512804,1566182345,Java,Java8 (OpenJDK 1.8.0),java,Compile Error,,,1385,
s741035772,p02936,u048128931,1566182344,C++,C++14 (GCC 5.4.1),cpp,Wrong Answer,267,7680,733,
s605997467,p02936,u390165589,1566182344,C++,C++14 (GCC 5.4.1),cpp,Wrong Answer,1,128,24,
s501214349,p02936,u921811474,1566182343,Python,Python (3.4.3),py,Time Limit Exceeded,2081,142908,477,
s818188781,p02936,u127364468,1566182341,C++,C++14 (GCC 5.4.1),cpp,Accepted,359,13312,717,
s080222611,p02936,u554954744,1566182341,Python,PyPy3 (2.4.0),py,Time Limit Exceeded,2120,285532,825,
s909965810,p02936,u987039629,1566182340,C++,C++14 (GCC 5.4.1),cpp,Time Limit Exceeded,2104,12288,586,
s935958864,p02936,u698902360,1566182340,Python,Python (3.4.3),py,Runtime Error,2108,73828,854,
s706712737,p02936,u861038878,1566182340,Python,Python (3.4.3),py,Time Limit Exceeded,2107,50908,644,
s739347663,p02936,u908039151,1566182338,Java,Java8 (OpenJDK 1.8.0),java,Accepted,1026,120448,1686,
s102669847,p02936,u910199116,1566182337,C++,C++14 (GCC 5.4.1),cpp,Wrong Answer,338,19696,856,
s972666361,p02936,u621104964,1566182336,C++,C++14 (Clang 3.8.0),cpp,Wrong Answer,2104,16128,1756,
s110234652,p02936,u638795007,1566182336,Python,Python (3.4.3),py,Accepted,1971,90156,610,
s254589956,p02936,u116328320,1566182335,Rust,Rust (1.15.1),rs,Runtime Error,2165,4352,1516,
s260445494,p02936,u295618957,1566182333,C++,C++14 (GCC 5.4.1),cpp,Compile Error,,,654,
s068824297,p02936,u868975661,1566182332,Java,Java8 (OpenJDK 1.8.0),java,Runtime Error,850,950352,2215,
s009200967,p02936,u846796522,1566182332,C++,C++14 (GCC 5.4.1),cpp,Accepted,311,26480,1339,
s254603795,p02936,u504053832,1566182332,Python,Python (3.4.3),py,Runtime Error,2107,84772,607,
s149673733,p02936,u012064151,1566182332,Python,PyPy3 (2.4.0),py,Wrong Answer,2106,45144,475,
s627755201,p02936,u729300713,1566182330,Python,Python (3.4.3),py,Time Limit Exceeded,2111,104128,1451,
s159907923,p02936,u161979620,1566182328,C,C (GCC 5.4.1),c,Runtime Error,2103,4096,482,
s459305616,p02936,u177411511,1566182328,Python,PyPy3 (2.4.0),py,Time Limit Exceeded,2158,851960,533,
s593396919,p02936,u399819590,1566182327,C++,C++14 (GCC 5.4.1),cpp,Time Limit Exceeded,2112,26496,743,
s648540696,p02936,u905268546,1566182326,Python,PyPy3 (2.4.0),py,Runtime Error,2110,115276,577,
s015788184,p02936,u777890016,1566182325,Ruby,Ruby (2.3.3),rb,Time Limit Exceeded,2107,3452,605,
s577134043,p02936,u137542041,1566182324,Python,Python (3.4.3),py,Time Limit Exceeded,2033,133808,444,
s729655998,p02936,u186616769,1566182324,Python,Python (3.4.3),py,Runtime Error,2110,136544,551,
s217738155,p02936,u195177386,1566182323,Python,Python (3.4.3),py,Runtime Error,2110,110712,636,
s687149977,p02936,u428771698,1566182322,PHP,PHP7 (7.0.15),php,Wrong Answer,2104,130040,302,
s358435563,p02936,u684822781,1566182320,C++,C++14 (GCC 5.4.1),cpp,Wrong Answer,313,4480,397,
s681577424,p02936,u185464141,1566182318,C,C (GCC 5.4.1),c,Time Limit Exceeded,2103,4864,2536,
s207155909,p02936,u525090128,1566182318,Python,Python (3.4.3),py,Runtime Error,199,17100,531,
s933935249,p02936,u503111914,1566182318,Python,PyPy3 (2.4.0),py,Time Limit Exceeded,2110,111576,389,
s888566550,p02936,u537243148,1566182317,C#,C# (Mono 4.6.2.0),cs,Time Limit Exceeded,2110,48772,2450,
s301766451,p02936,u979640637,1566182314,C#,C# (Mono 4.6.2.0),cs,Runtime Error,2112,81420,4505,
s336161562,p02936,u455652343,1566182314,C++,C++14 (GCC 5.4.1),cpp,Runtime Error,653,1226496,853,
s101592258,p02936,u102275718,1566182314,Python,PyPy3 (2.4.0),py,Time Limit Exceeded,2120,254356,969,
s310171933,p02936,u568877271,1566182313,C++,C++14 (GCC 5.4.1),cpp,Wrong Answer,2104,11564,1678,
s616891670,p02936,u579454699,1566182312,C++,C++14 (GCC 5.4.1),cpp,Wrong Answer,2104,4336,938,
s457230947,p02936,u035462050,1566182312,Python,PyPy3 (2.4.0),py,Runtime Error,2109,179448,453,
s345232084,p02936,u655548174,1566182312,C++,C++14 (GCC 5.4.1),cpp,Time Limit Exceeded,2105,26624,1063,
s742768940,p02936,u272557899,1566182309,Python,PyPy3 (2.4.0),py,Time Limit Exceeded,2116,215856,2263,
s874551427,p02936,u897328029,1566182308,Python,Python (3.4.3),py,Accepted,1926,99800,1960,
s150800279,p02936,u965602776,1566182307,Python,Python (3.4.3),py,Time Limit Exceeded,2109,67448,505,
s656943662,p02936,u037430802,1566182306,Python,Python (3.4.3),py,Time Limit Exceeded,2118,235848,703,
s803462745,p02936,u226191225,1566182306,Python,Python (3.4.3),py,Time Limit Exceeded,2109,90028,689,
s057872816,p02936,u934099192,1566182304,Python,Python (3.4.3),py,Time Limit Exceeded,2137,474088,823,
s977750279,p02936,u142082997,1566182304,TypeScript,TypeScript (2.1.6),ts,Time Limit Exceeded,2124,369048,1094,
s868854499,p02936,u557698358,1566182304,C++,C++14 (GCC 5.4.1),cpp,Runtime Error,2104,18944,842,
s148080430,p02936,u524870111,1566182304,Python,Python (3.4.3),py,Runtime Error,2111,60620,733,
s077912110,p02936,u917972976,1566182302,C++,C++14 (Clang 3.8.0),cpp,Runtime Error,3544,3428,2230,
s673991440,p02936,u386782537,1566182301,Python,Python (3.4.3),py,Time Limit Exceeded,2103,5300,650,
s351411259,p02936,u188486233,1566182300,C,C (GCC 5.4.1),c,Time Limit Exceeded,2103,4096,531,
s335827986,p02936,u560867850,1566182300,Crystal,Crystal (0.20.5),cr,Time Limit Exceeded,2109,76924,621,
s479308123,p02936,u151037808,1566182297,Python,Python (3.4.3),py,Runtime Error,2107,83952,1048,
s760113741,p02936,u554954744,1566182293,Python,PyPy3 (2.4.0),py,Wrong Answer,2122,302072,823,
s393465650,p02936,u500092662,1566182293,C++,C++14 (GCC 5.4.1),cpp,Runtime Error,278,13556,859,
s258892383,p02936,u415154163,1566182293,Python,Python (3.4.3),py,Wrong Answer,2112,152632,811,
s528638759,p02936,u734857533,1566182292,C,C (GCC 5.4.1),c,Wrong Answer,91,7552,440,
s844288045,p02936,u638795007,1566182292,Python,Python (3.4.3),py,Time Limit Exceeded,2059,90144,650,
s401115667,p02936,u220892578,1566182291,C++,C++14 (GCC 5.4.1),cpp,Time Limit Exceeded,2107,1576096,1372,
s525828826,p02936,u486065927,1566182291,Python,Python (3.4.3),py,Runtime Error,2110,54796,572,
s067595664,p02936,u835792837,1566182291,C++,C++14 (GCC 5.4.1),cpp,Wrong Answer,2104,21760,799,
s848213118,p02936,u051089531,1566182289,C++,C++14 (GCC 5.4.1),cpp,Runtime Error,3438,256,958,
s837562337,p02936,u558242240,1566182288,Python,PyPy3 (2.4.0),py,Runtime Error,166,39920,710,
s865066902,p02936,u544949488,1566182287,Python,PyPy3 (2.4.0),py,Time Limit Exceeded,2112,141752,473,
s981863840,p02936,u709583164,1566182286,C++,C++14 (GCC 5.4.1),cpp,Time Limit Exceeded,2105,28104,1155,
s332075766,p02936,u330712095,1566182284,Python,PyPy3 (2.4.0),py,Runtime Error,1913,129100,453,
s844558552,p02936,u165393068,1566182284,C++,C++14 (GCC 5.4.1),cpp,Runtime Error,268,16640,855,
s662526393,p02936,u964273035,1566182283,Go,Go (1.6),go,Time Limit Exceeded,2108,9892,1513,
s799297879,p02936,u311601704,1566182283,Python,Python (3.4.3),py,Time Limit Exceeded,2108,113760,910,
s340180679,p02936,u509911932,1566182283,Python,Python (3.4.3),py,Runtime Error,2116,227124,818,
s833600701,p02936,u072949274,1566182281,Python,PyPy3 (2.4.0),py,Runtime Error,163,38256,370,
s524504040,p02936,u662449766,1566182278,Python,Python (3.4.3),py,Runtime Error,2109,121596,843,
s739220875,p02936,u186838327,1566182278,Python,PyPy3 (2.4.0),py,Time Limit Exceeded,2122,306560,561,
s897475356,p02936,u766668937,1566182278,Go,Go (1.6),go,Time Limit Exceeded,2109,28928,1213,
s267492841,p02936,u774160580,1566182276,C++,C++14 (GCC 5.4.1),cpp,Time Limit Exceeded,2104,15348,1527,
s366232931,p02936,u015768390,1566182275,C++,C++14 (GCC 5.4.1),cpp,Accepted,323,28928,997,
s180342820,p02936,u921811474,1566182273,Python,Python (3.4.3),py,Time Limit Exceeded,2107,142920,477,
s371400422,p02936,u358822669,1566182272,C++,C++14 (GCC 5.4.1),cpp,Time Limit Exceeded,2122,318196,1347,
s245466651,p02936,u500092662,1566182272,C++,C++14 (GCC 5.4.1),cpp,Runtime Error,302,13556,856,
s283332137,p02936,u295618957,1566182272,C++,C++14 (GCC 5.4.1),cpp,Compile Error,,,654,
s491448673,p02936,u508486691,1566182271,Python,PyPy3 (2.4.0),py,Time Limit Exceeded,2109,123228,1504,
s627949583,p02936,u903311413,1566182271,C++,C++14 (GCC 5.4.1),cpp,Wrong Answer,2112,159104,2728,
s559307673,p02936,u578274732,1566182271,Go,Go (1.6),go,Wrong Answer,790,80768,1817,
s631457569,p02936,u787259080,1566182271,C++,C++14 (GCC 5.4.1),cpp,Accepted,306,32128,837,
s364704810,p02936,u409962311,1566182270,Java,Java8 (OpenJDK 1.8.0),java,Runtime Error,1518,1023056,1505,
s814972780,p02936,u975658594,1566182267,Python,Python (3.4.3),py,Time Limit Exceeded,2105,58728,1157,
s196668709,p02936,u539199630,1566182265,C++,C++14 (GCC 5.4.1),cpp,Runtime Error,296,6904,1083,
s545671222,p02936,u193182854,1566182264,Python,PyPy3 (2.4.0),py,Time Limit Exceeded,2149,757348,424,
s594567783,p02936,u204337666,1566182264,C++,C++14 (GCC 5.4.1),cpp,Accepted,295,14976,990,
s507016956,p02936,u965562021,1566182263,C#,C# (Mono 4.6.2.0),cs,Time Limit Exceeded,2118,180708,2385,
s233548510,p02936,u018586085,1566182263,C++,C++14 (GCC 5.4.1),cpp,Time Limit Exceeded,2126,366320,920,
s716605155,p02936,u046178504,1566182261,C,C (GCC 5.4.1),c,Time Limit Exceeded,2107,4096,588,
s187511309,p02936,u216849520,1566182260,C++,C++14 (GCC 5.4.1),cpp,Wrong Answer,2104,40448,1935,
s591742370,p02936,u837259155,1566182257,Ruby,Ruby (2.3.3),rb,Wrong Answer,2110,84304,691,
s265545420,p02936,u925626880,1566182257,Python,Python (3.4.3),py,Runtime Error,1539,66404,656,
s286001616,p02936,u495678669,1566182256,Python,Python (3.4.3),py,Time Limit Exceeded,2118,240932,1064,
s855011343,p02936,u234636620,1566182254,Python,Python (3.4.3),py,Runtime Error,2111,82084,968,
s138069348,p02936,u199960357,1566182253,Java,Java8 (OpenJDK 1.8.0),java,Runtime Error,831,939596,787,
s807677738,p02936,u624505752,1566182251,Ruby,Ruby (2.3.3),rb,Runtime Error,2113,392256,1581,
s404327203,p02936,u994910167,1566182251,Python,Python (3.4.3),py,Time Limit Exceeded,2110,102048,624,
s650741222,p02936,u380914158,1566182250,Python,PyPy3 (2.4.0),py,Time Limit Exceeded,2111,119344,361,
s402883424,p02936,u539371709,1566182250,JavaScript,JavaScript (node.js v5.12),js,Runtime Error,2117,186752,1164,
s145403252,p02936,u235210692,1566182249,Python,PyPy3 (2.4.0),py,Runtime Error,2112,174620,1669,
s524401911,p02936,u563743611,1566182249,C++,C++14 (GCC 5.4.1),cpp,Runtime Error,2104,335836,877,
s027292155,p02936,u035462050,1566182248,Python,Python (3.4.3),py,Runtime Error,2109,85280,453,
s950462773,p02936,u240685798,1566182247,Python,Python (3.4.3),py,Wrong Answer,2115,109476,559,
s138785705,p02936,u660918420,1566182247,C++,C++14 (GCC 5.4.1),cpp,Compile Error,,,637,
s292128026,p02936,u388719350,1566182246,Kotlin,Kotlin (1.0.0),kt,Time Limit Exceeded,2111,153048,723,
s808411201,p02936,u207271518,1566182245,Python,Python (3.4.3),py,Time Limit Exceeded,2107,59036,1332,
s189639189,p02936,u023540496,1566182244,Python,Python (3.4.3),py,Runtime Error,2108,64688,807,
s716366010,p02936,u523303964,1566182242,C++,C++14 (GCC 5.4.1),cpp,Accepted,597,25856,735,
s608965957,p02936,u214434454,1566182242,Python,Python (3.4.3),py,Runtime Error,162,15324,543,
s027679521,p02936,u048128931,1566182241,C++,C++14 (GCC 5.4.1),cpp,Wrong Answer,266,7680,731,
s869510234,p02936,u707870100,1566182240,Python,Python (3.4.3),py,Runtime Error,1755,39112,760,
s756905488,p02936,u409962311,1566182240,Java,Java8 (OpenJDK 1.8.0),java,Runtime Error,1494,1022620,1504,
s040949850,p02936,u365513379,1566182238,C++,C++14 (GCC 5.4.1),cpp,Wrong Answer,402,275584,2977,
s264554579,p02936,u713492631,1566182237,Python,Python (3.4.3),py,Time Limit Exceeded,2110,121216,1006,
s383739024,p02936,u728134648,1566182234,C++,C++14 (GCC 5.4.1),cpp,Time Limit Exceeded,2104,22144,1896,
s162635462,p02936,u096616343,1566182231,Python,Python (3.4.3),py,Time Limit Exceeded,2015,61256,528,
s764996542,p02936,u579454699,1566182231,C++,C++14 (GCC 5.4.1),cpp,Wrong Answer,2104,6896,938,
s773647157,p02936,u142082997,1566182229,TypeScript,TypeScript (2.1.6),ts,Runtime Error,52,7244,1098,
s958597438,p02936,u489326854,1566182228,C++,C++14 (GCC 5.4.1),cpp,Runtime Error,2103,17904,2710,
s001837530,p02936,u577393547,1566182227,C++,C++14 (GCC 5.4.1),cpp,Runtime Error,3532,256,1112,
s712415549,p02936,u304292701,1566182226,Python,Python (3.4.3),py,Runtime Error,1516,109540,621,
s067901478,p02936,u638795007,1566182226,Python,Python (3.4.3),py,Wrong Answer,2108,92244,609,
s099785257,p02936,u278183305,1566182225,Python,Python (3.4.3),py,Runtime Error,2104,16624,329,
s435267219,p02936,u714300041,1566182224,Python,PyPy3 (2.4.0),py,Runtime Error,932,133108,612,
s647687685,p02936,u220212997,1566182224,C++,C++14 (GCC 5.4.1),cpp,Runtime Error,99,256,1293,
s200846914,p02936,u052476723,1566182221,C++,C++14 (GCC 5.4.1),cpp,Time Limit Exceeded,2132,397568,1092,
s996893063,p02936,u503111914,1566182220,Python,Python (3.4.3),py,Time Limit Exceeded,2111,125408,391,
s777145990,p02936,u492968387,1566182220,Python,Python (3.4.3),py,Time Limit Exceeded,2111,138868,1296,
s043752414,p02936,u672475305,1566182219,Python,PyPy3 (2.4.0),py,Time Limit Exceeded,2110,123736,478,
s941961118,p02936,u383416302,1566182217,Python,Python (3.4.3),py,Time Limit Exceeded,2110,236936,500,
s615612396,p02936,u715912777,1566182213,Python,Python (3.4.3),py,Time Limit Exceeded,2108,126808,943,
s874573220,p02936,u754375546,1566182212,Ruby,Ruby (2.3.3),rb,Time Limit Exceeded,2113,132200,755,
s599294140,p02936,u584924463,1566182212,Java,Java8 (OpenJDK 1.8.0),java,Time Limit Exceeded,2110,219900,1103,
s225550329,p02936,u792843593,1566182212,Python,Python (3.4.3),py,Time Limit Exceeded,2112,131388,778,
s372214287,p02936,u085996299,1566182211,C++,C++14 (GCC 5.4.1),cpp,Compile Error,,,427,
s748500996,p02936,u179778090,1566182211,C,C (GCC 5.4.1),c,Compile Error,,,752,
s633433351,p02936,u046105273,1566182210,Kotlin,Kotlin (1.0.0),kt,Runtime Error,1347,154464,926,
s949217421,p02936,u915761992,1566182210,C#,C# (Mono 4.6.2.0),cs,Time Limit Exceeded,2111,67380,1784,
s235842801,p02936,u037430802,1566182210,Python,PyPy3 (2.4.0),py,Time Limit Exceeded,2122,314880,703,
s194577005,p02936,u922487073,1566182208,Python,Python (3.4.3),py,Time Limit Exceeded,2117,157920,648,
s769655660,p02936,u969850098,1566182207,Python,PyPy3 (2.4.0),py,Runtime Error,178,38384,471,
s935812504,p02936,u282228874,1566182206,Python,Python (3.4.3),py,Accepted,1636,56408,341,
s880561079,p02936,u409962311,1566182206,Java,Java8 (OpenJDK 1.8.0),java,Runtime Error,1548,1022296,1504,
s616288357,p02936,u858670323,1566182204,Python,Python (3.4.3),py,Wrong Answer,2107,55872,913,
s315134890,p02936,u185821641,1566182203,C++,C++14 (GCC 5.4.1),cpp,Runtime Error,1892,1564416,961,
s502683944,p02936,u073549161,1566182199,Python,PyPy3 (2.4.0),py,Time Limit Exceeded,2115,185660,885,
s634080513,p02936,u449758089,1566182199,C++,C++14 (GCC 5.4.1),cpp,Runtime Error,477,278004,1417,
s282460964,p02936,u131625544,1566182198,Python,Python (3.4.3),py,Runtime Error,2111,152220,608,
s111965859,p02936,u185896732,1566182197,Python,PyPy3 (2.4.0),py,Time Limit Exceeded,2890,38640,903,
s291690748,p02936,u223629820,1566182196,C++,C++14 (GCC 5.4.1),cpp,Runtime Error,2104,20968,1369,
s698009524,p02936,u790710233,1566182196,Python,Python (3.4.3),py,Wrong Answer,2109,129444,903,
s569872977,p02936,u488127128,1566182195,Python,Python (3.4.3),py,Runtime Error,2109,94228,507,
s744533907,p02936,u158778550,1566182194,Python,Python (3.4.3),py,Time Limit Exceeded,2232,1938108,648,
s187487611,p02936,u875570028,1566182193,C++,C++14 (GCC 5.4.1),cpp,Time Limit Exceeded,2105,27520,1047,
s391725879,p02936,u591589288,1566182193,Python,Python (3.4.3),py,Runtime Error,2211,1759004,868,
s943396126,p02936,u226191225,1566182191,Python,PyPy3 (2.4.0),py,Time Limit Exceeded,2114,120600,689,
s620479456,p02936,u633684453,1566182189,Python,Python (3.4.3),py,Runtime Error,2108,86908,587,
s645651335,p02936,u688126754,1566182189,Python,PyPy3 (2.4.0),py,Runtime Error,2112,145628,1417,
s384015749,p02936,u658096542,1566182189,C++,C++14 (GCC 5.4.1),cpp,Runtime Error,3197,256,2197,
s366409401,p02936,u624617831,1566182188,Python,Python (3.4.3),py,Runtime Error,153,12524,697,
s092377422,p02936,u843070415,1566182188,C++,C++14 (GCC 5.4.1),cpp,Time Limit Exceeded,2225,1855872,2789,
s658116659,p02936,u508486691,1566182187,Python,PyPy3 (2.4.0),py,Time Limit Exceeded,2110,128600,1418,
s377412144,p02936,u964273035,1566182187,Go,Go (1.6),go,Time Limit Exceeded,2108,9728,1561,
s049619782,p02936,u905268546,1566182186,Python,Python (3.4.3),py,Runtime Error,1746,65740,577,
s733487207,p02936,u037430802,1566182186,Python,PyPy3 (2.4.0),py,Wrong Answer,2116,211928,691,
s343049348,p02936,u538632589,1566182184,Python,Python (3.4.3),py,Runtime Error,2119,285696,985,
s473729858,p02936,u519180097,1566182184,C++,C++14 (GCC 5.4.1),cpp,Accepted,158,52992,1026,
s814868652,p02936,u774160580,1566182183,C++,C++14 (GCC 5.4.1),cpp,Time Limit Exceeded,2108,15348,1569,
s359123068,p02936,u544637026,1566182182,Python,PyPy3 (2.4.0),py,Time Limit Exceeded,2155,826104,571,
s962611306,p02936,u358689692,1566182181,C++,C++14 (GCC 5.4.1),cpp,Time Limit Exceeded,2103,3712,667,
s268105037,p02936,u185037583,1566182179,C++,C++14 (GCC 5.4.1),cpp,Time Limit Exceeded,2105,32372,815,
s854784557,p02936,u365513379,1566182178,C++,C++14 (GCC 5.4.1),cpp,Compile Error,,,2977,
s330234178,p02936,u476435125,1566182177,Python,Python (3.4.3),py,Time Limit Exceeded,2119,252060,763,
s629136919,p02936,u824358246,1566182176,C++,C++14 (GCC 5.4.1),cpp,Time Limit Exceeded,2104,10496,1098,
s128100077,p02936,u707870100,1566182174,Python,Python (3.4.3),py,Runtime Error,1758,39200,729,
s283780643,p02936,u385644001,1566182173,Python,PyPy3 (2.4.0),py,Runtime Error,2111,143852,791,
s092497193,p02936,u492314802,1566182172,C++,C++14 (GCC 5.4.1),cpp,Time Limit Exceeded,2104,21376,706,
s771602382,p02936,u337657882,1566182170,C,C (GCC 5.4.1),c,Runtime Error,2103,266368,1208,
s721810062,p02936,u528087569,1566182169,Python,Python (3.4.3),py,Runtime Error,2105,36232,483,
s812760541,p02936,u489326854,1566182169,C++,C++14 (GCC 5.4.1),cpp,Runtime Error,2104,15856,2706,
s725649359,p02936,u688126754,1566182168,Python,Python (3.4.3),py,Runtime Error,1817,53748,1417,
s748571661,p02936,u259590403,1566182168,C++,C++14 (GCC 5.4.1),cpp,Runtime Error,101,256,960,
s551704157,p02936,u485731913,1566182168,C++,C++14 (GCC 5.4.1),cpp,Runtime Error,2104,17396,1880,
s943739426,p02936,u814154745,1566182167,C++,C++14 (GCC 5.4.1),cpp,Wrong Answer,517,43008,834,
s897613277,p02936,u638795007,1566182166,Python,Python (3.4.3),py,Wrong Answer,2108,92272,649,
s486561559,p02936,u475008359,1566182165,C++,C++14 (GCC 5.4.1),cpp,Runtime Error,97,4352,845,
s526819907,p02936,u934099192,1566182165,Python,Python (3.4.3),py,Time Limit Exceeded,2135,502192,665,
s493446657,p02936,u393352862,1566182164,Python,Python (3.4.3),py,Time Limit Exceeded,2118,236928,419,
s492703004,p02936,u111374324,1566182163,C,C (GCC 5.4.1),c,Runtime Error,131,8960,1286,
s640799874,p02936,u205197147,1566182163,C++,C++14 (GCC 5.4.1),cpp,Accepted,379,25600,592,
s169853894,p02936,u085288971,1566182162,Kotlin,Kotlin (1.0.0),kt,Runtime Error,2111,132412,1281,
s543862644,p02936,u636019904,1566182161,C,C (GCC 5.4.1),c,Runtime Error,102,128,884,
s685582675,p02936,u539371709,1566182161,JavaScript,JavaScript (node.js v5.12),js,Runtime Error,2117,187380,1150,
s782117723,p02936,u490084374,1566182159,Python,Python (3.4.3),py,Runtime Error,2107,77692,438,
s112403870,p02936,u792843593,1566182158,Python,PyPy3 (2.4.0),py,Time Limit Exceeded,2111,127440,778,
s675590229,p02936,u117657834,1566182158,Java,Java8 (OpenJDK 1.8.0),java,Time Limit Exceeded,2109,176596,1034,
s986787095,p02936,u546736430,1566182157,C++,C++14 (GCC 5.4.1),cpp,Time Limit Exceeded,2105,25600,569,
s988296218,p02936,u302870145,1566182156,C++,C++14 (GCC 5.4.1),cpp,Time Limit Exceeded,2106,263296,886,
s944647972,p02936,u909051929,1566182155,C++,C++14 (GCC 5.4.1),cpp,Accepted,146,18676,2829,
s460409675,p02936,u778668639,1566182155,C++,C++14 (GCC 5.4.1),cpp,Wrong Answer,596,38144,1974,
s836698827,p02936,u470542271,1566182154,Python,PyPy3 (2.4.0),py,Time Limit Exceeded,2112,146892,684,
s850513790,p02936,u989654188,1566182153,Python,Python (3.4.3),py,Runtime Error,2105,47692,443,
s879446785,p02936,u388637960,1566182153,Python,Python (3.4.3),py,Time Limit Exceeded,2112,150992,1144,
s307005105,p02936,u492166530,1566182151,PHP,PHP7 (7.0.15),php,Time Limit Exceeded,2104,104056,5154,
s999259286,p02936,u002135808,1566182150,C++,C++14 (Clang 3.8.0),cpp,Wrong Answer,2106,40832,547,
s898645195,p02936,u043150661,1566182149,Kotlin,Kotlin (1.0.0),kt,Time Limit Exceeded,2107,161532,680,
s985795051,p02936,u096616343,1566182149,Python,Python (3.4.3),py,Wrong Answer,2107,61256,527,
s046780282,p02936,u013962767,1566182149,C++,C++14 (GCC 5.4.1),cpp,Runtime Error,503,19712,957,
s517978733,p02936,u544637026,1566182148,Python,Python (3.4.3),py,Accepted,1751,227760,571,
s859980084,p02936,u698902360,1566182148,Python,Python (3.4.3),py,Runtime Error,2107,75232,856,
s820202789,p02936,u146364934,1566182148,Java,Java8 (OpenJDK 1.8.0),java,Time Limit Exceeded,2105,205276,1322,
s810027651,p02936,u807028974,1566182148,Python,Python (3.4.3),py,Time Limit Exceeded,2110,110632,1190,
s002344852,p02936,u307752464,1566182148,C++,C++14 (Clang 3.8.0),cpp,Wrong Answer,2104,23400,1471,
s749807825,p02936,u558242240,1566182146,Python,PyPy3 (2.4.0),py,Time Limit Exceeded,2112,146064,723,
s602134708,p02936,u861038878,1566182146,Python,Python (3.4.3),py,Time Limit Exceeded,2107,62792,780,
s054009846,p02936,u106103668,1566182146,Python,Python (3.4.3),py,Runtime Error,2111,131284,723,
s231991403,p02936,u669420827,1566182146,Python,PyPy3 (2.4.0),py,Wrong Answer,1025,141036,478,
s040482642,p02936,u624505752,1566182145,Ruby,Ruby (2.3.3),rb,Runtime Error,2113,393028,1581,
s881564777,p02936,u774160580,1566182144,C++,C++14 (GCC 5.4.1),cpp,Compile Error,,,1542,
s402071953,p02936,u135522671,1566182143,Python,Python (3.4.3),py,Time Limit Exceeded,2108,109404,993,
s092331262,p02936,u538632589,1566182143,Python,PyPy3 (2.4.0),py,Time Limit Exceeded,2116,217684,985,
s707170263,p02936,u380914158,1566182142,Python,PyPy3 (2.4.0),py,Time Limit Exceeded,2111,120040,365,
s528127545,p02936,u175743386,1566182142,Python,Python (3.4.3),py,Time Limit Exceeded,2110,139644,645,
s163876803,p02936,u739959951,1566182141,Python,Python (3.4.3),py,Wrong Answer,1717,61092,259,
s683321270,p02936,u600402037,1566182141,Python,Python (3.4.3),py,Runtime Error,2113,165516,462,
s036259824,p02936,u889915625,1566182140,C++,C++14 (GCC 5.4.1),cpp,Time Limit Exceeded,2220,1726080,2314,
s124395909,p02936,u903311413,1566182140,C++,C++14 (GCC 5.4.1),cpp,Time Limit Exceeded,2113,159104,2708,
s172371675,p02936,u160452355,1566182140,C++,C++14 (GCC 5.4.1),cpp,Time Limit Exceeded,2104,14720,1130,
s490573429,p02936,u184572586,1566182140,C++,C++14 (GCC 5.4.1),cpp,Time Limit Exceeded,2104,20992,1303,
s625329610,p02936,u814827385,1566182139,Ruby,Ruby (2.3.3),rb,Runtime Error,935,61024,582,
s528987460,p02936,u365513379,1566182136,C++,C++14 (GCC 5.4.1),cpp,Wrong Answer,297,158848,2976,
s470513023,p02936,u188486233,1566182135,C,C (GCC 5.4.1),c,Compile Error,,,582,
s624004816,p02936,u907059006,1566182135,C#,C# (Mono 4.6.2.0),cs,Time Limit Exceeded,2154,739880,2563,
s681916247,p02936,u357005212,1566182134,Python,Python (3.4.3),py,Time Limit Exceeded,2106,39284,521,
s108296039,p02936,u525090128,1566182133,Python,PyPy3 (2.4.0),py,Runtime Error,187,38640,512,
s859247136,p02936,u524870111,1566182133,Python,Python (3.4.3),py,Runtime Error,2111,60576,764,
s504860855,p02936,u652569315,1566182132,Python,Python (3.4.3),py,Runtime Error,18,3064,478,
s147744572,p02936,u500092662,1566182132,C++,C++14 (GCC 5.4.1),cpp,Runtime Error,159,8440,842,
s550312860,p02936,u734857533,1566182131,C,C (GCC 5.4.1),c,Wrong Answer,93,7552,468,
s516104234,p02936,u508486691,1566182131,Python,PyPy3 (2.4.0),py,Time Limit Exceeded,2110,122148,1423,
s445469240,p02936,u250943952,1566182130,Python,PyPy3 (2.4.0),py,Wrong Answer,2129,425364,774,
s242508059,p02936,u328876965,1566182130,C++,C++14 (GCC 5.4.1),cpp,Time Limit Exceeded,2104,22144,1970,
s332223762,p02936,u725792883,1566182127,C++,C++14 (GCC 5.4.1),cpp,Time Limit Exceeded,2106,39296,1830,
s908933607,p02936,u383416302,1566182127,Python,Python (3.4.3),py,Time Limit Exceeded,2109,236936,500,
s155196202,p02936,u910199116,1566182127,C++,C++14 (GCC 5.4.1),cpp,Wrong Answer,309,19696,843,
s709734184,p02936,u519180097,1566182126,C++,C++14 (GCC 5.4.1),cpp,Wrong Answer,167,52992,1058,
s070043120,p02936,u807028974,1566182126,Python,PyPy3 (2.4.0),py,Runtime Error,2111,112600,1190,
s684317809,p02936,u910756197,1566182124,Python,Python (3.4.3),py,Runtime Error,1680,61204,488,
s128930363,p02936,u506689760,1566182124,C++,C++14 (GCC 5.4.1),cpp,Runtime Error,234,8308,934,
s570533698,p02936,u007550226,1566182121,Python,Python (3.4.3),py,Accepted,1359,25828,297,
s121559251,p02936,u409962311,1566182120,Java,Java8 (OpenJDK 1.8.0),java,Wrong Answer,901,157676,1503,
s884328264,p02936,u556070294,1566182119,C++,C++14 (GCC 5.4.1),cpp,Wrong Answer,2104,11648,1108,
s365429190,p02936,u488016167,1566182118,Python,Python (2.7.6),py,Runtime Error,1641,75932,775,
s543225681,p02936,u537243148,1566182118,C#,C# (Mono 4.6.2.0),cs,Time Limit Exceeded,2110,48516,2948,
s437572898,p02936,u837133513,1566182118,C++,C++14 (GCC 5.4.1),cpp,Accepted,422,27136,535,
s807589450,p02936,u314050667,1566182118,Python,PyPy3 (2.4.0),py,Time Limit Exceeded,2107,84132,561,
s846660164,p02936,u826263061,1566182117,Python,PyPy3 (2.4.0),py,Time Limit Exceeded,2110,119756,1117,
s459306791,p02936,u053787256,1566182116,Python,Python (3.4.3),py,Time Limit Exceeded,2112,154328,1252,
s037778059,p02936,u186838327,1566182115,Python,PyPy3 (2.4.0),py,Time Limit Exceeded,2122,302344,523,
s078627465,p02936,u752395175,1566182115,Java,Java8 (OpenJDK 1.8.0),java,Wrong Answer,2110,339128,1192,
s219238629,p02936,u551066908,1566182114,Python,Python (3.4.3),py,Runtime Error,2110,105040,1019,
s900376937,p02936,u686302771,1566182113,Go,Go (1.6),go,Time Limit Exceeded,2108,7684,562,
s886759185,p02936,u397880990,1566182113,C++,C++14 (GCC 5.4.1),cpp,Accepted,320,5504,680,
s744674093,p02936,u013962767,1566182113,C,C (GCC 5.4.1),c,Compile Error,,,957,
s763495982,p02936,u019183101,1566182112,Java,Java8 (OpenJDK 1.8.0),java,Runtime Error,665,971476,1343,
s314659185,p02936,u713492631,1566182110,Python,Python (3.4.3),py,Wrong Answer,2110,121216,1008,
s384329164,p02936,u693048766,1566182108,Python,Python (3.4.3),py,Runtime Error,2114,171952,695,
s225317711,p02936,u500092662,1566182103,C++,C++14 (GCC 5.4.1),cpp,Runtime Error,212,8440,891,
s380069341,p02936,u495678669,1566182102,Python,Python (3.4.3),py,Wrong Answer,2119,243396,1060,
s244738291,p02936,u621104964,1566182101,C++,C++14 (Clang 3.8.0),cpp,Time Limit Exceeded,2104,14336,1645,
s982045890,p02936,u576712004,1566182101,C++,C++14 (GCC 5.4.1),cpp,Accepted,324,5504,1107,
s535665629,p02936,u250943952,1566182101,Python,PyPy3 (2.4.0),py,Runtime Error,184,38640,866,
s797435183,p02936,u539199630,1566182101,C++,C++14 (GCC 5.4.1),cpp,Runtime Error,150,7288,1124,
s730065671,p02936,u212228253,1566182101,Python,Python (3.4.3),py,Wrong Answer,1650,50168,592,
s068706956,p02936,u975658594,1566182098,Python,Python (3.4.3),py,Time Limit Exceeded,2105,58668,1229,
s440128769,p02936,u042605975,1566182096,C++,C++14 (GCC 5.4.1),cpp,Time Limit Exceeded,2108,28416,1045,
s490260905,p02936,u624505752,1566182095,Ruby,Ruby (2.3.3),rb,Runtime Error,2113,82512,1576,
s048209213,p02936,u040067762,1566182095,Python,PyPy3 (2.4.0),py,Wrong Answer,2109,127056,604,
s651087470,p02936,u306033313,1566182095,Python,Python (3.4.3),py,Wrong Answer,2107,60296,850,
s147318826,p02936,u904943473,1566182093,Python,Python (3.4.3),py,Time Limit Exceeded,2111,139684,786,
s001198793,p02936,u142082997,1566182093,TypeScript,TypeScript (2.1.6),ts,Time Limit Exceeded,2124,369048,1120,
s207356247,p02936,u579454699,1566182093,C++,C++14 (GCC 5.4.1),cpp,Time Limit Exceeded,2103,7280,931,
s206151311,p02936,u032189172,1566182092,C++,C++14 (GCC 5.4.1),cpp,Time Limit Exceeded,2104,25728,1014,
s949169344,p02936,u431021942,1566182092,C++,C++ (GCC 5.4.1),cpp,Time Limit Exceeded,2104,6144,1250,
s536869553,p02936,u803314854,1566182092,Java,Java8 (OpenJDK 1.8.0),java,Time Limit Exceeded,2110,223340,4001,
s565583593,p02936,u415154163,1566182092,Python,Python (3.4.3),py,Time Limit Exceeded,2113,158640,877,
s072494845,p02936,u737715061,1566182092,Python,Python (3.4.3),py,Time Limit Exceeded,2115,126024,849,
s860788691,p02936,u021358975,1566182091,Ruby,Ruby (2.3.3),rb,Time Limit Exceeded,2114,68532,1153,
s451617083,p02936,u220522896,1566182091,C++,C++14 (GCC 5.4.1),cpp,Accepted,301,20980,780,
s458655892,p02936,u715912777,1566182090,Python,PyPy3 (2.4.0),py,Time Limit Exceeded,2110,154508,943,
s360079816,p02936,u882607414,1566182090,C++,C++14 (GCC 5.4.1),cpp,Time Limit Exceeded,2104,15360,832,
s963221165,p02936,u014233729,1566182088,C++,C++14 (GCC 5.4.1),cpp,Time Limit Exceeded,2104,4736,592,
s719815257,p02936,u814154745,1566182088,C++,C++14 (GCC 5.4.1),cpp,Wrong Answer,503,39936,836,
s654586668,p02936,u808738521,1566182087,C++,C++14 (GCC 5.4.1),cpp,Time Limit Exceeded,2104,13184,650,
s376553717,p02936,u365513379,1566182087,C++,C++14 (GCC 5.4.1),cpp,Wrong Answer,267,68736,2976,
s386964174,p02936,u667624765,1566182086,PHP,PHP (5.6.30),php,Accepted,1336,260596,1081,
s646008911,p02936,u502389123,1566182085,Python,PyPy3 (2.4.0),py,Wrong Answer,2119,248440,572,
s001289490,p02936,u410714465,1566182084,C++,C++14 (GCC 5.4.1),cpp,Accepted,321,29676,2078,
s577996990,p02936,u933341648,1566182083,Python,PyPy3 (2.4.0),py,Time Limit Exceeded,2112,136836,412,
s027161926,p02936,u055303078,1566182082,C++,C++14 (GCC 5.4.1),cpp,Accepted,120,20596,1523,
s898153395,p02936,u312646928,1566182082,C,C (GCC 5.4.1),c,Runtime Error,100,128,999,
s881186556,p02936,u409962311,1566182081,Java,Java8 (OpenJDK 1.8.0),java,Compile Error,,,1509,
s867990470,p02936,u849660048,1566182081,Python,PyPy3 (2.4.0),py,Accepted,1986,91468,356,
s589026031,p02936,u825027400,1566182080,Python,PyPy3 (2.4.0),py,Wrong Answer,2109,130888,535,
s897684126,p02936,u511501183,1566182079,C++,C++14 (GCC 5.4.1),cpp,Time Limit Exceeded,2104,18944,710,
s144298324,p02936,u639032323,1566182078,C++,C++14 (GCC 5.4.1),cpp,Accepted,360,22528,753,
s129274579,p02936,u140135665,1566182078,F#,F# (Mono 4.0),fs,Wrong Answer,2111,67632,1153,
s499920330,p02936,u603457443,1566182073,C++,C++14 (GCC 5.4.1),cpp,Time Limit Exceeded,2266,2038952,1608,
s980971811,p02936,u903005414,1566182073,Python,Python (3.4.3),py,Time Limit Exceeded,2107,60392,572,
s500040946,p02936,u611562941,1566182072,Python,Python (3.4.3),py,Time Limit Exceeded,2105,151076,636,
s488704646,p02936,u908039151,1566182072,Java,Java8 (OpenJDK 1.8.0),java,Runtime Error,876,115504,1653,
s987750902,p02936,u814986259,1566182071,Python,PyPy3 (2.4.0),py,Time Limit Exceeded,2107,61204,513,
s506503496,p02936,u533232830,1566182070,Python,Python (3.4.3),py,Time Limit Exceeded,2114,124036,819,
s279160000,p02936,u489326854,1566182068,C++,C++14 (GCC 5.4.1),cpp,Runtime Error,2104,15856,2693,
s513284347,p02936,u568545273,1566182065,Java,Java8 (OpenJDK 1.8.0),java,Time Limit Exceeded,2106,219304,1340,
s855174416,p02936,u734857533,1566182065,C,C (GCC 5.4.1),c,Wrong Answer,93,7424,468,
s951028567,p02936,u406158207,1566182063,C++,C++14 (GCC 5.4.1),cpp,Wrong Answer,2104,20096,1775,
s850237159,p02936,u286941902,1566182060,Swift,Swift (swift-2.2-RELEASE),swift,Time Limit Exceeded,2104,5248,418,
s897023357,p02936,u835792837,1566182056,C++,C++14 (GCC 5.4.1),cpp,Time Limit Exceeded,2105,22144,799,
s980439277,p02936,u350248178,1566182056,Python,Python (3.4.3),py,Time Limit Exceeded,2108,76752,961,
s262403348,p02936,u300866293,1566182054,C++,C++14 (GCC 5.4.1),cpp,Wrong Answer,289,13952,5067,
s539661026,p02936,u573545768,1566182053,Java,Java8 (OpenJDK 1.8.0),java,Runtime Error,654,915024,1225,
s208611186,p02936,u055685044,1566182053,C++,C++14 (GCC 5.4.1),cpp,Time Limit Exceeded,2108,23680,1225,
s163538204,p02936,u745359993,1566182052,Java,Java8 (OpenJDK 1.8.0),java,Time Limit Exceeded,2110,348860,1359,
s847493275,p02936,u721185744,1566182048,C++,C++14 (GCC 5.4.1),cpp,Runtime Error,2781,256,811,
s121534049,p02936,u636019904,1566182046,C,C (GCC 5.4.1),c,Runtime Error,104,128,892,
s514567342,p02936,u037430802,1566182045,Python,PyPy3 (2.4.0),py,Time Limit Exceeded,2114,187864,620,
s843650224,p02936,u814986259,1566182045,Python,Python (3.4.3),py,Time Limit Exceeded,2106,38288,513,
s169263170,p02936,u155687575,1566182044,Python,Python (3.4.3),py,Time Limit Exceeded,2108,67752,538,
s570143148,p02936,u909991537,1566182044,Python,Python (3.4.3),py,Time Limit Exceeded,2126,295612,487,
s371573967,p02936,u519180097,1566182044,C++,C++14 (GCC 5.4.1),cpp,Wrong Answer,152,52992,1031,
s690405996,p02936,u571199625,1566182043,Python,Python (3.4.3),py,Accepted,1639,66560,470,
s832789816,p02936,u385644001,1566182042,Python,Python (3.4.3),py,Runtime Error,2108,109476,791,
s502338489,p02936,u507706381,1566182042,Java,Java8 (OpenJDK 1.8.0),java,Accepted,1256,148832,3461,
s542201524,p02936,u539199630,1566182040,C++,C++14 (GCC 5.4.1),cpp,Runtime Error,143,7288,1116,
s317956791,p02936,u111374324,1566182039,C,C (GCC 5.4.1),c,Runtime Error,117,8960,1168,
s925815811,p02936,u103520789,1566182038,Python,Python (3.4.3),py,Time Limit Exceeded,2110,104040,769,
s882189401,p02936,u600402037,1566182038,Python,Python (3.4.3),py,Runtime Error,2113,166288,428,
s027735421,p02936,u047150897,1566182037,C++,C++14 (GCC 5.4.1),cpp,Time Limit Exceeded,2105,36608,966,
s069038352,p02936,u960171798,1566182036,Python,Python (3.4.3),py,Time Limit Exceeded,2096,74100,745,
s729168683,p02936,u622088062,1566182035,Python,Python (3.4.3),py,Runtime Error,2109,129244,925,
s594751111,p02936,u409962311,1566182035,Java,Java8 (OpenJDK 1.8.0),java,Runtime Error,1497,1023476,1502,
s427392935,p02936,u624505752,1566182034,Ruby,Ruby (2.3.3),rb,Wrong Answer,2113,372060,1677,
s321438418,p02936,u709583164,1566182034,C++,C++14 (GCC 5.4.1),cpp,Time Limit Exceeded,2105,28744,1226,
s741015721,p02936,u220892578,1566182033,C++,C++14 (GCC 5.4.1),cpp,Runtime Error,103,1024,1384,
s374192026,p02936,u557698358,1566182033,C++,C++14 (GCC 5.4.1),cpp,Runtime Error,101,8448,865,
s523349797,p02936,u137542041,1566182032,Python,Python (3.4.3),py,Wrong Answer,1648,132828,401,
s759135610,p02936,u500092662,1566182030,C++,C++14 (GCC 5.4.1),cpp,Runtime Error,152,9208,893,
s218594763,p02936,u994910167,1566182028,Python,Python (3.4.3),py,Wrong Answer,2113,102040,600,
s741217813,p02936,u568545273,1566182027,Java,Java8 (OpenJDK 1.8.0),java,Wrong Answer,2110,223976,1376,
s014296316,p02936,u174273188,1566182026,Python,PyPy3 (2.4.0),py,Time Limit Exceeded,2110,110808,976,
s177746791,p02936,u981767024,1566182025,Python,Python (3.4.3),py,Runtime Error,2107,83856,771,
s790208287,p02936,u989654188,1566182024,Python,Python (3.4.3),py,Runtime Error,2106,36764,427,
s062811921,p02936,u709076082,1566182024,Python,Python (3.4.3),py,Runtime Error,2106,67876,829,
s613693021,p02936,u049562569,1566182023,Java,Java8 (OpenJDK 1.8.0),java,Wrong Answer,2117,392904,1757,
s429530871,p02936,u555688810,1566182023,Python,Python (3.4.3),py,Runtime Error,2108,74196,766,
s938844250,p02936,u992767140,1566182023,Python,Python (2.7.6),py,Time Limit Exceeded,2104,17000,1034,
s136212259,p02936,u658801777,1566182022,Python,Python (3.4.3),py,Wrong Answer,2107,54712,760,
s751601351,p02936,u726615467,1566182020,Python,PyPy3 (2.4.0),py,Time Limit Exceeded,2112,162796,877,
s801014099,p02936,u811360551,1566182020,Java,Java8 (OpenJDK 1.8.0),java,Time Limit Exceeded,2110,188180,1320,
s617949605,p02936,u485364879,1566182019,Java,Java8 (OpenJDK 1.8.0),java,Time Limit Exceeded,2109,124064,1312,
s880052767,p02936,u895838522,1566182018,Go,Go (1.6),go,Time Limit Exceeded,2109,84864,872,
s069127374,p02936,u611562941,1566182016,Python,PyPy3 (2.4.0),py,Accepted,1923,121432,636,
s231016651,p02936,u216849520,1566182016,C++,C++14 (GCC 5.4.1),cpp,Wrong Answer,2104,40448,1892,
s049301694,p02936,u714300041,1566182014,Python,PyPy3 (2.4.0),py,Runtime Error,975,133444,540,
s594664857,p02936,u060694763,1566182014,Python,Python (3.4.3),py,Runtime Error,2108,93348,745,
s690854409,p02936,u220892578,1566182013,C++,C++14 (GCC 5.4.1),cpp,Compile Error,,,1206,
s542221787,p02936,u940654002,1566182010,C++,C++14 (GCC 5.4.1),cpp,Accepted,347,14848,601,
s114438383,p02936,u262602763,1566182010,Go,Go (1.6),go,Time Limit Exceeded,2109,76800,826,
s290033102,p02936,u281662621,1566182009,Ruby,Ruby (2.3.3),rb,Runtime Error,1297,73784,879,
s563759017,p02936,u040067762,1566182009,Python,PyPy3 (2.4.0),py,Wrong Answer,2109,118992,693,
s070408985,p02936,u814154745,1566182008,C++,C++14 (GCC 5.4.1),cpp,Wrong Answer,473,39040,835,
s016452204,p02936,u158104782,1566182008,Java,Java8 (OpenJDK 1.8.0),java,Wrong Answer,1659,212212,1458,
s786261568,p02936,u226873514,1566182007,Python,PyPy3 (2.4.0),py,Runtime Error,2108,97612,424,
s649115258,p02936,u071970578,1566182007,Python,Python (3.4.3),py,Runtime Error,2111,60124,1854,
s010698880,p02936,u960997735,1566182006,C++,C++14 (GCC 5.4.1),cpp,Wrong Answer,358,40052,3777,
s584998819,p02936,u131625544,1566182005,Python,Python (3.4.3),py,Runtime Error,17,3064,338,
s382347232,p02936,u979667682,1566182004,Python,PyPy3 (2.4.0),py,Wrong Answer,2110,122328,677,
s813547721,p02936,u193886067,1566182004,Python,Python (3.4.3),py,Time Limit Exceeded,2081,101676,656,
s610645298,p02936,u600195339,1566182003,Python,PyPy3 (2.4.0),py,Runtime Error,2013,150640,1333,
s060536614,p02936,u533749093,1566182003,C++,C++14 (GCC 5.4.1),cpp,Runtime Error,3275,256,1007,
s897631784,p02936,u558242240,1566182003,Python,Python (3.4.3),py,Time Limit Exceeded,2107,66144,723,
s196483253,p02936,u471684875,1566182002,Python,Python (3.4.3),py,Accepted,1669,120972,464,
s733519583,p02936,u660918420,1566182001,C++,C++14 (GCC 5.4.1),cpp,Compile Error,,,635,
s201470576,p02936,u821284362,1566181999,Python,Python (3.4.3),py,Wrong Answer,2106,37124,687,
s503183959,p02936,u307752464,1566181999,C++,C++14 (Clang 3.8.0),cpp,Time Limit Exceeded,2104,22888,1469,
s522027193,p02936,u185896732,1566181997,Python,PyPy3 (2.4.0),py,Time Limit Exceeded,2571,38512,782,
s416444221,p02936,u365513379,1566181995,C++,C++14 (GCC 5.4.1),cpp,Wrong Answer,293,52352,2975,
s295633200,p02936,u315635879,1566181992,C#,C# (Mono 4.6.2.0),cs,Time Limit Exceeded,2118,222008,2524,
s042387759,p02936,u933341648,1566181991,Python,Python (3.4.3),py,Time Limit Exceeded,2104,80472,412,
s395183162,p02936,u207917850,1566181991,C++,C++14 (GCC 5.4.1),cpp,Accepted,302,32128,1756,
s397211139,p02936,u508486691,1566181990,Python,PyPy3 (2.4.0),py,Time Limit Exceeded,2110,122708,1509,
s878408141,p02936,u185896732,1566181988,C++,C++14 (GCC 5.4.1),cpp,Compile Error,,,782,
s445324390,p02936,u563743611,1566181987,C++,C++14 (GCC 5.4.1),cpp,Runtime Error,2104,335836,874,
s879177394,p02936,u475503988,1566181987,Python,Python (3.4.3),py,Accepted,1567,52872,446,
s250139532,p02936,u352248517,1566181987,C++,C++14 (GCC 5.4.1),cpp,Accepted,322,29312,787,
s064298999,p02936,u212228253,1566181986,Python,Python (3.4.3),py,Wrong Answer,1647,50168,576,
s485909494,p02936,u191196346,1566181985,Ruby,Ruby (2.3.3),rb,Time Limit Exceeded,2144,590284,592,
s122501377,p02936,u621104964,1566181985,C++,C++14 (Clang 3.8.0),cpp,Wrong Answer,2103,11380,1796,
s509905801,p02936,u184572586,1566181984,C++,C++14 (GCC 5.4.1),cpp,Time Limit Exceeded,2104,20992,1260,
s891702468,p02936,u905268546,1566181982,Python,Python (3.4.3),py,Runtime Error,1548,68840,534,
s839793406,p02936,u551066908,1566181980,Python,Python (3.4.3),py,Runtime Error,2110,105072,1092,
s591168256,p02936,u177411511,1566181980,Python,PyPy3 (2.4.0),py,Runtime Error,2107,122608,504,
s777504834,p02936,u366035313,1566181980,Java,Java8 (OpenJDK 1.8.0),java,Runtime Error,2109,298668,1974,
s146846612,p02936,u621935300,1566181978,Python,PyPy2 (5.6.0),py,Accepted,479,77596,579,
s938875105,p02936,u102414612,1566181976,C++,C++14 (GCC 5.4.1),cpp,Accepted,384,24192,533,
s340482026,p02936,u535010493,1566181976,C++,C++14 (GCC 5.4.1),cpp,Runtime Error,3504,256,753,
s558613643,p02936,u835792837,1566181975,C++,C++14 (GCC 5.4.1),cpp,Runtime Error,126,2688,797,
s835515708,p02936,u314669806,1566181975,C++,C++14 (GCC 5.4.1),cpp,Runtime Error,1020,807168,1433,
s098876867,p02936,u220892578,1566181975,C++,C++14 (GCC 5.4.1),cpp,Runtime Error,99,1024,1382,
s169954813,p02936,u135522671,1566181972,Python,Python (3.4.3),py,Wrong Answer,2108,113456,976,
s576064234,p02936,u190616169,1566181971,C++,C++14 (GCC 5.4.1),cpp,Time Limit Exceeded,2104,28272,1434,
s143490062,p02936,u658096542,1566181969,C++,C++14 (GCC 5.4.1),cpp,Runtime Error,2952,256,1958,
s393227723,p02936,u185037583,1566181969,C++,C++14 (GCC 5.4.1),cpp,Time Limit Exceeded,2105,33908,761,
s195806524,p02936,u208362438,1566181969,Ruby,Ruby (2.3.3),rb,Runtime Error,2109,27260,664,
s422180302,p02936,u837133513,1566181968,C++,C++14 (GCC 5.4.1),cpp,Compile Error,,,535,
s371790416,p02936,u842596864,1566181968,C++,C++14 (GCC 5.4.1),cpp,Time Limit Exceeded,2103,3840,697,
s126712608,p02936,u366115355,1566181967,C++,C++14 (GCC 5.4.1),cpp,Runtime Error,393,3328,932,
s789257892,p02936,u709076082,1566181967,Python,PyPy3 (2.4.0),py,Time Limit Exceeded,2109,99328,829,
s957788557,p02936,u352248517,1566181964,C++,C++14 (GCC 5.4.1),cpp,Compile Error,,,1859,
s064184589,p02936,u169696482,1566181962,Python,Python (3.4.3),py,Wrong Answer,17,2940,24,
s244720739,p02936,u921811474,1566181961,Python,Python (3.4.3),py,Time Limit Exceeded,2036,142880,458,
s550999010,p02936,u666490638,1566181960,C++,C++14 (GCC 5.4.1),cpp,Accepted,250,3968,944,
s077880622,p02936,u965602776,1566181959,Python,PyPy3 (2.4.0),py,Time Limit Exceeded,2110,117836,504,
s217647008,p02936,u041739330,1566181958,Python,Python (3.4.3),py,Runtime Error,1857,64036,872,
s676521230,p02936,u686302771,1566181957,Go,Go (1.6),go,Time Limit Exceeded,2107,7680,564,
s911823903,p02936,u546736430,1566181957,C++,C++14 (GCC 5.4.1),cpp,Time Limit Exceeded,2105,25600,625,
s902252730,p02936,u492166530,1566181956,PHP,PHP7 (7.0.15),php,Time Limit Exceeded,2104,104056,4673,
s591625744,p02936,u698883164,1566181954,C++,C++14 (GCC 5.4.1),cpp,Wrong Answer,2105,28416,1191,
s091234228,p02936,u419633921,1566181954,C++,C++14 (Clang 3.8.0),cpp,Time Limit Exceeded,2103,3840,718,
s415720141,p02936,u243572357,1566181953,Python,Python (3.4.3),py,Runtime Error,2105,49656,774,
s241474272,p02936,u183896397,1566181953,Python,Python (3.4.3),py,Time Limit Exceeded,2106,48672,624,
s689104187,p02936,u794753968,1566181952,Python,Python (3.4.3),py,Runtime Error,2108,75452,680,
s860308884,p02936,u474514603,1566181950,Python,Python (3.4.3),py,Time Limit Exceeded,2112,111536,2406,
s831843862,p02936,u525603554,1566181948,C#,C# (Mono 4.6.2.0),cs,Time Limit Exceeded,2111,78508,6396,
s715683087,p02936,u500297289,1566181946,Python,PyPy3 (2.4.0),py,Time Limit Exceeded,2124,305528,620,
s905761498,p02936,u259590403,1566181944,C++,C++14 (GCC 5.4.1),cpp,Runtime Error,102,256,960,
s295331867,p02936,u734857533,1566181943,C,C (GCC 5.4.1),c,Wrong Answer,89,6016,469,
s841877233,p02936,u912087911,1566181941,Ruby,Ruby (2.3.3),rb,Runtime Error,2110,50936,1073,
s719971015,p02936,u715912777,1566181941,Python,PyPy3 (2.4.0),py,Time Limit Exceeded,2111,154252,963,
s540873396,p02936,u234636620,1566181937,Python,Python (3.4.3),py,Runtime Error,2112,82064,905,
s180089129,p02936,u079474701,1566181935,Python,Python (3.4.3),py,Runtime Error,1836,58664,649,
s434158110,p02936,u864273141,1566181934,Python,Python (3.4.3),py,Accepted,1812,68784,642,
s071292697,p02936,u707870100,1566181934,Python,Python (3.4.3),py,Time Limit Exceeded,2112,141908,637,
s138026399,p02936,u992767140,1566181934,Python,Python (2.7.6),py,Wrong Answer,2104,16616,1058,
s528502442,p02936,u934099192,1566181933,Python,Python (3.4.3),py,Runtime Error,149,12488,593,
s018892141,p02936,u938389536,1566181931,C++,C++14 (GCC 5.4.1),cpp,Time Limit Exceeded,2104,18176,1400,
s805772964,p02936,u889915625,1566181930,C++,C++14 (GCC 5.4.1),cpp,Time Limit Exceeded,2227,1828736,2203,
s485250438,p02936,u251075661,1566181928,Python,Python (3.4.3),py,Runtime Error,2220,1898812,761,
s258579458,p02936,u782219335,1566181927,C++,C++14 (GCC 5.4.1),cpp,Wrong Answer,2104,37620,1513,
s026463434,p02936,u505830998,1566181926,Python,Python (3.4.3),py,Accepted,1937,65776,778,
s656799421,p02936,u374531474,1566181925,Python,Python (3.4.3),py,Runtime Error,1769,79948,580,
s970920750,p02936,u704001626,1566181921,Python,Python (3.4.3),py,Runtime Error,2111,169180,525,
s694838985,p02936,u060432908,1566181920,Python,Python (3.4.3),py,Runtime Error,2110,47144,756,
s099817161,p02936,u212228253,1566181920,Python,Python (3.4.3),py,Runtime Error,1766,55588,571,
s846198696,p02936,u028620830,1566181918,JavaScript,JavaScript (node.js v5.12),js,Time Limit Exceeded,2191,1469648,1275,
s201901087,p02936,u503111914,1566181918,Python,Python (3.4.3),py,Time Limit Exceeded,2110,121708,389,
s490759774,p02936,u933622697,1566181918,Python,PyPy3 (2.4.0),py,Time Limit Exceeded,2112,143488,670,
s986288645,p02936,u612271542,1566181915,C++,C++14 (GCC 5.4.1),cpp,Time Limit Exceeded,2105,37760,1082,
s805959156,p02936,u620156187,1566181915,Python,Python (3.4.3),py,Time Limit Exceeded,2107,53876,480,
s123334016,p02936,u636235110,1566181915,C++,C++14 (GCC 5.4.1),cpp,Time Limit Exceeded,2105,30720,832,
s321844428,p02936,u495903598,1566181913,Python,Python (3.4.3),py,Accepted,1011,76476,1278,
s264820308,p02936,u842388336,1566181912,Python,Python (3.4.3),py,Time Limit Exceeded,2111,66836,435,
s317696339,p02936,u558242240,1566181909,Python,Python (3.4.3),py,Runtime Error,18,3064,857,
s670459184,p02936,u188486233,1566181907,C,C (GCC 5.4.1),c,Time Limit Exceeded,2103,4096,754,
s745263673,p02936,u868975661,1566181906,Java,Java8 (OpenJDK 1.8.0),java,Runtime Error,1034,922704,2215,
s292282714,p02936,u707870100,1566181906,Python,PyPy2 (5.6.0),py,Runtime Error,42,28524,640,
s282088203,p02936,u776606088,1566181905,C,C (GCC 5.4.1),c,Time Limit Exceeded,2104,26752,1782,
s378713703,p02936,u051089531,1566181903,C++,C++14 (GCC 5.4.1),cpp,Runtime Error,3546,256,929,
s324847547,p02936,u811967730,1566181903,Python,Python (3.4.3),py,Runtime Error,2108,76664,651,
s488721726,p02936,u126288554,1566181903,C++,C++14 (GCC 5.4.1),cpp,Accepted,309,25856,1157,
s741854186,p02936,u326609687,1566181901,Python,Python (3.4.3),py,Time Limit Exceeded,2109,100840,207229,
s306774121,p02936,u489326854,1566181900,C++,C++14 (GCC 5.4.1),cpp,Wrong Answer,322,19968,3128,
s271187563,p02936,u868461642,1566181899,Ruby,Ruby (2.3.3),rb,Runtime Error,2113,90748,774,
s418789957,p02936,u365113395,1566181899,C++,C++14 (GCC 5.4.1),cpp,Accepted,128,18816,1305,
s479075718,p02936,u233745357,1566181899,Python,Python (3.4.3),py,Time Limit Exceeded,2108,75800,808,
s841162421,p02936,u835792837,1566181899,C++,C++14 (GCC 5.4.1),cpp,Runtime Error,125,2680,841,
s347151127,p02936,u366482170,1566181898,Python,PyPy3 (2.4.0),py,Time Limit Exceeded,2107,72040,516,
s325461492,p02936,u380914158,1566181896,Python,PyPy3 (2.4.0),py,Time Limit Exceeded,2111,120548,383,
s650152989,p02936,u921811474,1566181895,Python,Python (3.4.3),py,Time Limit Exceeded,2071,142880,458,
s845177728,p02936,u523969266,1566181893,C++,C++14 (GCC 5.4.1),cpp,Time Limit Exceeded,2104,11136,2185,
s074870997,p02936,u829203929,1566181892,Python,Python (3.4.3),py,Runtime Error,148,12512,585,
s652800488,p02936,u591343832,1566181892,C++,C++14 (GCC 5.4.1),cpp,Accepted,152,25344,4979,
s909193555,p02936,u174273188,1566181891,Python,PyPy3 (2.4.0),py,Runtime Error,2110,111392,972,
s289113884,p02936,u350248178,1566181890,Python,PyPy3 (2.4.0),py,Time Limit Exceeded,2111,126404,961,
s822073081,p02936,u033094865,1566181889,Python,PyPy3 (2.4.0),py,Time Limit Exceeded,2109,95064,378,
s931654256,p02936,u754375546,1566181889,Ruby,Ruby (2.3.3),rb,Time Limit Exceeded,2113,120296,864,
s688094263,p02936,u002135808,1566181888,C++,C++14 (Clang 3.8.0),cpp,Wrong Answer,2106,41728,547,
s419846995,p02936,u900303768,1566181888,Python,PyPy3 (2.4.0),py,Time Limit Exceeded,2111,126804,623,
s620783430,p02936,u426649993,1566181887,Python,Python (3.4.3),py,Accepted,1726,99064,377,
s125330851,p02936,u481476191,1566181887,C++,C++14 (GCC 5.4.1),cpp,Accepted,206,35072,1501,
s578819345,p02936,u849739818,1566181887,C#,C# (Mono 4.6.2.0),cs,Accepted,1365,46392,1768,
s411556012,p02936,u212228253,1566181885,Python,Python (3.4.3),py,Runtime Error,1688,55592,571,
s098962405,p02936,u148378522,1566181883,Python,Python (3.4.3),py,Time Limit Exceeded,2105,48716,889,
s111212125,p02936,u309439894,1566181882,Ruby,Ruby (2.3.3),rb,Time Limit Exceeded,2108,12284,517,
s354310059,p02936,u241908712,1566181882,C++,C++14 (GCC 5.4.1),cpp,Accepted,111,16512,1007,
s081268920,p02936,u152614052,1566181882,Python,Python (3.4.3),py,Time Limit Exceeded,2110,104060,585,
s133195906,p02936,u332385682,1566181879,D,D (DMD64 v2.070.1),d,Accepted,314,34300,2809,
s126491282,p02936,u716270596,1566181878,Python,PyPy3 (2.4.0),py,Time Limit Exceeded,2116,215416,1029,
s954850842,p02936,u698902360,1566181876,Python,Python (3.4.3),py,Runtime Error,2108,73044,812,
s138105113,p02936,u842388336,1566181875,Python,Python (3.4.3),py,Runtime Error,2111,66836,430,
s141037966,p02936,u408650734,1566181874,C++,C++14 (GCC 5.4.1),cpp,Time Limit Exceeded,2205,2065664,778,
s560882266,p02936,u686302771,1566181872,Go,Go (1.6),go,Wrong Answer,2108,9860,581,
s246717748,p02936,u116328320,1566181871,Rust,Rust (1.15.1),rs,Time Limit Exceeded,3730,4352,2008,
s857581906,p02936,u366482170,1566181870,Python,Python (3.4.3),py,Time Limit Exceeded,2105,33516,516,
s467442167,p02936,u611562941,1566181870,Python,Python (3.4.3),py,Time Limit Exceeded,2113,144084,693,
s379386951,p02936,u539371709,1566181870,Go,Go (1.6),go,Time Limit Exceeded,2110,55420,1576,
s897439240,p02936,u964273035,1566181869,Go,Go (1.6),go,Time Limit Exceeded,2109,21892,1706,
s556767763,p02936,u218036413,1566181868,C++,C++14 (GCC 5.4.1),cpp,Runtime Error,2649,256,950,
s084270937,p02936,u322354465,1566181868,Python,Python (3.4.3),py,Runtime Error,1678,82380,659,
s146077226,p02936,u508486691,1566181867,Python,Python (3.4.3),py,Time Limit Exceeded,2110,109836,1437,
s099436329,p02936,u491418383,1566181866,C#,C# (Mono 4.6.2.0),cs,Time Limit Exceeded,2113,73356,3460,
s484836496,p02936,u460204279,1566181863,Ruby,Ruby (2.3.3),rb,Runtime Error,2111,60796,606,
s809268397,p02936,u474492589,1566181863,Java,Java8 (OpenJDK 1.8.0),java,Runtime Error,599,871636,1388,
s256656691,p02936,u709583164,1566181862,C++,C++14 (GCC 5.4.1),cpp,Time Limit Exceeded,2105,32256,1181,
s013170544,p02936,u519180097,1566181862,C++,C++14 (GCC 5.4.1),cpp,Wrong Answer,162,50944,1012,
s644162186,p02936,u146364934,1566181861,Java,Java8 (OpenJDK 1.8.0),java,Time Limit Exceeded,2111,190296,1960,
s663830771,p02936,u716314620,1566181861,C++,C++14 (GCC 5.4.1),cpp,Time Limit Exceeded,2224,1711016,1057,
s729632981,p02936,u073549161,1566181860,Python,PyPy3 (2.4.0),py,Time Limit Exceeded,2115,185736,832,
s580634782,p02936,u102275718,1566181859,Python,PyPy3 (2.4.0),py,Time Limit Exceeded,2115,187708,901,
s883037236,p02936,u865621256,1566181856,C++,C++14 (GCC 5.4.1),cpp,Accepted,294,20980,1262,
s085788349,p02936,u814986259,1566181854,Python,Python (3.4.3),py,Wrong Answer,2105,36212,494,
s666568932,p02936,u655548174,1566181854,C++,C++14 (GCC 5.4.1),cpp,Time Limit Exceeded,2105,23680,884,
s859479524,p02936,u286754585,1566181854,Fortran,Fortran (gfortran v4.8.4),f,Runtime Error,1,256,1270,
s039719585,p02936,u075628913,1566181853,Python,Python (3.4.3),py,Time Limit Exceeded,2231,2030676,694,
s262479549,p02936,u197427401,1566181850,C++,C++14 (GCC 5.4.1),cpp,Accepted,356,21120,613,
s077570898,p02936,u766668937,1566181848,Go,Go (1.6),go,Time Limit Exceeded,2108,29660,906,
s010793947,p02936,u196501792,1566181846,Java,Java8 (OpenJDK 1.8.0),java,Runtime Error,597,927444,2114,
s606934133,p02936,u558242240,1566181845,Python,Python (3.4.3),py,Runtime Error,18,3064,696,
s325188334,p02936,u131625544,1566181845,Python,Python (3.4.3),py,Wrong Answer,2073,133852,456,
s014786093,p02936,u432998668,1566181844,C++,C++14 (GCC 5.4.1),cpp,Wrong Answer,267,8704,1518,
s654268523,p02936,u921811474,1566181837,Python,Python (3.4.3),py,Time Limit Exceeded,2085,143396,458,
s371605913,p02936,u653807637,1566181834,C++,C++14 (GCC 5.4.1),cpp,Accepted,909,699264,1119,
s267166643,p02936,u414768457,1566181831,C++,C++14 (GCC 5.4.1),cpp,Accepted,164,24320,693,
s956047752,p02936,u837259155,1566181830,Ruby,Ruby (2.3.3),rb,Runtime Error,2116,140100,772,
s886118355,p02936,u382002817,1566181828,C++,C++14 (GCC 5.4.1),cpp,Wrong Answer,277,10752,955,
s115869938,p02936,u492166530,1566181827,PHP,PHP7 (7.0.15),php,Runtime Error,10,4604,4834,
s683445271,p02936,u523303964,1566181827,C++,C++14 (GCC 5.4.1),cpp,Time Limit Exceeded,2105,22144,696,
s175695285,p02936,u717943620,1566181826,Go,Go (1.6),go,Time Limit Exceeded,2109,35892,837,
s877182733,p02936,u934099192,1566181825,Python,Python (3.4.3),py,Runtime Error,300,20620,660,
s732721396,p02936,u778113870,1566181824,Python,Python (3.4.3),py,Time Limit Exceeded,2105,20700,594,
s159223408,p02936,u903005414,1566181822,Python,Python (3.4.3),py,Time Limit Exceeded,2107,60680,519,
s143411235,p02936,u960783046,1566181821,Python,Python (3.4.3),py,Runtime Error,2106,60516,857,
s693038024,p02936,u366934151,1566181821,C++,C++14 (GCC 5.4.1),cpp,Time Limit Exceeded,2258,1976100,2309,
s482523631,p02936,u471684875,1566181821,Python,Python (3.4.3),py,Wrong Answer,1548,118796,456,
s447242712,p02936,u370447425,1566181817,C++,C++14 (GCC 5.4.1),cpp,Wrong Answer,130,21120,1742,
s961253343,p02936,u376082984,1566181816,C++,C++14 (GCC 5.4.1),cpp,Wrong Answer,1024,87680,4533,
s014886089,p02936,u352824706,1566181816,Python,Python (3.4.3),py,Runtime Error,2109,119412,601,
s282631446,p02936,u177756077,1566181814,Python,Python (3.4.3),py,Time Limit Exceeded,2118,227300,581,
s691776637,p02936,u910199116,1566181813,C++,C++14 (GCC 5.4.1),cpp,Wrong Answer,284,16640,845,
s670258705,p02936,u921681484,1566181812,Java,Java8 (OpenJDK 1.8.0),java,Time Limit Exceeded,2109,200696,1435,
s601270565,p02936,u758831502,1566181808,Python,Python (3.4.3),py,Time Limit Exceeded,2110,36212,497,
s109188191,p02936,u185037583,1566181806,C++,C++14 (GCC 5.4.1),cpp,Time Limit Exceeded,2105,25076,790,
s399555872,p02936,u208362438,1566181802,Ruby,Ruby (2.3.3),rb,Runtime Error,2108,27772,646,
s930617403,p02936,u714189167,1566181802,F#,F# (Mono 4.0),fs,Accepted,1723,46848,924,
s384567886,p02936,u437083392,1566181802,C++,C++14 (GCC 5.4.1),cpp,Time Limit Exceeded,2111,3968,1030,
s332575625,p02936,u286754585,1566181801,Fortran,Fortran (gfortran v4.8.4),f,Compile Error,,,1268,
s513592244,p02936,u136756805,1566181801,C++,C++14 (GCC 5.4.1),cpp,Wrong Answer,141,24448,1310,
s308704961,p02936,u734857533,1566181801,C,C (GCC 5.4.1),c,Wrong Answer,89,6016,468,
s131472361,p02936,u409831002,1566181797,C++,C++14 (Clang 3.8.0),cpp,Runtime Error,434,7284,1146,
s463939232,p02936,u311601704,1566181795,Python,Python (3.4.3),py,Time Limit Exceeded,2064,113676,844,
s054298874,p02936,u921811474,1566181795,Python,Python (3.4.3),py,Wrong Answer,1958,137748,446,
s998963319,p02936,u461984674,1566181795,C++,C++14 (GCC 5.4.1),cpp,Wrong Answer,2159,927232,2820,
s115341618,p02936,u858670323,1566181794,Python,Python (3.4.3),py,Time Limit Exceeded,2107,55852,924,
s655478892,p02936,u544637026,1566181794,Python,PyPy3 (2.4.0),py,Time Limit Exceeded,2147,702072,529,
s734952106,p02936,u654240084,1566181794,C++,C++14 (GCC 5.4.1),cpp,Time Limit Exceeded,2104,24192,824,
s792799019,p02936,u766668937,1566181793,Go,Go (1.6),go,Runtime Error,2104,17280,835,
s080675736,p02936,u835792837,1566181793,C++,C++14 (GCC 5.4.1),cpp,Time Limit Exceeded,2104,22912,844,
s131709933,p02936,u776649162,1566181793,Ruby,Ruby (2.3.3),rb,Time Limit Exceeded,2108,19964,1012,
s553715373,p02936,u436335113,1566181793,Python,PyPy3 (2.4.0),py,Accepted,1833,116684,517,
s093648196,p02936,u810625173,1566181793,Python,PyPy3 (2.4.0),py,Time Limit Exceeded,2114,189564,862,
s965793805,p02936,u601256797,1566181792,C++,C++14 (GCC 5.4.1),cpp,Wrong Answer,2105,39924,1499,
s632338387,p02936,u103520789,1566181792,Python,Python (3.4.3),py,Time Limit Exceeded,2110,102156,773,
s794443878,p02936,u414768457,1566181791,C++,C++14 (GCC 5.4.1),cpp,Runtime Error,284,6400,814,
s236128707,p02936,u901397311,1566181791,C++,C++14 (GCC 5.4.1),cpp,Time Limit Exceeded,2104,22144,1200,
s758200212,p02936,u704001626,1566181787,Python,PyPy3 (2.4.0),py,Time Limit Exceeded,2111,142808,596,
s568097059,p02936,u397880990,1566181786,C++,C++14 (GCC 5.4.1),cpp,Runtime Error,100,384,663,
s879213107,p02936,u698902360,1566181786,Python,PyPy3 (2.4.0),py,Runtime Error,2112,150224,812,
s948881948,p02936,u111563567,1566181785,C++,C++14 (GCC 5.4.1),cpp,Accepted,124,24320,986,
s086998278,p02936,u653807637,1566181781,C++,C++14 (GCC 5.4.1),cpp,Runtime Error,321,69888,1116,
s540121739,p02936,u624505752,1566181781,Ruby,Ruby (2.3.3),rb,Wrong Answer,2113,89724,1578,
s310974132,p02936,u716270596,1566181780,Python,PyPy3 (2.4.0),py,Time Limit Exceeded,2118,224168,1010,
s334375774,p02936,u470542271,1566181779,Python,Python (3.4.3),py,Time Limit Exceeded,2114,174188,715,
s819559422,p02936,u131625544,1566181777,Python,Python (3.4.3),py,Runtime Error,2111,160412,761,
s208378111,p02936,u045575753,1566181777,C++,C++14 (GCC 5.4.1),cpp,Time Limit Exceeded,2104,15616,872,
s979579469,p02936,u983311472,1566181777,Python,Python (3.4.3),py,Runtime Error,880,57964,315,
s395551183,p02936,u960171798,1566181777,Python,Python (3.4.3),py,Time Limit Exceeded,2107,55668,713,
s230431291,p02936,u731706246,1566181775,C++,C++14 (GCC 5.4.1),cpp,Accepted,606,32128,1239,
s930000611,p02936,u676537505,1566181775,C++,C++14 (GCC 5.4.1),cpp,Accepted,322,5504,624,
s485274077,p02936,u151137534,1566181774,C++,C++14 (GCC 5.4.1),cpp,Accepted,139,29176,2580,
s455021244,p02936,u505830998,1566181774,Python,Python (3.4.3),py,Time Limit Exceeded,2106,49796,769,
s770323596,p02936,u889915625,1566181772,C++,C++14 (GCC 5.4.1),cpp,Time Limit Exceeded,2186,1294652,2275,
s570406083,p02936,u156677492,1566181772,Python,Python (3.4.3),py,Time Limit Exceeded,2107,50876,586,
s099383704,p02936,u700923200,1566181771,Ruby,Ruby (2.3.3),rb,Wrong Answer,1741,92296,521,
s337605437,p02936,u153537680,1566181770,Kotlin,Kotlin (1.0.0),kt,Accepted,1446,149996,1412,
s527326190,p02936,u756514276,1566181768,C++,C++14 (GCC 5.4.1),cpp,Time Limit Exceeded,2104,15348,967,
s815459938,p02936,u040067762,1566181766,Python,PyPy3 (2.4.0),py,Time Limit Exceeded,2110,114128,735,
s026526362,p02936,u170077602,1566181766,Python,PyPy3 (2.4.0),py,Time Limit Exceeded,2110,119256,587,
s516545353,p02936,u326609687,1566181763,Python,Python (3.4.3),py,Runtime Error,173,16016,207557,
s814420775,p02936,u365513379,1566181763,C++,C++14 (GCC 5.4.1),cpp,Wrong Answer,243,52352,2980,
s023019625,p02936,u479918572,1566181761,Python,PyPy3 (2.4.0),py,Time Limit Exceeded,2112,213916,534,
s650570725,p02936,u047023156,1566181761,Python,Python (3.4.3),py,Time Limit Exceeded,2111,151492,748,
s397160988,p02936,u576712004,1566181758,C++,C++14 (GCC 5.4.1),cpp,Wrong Answer,300,5376,1022,
s718226173,p02936,u597622207,1566181757,Python,Python (3.4.3),py,Runtime Error,293,36120,455,
s327876301,p02936,u442030035,1566181757,Python,Python (3.4.3),py,Time Limit Exceeded,2130,462532,754,
s124890162,p02936,u729300713,1566181757,Python,Python (3.4.3),py,Time Limit Exceeded,2108,83464,1077,
s643253529,p02936,u055303078,1566181756,C++,C++14 (GCC 5.4.1),cpp,Wrong Answer,2151,810564,1497,
s414980787,p02936,u548014893,1566181754,Python,Python (3.4.3),py,Runtime Error,2109,71140,723,
s749061477,p02936,u824326335,1566181753,Python,Python (3.4.3),py,Runtime Error,2109,96528,345,
s888877692,p02936,u811360551,1566181752,Java,Java8 (OpenJDK 1.8.0),java,Time Limit Exceeded,2109,193348,1278,
s362586712,p02936,u556672233,1566181751,Rust,Rust (1.15.1),rs,Accepted,276,24828,1356,
s611929363,p02936,u260216890,1566181750,Python,Python (3.4.3),py,Runtime Error,1410,69108,504,
s556565652,p02936,u624505752,1566181750,Ruby,Ruby (2.3.3),rb,Runtime Error,7,1788,1579,
s768139306,p02936,u376082984,1566181749,C++,C++14 (GCC 5.4.1),cpp,Wrong Answer,1078,87680,4247,
s066636200,p02936,u600195339,1566181749,Python,PyPy3 (2.4.0),py,Time Limit Exceeded,2120,271668,1273,
s815095950,p02936,u963915126,1566181748,Python,Python (3.4.3),py,Runtime Error,210,22768,841,
s644438380,p02936,u714300041,1566181746,Python,PyPy3 (2.4.0),py,Runtime Error,1042,133452,577,
s678822262,p02936,u508486691,1566181744,Python,PyPy3 (2.4.0),py,Time Limit Exceeded,2110,134912,1702,
s211737952,p02936,u074230519,1566181743,Python,Python (3.4.3),py,Accepted,1884,156652,778,
s776898534,p02936,u476435125,1566181743,Python,Python (3.4.3),py,Runtime Error,1980,78876,729,
s610765092,p02936,u026424523,1566181742,C++,C++14 (GCC 5.4.1),cpp,Time Limit Exceeded,2120,284928,774,
s372462905,p02936,u135572611,1566181742,C++,C++14 (GCC 5.4.1),cpp,Time Limit Exceeded,2104,21504,1376,
s626055765,p02936,u993229809,1566181741,C++,C++14 (GCC 5.4.1),cpp,Time Limit Exceeded,2104,25728,690,
s466196998,p02936,u882460931,1566181741,Go,Go (1.6),go,Accepted,225,17536,1490,
s088861817,p02936,u073549161,1566181741,Python,PyPy3 (2.4.0),py,Time Limit Exceeded,2115,193672,959,
s026734069,p02936,u575279726,1566181741,C++,C++14 (GCC 5.4.1),cpp,Accepted,253,3968,704,
s929802603,p02936,u904943473,1566181740,Python,Python (3.4.3),py,Time Limit Exceeded,2114,139696,705,
s061620175,p02936,u122034453,1566181739,C++,C++14 (GCC 5.4.1),cpp,Accepted,334,35200,1044,
s024650972,p02936,u623659526,1566181739,Python,Python (3.4.3),py,Time Limit Exceeded,2110,105468,1095,
s325684022,p02936,u580327099,1566181738,Python,Python (3.4.3),py,Time Limit Exceeded,2115,179520,967,
s499504911,p02936,u907059006,1566181738,C#,C# (Mono 4.6.2.0),cs,Time Limit Exceeded,2144,583728,2238,
s648142644,p02936,u782219335,1566181738,C++,C++14 (GCC 5.4.1),cpp,Wrong Answer,2104,36724,1441,
s270041326,p02936,u155687575,1566181736,Python,Python (3.4.3),py,Wrong Answer,2108,76212,655,
s255585098,p02936,u666415539,1566181735,Python,Python (3.4.3),py,Runtime Error,2106,39084,420,
s755895552,p02936,u318955153,1566181735,Python,Python (3.4.3),py,Wrong Answer,2110,146132,708,
s859397167,p02936,u934099192,1566181733,Python,Python (3.4.3),py,Runtime Error,327,21744,599,
s075835310,p02936,u507706381,1566181733,Java,Java8 (OpenJDK 1.8.0),java,Time Limit Exceeded,2109,193088,1327,
s522275999,p02936,u653807637,1566181733,C++,C++14 (GCC 5.4.1),cpp,Runtime Error,306,69376,1117,
s063055616,p02936,u551909378,1566181731,Python,Python (3.4.3),py,Accepted,1660,74420,473,
s016952898,p02936,u761471989,1566181726,Python,Python (3.4.3),py,Accepted,1743,90960,830,
s208789222,p02936,u174273188,1566181724,Python,PyPy3 (2.4.0),py,Runtime Error,2110,113624,922,
s695211476,p02936,u160452355,1566181722,C++,C++14 (GCC 5.4.1),cpp,Time Limit Exceeded,2104,13184,1120,
s481814657,p02936,u334260611,1566181719,Python,Python (3.4.3),py,Time Limit Exceeded,2136,506160,1207,
s626145383,p02936,u991462056,1566181718,C++,C++14 (GCC 5.4.1),cpp,Time Limit Exceeded,2104,19204,1363,
s792378754,p02936,u862569952,1566181716,Python,Python (3.4.3),py,Time Limit Exceeded,2118,241268,539,
s256773359,p02936,u263564761,1566181715,C,C (GCC 5.4.1),c,Accepted,98,5376,688,
s116396397,p02936,u717943620,1566181715,Go,Go (1.6),go,Wrong Answer,2109,35584,863,
s663148381,p02936,u612390263,1566181715,Python,Python (3.4.3),py,Time Limit Exceeded,2116,161772,1097,
s310013631,p02936,u892445454,1566181713,Python,Python (3.4.3),py,Wrong Answer,2106,54852,531,
s619039128,p02936,u778113870,1566181713,Python,Python (3.4.3),py,Runtime Error,625,20528,598,
s147888908,p02936,u049652688,1566181712,C++,C++14 (GCC 5.4.1),cpp,Time Limit Exceeded,2104,24448,827,
s749621487,p02936,u975481854,1566181711,C++,C++14 (GCC 5.4.1),cpp,Time Limit Exceeded,2104,54016,1152,
s609437781,p02936,u638795007,1566181710,Python,Python (3.4.3),py,Wrong Answer,1705,90088,620,
s179436784,p02936,u622469330,1566181710,Ruby,Ruby (2.3.3),rb,Time Limit Exceeded,2113,120068,619,
s367205141,p02936,u196501792,1566181708,Java,Java8 (OpenJDK 1.8.0),java,Compile Error,,,2115,
s629334331,p02936,u073549161,1566181705,Python,PyPy3 (2.4.0),py,Time Limit Exceeded,2109,97416,939,
s388818759,p02936,u068586753,1566181704,C++,C++14 (GCC 5.4.1),cpp,Wrong Answer,2103,2672,949,
s661839148,p02936,u376082984,1566181701,C++,C++14 (GCC 5.4.1),cpp,Wrong Answer,636,87680,4104,
s478691996,p02936,u808738521,1566181701,C++,C++14 (GCC 5.4.1),cpp,Time Limit Exceeded,2104,13184,665,
s980027202,p02936,u439009525,1566181701,Python,PyPy3 (2.4.0),py,Time Limit Exceeded,2136,543496,546,
s635039214,p02936,u501148202,1566181701,JavaScript,JavaScript (node.js v5.12),js,Runtime Error,2120,224040,1929,
s746727880,p02936,u274857138,1566181700,C++,C++14 (GCC 5.4.1),cpp,Time Limit Exceeded,2104,14876,879,
s053473142,p02936,u969850098,1566181700,Python,Python (3.4.3),py,Time Limit Exceeded,2112,73692,495,
s393741403,p02936,u048128931,1566181700,C++,C++14 (GCC 5.4.1),cpp,Runtime Error,267,7424,714,
s820366745,p02936,u547754910,1566181696,C++,C++14 (GCC 5.4.1),cpp,Wrong Answer,2131,483840,1182,
s939556533,p02936,u503476415,1566181695,Python,Python (3.4.3),py,Time Limit Exceeded,2110,104004,435,
s192093283,p02936,u587721314,1566181693,Java,Java8 (OpenJDK 1.8.0),java,Time Limit Exceeded,2108,32744,2798,
s427882425,p02936,u366934151,1566181692,C++,C++14 (GCC 5.4.1),cpp,Runtime Error,2251,2017308,2300,
s379490984,p02936,u227550284,1566181692,Python,PyPy3 (2.4.0),py,Time Limit Exceeded,2108,73808,848,
s275211978,p02936,u438265890,1566181691,C++,C++14 (GCC 5.4.1),cpp,Time Limit Exceeded,2104,9600,1305,
s977507320,p02936,u153537680,1566181690,Kotlin,Kotlin (1.0.0),kt,Wrong Answer,1385,149276,1426,
s544016585,p02936,u544949488,1566181689,Python,Python (3.4.3),py,Time Limit Exceeded,2110,103656,473,
s450200224,p02936,u679951803,1566181684,C,C (GCC 5.4.1),c,Wrong Answer,2104,18432,2245,
s117137629,p02936,u372633838,1566181684,Go,Go (1.6),go,Wrong Answer,1,640,949,
s295170772,p02936,u046178504,1566181683,C,C (GCC 5.4.1),c,Time Limit Exceeded,2103,4864,555,
s543315645,p02936,u616217092,1566181683,Python,Python (3.4.3),py,Wrong Answer,2127,329812,1526,
s313853223,p02936,u176331779,1566181683,C++,C++14 (GCC 5.4.1),cpp,Accepted,261,6272,1201,
s939166509,p02936,u142082997,1566181683,TypeScript,TypeScript (2.1.6),ts,Time Limit Exceeded,2124,367640,1097,
s047580562,p02936,u418527037,1566181681,Python,Python (3.4.3),py,Time Limit Exceeded,2109,78772,541,
s944691196,p02936,u212228253,1566181681,Python,Python (3.4.3),py,Runtime Error,1742,54020,586,
s153153168,p02936,u170077602,1566181677,Python,PyPy3 (2.4.0),py,Time Limit Exceeded,2111,119260,606,
s816992238,p02936,u000557170,1566181674,Python,Python (3.4.3),py,Runtime Error,2111,108720,2011,
s473747569,p02936,u309439894,1566181674,Ruby,Ruby (2.3.3),rb,Time Limit Exceeded,2108,18780,680,
s712120782,p02936,u318955153,1566181672,Python,Python (3.4.3),py,Runtime Error,2112,144860,696,
s866438061,p02936,u242031676,1566181672,Python,Python (3.4.3),py,Time Limit Exceeded,2107,59124,510,
s132304515,p02936,u584924463,1566181671,Java,Java8 (OpenJDK 1.8.0),java,Time Limit Exceeded,2109,212112,982,
s345984010,p02936,u879436400,1566181671,C++,C++14 (GCC 5.4.1),cpp,Time Limit Exceeded,2103,9216,1034,
s609248869,p02936,u432998668,1566181671,C++,C++14 (GCC 5.4.1),cpp,Wrong Answer,260,5504,1630,
s864058531,p02936,u799939777,1566181668,C++,C++14 (GCC 5.4.1),cpp,Time Limit Exceeded,2105,27520,834,
s870752710,p02936,u117054186,1566181667,Python,Python (3.4.3),py,Time Limit Exceeded,2106,37936,749,
s870855828,p02936,u963646695,1566181663,C++,C++14 (GCC 5.4.1),cpp,Accepted,376,25856,2155,
s373181559,p02936,u571199625,1566181661,Python,PyPy3 (2.4.0),py,Time Limit Exceeded,2125,368076,504,
s049126259,p02936,u547576401,1566181660,C++,C++14 (GCC 5.4.1),cpp,Accepted,353,14720,580,
s173894235,p02936,u965562021,1566181660,C#,C# (Mono 4.6.2.0),cs,Time Limit Exceeded,2116,217812,2312,
s509491244,p02936,u133566678,1566181659,Python,PyPy3 (2.4.0),py,Runtime Error,2111,130152,652,
s661676108,p02936,u399819590,1566181658,C++,C++14 (GCC 5.4.1),cpp,Time Limit Exceeded,2105,21376,734,
s613100262,p02936,u489316980,1566181658,Java,Java8 (OpenJDK 1.8.0),java,Time Limit Exceeded,2110,346688,3386,
s575080772,p02936,u352969025,1566181657,C++,C++14 (GCC 5.4.1),cpp,Accepted,411,148480,1260,
s375362321,p02936,u353610238,1566181657,C#,C# (Mono 4.6.2.0),cs,Time Limit Exceeded,2111,69316,3436,
s184053650,p02936,u600195339,1566181656,Python,PyPy3 (2.4.0),py,Runtime Error,1965,127992,1230,
s902283433,p02936,u922487073,1566181652,Python,Python (3.4.3),py,Time Limit Exceeded,2116,158564,607,
s179938930,p02936,u495903598,1566181652,Python,Python (3.4.3),py,Time Limit Exceeded,2110,117328,1185,
s022350791,p02936,u835792837,1566181650,C++,C++14 (GCC 5.4.1),cpp,Runtime Error,125,5376,798,
s527665808,p02936,u174273188,1566181650,Python,PyPy3 (2.4.0),py,Time Limit Exceeded,2113,113624,891,
s139774622,p02936,u734857533,1566181650,C,C (GCC 5.4.1),c,Time Limit Exceeded,2103,4096,517,
s687550411,p02936,u506689760,1566181646,C++,C++14 (GCC 5.4.1),cpp,Runtime Error,227,8308,895,
s643959827,p02936,u507706381,1566181644,Java,Java8 (OpenJDK 1.8.0),java,Time Limit Exceeded,2109,252216,1237,
s587165928,p02936,u117657834,1566181644,Java,Java8 (OpenJDK 1.8.0),java,Wrong Answer,1783,163760,815,
s434805706,p02936,u286754585,1566181643,Fortran,Fortran (gfortran v4.8.4),f,Runtime Error,1,256,1241,
s265178538,p02936,u759162415,1566181643,C++,C++14 (GCC 5.4.1),cpp,Wrong Answer,2104,16500,1783,
s504109042,p02936,u776606088,1566181642,C,C (GCC 5.4.1),c,Wrong Answer,2104,26752,1784,
s950346528,p02936,u281500237,1566181641,PHP,PHP7 (7.0.15),php,Accepted,600,38772,471,
s285734965,p02936,u719622470,1566181640,Kotlin,Kotlin (1.0.0),kt,Accepted,1766,173504,1236,
s491232983,p02936,u700923200,1566181640,Ruby,Ruby (2.3.3),rb,Wrong Answer,1466,92180,503,
s411456839,p02936,u731706246,1566181639,C++,C++14 (GCC 5.4.1),cpp,Time Limit Exceeded,2431,1979132,1643,
s230502710,p02936,u198112909,1566181637,C++,C++14 (GCC 5.4.1),cpp,Time Limit Exceeded,2208,1757528,608,
s462875365,p02936,u992767140,1566181637,Python,Python (2.7.6),py,Wrong Answer,2104,15208,986,
s122458785,p02936,u393352862,1566181637,Python,PyPy3 (2.4.0),py,Time Limit Exceeded,2126,375928,417,
s672912152,p02936,u653807637,1566181635,C++,C++14 (GCC 5.4.1),cpp,Runtime Error,141,68608,1114,
s331502003,p02936,u511501183,1566181635,C++,C++14 (GCC 5.4.1),cpp,Time Limit Exceeded,2104,21772,819,
s479393667,p02936,u934099192,1566181633,Python,Python (3.4.3),py,Runtime Error,153,12456,574,
s854772393,p02936,u044964932,1566181632,Python,Python (3.4.3),py,Time Limit Exceeded,2111,131108,807,
s655526700,p02936,u122909775,1566181632,JavaScript,JavaScript (node.js v5.12),js,Time Limit Exceeded,2110,106184,1054,
s837048821,p02936,u366115355,1566181631,C++,C++14 (GCC 5.4.1),cpp,Runtime Error,401,3328,1074,
s752087167,p02936,u040067762,1566181629,Python,PyPy3 (2.4.0),py,Time Limit Exceeded,2109,109392,783,
s669058030,p02936,u177756077,1566181629,Python,Python (3.4.3),py,Runtime Error,1446,51340,579,
s079255908,p02936,u184115330,1566181629,C++,C++14 (GCC 5.4.1),cpp,Wrong Answer,2104,16896,1440,
s724896630,p02936,u131625544,1566181628,Python,Python (3.4.3),py,Runtime Error,2111,160416,713,
s562013399,p02936,u174394352,1566181628,Python,Python (3.4.3),py,Time Limit Exceeded,2109,122440,622,
s510066122,p02936,u023540496,1566181627,Python,Python (3.4.3),py,Time Limit Exceeded,2118,234344,806,
s636825277,p02936,u461478706,1566181626,JavaScript,JavaScript (node.js v5.12),js,Runtime Error,1218,161108,1360,
s691379475,p02936,u220892578,1566181626,C++,C++14 (GCC 5.4.1),cpp,Runtime Error,99,1024,1378,
s680789111,p02936,u286941902,1566181625,Swift,Swift (swift-2.2-RELEASE),swift,Time Limit Exceeded,2104,4608,501,
s395611106,p02936,u704001626,1566181624,Python,Python (3.4.3),py,Time Limit Exceeded,2113,165312,596,
s906357415,p02936,u196501792,1566181623,Java,Java8 (OpenJDK 1.8.0),java,Compile Error,,,2123,
s542830790,p02936,u833492079,1566181622,Python,Python (3.4.3),py,Runtime Error,1645,50148,655,
s037094231,p02936,u811967730,1566181622,Python,Python (3.4.3),py,Runtime Error,2108,76400,760,
s970037828,p02936,u698902360,1566181622,Python,PyPy3 (2.4.0),py,Runtime Error,2109,127416,767,
s553850222,p02936,u563743611,1566181621,C++,C++14 (GCC 5.4.1),cpp,Wrong Answer,2103,31232,822,
s138261494,p02936,u350248178,1566181621,Python,PyPy3 (2.4.0),py,Time Limit Exceeded,2111,133452,988,
s377110855,p02936,u197427401,1566181619,C++,C++14 (GCC 5.4.1),cpp,Compile Error,,,628,
s759611170,p02936,u222602662,1566181619,C++,C++14 (GCC 5.4.1),cpp,Accepted,137,25856,19430,
s306676143,p02936,u660918420,1566181619,C++,C++14 (GCC 5.4.1),cpp,Runtime Error,99,2304,631,
s478155796,p02936,u374829922,1566181619,Python,Python (3.4.3),py,Time Limit Exceeded,2107,55344,696,
s712960333,p02936,u835792837,1566181617,C++,C++14 (GCC 5.4.1),cpp,Runtime Error,129,5376,798,
s349309541,p02936,u658096542,1566181616,C++,C++14 (GCC 5.4.1),cpp,Runtime Error,3276,256,1909,
s647259257,p02936,u426649993,1566181615,Python,PyPy3 (2.4.0),py,Wrong Answer,1981,143252,346,
s707357519,p02936,u313805990,1566181615,Java,Java8 (OpenJDK 1.8.0),java,Runtime Error,2109,275352,1661,
s624826991,p02936,u408650734,1566181610,C++,C++14 (GCC 5.4.1),cpp,Time Limit Exceeded,2220,1682292,951,
s802842773,p02936,u533232830,1566181609,Python,PyPy3 (2.4.0),py,Time Limit Exceeded,2110,112216,590,
s096768715,p02936,u155687575,1566181606,Python,Python (3.4.3),py,Wrong Answer,2108,76312,639,
s233521708,p02936,u960997735,1566181606,C++,C++14 (GCC 5.4.1),cpp,Wrong Answer,361,56436,3794,
s804441833,p02936,u820047642,1566181606,Python,PyPy3 (2.4.0),py,Time Limit Exceeded,2154,829944,695,
s284207909,p02936,u339937125,1566181605,C++,C++14 (GCC 5.4.1),cpp,Accepted,386,24320,694,
s144894479,p02936,u546736430,1566181605,C++,C++14 (GCC 5.4.1),cpp,Time Limit Exceeded,2105,31872,932,
s376386121,p02936,u365113395,1566181604,C++,C++14 (GCC 5.4.1),cpp,Runtime Error,166,19584,1304,
s599659993,p02936,u014079196,1566181603,Java,Java8 (OpenJDK 1.8.0),java,Accepted,1962,172792,936,
s184884635,p02936,u908039151,1566181601,Java,Java8 (OpenJDK 1.8.0),java,Runtime Error,1153,141400,1550,
s001216772,p02936,u907481435,1566181601,C++,C++14 (GCC 5.4.1),cpp,Accepted,101,18048,933,
s616014473,p02936,u995102075,1566181598,Python,PyPy3 (2.4.0),py,Accepted,750,90976,704,
s931507036,p02936,u734857533,1566181597,C,C (GCC 5.4.1),c,Runtime Error,97,512,518,
s546171976,p02936,u314232289,1566181595,Haskell,Haskell (GHC 7.10.3),hs,Runtime Error,1032,189692,1938,
s611515330,p02936,u111718424,1566181595,Kotlin,Kotlin (1.0.0),kt,Time Limit Exceeded,2111,203632,1125,
s584036787,p02936,u365513379,1566181594,C++,C++14 (GCC 5.4.1),cpp,Wrong Answer,161,32640,1841,
s752386241,p02936,u858670323,1566181593,Python,Python (3.4.3),py,Time Limit Exceeded,2107,55944,882,
s681182988,p02936,u624505752,1566181591,Ruby,Ruby (2.3.3),rb,Time Limit Exceeded,2113,89724,1548,
s026934528,p02936,u037430802,1566181589,Python,PyPy3 (2.4.0),py,Time Limit Exceeded,2123,315904,727,
s365503842,p02936,u976783709,1566181587,C++,C++14 (GCC 5.4.1),cpp,Time Limit Exceeded,2142,651632,1549,
s184618391,p02936,u968523502,1566181585,C++,C++14 (GCC 5.4.1),cpp,Time Limit Exceeded,2103,3328,940,
s012141935,p02936,u451017206,1566181585,Go,Go (1.6),go,Accepted,1292,48404,1305,
s744089484,p02936,u909051929,1566181583,C++,C++14 (GCC 5.4.1),cpp,Time Limit Exceeded,2104,17908,2388,
s383441569,p02936,u509621775,1566181583,Python,Python (3.4.3),py,Time Limit Exceeded,2123,316456,916,
s968734757,p02936,u992875223,1566181581,C++,C++14 (GCC 5.4.1),cpp,Time Limit Exceeded,2231,2080896,736,
s073250760,p02936,u460245024,1566181578,Python,Python (3.4.3),py,Accepted,1683,57964,491,
s171068119,p02936,u186616769,1566181576,Python,Python (3.4.3),py,Time Limit Exceeded,2111,127056,523,
s425384872,p02936,u328259252,1566181575,Python,Python (3.4.3),py,Time Limit Exceeded,2126,369548,336,
s211215209,p02936,u117054186,1566181574,Python,Python (3.4.3),py,Wrong Answer,2106,37936,747,
s774501217,p02936,u907059006,1566181574,C#,C# (Mono 4.6.2.0),cs,Compile Error,,,2164,
s020687919,p02936,u652583512,1566181574,Python,Python (3.4.3),py,Accepted,1853,60588,554,
s306125195,p02936,u401452016,1566181573,Python,Python (3.4.3),py,Time Limit Exceeded,2126,286392,542,
s039576924,p02936,u621104964,1566181573,C++,C++14 (Clang 3.8.0),cpp,Time Limit Exceeded,2169,1065968,1791,
s737721486,p02936,u410714465,1566181572,C++,C++14 (GCC 5.4.1),cpp,Time Limit Exceeded,2104,27884,1796,
s083340643,p02936,u184817817,1566181570,Python,Python (3.4.3),py,Time Limit Exceeded,2107,73752,637,
s826043305,p02936,u850491413,1566181570,Python,PyPy3 (2.4.0),py,Accepted,1109,109132,785,
s904954631,p02936,u111563567,1566181570,C++,C++14 (GCC 5.4.1),cpp,Accepted,249,24064,989,
s501403334,p02936,u019229278,1566181569,C++,C++14 (GCC 5.4.1),cpp,Wrong Answer,246,6912,310,
s531162689,p02936,u963915126,1566181568,Python,Python (3.4.3),py,Runtime Error,193,22768,837,
s953155064,p02936,u196798307,1566181568,C++,C++14 (GCC 5.4.1),cpp,Accepted,262,10240,1660,
s255881815,p02936,u085474925,1566181567,Python,Python (3.4.3),py,Time Limit Exceeded,2109,120260,672,
s805149583,p02936,u824326335,1566181567,Python,Python (3.4.3),py,Runtime Error,2109,85232,328,
s303237562,p02936,u142082997,1566181564,TypeScript,TypeScript (2.1.6),ts,Wrong Answer,2121,268432,1127,
s911361442,p02936,u040067762,1566181563,Python,PyPy3 (2.4.0),py,Wrong Answer,2110,119376,803,
s225426850,p02936,u761471989,1566181563,Python,Python (3.4.3),py,Runtime Error,1775,90964,883,
s114821674,p02936,u000113982,1566181562,C++,C++14 (GCC 5.4.1),cpp,Accepted,264,6272,1099,
s273590155,p02936,u078181689,1566181562,Python,Python (3.4.3),py,Time Limit Exceeded,2063,113536,388,
s931264699,p02936,u442403446,1566181561,C++,C++14 (GCC 5.4.1),cpp,Time Limit Exceeded,2104,8832,829,
s117897897,p02936,u934099192,1566181561,Python,Python (3.4.3),py,Runtime Error,160,12508,631,
s234439879,p02936,u867534917,1566181559,Java,Java8 (OpenJDK 1.8.0),java,Time Limit Exceeded,2110,231740,2179,
s808071740,p02936,u862569952,1566181558,Python,Python (3.4.3),py,Time Limit Exceeded,2118,232308,527,
s299053429,p02936,u243955520,1566181555,Python,PyPy3 (2.4.0),py,Time Limit Exceeded,2110,119100,636,
s037306101,p02936,u875570028,1566181554,C++,C++14 (GCC 5.4.1),cpp,Time Limit Exceeded,2104,18176,811,
s730527464,p02936,u505450128,1566181553,Rust,Rust (1.15.1),rs,Wrong Answer,73,25292,5628,
s788392155,p02936,u993229809,1566181551,C++,C++14 (GCC 5.4.1),cpp,Time Limit Exceeded,2104,25856,809,
s677274546,p02936,u500855421,1566181550,C++,C++14 (GCC 5.4.1),cpp,Accepted,311,21232,1266,
s568321022,p02936,u791411211,1566181546,C++,C++14 (GCC 5.4.1),cpp,Time Limit Exceeded,2105,33512,1548,
s904857906,p02936,u693048766,1566181545,Python,PyPy3 (2.4.0),py,Runtime Error,2114,199924,707,
s743178360,p02936,u826263061,1566181544,Python,PyPy3 (2.4.0),py,Time Limit Exceeded,2110,119756,1054,
s987244854,p02936,u778113870,1566181544,Python,Python (3.4.3),py,Time Limit Exceeded,2109,38232,546,
s030882904,p02936,u196501792,1566181544,Java,Java8 (OpenJDK 1.8.0),java,Compile Error,,,2131,
s165346755,p02936,u754375546,1566181543,Ruby,Ruby (2.3.3),rb,Wrong Answer,2113,87420,603,
s752944898,p02936,u251075661,1566181543,Python,Python (3.4.3),py,Runtime Error,2212,1808820,791,
s968838511,p02936,u811967730,1566181539,Python,Python (3.4.3),py,Runtime Error,2108,75452,719,
s426344950,p02936,u603457443,1566181539,C++,C++14 (GCC 5.4.1),cpp,Time Limit Exceeded,2128,381644,1321,
s454772924,p02936,u073549161,1566181537,Python,PyPy3 (2.4.0),py,Time Limit Exceeded,2122,316860,1050,
s290809691,p02936,u942230032,1566181536,C++,C++14 (GCC 5.4.1),cpp,Accepted,297,14848,1745,
s633231390,p02936,u953868469,1566181536,Python,Python (3.4.3),py,Wrong Answer,2110,33316,455,
s336623554,p02936,u870610226,1566181534,C++,C++14 (GCC 5.4.1),cpp,Time Limit Exceeded,2104,71424,1096,
s336560791,p02936,u257192613,1566181534,C++,C++14 (GCC 5.4.1),cpp,Accepted,234,47860,1946,
s174568055,p02936,u624505752,1566181533,Ruby,Ruby (2.3.3),rb,Runtime Error,2113,89724,1549,
s273381179,p02936,u223389479,1566181531,C++,C++14 (GCC 5.4.1),cpp,Accepted,334,32896,947,
s975157700,p02936,u023540496,1566181531,Python,Python (3.4.3),py,Runtime Error,1916,66768,764,
s737161151,p02936,u571199625,1566181531,Python,Python (3.4.3),py,Time Limit Exceeded,2117,247964,504,
s348138881,p02936,u279493135,1566181528,Python,Python (3.4.3),py,Time Limit Exceeded,2120,313776,1261,
s714214139,p02936,u380524497,1566181527,Python,PyPy3 (2.4.0),py,Wrong Answer,779,126428,560,
s951977141,p02936,u054274223,1566181527,Ruby,Ruby (2.3.3),rb,Time Limit Exceeded,2109,50176,487,
s527494930,p02936,u587721314,1566181526,Java,Java8 (OpenJDK 1.8.0),java,Time Limit Exceeded,2109,32072,2741,
s658976322,p02936,u704001626,1566181525,Python,Python (3.4.3),py,Runtime Error,1854,85956,554,
s779898464,p02936,u450180547,1566181522,Python,Python (3.4.3),py,Time Limit Exceeded,2118,249332,873,
s121186944,p02936,u386782537,1566181520,Python,Python (3.4.3),py,Time Limit Exceeded,2104,5440,752,
s788907517,p02936,u621509943,1566181520,C++,C++14 (GCC 5.4.1),cpp,Accepted,363,23424,491,
s248367852,p02936,u632423548,1566181519,Python,PyPy3 (2.4.0),py,Runtime Error,2111,156748,656,
s830277960,p02936,u525090128,1566181519,Python,Python (3.4.3),py,Runtime Error,194,17196,517,
s194625720,p02936,u707870100,1566181517,Python,PyPy3 (2.4.0),py,Time Limit Exceeded,2123,324728,707,
s501046544,p02936,u688126754,1566181515,Python,Python (3.4.3),py,Runtime Error,2093,88280,1411,
s634013144,p02936,u461478706,1566181515,JavaScript,JavaScript (node.js v5.12),js,Runtime Error,1688,153124,1346,
s642093051,p02936,u844646164,1566181514,Python,Python (3.4.3),py,Time Limit Exceeded,2120,267992,531,
s721866390,p02936,u538632589,1566181512,Python,PyPy3 (2.4.0),py,Time Limit Exceeded,2116,217800,997,
s535676603,p02936,u842525627,1566181511,Java,Java8 (OpenJDK 1.8.0),java,Time Limit Exceeded,2110,368872,1179,
s171494235,p02936,u263564761,1566181511,C,C (GCC 5.4.1),c,Runtime Error,102,11136,840,
s055952564,p02936,u151037808,1566181509,Python,Python (3.4.3),py,Runtime Error,2107,100648,1073,
s470155030,p02936,u326609687,1566181506,Python,Python (3.4.3),py,Time Limit Exceeded,2109,103868,207245,
s333273798,p02936,u219197917,1566181506,Python,PyPy3 (2.4.0),py,Time Limit Exceeded,2117,239744,445,
s907614089,p02936,u393352862,1566181505,Python,Python (3.4.3),py,Runtime Error,1473,48596,376,
s014166430,p02936,u676232868,1566181505,C++,C++14 (GCC 5.4.1),cpp,Time Limit Exceeded,2104,7040,1263,
s164287958,p02936,u104922648,1566181504,Python,Python (3.4.3),py,Wrong Answer,2109,86056,258,
s377845108,p02936,u547576401,1566181504,C++,C++14 (GCC 5.4.1),cpp,Compile Error,,,623,
s563030991,p02936,u279493135,1566181504,Python,PyPy3 (2.4.0),py,Time Limit Exceeded,2154,831264,1261,
s214124763,p02936,u826263061,1566181503,Python,PyPy3 (2.4.0),py,Wrong Answer,2110,119628,1054,
s740717208,p02936,u153556810,1566181502,Java,Java8 (OpenJDK 1.8.0),java,Time Limit Exceeded,2110,256020,1025,
s905751231,p02936,u625729943,1566181502,Python,PyPy3 (2.4.0),py,Time Limit Exceeded,2119,249836,952,
s706614497,p02936,u479918572,1566181501,Python,PyPy3 (2.4.0),py,Time Limit Exceeded,2134,715008,479,
s130871449,p02936,u764744362,1566181501,C++,C++14 (GCC 5.4.1),cpp,Time Limit Exceeded,2104,22912,1035,
s194445201,p02936,u099643902,1566181500,Python,PyPy3 (2.4.0),py,Time Limit Exceeded,2111,120908,989,
s538831618,p02936,u089668660,1566181500,C++,C++14 (GCC 5.4.1),cpp,Time Limit Exceeded,2105,27264,5992,
s933487126,p02936,u206985821,1566181498,Java,Java8 (OpenJDK 1.8.0),java,Time Limit Exceeded,2109,108720,1112,
s964487416,p02936,u533232830,1566181497,Python,Python (3.4.3),py,Time Limit Exceeded,2114,161720,590,
s671686350,p02936,u716270596,1566181497,Python,Python (3.4.3),py,Time Limit Exceeded,2116,174656,1010,
s113868574,p02936,u385644001,1566181496,Python,Python (3.4.3),py,Runtime Error,2107,109600,687,
s331361845,p02936,u504053832,1566181495,Python,PyPy3 (2.4.0),py,Runtime Error,2110,129632,607,
s217660668,p02936,u527806673,1566181490,C++,C++14 (GCC 5.4.1),cpp,Time Limit Exceeded,2104,24192,644,
s721814943,p02936,u814827385,1566181489,Ruby,Ruby (2.3.3),rb,Runtime Error,2111,82916,508,
s210176773,p02936,u909051929,1566181488,C++,C++14 (GCC 5.4.1),cpp,Runtime Error,105,2560,2388,
s691774450,p02936,u688126754,1566181487,Python,PyPy3 (2.4.0),py,Runtime Error,2111,156756,1411,
s623008687,p02936,u577926181,1566181483,C++,C++14 (GCC 5.4.1),cpp,Runtime Error,2272,2030452,1374,
s900321218,p02936,u315635879,1566181482,C#,C# (Mono 4.6.2.0),cs,Time Limit Exceeded,2110,47320,1997,
s158809126,p02936,u934099192,1566181480,Python,Python (3.4.3),py,Runtime Error,148,12504,579,
s262694045,p02936,u868975661,1566181480,Java,Java8 (OpenJDK 1.8.0),java,Runtime Error,1025,944212,2072,
s818494301,p02936,u860189946,1566181480,Python,Python (2.7.6),py,Runtime Error,2246,847828,443,
s870375383,p02936,u248027718,1566181477,Python,Python (2.7.6),py,Runtime Error,211,16388,495,
s197895656,p02936,u762152622,1566181477,C++,C++14 (GCC 5.4.1),cpp,Accepted,329,3968,418,
s904515809,p02936,u505830998,1566181477,Python,Python (3.4.3),py,Time Limit Exceeded,2107,49800,766,
s237971708,p02936,u474514603,1566181477,Python,Python (3.4.3),py,Runtime Error,2110,111576,2408,
s423401546,p02936,u069043534,1566181477,C++,C++14 (GCC 5.4.1),cpp,Accepted,110,14080,1026,
s878588316,p02936,u638795007,1566181476,Python,Python (3.4.3),py,Wrong Answer,1913,88772,572,
s001349197,p02936,u222450908,1566181476,C++,C++14 (GCC 5.4.1),cpp,Time Limit Exceeded,2103,2560,659,
s924800373,p02936,u576712004,1566181476,C++,C++14 (GCC 5.4.1),cpp,Wrong Answer,319,4480,1034,
s949965145,p02936,u492166530,1566181476,PHP,PHP7 (7.0.15),php,Time Limit Exceeded,2104,104056,4674,
s600755701,p02936,u431021942,1566181475,C++,C++ (GCC 5.4.1),cpp,Time Limit Exceeded,2104,6144,1433,
s000041651,p02936,u501163846,1566181474,C++,C++14 (GCC 5.4.1),cpp,Runtime Error,2104,21376,879,
s384546456,p02936,u654104650,1566181474,C++,C++14 (GCC 5.4.1),cpp,Accepted,347,14720,522,
s150338996,p02936,u709076082,1566181473,Python,PyPy3 (2.4.0),py,Time Limit Exceeded,2107,62296,562,
s319755015,p02936,u951403082,1566181472,C++,C++14 (GCC 5.4.1),cpp,Accepted,334,15872,1362,
s897753372,p02936,u850491413,1566181470,Python,PyPy3 (2.4.0),py,Time Limit Exceeded,2109,118732,618,
s560156204,p02936,u244832678,1566181470,C++,C++14 (GCC 5.4.1),cpp,Accepted,605,16512,677,
s679932509,p02936,u697421413,1566181469,C++,C++14 (GCC 5.4.1),cpp,Wrong Answer,269,33024,3641,
s802560551,p02936,u041783158,1566181466,Python,Python (3.4.3),py,Time Limit Exceeded,2120,268916,835,
s975156550,p02936,u408620326,1566181466,Python,PyPy3 (2.4.0),py,Accepted,825,85652,591,
s602160170,p02936,u183787127,1566181463,Java,Java8 (OpenJDK 1.8.0),java,Time Limit Exceeded,2073,221696,1858,
s451045147,p02936,u054471580,1566181463,Python,Python (3.4.3),py,Runtime Error,2107,68124,676,
s893178923,p02936,u942767171,1566181462,Python,Python (3.4.3),py,Accepted,1890,71072,446,
s542247026,p02936,u436872782,1566181461,C++,C++14 (GCC 5.4.1),cpp,Accepted,270,13312,751,
s257633853,p02936,u608258653,1566181459,C++,C++14 (GCC 5.4.1),cpp,Accepted,345,19444,1364,
s026899197,p02936,u027406156,1566181459,Python,PyPy3 (2.4.0),py,Wrong Answer,2110,139324,471,
s373905786,p02936,u365512540,1566181459,C++,C++14 (GCC 5.4.1),cpp,Time Limit Exceeded,2104,18176,1653,
s804736565,p02936,u726615467,1566181457,Python,Python (3.4.3),py,Time Limit Exceeded,2037,147808,771,
s286113893,p02936,u376082984,1566181457,C++,C++14 (GCC 5.4.1),cpp,Wrong Answer,553,81024,4033,
s921761758,p02936,u507706381,1566181456,Java,Java8 (OpenJDK 1.8.0),java,Time Limit Exceeded,2109,252680,1203,
s964536013,p02936,u383416302,1566181456,Python,PyPy3 (2.4.0),py,Time Limit Exceeded,2116,193740,601,
s014231572,p02936,u386819480,1566181455,Python,Python (3.4.3),py,Time Limit Exceeded,2109,131200,1496,
s541710753,p02936,u476383383,1566181455,Python,Python (3.4.3),py,Runtime Error,1497,74188,429,
s701377357,p02936,u960687982,1566181454,C++,C++14 (GCC 5.4.1),cpp,Time Limit Exceeded,2106,63216,1002,
s358838359,p02936,u655548174,1566181453,C++,C++14 (GCC 5.4.1),cpp,Time Limit Exceeded,2105,23680,920,
s338526103,p02936,u697421413,1566181453,C++,C++14 (GCC 5.4.1),cpp,Compile Error,,,197579,
s975981458,p02936,u055303078,1566181453,C++,C++14 (GCC 5.4.1),cpp,Wrong Answer,2147,751624,1457,
s273005243,p02936,u357005212,1566181452,Python,Python (3.4.3),py,Time Limit Exceeded,2106,39284,521,
s475583314,p02936,u105801182,1566181451,C++,C++14 (GCC 5.4.1),cpp,Time Limit Exceeded,2104,4864,2054,
s643045502,p02936,u158104782,1566181451,Java,Java8 (OpenJDK 1.8.0),java,Wrong Answer,1772,210784,1575,
s527809615,p02936,u940654002,1566181449,C++,C++14 (GCC 5.4.1),cpp,Time Limit Exceeded,2108,14848,772,
s917094985,p02936,u901397311,1566181448,C++,C++14 (GCC 5.4.1),cpp,Time Limit Exceeded,2105,25216,1288,
s407209026,p02936,u981767024,1566181445,Python,Python (3.4.3),py,Runtime Error,2107,78080,830,
s339744776,p02936,u480887225,1566181445,C++,C++14 (GCC 5.4.1),cpp,Time Limit Exceeded,2103,10624,683,
s574949237,p02936,u611562941,1566181445,Python,PyPy3 (2.4.0),py,Time Limit Exceeded,2111,121492,723,
s987876217,p02936,u146364934,1566181443,Java,Java8 (OpenJDK 1.8.0),java,Wrong Answer,1853,203344,1807,
s542222611,p02936,u624505752,1566181443,Ruby,Ruby (2.3.3),rb,Runtime Error,2113,92436,1495,
s008762268,p02936,u010725318,1566181441,C++,C++14 (GCC 5.4.1),cpp,Accepted,291,17908,1624,
s225228672,p02936,u002135808,1566181441,C++,C++14 (Clang 3.8.0),cpp,Wrong Answer,2106,40832,511,
s849619262,p02936,u823582819,1566181439,Python,Python (3.4.3),py,Wrong Answer,2109,110412,558,
s690119212,p02936,u478997153,1566181436,C++,C++14 (GCC 5.4.1),cpp,Accepted,310,28928,997,
s490900028,p02936,u418180220,1566181435,Python,Python (3.4.3),py,Runtime Error,2106,64604,622,
s677003427,p02936,u964273035,1566181435,Go,Go (1.6),go,Time Limit Exceeded,2108,22660,1720,
s952466839,p02936,u599444495,1566181434,Nim,Nim (0.13.0),nim,Time Limit Exceeded,2105,43772,561,
s605107243,p02936,u383416302,1566181433,Python,Python (3.4.3),py,Time Limit Exceeded,2118,238472,601,
s956175939,p02936,u184572586,1566181429,C++,C++14 (GCC 5.4.1),cpp,Time Limit Exceeded,2105,25216,1366,
s860223754,p02936,u858670323,1566181429,Python,Python (3.4.3),py,Time Limit Exceeded,2107,55892,880,
s508914436,p02936,u638714542,1566181427,Python,Python (3.4.3),py,Wrong Answer,2110,105652,488,
s175369256,p02936,u259053514,1566181426,C++,C++14 (GCC 5.4.1),cpp,Accepted,301,27648,25193,
s055200829,p02936,u370608397,1566181424,C#,C# (Mono 4.6.2.0),cs,Accepted,676,64948,2617,
s893817975,p02936,u033094865,1566181423,Python,Python (3.4.3),py,Wrong Answer,1353,40664,312,
s616316605,p02936,u665038048,1566181422,Python,Python (3.4.3),py,Wrong Answer,2108,105588,549,
s095105853,p02936,u466671756,1566181421,Rust,Rust (1.15.1),rs,Accepted,208,40444,1932,
s163420048,p02936,u536377809,1566181420,Python,PyPy3 (2.4.0),py,Time Limit Exceeded,2165,1002008,451,
s539248815,p02936,u223629820,1566181420,C++,C++14 (GCC 5.4.1),cpp,Runtime Error,2104,19688,1379,
s979581454,p02936,u721185744,1566181419,C++,C++14 (GCC 5.4.1),cpp,Runtime Error,3502,256,807,
s844706940,p02936,u028620830,1566181419,JavaScript,JavaScript (node.js v5.12),js,Time Limit Exceeded,2116,142096,1366,
s189412464,p02936,u144695182,1566181418,C++,C++14 (GCC 5.4.1),cpp,Accepted,374,31104,851,
s867219085,p02936,u539409184,1566181418,Python,Python (3.4.3),py,Wrong Answer,2115,114248,633,
s672727136,p02936,u811360551,1566181417,Java,Java8 (OpenJDK 1.8.0),java,Time Limit Exceeded,2109,180556,1235,
s702576547,p02936,u153537680,1566181416,Kotlin,Kotlin (1.0.0),kt,Wrong Answer,2111,149744,1415,
s421311140,p02936,u193182854,1566181414,Python,PyPy3 (2.4.0),py,Time Limit Exceeded,2171,1119352,426,
s092640111,p02936,u620156187,1566181411,Python,Python (3.4.3),py,Time Limit Exceeded,2107,53636,504,
s191932587,p02936,u621104964,1566181411,C++,C++14 (Clang 3.8.0),cpp,Wrong Answer,2104,10612,1795,
s343676630,p02936,u045575753,1566181410,C++,C++14 (GCC 5.4.1),cpp,Time Limit Exceeded,2104,17140,802,
s773242472,p02936,u243572357,1566181410,Python,Python (3.4.3),py,Runtime Error,2105,49512,640,
s525421085,p02936,u146779775,1566181408,C++,C++14 (GCC 5.4.1),cpp,Accepted,376,18048,586,
s740541683,p02936,u347640436,1566181408,Python,Python (3.4.3),py,Accepted,1911,268008,630,
s072027742,p02936,u938389536,1566181407,C++,C++14 (GCC 5.4.1),cpp,Time Limit Exceeded,2221,823872,1433,
s946407903,p02936,u332253305,1566181406,C++,C++14 (GCC 5.4.1),cpp,Runtime Error,336,6528,1086,
s271248315,p02936,u436872782,1566181404,C++,C++14 (GCC 5.4.1),cpp,Runtime Error,106,2944,751,
s381188645,p02936,u506689760,1566181403,C++,C++14 (GCC 5.4.1),cpp,Runtime Error,227,8308,890,
s634725362,p02936,u551909378,1566181403,Python,Python (3.4.3),py,Time Limit Exceeded,2107,55132,522,
s741742736,p02936,u190616169,1566181403,C++,C++14 (GCC 5.4.1),cpp,Time Limit Exceeded,2105,28532,1255,
s996350441,p02936,u547748135,1566181402,C++,C++14 (GCC 5.4.1),cpp,Time Limit Exceeded,2115,195572,1605,
s588172491,p02936,u480887225,1566181402,C++,C++14 (GCC 5.4.1),cpp,Runtime Error,160,1024,682,
s542773543,p02936,u466077537,1566181401,D,D (DMD64 v2.070.1),d,Accepted,921,81788,1811,
s037820875,p02936,u087672117,1566181399,Java,Java8 (OpenJDK 1.8.0),java,Time Limit Exceeded,2112,351744,1843,
s181446402,p02936,u287132915,1566181398,Python,Python (3.4.3),py,Runtime Error,2115,120988,990,
s442112752,p02936,u519180097,1566181397,C++,C++14 (GCC 5.4.1),cpp,Wrong Answer,147,50944,982,
s385641632,p02936,u354839000,1566181395,Java,Java8 (OpenJDK 1.8.0),java,Accepted,1892,185688,1470,
s082995864,p02936,u996290370,1566181395,TypeScript,TypeScript (2.1.6),ts,Time Limit Exceeded,2117,499880,1265,
s672111148,p02936,u844426556,1566181394,Python,Python (3.4.3),py,Runtime Error,2109,112780,979,
s497082588,p02936,u464653034,1566181394,Java,Java8 (OpenJDK 1.8.0),java,Time Limit Exceeded,2109,134496,1089,
s285348972,p02936,u835792837,1566181393,C++,C++14 (GCC 5.4.1),cpp,Runtime Error,128,4608,797,
s854807340,p02936,u174273188,1566181393,Python,PyPy3 (2.4.0),py,Time Limit Exceeded,2110,110552,766,
s557183480,p02936,u183896397,1566181393,Python,Python (3.4.3),py,Time Limit Exceeded,2107,48868,666,
s998638866,p02936,u186838327,1566181393,Python,PyPy3 (2.4.0),py,Time Limit Exceeded,2113,153972,483,
s560319244,p02936,u495903598,1566181392,Python,Python (3.4.3),py,Wrong Answer,2114,206336,1264,
s623454954,p02936,u099643902,1566181391,Python,Python (3.4.3),py,Time Limit Exceeded,2109,94736,989,
s041597791,p02936,u828360770,1566181386,C++,C++14 (GCC 5.4.1),cpp,Runtime Error,2537,9600,1041,
s644874647,p02936,u212228253,1566181386,Python,Python (3.4.3),py,Wrong Answer,1739,67288,577,
s345635085,p02936,u215315599,1566181385,Python,Python (3.4.3),py,Wrong Answer,1639,48348,568,
s932948419,p02936,u915761992,1566181384,C#,C# (Mono 4.6.2.0),cs,Time Limit Exceeded,2127,30800,1895,
s891339744,p02936,u624505752,1566181384,Ruby,Ruby (2.3.3),rb,Wrong Answer,2113,89748,1489,
s277124449,p02936,u412632563,1566181384,C#,C# (Mono 4.6.2.0),cs,Accepted,999,102112,7556,
s430869326,p02936,u082512804,1566181383,Java,Java8 (OpenJDK 1.8.0),java,Time Limit Exceeded,2110,348020,1560,
s223344763,p02936,u193182854,1566181383,Python,Python (3.4.3),py,Time Limit Exceeded,2249,2033208,426,
s936043907,p02936,u450180547,1566181383,Python,PyPy3 (2.4.0),py,Time Limit Exceeded,2148,737392,873,
s896350573,p02936,u117054186,1566181383,Python,Python (3.4.3),py,Time Limit Exceeded,2106,36324,745,
s278303366,p02936,u979667682,1566181383,Python,PyPy3 (2.4.0),py,Time Limit Exceeded,2156,818692,830,
s747839423,p02936,u037430802,1566181382,Python,PyPy3 (2.4.0),py,Time Limit Exceeded,2116,215040,840,
s785800448,p02936,u600195339,1566181378,Python,PyPy3 (2.4.0),py,Runtime Error,1993,126936,1160,
s423708303,p02936,u144695182,1566181377,C++,C++14 (GCC 5.4.1),cpp,Compile Error,,,850,
s063383157,p02936,u995102075,1566181377,Python,PyPy3 (2.4.0),py,Time Limit Exceeded,2111,139488,712,
s512714936,p02936,u842525627,1566181376,Java,Java8 (OpenJDK 1.8.0),java,Wrong Answer,2114,370184,1160,
s791056964,p02936,u826263061,1566181376,Python,PyPy3 (2.4.0),py,Time Limit Exceeded,2110,119712,1033,
s399108960,p02936,u096717230,1566181375,C++,C++14 (GCC 5.4.1),cpp,Accepted,268,14848,1187,
s036647466,p02936,u165516759,1566181373,Python,Python (3.4.3),py,Runtime Error,1253,34804,685,
s855246639,p02936,u960783046,1566181373,Python,PyPy3 (2.4.0),py,Time Limit Exceeded,2110,144268,821,
s173119118,p02936,u393352862,1566181371,Python,PyPy3 (2.4.0),py,Runtime Error,1980,129800,376,
s021930435,p02936,u044964932,1566181370,Python,Python (3.4.3),py,Wrong Answer,2111,130224,787,
s631478780,p02936,u331991493,1566181367,C++,C++14 (GCC 5.4.1),cpp,Accepted,779,39168,784,
s162402078,p02936,u624617831,1566181366,Python,Python (3.4.3),py,Runtime Error,148,12512,665,
s433399926,p02936,u611562941,1566181365,Python,Python (3.4.3),py,Time Limit Exceeded,2114,163080,723,
s073321384,p02936,u756439833,1566181365,Python,PyPy3 (2.4.0),py,Time Limit Exceeded,2157,882936,873,
s435704126,p02936,u365513379,1566181365,C++,C++14 (GCC 5.4.1),cpp,Wrong Answer,294,42112,2955,
s570332666,p02936,u751252197,1566181364,C++,C++14 (GCC 5.4.1),cpp,Time Limit Exceeded,2104,16512,820,
s388124309,p02936,u993229809,1566181362,C++,C++14 (GCC 5.4.1),cpp,Time Limit Exceeded,2104,25984,830,
s940903015,p02936,u960687982,1566181362,C++,C++14 (GCC 5.4.1),cpp,Compile Error,,,1057,
s375686714,p02936,u205892160,1566181362,Python,Python (3.4.3),py,Time Limit Exceeded,2105,20144,667,
s458561553,p02936,u174394352,1566181360,Python,Python (3.4.3),py,Time Limit Exceeded,2048,108948,540,
s834006048,p02936,u707870100,1566181358,Python,Python (3.4.3),py,Time Limit Exceeded,2107,143040,707,
s059833431,p02936,u523303964,1566181357,C++,C++14 (GCC 5.4.1),cpp,Time Limit Exceeded,2104,22144,589,
s452530539,p02936,u272395350,1566181357,C++,C++14 (GCC 5.4.1),cpp,Accepted,269,5504,717,
s713051985,p02936,u175743386,1566181353,Python,Python (3.4.3),py,Time Limit Exceeded,2110,129200,684,
s188650519,p02936,u559342926,1566181352,Ruby,Ruby (2.3.3),rb,Runtime Error,2109,32020,517,
s577637997,p02936,u333542501,1566181352,C++,C++14 (GCC 5.4.1),cpp,Time Limit Exceeded,2104,18176,499,
s151907796,p02936,u895838522,1566181350,Go,Go (1.6),go,Time Limit Exceeded,2109,40192,663,
s336569286,p02936,u114362525,1566181350,C++,C++14 (GCC 5.4.1),cpp,Accepted,327,30464,800,
s564676435,p02936,u375619974,1566181349,C++,C++14 (GCC 5.4.1),cpp,Accepted,249,7040,2383,
s521644627,p02936,u621509943,1566181349,C++,C++14 (GCC 5.4.1),cpp,Runtime Error,517,276096,481,
s841718978,p02936,u965562021,1566181348,C#,C# (Mono 4.6.2.0),cs,Time Limit Exceeded,2122,182500,2197,
s892257698,p02936,u715912777,1566181348,Python,PyPy3 (2.4.0),py,Time Limit Exceeded,2117,226316,1015,
s641446703,p02936,u491418383,1566181347,C#,C# (Mono 4.6.2.0),cs,Time Limit Exceeded,2111,72300,3249,
s483374999,p02936,u227550284,1566181346,Python,Python (3.4.3),py,Time Limit Exceeded,2106,45592,848,
s741114470,p02936,u400582277,1566181345,C++,C++14 (GCC 5.4.1),cpp,Runtime Error,105,256,789,
s759560649,p02936,u103520789,1566181345,Python,Python (3.4.3),py,Runtime Error,17,3064,782,
s165169841,p02936,u889915625,1566181344,C++,C++14 (GCC 5.4.1),cpp,Wrong Answer,2187,1318456,2213,
s004149067,p02936,u862569952,1566181344,Python,Python (3.4.3),py,Time Limit Exceeded,2118,234684,554,
s400542557,p02936,u033094865,1566181338,Python,PyPy3 (2.4.0),py,Wrong Answer,1782,125400,312,
s825056877,p02936,u714587753,1566181338,Rust,Rust (1.15.1),rs,Accepted,123,36984,1450,
s841008631,p02936,u069043534,1566181337,C++,C++14 (GCC 5.4.1),cpp,Runtime Error,154,1400,1033,
s972108995,p02936,u673361376,1566181335,Python,Python (3.4.3),py,Runtime Error,2111,140256,942,
s415623743,p02936,u596182341,1566181334,Python,Python (3.4.3),py,Time Limit Exceeded,2107,104972,781,
s233891602,p02936,u085474925,1566181334,Python,Python (3.4.3),py,Time Limit Exceeded,2110,132336,663,
s228782178,p02936,u023540496,1566181333,Python,Python (3.4.3),py,Time Limit Exceeded,2115,180836,819,
s583626976,p02936,u761384779,1566181332,C++,C++14 (GCC 5.4.1),cpp,Runtime Error,100,512,680,
s934436552,p02936,u112681763,1566181332,C++,C++14 (GCC 5.4.1),cpp,Accepted,339,91904,3311,
s643347888,p02936,u019780057,1566181326,C++,C++14 (GCC 5.4.1),cpp,Runtime Error,3190,256,2124,
s531699632,p02936,u864500649,1566181325,C++,C++14 (GCC 5.4.1),cpp,Accepted,433,25856,1704,
s556949252,p02936,u917092881,1566181323,Python,Python (3.4.3),py,Runtime Error,2108,74120,853,
s780716389,p02936,u686302771,1566181321,Go,Go (1.6),go,Wrong Answer,2109,70528,747,
s462341666,p02936,u126833093,1566181319,C++,C++14 (GCC 5.4.1),cpp,Time Limit Exceeded,2104,21632,569,
s333087308,p02936,u476435125,1566181319,Python,Python (3.4.3),py,Runtime Error,2104,84724,581,
s234981949,p02936,u631543593,1566181318,Python,PyPy3 (2.4.0),py,Time Limit Exceeded,2744,38256,498,
s094037810,p02936,u599444495,1566181318,Nim,Nim (0.13.0),nim,Time Limit Exceeded,2106,54652,908,
s115051234,p02936,u409962311,1566181317,Java,Java8 (OpenJDK 1.8.0),java,Runtime Error,1556,1022900,1447,
s112074680,p02936,u688375653,1566181316,Python,PyPy3 (2.4.0),py,Wrong Answer,2112,157516,644,
s508623139,p02936,u027406156,1566181315,Python,Python (3.4.3),py,Time Limit Exceeded,2112,144436,471,
s354215637,p02936,u185821641,1566181313,C++,C++14 (GCC 5.4.1),cpp,Runtime Error,1888,1564416,731,
s149367845,p02936,u263564761,1566181312,C,C (GCC 5.4.1),c,Runtime Error,104,2176,905,
s521082155,p02936,u436832975,1566181312,C++,C++14 (GCC 5.4.1),cpp,Accepted,832,80000,1325,
s475027804,p02936,u885932660,1566181310,C++,C++14 (GCC 5.4.1),cpp,Accepted,392,24192,938,
s709259055,p02936,u474514603,1566181309,Python,Python (3.4.3),py,Runtime Error,24,3688,2252,
s966851071,p02936,u293403071,1566181308,Python,Python (3.4.3),py,Time Limit Exceeded,2110,102084,734,
s611067818,p02936,u597622207,1566181308,Python,Python (3.4.3),py,Runtime Error,297,36156,412,
s238604360,p02936,u144695182,1566181307,C++,C++14 (GCC 5.4.1),cpp,Runtime Error,99,2688,850,
s447497701,p02936,u756439833,1566181307,Python,PyPy3 (2.4.0),py,Runtime Error,163,38256,872,
s464209369,p02936,u960783046,1566181307,Python,Python (3.4.3),py,Runtime Error,2105,60260,821,
s216683493,p02936,u736675286,1566181307,Rust,Rust (1.15.1),rs,Wrong Answer,2,4352,2174,
s156448509,p02936,u352248517,1566181306,C++,C++14 (GCC 5.4.1),cpp,Wrong Answer,318,21248,1072,
s124971475,p02936,u971089878,1566181306,C++,C++14 (GCC 5.4.1),cpp,Runtime Error,331,4096,1171,
s135196326,p02936,u671446913,1566181304,Python,Python (3.4.3),py,Runtime Error,2106,59304,485,
s851232978,p02936,u667624765,1566181303,PHP,PHP (5.6.30),php,Time Limit Exceeded,2134,498676,1186,
s017513543,p02936,u463775490,1566181298,Python,Python (3.4.3),py,Time Limit Exceeded,2106,37820,562,
s116712624,p02936,u819553900,1566181298,C++,C++14 (GCC 5.4.1),cpp,Time Limit Exceeded,2103,5120,628,
s129806287,p02936,u422590714,1566181297,Python,Python (3.4.3),py,Time Limit Exceeded,2111,124100,1242,
s575246270,p02936,u173561231,1566181296,Scala,Scala (2.11.7),scala,Time Limit Exceeded,2119,163004,1632,
s235001250,p02936,u281500237,1566181295,PHP,PHP7 (7.0.15),php,Wrong Answer,612,38772,482,
s891154781,p02936,u611571299,1566181293,C++,C++14 (GCC 5.4.1),cpp,Accepted,271,23552,695,
s047915892,p02936,u352969025,1566181293,C++,C++14 (GCC 5.4.1),cpp,Runtime Error,109,13824,1165,
s009872466,p02936,u444197237,1566181293,C#,C# (Mono 4.6.2.0),cs,Accepted,490,32892,2850,
s124741412,p02936,u978178314,1566181293,Python,Python (3.4.3),py,Time Limit Exceeded,2116,194200,529,
s063092349,p02936,u624505752,1566181290,Ruby,Ruby (2.3.3),rb,Wrong Answer,2113,89852,1476,
s096767064,p02936,u732730677,1566181289,Python,Python (3.4.3),py,Accepted,1709,50704,403,
s239961805,p02936,u620156187,1566181289,Python,Python (3.4.3),py,Time Limit Exceeded,2107,61588,561,
s582810290,p02936,u740813346,1566181289,Python,Python (3.4.3),py,Runtime Error,2112,70512,477,
s371544596,p02936,u546736430,1566181288,C++,C++14 (GCC 5.4.1),cpp,Compile Error,,,943,
s005500548,p02936,u665173540,1566181287,C#,C# (Mono 4.6.2.0),cs,Accepted,1906,54780,2468,
s572418282,p02936,u612390263,1566181283,Python,Python (3.4.3),py,Time Limit Exceeded,2118,155584,1073,
s647697010,p02936,u842388336,1566181283,Python,Python (3.4.3),py,Time Limit Exceeded,2111,73884,422,
s932410790,p02936,u670773128,1566181282,C++,C++14 (GCC 5.4.1),cpp,Time Limit Exceeded,2105,26104,989,
s363244503,p02936,u912599273,1566181282,Java,Java8 (OpenJDK 1.8.0),java,Time Limit Exceeded,2110,348244,671,
s638539955,p02936,u989345508,1566181280,Python,Python (3.4.3),py,Wrong Answer,2106,39424,884,
s515822691,p02936,u220892578,1566181280,C++,C++14 (GCC 5.4.1),cpp,Runtime Error,100,1792,1490,
s470404171,p02936,u910199116,1566181279,C++,C++14 (GCC 5.4.1),cpp,Wrong Answer,275,16640,843,
s642908010,p02936,u383416302,1566181278,Python,Python (3.4.3),py,Time Limit Exceeded,2120,235568,601,
s764233140,p02936,u638795007,1566181276,Python,Python (3.4.3),py,Wrong Answer,1768,88768,549,
s819814379,p02936,u107639613,1566181275,Python,PyPy3 (2.4.0),py,Time Limit Exceeded,2130,432284,1164,
s966939650,p02936,u009348313,1566181274,Python,PyPy3 (2.4.0),py,Time Limit Exceeded,2110,123224,596,
s762749576,p02936,u642236814,1566181273,C++,C++14 (GCC 5.4.1),cpp,Accepted,347,14720,690,
s818854110,p02936,u127768253,1566181273,C++,C++14 (GCC 5.4.1),cpp,Accepted,446,141440,763,
s209150685,p02936,u837133513,1566181272,C++,C++14 (GCC 5.4.1),cpp,Wrong Answer,271,6144,744,
s457635322,p02936,u274290847,1566181272,Python,Python (3.4.3),py,Time Limit Exceeded,2121,198536,632,
s197856552,p02936,u255768548,1566181271,C++,C++14 (GCC 5.4.1),cpp,Accepted,320,46080,1319,
s357983532,p02936,u887080340,1566181270,Python,Python (3.4.3),py,Runtime Error,2108,83796,777,
s104466924,p02936,u781755665,1566181270,Python,Python (3.4.3),py,Wrong Answer,1330,122508,587,
s152743203,p02936,u087593111,1566181269,C++,C++14 (GCC 5.4.1),cpp,Accepted,309,25856,800,
s694026560,p02936,u155687575,1566181267,Python,Python (3.4.3),py,Wrong Answer,2107,67756,540,
s690001890,p02936,u415154163,1566181265,Python,Python (3.4.3),py,Time Limit Exceeded,2112,142460,871,
s111790706,p02936,u955251526,1566181264,Python,PyPy3 (2.4.0),py,Time Limit Exceeded,2122,303476,511,
s530376179,p02936,u346308892,1566181263,Python,Python (3.4.3),py,Time Limit Exceeded,2118,239528,459,
s122295582,p02936,u752395175,1566181263,Java,Java8 (OpenJDK 1.8.0),java,Wrong Answer,2110,236768,1043,
s990639046,p02936,u897328029,1566181263,Python,Python (3.4.3),py,Time Limit Exceeded,2104,24468,1392,
s474293198,p02936,u352248517,1566181263,C++,C++14 (GCC 5.4.1),cpp,Wrong Answer,301,16500,1061,
s766002017,p02936,u676232868,1566181260,C++,C++14 (GCC 5.4.1),cpp,Time Limit Exceeded,2104,4992,1278,
s585213888,p02936,u627325970,1566181258,Python,Python (3.4.3),py,Runtime Error,2113,183260,1020,
s630985393,p02936,u104922648,1566181257,Python,Python (3.4.3),py,Wrong Answer,2111,120524,282,
s415467919,p02936,u934099192,1566181257,Python,Python (3.4.3),py,Runtime Error,160,12488,650,
s720033872,p02936,u248027718,1566181257,Python,Python (3.4.3),py,Runtime Error,149,12488,484,
s641065284,p02936,u992767140,1566181256,Python,Python (2.7.6),py,Wrong Answer,2104,16488,894,
s429039930,p02936,u021019433,1566181255,Python,Python (3.4.3),py,Accepted,1865,63504,483,
s043618964,p02936,u951672936,1566181255,Java,Java8 (OpenJDK 1.8.0),java,Accepted,1380,142048,8626,
s448534738,p02936,u811360551,1566181254,Java,Java8 (OpenJDK 1.8.0),java,Time Limit Exceeded,2109,192448,1319,
s700957586,p02936,u573545768,1566181253,Java,Java8 (OpenJDK 1.8.0),java,Runtime Error,588,874324,1215,
s457780824,p02936,u243955520,1566181253,Python,Python (3.4.3),py,Wrong Answer,2108,63312,636,
s113392830,p02936,u981932242,1566181252,Ruby,Ruby (2.3.3),rb,Time Limit Exceeded,2112,77148,865,
s590596661,p02936,u503111914,1566181251,Python,Python (3.4.3),py,Wrong Answer,2110,104112,478,
s334902752,p02936,u161693347,1566181250,Python,PyPy3 (2.4.0),py,Time Limit Exceeded,2113,112860,888,
s688541819,p02936,u173561231,1566181250,Scala,Scala (2.11.7),scala,Compile Error,,,1486,
s931911726,p02936,u107639613,1566181249,Python,PyPy3 (2.4.0),py,Wrong Answer,2130,432192,1183,
s399809790,p02936,u936646170,1566181246,Java,Java8 (OpenJDK 1.8.0),java,Time Limit Exceeded,2110,360216,1911,
s325752161,p02936,u266344698,1566181245,C,C (GCC 5.4.1),c,Time Limit Exceeded,3403,6400,2663,
s891063851,p02936,u174394352,1566181245,Python,PyPy3 (2.4.0),py,Time Limit Exceeded,2110,156000,540,
s489577471,p02936,u909991537,1566181245,Python,Python (3.4.3),py,Time Limit Exceeded,2127,293572,469,
s627052101,p02936,u955251526,1566181241,Python,Python (3.4.3),py,Time Limit Exceeded,2120,260744,511,
s060395909,p02936,u922965680,1566181240,Python,PyPy3 (2.4.0),py,Accepted,902,131068,1083,
s927499041,p02936,u703205079,1566181240,C++,C++14 (GCC 5.4.1),cpp,Accepted,206,26752,1177,
s527433973,p02936,u697421413,1566181238,C++,C++14 (GCC 5.4.1),cpp,Wrong Answer,2219,1950212,3564,
s180413729,p02936,u455317716,1566181236,C++,C++14 (GCC 5.4.1),cpp,Accepted,252,4736,597,
s016524346,p02936,u272395350,1566181233,C++,C++14 (GCC 5.4.1),cpp,Wrong Answer,265,5504,719,
s835761769,p02936,u753615299,1566181232,C++,C++14 (GCC 5.4.1),cpp,Accepted,330,40492,895,
s535647812,p02936,u864273141,1566181231,Python,Python (3.4.3),py,Wrong Answer,1733,68784,648,
s793285225,p02936,u924406834,1566181230,Python,PyPy3 (2.4.0),py,Wrong Answer,2110,113312,1271,
s724450677,p02936,u123756661,1566181229,Python,PyPy3 (2.4.0),py,Time Limit Exceeded,2112,143788,1251,
s150065934,p02936,u055685044,1566181226,C++,C++14 (GCC 5.4.1),cpp,Time Limit Exceeded,2104,13940,1261,
s647305000,p02936,u177546578,1566181225,C#,C# (Mono 4.6.2.0),cs,Time Limit Exceeded,2111,80032,1483,
s668050613,p02936,u617431891,1566181224,C++,C++14 (GCC 5.4.1),cpp,Accepted,128,24320,1050,
s774258541,p02936,u918009437,1566181224,Python,Python (3.4.3),py,Time Limit Exceeded,2119,248964,1274,
s533164221,p02936,u892395063,1566181224,Java,Java8 (OpenJDK 1.8.0),java,Accepted,1645,165800,1356,
s342290171,p02936,u705918648,1566181222,Python,PyPy3 (2.4.0),py,Accepted,840,87116,699,
s056839100,p02936,u865621256,1566181221,C++,C++14 (GCC 5.4.1),cpp,Runtime Error,371,16628,1388,
s386796486,p02936,u625046108,1566181221,Python,Python (3.4.3),py,Time Limit Exceeded,2111,152184,567,
s150422420,p02936,u208664517,1566181220,C++,C++14 (GCC 5.4.1),cpp,Wrong Answer,122,6912,580,
s004399859,p02936,u046027207,1566181220,C++,C++14 (GCC 5.4.1),cpp,Time Limit Exceeded,2104,15556,750,
s284312047,p02936,u286754585,1566181218,Fortran,Fortran (gfortran v4.8.4),f,Runtime Error,1,256,1240,
s246762094,p02936,u803314854,1566181218,Java,Java8 (OpenJDK 1.8.0),java,Time Limit Exceeded,2110,223696,3988,
s927190961,p02936,u754375546,1566181217,Ruby,Ruby (2.3.3),rb,Time Limit Exceeded,2116,139208,714,
s743980856,p02936,u906250335,1566181216,C++,C++14 (GCC 5.4.1),cpp,Wrong Answer,2104,20992,976,
s400371580,p02936,u071970578,1566181216,Python,Python (3.4.3),py,Runtime Error,2106,65172,1697,
s391355904,p02936,u158104782,1566181212,Java,Java8 (OpenJDK 1.8.0),java,Wrong Answer,1694,220648,1644,
s847141735,p02936,u047099159,1566181210,C++,C++14 (GCC 5.4.1),cpp,Accepted,157,34432,1043,
s843002517,p02936,u988076584,1566181210,C++,C++14 (GCC 5.4.1),cpp,Runtime Error,321,9984,877,
s941838070,p02936,u519180097,1566181205,C++,C++14 (GCC 5.4.1),cpp,Time Limit Exceeded,2104,48768,943,
s288420991,p02936,u282164747,1566181205,Go,Go (1.6),go,Accepted,736,52736,937,
s640641132,p02936,u672475305,1566181205,Python,PyPy3 (2.4.0),py,Wrong Answer,2110,155124,834,
s437973018,p02936,u751252197,1566181205,C++,C++14 (GCC 5.4.1),cpp,Time Limit Exceeded,2104,18560,901,
s460818297,p02936,u688375653,1566181205,Python,PyPy3 (2.4.0),py,Runtime Error,220,70228,637,
s144187738,p02936,u544637026,1566181204,Python,PyPy3 (2.4.0),py,Time Limit Exceeded,2151,752248,690,
s771796492,p02936,u870164956,1566181204,Python,PyPy3 (2.4.0),py,Time Limit Exceeded,2112,136372,461,
s648253062,p02936,u538632589,1566181201,Python,PyPy3 (2.4.0),py,Runtime Error,2114,178580,962,
s696524368,p02936,u346308892,1566181200,Python,PyPy3 (2.4.0),py,Time Limit Exceeded,2124,339832,458,
s023776214,p02936,u740386676,1566181200,C++,C++14 (GCC 5.4.1),cpp,Time Limit Exceeded,2104,13184,793,
s723428713,p02936,u995102075,1566181200,Python,Python (3.4.3),py,Time Limit Exceeded,2106,67936,647,
s086716976,p02936,u385644001,1566181199,Python,Python (3.4.3),py,Runtime Error,1993,109500,667,
s314270155,p02936,u147571984,1566181196,C++,C++14 (GCC 5.4.1),cpp,Time Limit Exceeded,2104,23424,1016,
s191583509,p02936,u021358975,1566181195,Ruby,Ruby (2.3.3),rb,Time Limit Exceeded,2112,68600,985,
s378350887,p02936,u437638594,1566181194,Python,PyPy3 (2.4.0),py,Wrong Answer,2110,110184,401,
s257344539,p02936,u671446913,1566181192,Python,Python (3.4.3),py,Runtime Error,2107,59304,479,
s495932581,p02936,u903311413,1566181192,C++,C++14 (GCC 5.4.1),cpp,Time Limit Exceeded,2112,158336,2624,
s796960004,p02936,u526476325,1566181192,C++,C++14 (GCC 5.4.1),cpp,Time Limit Exceeded,2105,30072,893,
s828088025,p02936,u366934151,1566181188,C++,C++14 (GCC 5.4.1),cpp,Wrong Answer,2106,48368,2243,
s231561570,p02936,u621104964,1566181187,C++,C++14 (Clang 3.8.0),cpp,Wrong Answer,2104,10612,1771,
s968607230,p02936,u627325970,1566181186,Python,Python (3.4.3),py,Runtime Error,17,2940,1019,
s958007635,p02936,u697421413,1566181185,C++,C++14 (GCC 5.4.1),cpp,Wrong Answer,263,33024,3504,
s602129619,p02936,u784751818,1566181184,C++,C++14 (GCC 5.4.1),cpp,Accepted,508,35968,871,
s812575827,p02936,u501148202,1566181184,JavaScript,JavaScript (node.js v5.12),js,Runtime Error,2119,224168,1830,
s331497051,p02936,u066120889,1566181183,Haskell,Haskell (GHC 7.10.3),hs,Time Limit Exceeded,2117,217724,2054,
s178425562,p02936,u358822669,1566181182,C++,C++14 (GCC 5.4.1),cpp,Time Limit Exceeded,2104,22912,979,
s167114699,p02936,u281662621,1566181181,Ruby,Ruby (2.3.3),rb,Runtime Error,1350,73484,702,
s144923999,p02936,u366482170,1566181178,Python,PyPy3 (2.4.0),py,Time Limit Exceeded,2108,81800,616,
s289278716,p02936,u617431891,1566181177,C++,C++14 (GCC 5.4.1),cpp,Runtime Error,104,3328,1050,
s435387051,p02936,u879436400,1566181177,C++,C++14 (GCC 5.4.1),cpp,Time Limit Exceeded,2103,9216,996,
s802213534,p02936,u426649993,1566181176,Python,Python (3.4.3),py,Wrong Answer,1523,95712,346,
s307956811,p02936,u365078800,1566181172,Java,Java8 (OpenJDK 1.8.0),java,Accepted,1703,187616,2018,
s480525882,p02936,u523303964,1566181171,C++,C++14 (GCC 5.4.1),cpp,Runtime Error,318,6904,584,
s444000137,p02936,u395846213,1566181170,C++,C++14 (GCC 5.4.1),cpp,Compile Error,,,2354,
s645760881,p02936,u151285327,1566181168,Python,Python (3.4.3),py,Time Limit Exceeded,2106,63620,1226,
s966106065,p02936,u917092881,1566181165,Python,Python (3.4.3),py,Runtime Error,2107,74120,815,
s419351971,p02936,u861962192,1566181165,Python,Python (3.4.3),py,Time Limit Exceeded,2106,47688,561,
s239971244,p02936,u401452016,1566181165,Python,Python (3.4.3),py,Time Limit Exceeded,2125,291256,617,
s554552257,p02936,u049652688,1566181164,C++,C++14 (GCC 5.4.1),cpp,Time Limit Exceeded,2104,28416,687,
s194744230,p02936,u488352661,1566181163,C++,C++14 (GCC 5.4.1),cpp,Runtime Error,2839,30056,1203,
s573721578,p02936,u227082700,1566181162,Python,PyPy3 (2.4.0),py,Time Limit Exceeded,2125,362160,356,
s477150808,p02936,u722189950,1566181162,Python,PyPy3 (2.4.0),py,Time Limit Exceeded,2117,2023932,428,
s139452612,p02936,u318955153,1566181160,Python,Python (3.4.3),py,Time Limit Exceeded,2114,182552,715,
s637691959,p02936,u909577618,1566181158,C++,C++14 (GCC 5.4.1),cpp,Accepted,266,12652,1724,
s908823986,p02936,u938389536,1566181158,C++,C++14 (GCC 5.4.1),cpp,Time Limit Exceeded,2108,20224,1420,
s130594574,p02936,u489316980,1566181158,Java,Java8 (OpenJDK 1.8.0),java,Time Limit Exceeded,2110,344392,3333,
s219722283,p02936,u521602455,1566181157,C++,C++14 (GCC 5.4.1),cpp,Runtime Error,408,6528,850,
s572369859,p02936,u154289649,1566181157,C++,C++14 (GCC 5.4.1),cpp,Time Limit Exceeded,2104,20992,744,
s761459385,p02936,u782748646,1566181156,Python,Python (3.4.3),py,Accepted,1402,231388,464,
s368590475,p02936,u263654061,1566181156,C++,C++14 (GCC 5.4.1),cpp,Time Limit Exceeded,2196,1507840,1036,
s004986326,p02936,u220892578,1566181155,C++,C++14 (GCC 5.4.1),cpp,Runtime Error,103,1792,1487,
s590553711,p02936,u474514603,1566181153,Python,Python (3.4.3),py,Runtime Error,23,3688,2440,
s935444460,p02936,u942850310,1566181153,C++,C++14 (GCC 5.4.1),cpp,Runtime Error,175,12156,764,
s889799243,p02936,u117054186,1566181152,Python,Python (3.4.3),py,Time Limit Exceeded,2106,36368,783,
s382172830,p02936,u307752464,1566181151,C++,C++14 (Clang 3.8.0),cpp,Time Limit Exceeded,2104,23656,1704,
s641958162,p02936,u624505752,1566181151,Ruby,Ruby (2.3.3),rb,Runtime Error,2113,89724,1470,
s684920634,p02936,u547576401,1566181148,C++,C++14 (GCC 5.4.1),cpp,Wrong Answer,2104,22656,672,
s118819587,p02936,u300768980,1566181148,C++,C++14 (GCC 5.4.1),cpp,Wrong Answer,2104,16384,787,
s743038753,p02936,u272395350,1566181147,C++,C++14 (GCC 5.4.1),cpp,Wrong Answer,270,5504,719,
s964598378,p02936,u833543158,1566181143,C++,C++14 (GCC 5.4.1),cpp,Wrong Answer,2104,36608,1217,
s245103515,p02936,u718401738,1566181143,Python,Python (3.4.3),py,Wrong Answer,2110,103608,747,
s156970113,p02936,u383416302,1566181143,Python,Python (3.4.3),py,Time Limit Exceeded,2118,227504,672,
s747759705,p02936,u366482170,1566181143,Python,Python (3.4.3),py,Time Limit Exceeded,2106,45036,616,
s599678144,p02936,u148049084,1566181143,C++,C++14 (GCC 5.4.1),cpp,Accepted,387,25088,678,
s941367682,p02936,u266874640,1566181138,Python,Python (3.4.3),py,Accepted,1734,121312,450,
s075825859,p02936,u737951432,1566181137,C++,C++14 (GCC 5.4.1),cpp,Time Limit Exceeded,2105,26240,2074,
s879053782,p02936,u454937339,1566181137,C++,C++14 (GCC 5.4.1),cpp,Accepted,138,27392,1915,
s210108923,p02936,u255821449,1566181135,Python,Python (3.4.3),py,Runtime Error,2106,48864,416,
s839061336,p02936,u360116509,1566181135,Python,Python (3.4.3),py,Wrong Answer,1451,61552,487,
s872474057,p02936,u629015299,1566181134,C++,C++14 (GCC 5.4.1),cpp,Accepted,149,18548,9161,
s164792834,p02936,u374829922,1566181134,Python,Python (3.4.3),py,Time Limit Exceeded,2110,102148,648,
s174327239,p02936,u951746552,1566181133,C++,C++14 (GCC 5.4.1),cpp,Accepted,365,43764,1502,
s993547241,p02936,u233626335,1566181133,C++,C++14 (GCC 5.4.1),cpp,Accepted,416,25088,898,
s523693879,p02936,u184572586,1566181131,C++,C++14 (GCC 5.4.1),cpp,Runtime Error,2105,27264,1372,
s281204989,p02936,u951403082,1566181131,C++,C++14 (GCC 5.4.1),cpp,Time Limit Exceeded,2104,15616,1209,
s552914400,p02936,u123756661,1566181130,Python,PyPy3 (2.4.0),py,Wrong Answer,322,64876,1280,
s074422227,p02936,u839509562,1566181128,Rust,Rust (1.15.1),rs,Accepted,484,65272,2207,
s502258428,p02936,u638714542,1566181125,Python,Python (3.4.3),py,Wrong Answer,2113,103724,522,
s058253883,p02936,u347640436,1566181124,Python,Python (3.4.3),py,Time Limit Exceeded,2067,269584,703,
s395377430,p02936,u867534917,1566181123,Java,Java8 (OpenJDK 1.8.0),java,Time Limit Exceeded,2110,373788,2106,
s921647705,p02936,u907059006,1566181119,C#,C# (Mono 4.6.2.0),cs,Time Limit Exceeded,2151,695100,1864,
s279062118,p02936,u554096168,1566181114,Python,Python (3.4.3),py,Time Limit Exceeded,2115,178576,542,
s775403958,p02936,u592371734,1566181112,C++,C++14 (GCC 5.4.1),cpp,Accepted,132,25088,1268,
s013055828,p02936,u153556810,1566181111,Java,Java8 (OpenJDK 1.8.0),java,Time Limit Exceeded,2110,289928,1049,
s236337829,p02936,u889915625,1566181109,C++,C++14 (GCC 5.4.1),cpp,Time Limit Exceeded,2166,1051136,2239,
s133439787,p02936,u146847434,1566181108,C++,C++14 (GCC 5.4.1),cpp,Accepted,364,33664,1442,
s313998867,p02936,u572373398,1566181106,Java,Java8 (OpenJDK 1.8.0),java,Time Limit Exceeded,2110,367656,2032,
s707971797,p02936,u073549161,1566181106,Python,PyPy3 (2.4.0),py,Time Limit Exceeded,2139,584252,1832,
s653717411,p02936,u311601704,1566181106,Python,Python (3.4.3),py,Wrong Answer,2129,432888,1473,
s343223273,p02936,u463775490,1566181105,Python,Python (3.4.3),py,Wrong Answer,2106,37864,543,
s956526273,p02936,u204523044,1566181103,Python,Python (3.4.3),py,Runtime Error,2107,63608,500,
s697566465,p02936,u852798899,1566181102,Java,Java8 (OpenJDK 1.8.0),java,Wrong Answer,1670,174808,1104,
s334663487,p02936,u555933327,1566181102,C++,C++14 (GCC 5.4.1),cpp,Time Limit Exceeded,2104,9856,757,
s552044148,p02936,u087593111,1566181100,C++,C++14 (GCC 5.4.1),cpp,Runtime Error,103,2560,800,
s389681424,p02936,u686302771,1566181097,Go,Go (1.6),go,Time Limit Exceeded,2108,17796,745,
s286754853,p02936,u625258197,1566181097,C++,C++14 (GCC 5.4.1),cpp,Time Limit Exceeded,2104,20480,813,
s870930148,p02936,u112681763,1566181096,C++,C++14 (GCC 5.4.1),cpp,Runtime Error,314,40704,3312,
s650358477,p02936,u579454699,1566181095,C++,C++14 (GCC 5.4.1),cpp,Time Limit Exceeded,2104,5616,803,
s870996170,p02936,u740054550,1566181094,C#,C# (Mono 4.6.2.0),cs,Time Limit Exceeded,2108,21736,4184,
s479435874,p02936,u177756077,1566181094,Python,Python (3.4.3),py,Runtime Error,1526,43312,553,
s370969154,p02936,u864500649,1566181093,C++,C++14 (GCC 5.4.1),cpp,Runtime Error,423,276480,1702,
s196989636,p02936,u186838327,1566181092,Python,PyPy3 (2.4.0),py,Time Limit Exceeded,2111,130636,486,
s504249118,p02936,u393352862,1566181091,Python,PyPy3 (2.4.0),py,Runtime Error,1888,175052,550,
s701302685,p02936,u198112909,1566181089,C++,C++14 (GCC 5.4.1),cpp,Time Limit Exceeded,2189,1795492,616,
s083905793,p02936,u938987929,1566181089,C++,C++14 (Clang 3.8.0),cpp,Accepted,788,35048,1198,
s195145006,p02936,u454937339,1566181088,C++,C++14 (GCC 5.4.1),cpp,Runtime Error,100,3328,1915,
s358650766,p02936,u895838522,1566181088,Go,Go (1.6),go,Wrong Answer,2109,50560,602,
s691628407,p02936,u385644001,1566181086,Python,PyPy3 (2.4.0),py,Runtime Error,2109,132916,667,
s001395679,p02936,u145483532,1566181085,C++,C++14 (GCC 5.4.1),cpp,Accepted,356,6272,1454,
s393398498,p02936,u841262060,1566181085,C++,C++14 (GCC 5.4.1),cpp,Runtime Error,3459,256,2062,
s042837624,p02936,u222450908,1566181084,C++,C++14 (GCC 5.4.1),cpp,Time Limit Exceeded,2107,5760,635,
s307332615,p02936,u982594421,1566181084,Python,PyPy3 (2.4.0),py,Time Limit Exceeded,2107,77916,361,
s607942305,p02936,u716314620,1566181083,C++,C++14 (GCC 5.4.1),cpp,Compile Error,,,1014,
s812711371,p02936,u382002817,1566181082,C++,C++14 (GCC 5.4.1),cpp,Wrong Answer,265,10752,945,
s527672855,p02936,u790922244,1566181080,Python,PyPy3 (2.4.0),py,Time Limit Exceeded,2107,50036,674,
s633418311,p02936,u375619974,1566181080,C++,C++14 (GCC 5.4.1),cpp,Time Limit Exceeded,2103,5376,2232,
s182485948,p02936,u314232289,1566181080,Haskell,Haskell (GHC 7.10.3),hs,Runtime Error,2124,330108,1951,
s401759647,p02936,u326966549,1566181076,C++,C++14 (GCC 5.4.1),cpp,Accepted,726,21120,1098,
s797256841,p02936,u921066423,1566181074,Python,PyPy3 (2.4.0),py,Accepted,1990,136176,738,
s053435913,p02936,u769215762,1566181073,Python,Python (3.4.3),py,Wrong Answer,2110,108424,867,
s140991655,p02936,u285409047,1566181072,C++,C++14 (GCC 5.4.1),cpp,Time Limit Exceeded,2104,14952,1534,
s236234676,p02936,u199768991,1566181071,C++,C++14 (GCC 5.4.1),cpp,Time Limit Exceeded,2104,8960,1398,
s980647482,p02936,u607737438,1566181070,Python,Python (3.4.3),py,Time Limit Exceeded,2107,51024,1312,
s972352189,p02936,u507706381,1566181067,Java,Java8 (OpenJDK 1.8.0),java,Time Limit Exceeded,2106,264536,1238,
s672217517,p02936,u215315599,1566181066,Python,Python (3.4.3),py,Wrong Answer,1653,48348,553,
s318535969,p02936,u208664517,1566181064,C++,C++14 (GCC 5.4.1),cpp,Wrong Answer,118,6912,619,
s953865707,p02936,u393352862,1566181064,Python,PyPy3 (2.4.0),py,Runtime Error,1905,171768,546,
s803673131,p02936,u891387249,1566181064,Scala,Scala (2.11.7),scala,Accepted,1851,155916,943,
s374689334,p02936,u436335113,1566181062,Python,PyPy3 (2.4.0),py,Runtime Error,222,68688,711,
s582303863,p02936,u338929851,1566181061,Python,Python (3.4.3),py,Runtime Error,151,12508,899,
s634151051,p02936,u309039873,1566181060,Python,PyPy3 (2.4.0),py,Time Limit Exceeded,2127,401188,402,
s060307977,p02936,u600896094,1566181057,C++,C++14 (GCC 5.4.1),cpp,Accepted,556,45952,1247,
s140789934,p02936,u735089337,1566181057,C++,C++14 (GCC 5.4.1),cpp,Accepted,106,5504,730,
s766484083,p02936,u624505752,1566181056,Ruby,Ruby (2.3.3),rb,Runtime Error,2113,89852,1450,
s939861425,p02936,u158617964,1566181055,Python,Python (3.4.3),py,Time Limit Exceeded,2112,127012,714,
s638582133,p02936,u494070244,1566181055,C++,C++14 (GCC 5.4.1),cpp,Time Limit Exceeded,2103,3840,1240,
s601664250,p02936,u227359448,1566181054,C,C (GCC 5.4.1),c,Time Limit Exceeded,2104,6912,1211,
s186726866,p02936,u616217092,1566181054,Python,Python (3.4.3),py,Time Limit Exceeded,2123,329816,1522,
s930601649,p02936,u461984674,1566181053,C++,C++14 (GCC 5.4.1),cpp,Wrong Answer,2104,6512,2060,
s561131070,p02936,u111563567,1566181053,C++,C++14 (GCC 5.4.1),cpp,Time Limit Exceeded,2107,21376,936,
s976321376,p02936,u705918648,1566181053,Python,PyPy3 (2.4.0),py,Time Limit Exceeded,2150,781364,641,
s833917679,p02936,u127768253,1566181052,C++,C++14 (GCC 5.4.1),cpp,Time Limit Exceeded,2118,256512,762,
s445715639,p02936,u735499035,1566181052,C++,C++14 (GCC 5.4.1),cpp,Accepted,309,18420,952,
s785487037,p02936,u922487073,1566181051,Python,Python (3.4.3),py,Wrong Answer,2112,163228,617,
s819199788,p02936,u838644735,1566181048,C++,C++14 (GCC 5.4.1),cpp,Accepted,438,32128,1783,
s331973813,p02936,u688382286,1566181047,Python,Python (3.4.3),py,Time Limit Exceeded,2112,192680,722,
s471006901,p02936,u839509562,1566181044,Rust,Rust (1.15.1),rs,Compile Error,,,2105,
s109877117,p02936,u238510421,1566181043,Python,PyPy3 (2.4.0),py,Time Limit Exceeded,2116,218772,844,
s008710886,p02936,u702482655,1566181042,Ruby,Ruby (2.3.3),rb,Accepted,1507,88328,346,
s021845905,p02936,u697367509,1566181039,C++,C++14 (GCC 5.4.1),cpp,Accepted,299,18804,2301,
s212337960,p02936,u151137534,1566181039,C++,C++14 (GCC 5.4.1),cpp,Wrong Answer,159,23552,2589,
s325876170,p02936,u158778550,1566181038,Python,PyPy3 (2.4.0),py,Time Limit Exceeded,2214,1828688,645,
s977297393,p02936,u900303768,1566181038,Python,PyPy3 (2.4.0),py,Wrong Answer,2111,127316,653,
s520897627,p02936,u052746401,1566181032,C++,C++14 (GCC 5.4.1),cpp,Accepted,110,22784,2125,
s690534302,p02936,u714189167,1566181031,F#,F# (Mono 4.0),fs,Time Limit Exceeded,2115,79172,1274,
s531700101,p02936,u099001254,1566181031,C#,C# (Mono 4.6.2.0),cs,Accepted,1196,70420,1652,
s262462994,p02936,u360153728,1566181030,Java,Java8 (OpenJDK 1.8.0),java,Time Limit Exceeded,2111,312268,5648,
s498486167,p02936,u367130284,1566181030,Python,Python (3.4.3),py,Wrong Answer,2118,247420,1168,
s217805512,p02936,u721316601,1566181026,Python,Python (3.4.3),py,Time Limit Exceeded,2115,90948,703,
s742931842,p02936,u183787127,1566181025,Java,Java8 (OpenJDK 1.8.0),java,Time Limit Exceeded,2092,219360,1829,
s459226590,p02936,u527806673,1566181025,C++,C++14 (GCC 5.4.1),cpp,Time Limit Exceeded,2105,24192,668,
s916391418,p02936,u933622697,1566181022,Python,Python (3.4.3),py,Time Limit Exceeded,2106,44844,670,
s053956727,p02936,u185896732,1566181021,C++,C++14 (GCC 5.4.1),cpp,Runtime Error,3290,256,732,
s172222706,p02936,u519180097,1566181017,C++,C++14 (GCC 5.4.1),cpp,Wrong Answer,151,48896,897,
s469471905,p02936,u437638594,1566181017,Python,PyPy3 (2.4.0),py,Time Limit Exceeded,2111,123448,425,
s828899963,p02936,u370608397,1566181016,C#,C# (Mono 4.6.2.0),cs,Wrong Answer,2111,65200,2644,
s434076614,p02936,u263654061,1566181015,C++,C++14 (GCC 5.4.1),cpp,Wrong Answer,2198,1489920,1187,
s957382489,p02936,u782748646,1566181013,Python,Python (3.4.3),py,Time Limit Exceeded,2109,231384,438,
s881296196,p02936,u559342926,1566181012,Ruby,Ruby (2.3.3),rb,Runtime Error,2109,31992,500,
s811502261,p02936,u138245026,1566181011,C++,C++14 (GCC 5.4.1),cpp,Time Limit Exceeded,2103,9216,1147,
s449370829,p02936,u753298505,1566181011,C++,C++14 (GCC 5.4.1),cpp,Accepted,320,3968,661,
s996710230,p02936,u412481017,1566181009,Python,Python (3.4.3),py,Wrong Answer,2107,80524,442,
s022063599,p02936,u852798899,1566181008,Java,Java8 (OpenJDK 1.8.0),java,Wrong Answer,1571,166636,985,
s451101885,p02936,u053360288,1566181007,C++,C++14 (GCC 5.4.1),cpp,Accepted,276,14848,548,
s593694348,p02936,u621104964,1566181006,C++,C++14 (Clang 3.8.0),cpp,Wrong Answer,2104,10612,1776,
s280841041,p02936,u386819480,1566181005,Python,Python (3.4.3),py,Time Limit Exceeded,2110,148404,1673,
s396971785,p02936,u511501183,1566181003,C++,C++14 (GCC 5.4.1),cpp,Time Limit Exceeded,2104,21516,748,
s211887373,p02936,u885932660,1566181002,C++,C++14 (GCC 5.4.1),cpp,Time Limit Exceeded,2105,33920,1134,
s082651100,p02936,u526476325,1566181001,C++,C++14 (GCC 5.4.1),cpp,Wrong Answer,1,256,195,
s501421047,p02936,u286754585,1566181000,Fortran,Fortran (gfortran v4.8.4),f,Runtime Error,1,256,1228,
s493900616,p02936,u460245024,1566181000,Python,Python (3.4.3),py,Runtime Error,1520,48588,476,
s103086877,p02936,u345716368,1566180999,C++,C++14 (Clang 3.8.0),cpp,Accepted,745,25856,860,
s129743027,p02936,u054471580,1566180999,Python,Python (3.4.3),py,Runtime Error,2096,68144,655,
s307875907,p02936,u333542501,1566180996,C++,C++14 (GCC 5.4.1),cpp,Time Limit Exceeded,2104,18176,474,
s602885380,p02936,u274290847,1566180994,Python,Python (3.4.3),py,Time Limit Exceeded,2120,198556,736,
s999776692,p02936,u715912777,1566180994,Python,PyPy3 (2.4.0),py,Wrong Answer,2110,170508,1013,
s942768261,p02936,u128513271,1566180993,C++,C++14 (GCC 5.4.1),cpp,Wrong Answer,2106,47104,745,
s455015893,p02936,u625729943,1566180992,Python,PyPy3 (2.4.0),py,Time Limit Exceeded,2120,276460,831,
s547679185,p02936,u408650734,1566180992,C++,C++14 (GCC 5.4.1),cpp,Time Limit Exceeded,2224,1677300,877,
s059240981,p02936,u562206657,1566180991,C++,C++14 (GCC 5.4.1),cpp,Accepted,363,21888,1122,
s806522659,p02936,u216374186,1566180990,C++,C++14 (GCC 5.4.1),cpp,Accepted,284,14848,642,
s233567855,p02936,u047150897,1566180989,C++,C++14 (GCC 5.4.1),cpp,Time Limit Exceeded,2109,36608,1195,
s918417936,p02936,u811360551,1566180987,Java,Java8 (OpenJDK 1.8.0),java,Time Limit Exceeded,2110,359904,1381,
s615298332,p02936,u314050667,1566180986,Python,PyPy3 (2.4.0),py,Time Limit Exceeded,2112,139140,548,
s065673614,p02936,u266344698,1566180986,C,C (GCC 5.4.1),c,Runtime Error,3426,6400,2417,
s477516965,p02936,u122909775,1566180985,JavaScript,JavaScript (node.js v5.12),js,Time Limit Exceeded,2111,94144,937,
s400826528,p02936,u383416302,1566180985,Python,Python (3.4.3),py,Time Limit Exceeded,2110,238472,672,
s510406727,p02936,u842388336,1566180984,Python,Python (3.4.3),py,Time Limit Exceeded,2111,70664,470,
s605992487,p02936,u963915126,1566180982,Python,Python (3.4.3),py,Runtime Error,114,24688,655,
s711501050,p02936,u693933222,1566180982,Python,Python (3.4.3),py,Time Limit Exceeded,2107,59680,653,
s128748395,p02936,u350561621,1566180981,C++,C++14 (GCC 5.4.1),cpp,Accepted,137,27392,719,
s014639196,p02936,u337694846,1566180977,C#,C# (Mono 4.6.2.0),cs,Accepted,1607,39608,1261,
s556091203,p02936,u052476723,1566180977,C++,C++14 (GCC 5.4.1),cpp,Time Limit Exceeded,2132,397952,1099,
s124864666,p02936,u708618797,1566180976,C++,C++14 (GCC 5.4.1),cpp,Accepted,318,23424,3005,
s507040956,p02936,u941407962,1566180972,Python,Python (3.4.3),py,Accepted,1651,240124,537,
s518869458,p02936,u922487073,1566180969,Python,Python (3.4.3),py,Runtime Error,17,3064,616,
s237932604,p02936,u382002817,1566180969,C++,C++14 (GCC 5.4.1),cpp,Wrong Answer,300,9216,873,
s977788650,p02936,u993229809,1566180968,C++,C++14 (GCC 5.4.1),cpp,Time Limit Exceeded,2104,22272,766,
s625175289,p02936,u369105927,1566180967,Python,Python (3.4.3),py,Accepted,1822,232184,559,
s951513886,p02936,u097804107,1566180966,Python,Python (3.4.3),py,Time Limit Exceeded,2111,153160,456,
s932018908,p02936,u272557899,1566180966,Python,PyPy3 (2.4.0),py,Time Limit Exceeded,2115,224872,2969,
s836780201,p02936,u790710233,1566180965,Python,Python (3.4.3),py,Time Limit Exceeded,2109,93288,1122,
s695173141,p02936,u111718424,1566180964,Kotlin,Kotlin (1.0.0),kt,Time Limit Exceeded,2115,217188,1139,
s140046188,p02936,u442030035,1566180963,Python,Python (3.4.3),py,Time Limit Exceeded,2113,80332,802,
s964091070,p02936,u714300041,1566180960,Python,PyPy3 (2.4.0),py,Runtime Error,1104,136820,739,
s325167572,p02936,u314232289,1566180960,Haskell,Haskell (GHC 7.10.3),hs,Runtime Error,8,10748,1951,
s097264461,p02936,u810625173,1566180957,Python,PyPy3 (2.4.0),py,Wrong Answer,1714,125948,547,
s976380279,p02936,u033094865,1566180956,Python,Python (3.4.3),py,Time Limit Exceeded,2106,42332,413,
s472850800,p02936,u652583512,1566180953,Python,PyPy3 (2.4.0),py,Time Limit Exceeded,2108,85480,584,
s522978648,p02936,u117734686,1566180952,C++,C++14 (GCC 5.4.1),cpp,Accepted,357,21120,1722,
s624097635,p02936,u440312135,1566180951,C++,C++14 (GCC 5.4.1),cpp,Time Limit Exceeded,2104,11904,1183,
s939241449,p02936,u091051505,1566180951,Python,Python (3.4.3),py,Time Limit Exceeded,2108,105680,560,
s698420418,p02936,u938389536,1566180950,C++,C++14 (GCC 5.4.1),cpp,Time Limit Exceeded,2223,826040,1457,
s290414905,p02936,u495678669,1566180950,Python,Python (3.4.3),py,Wrong Answer,2118,242996,931,
s772782104,p02936,u820262277,1566180949,C++,C++11 (GCC 4.8.1),cpp,Accepted,157,32128,4438,
s978428657,p02936,u375879613,1566180948,C++,C++14 (GCC 5.4.1),cpp,Accepted,745,16244,644,
s947118216,p02936,u624505752,1566180948,Ruby,Ruby (2.3.3),rb,Runtime Error,2112,89876,1445,
s456794613,p02936,u474579514,1566180947,Python,Python (3.4.3),py,Wrong Answer,2109,128944,845,
s414782409,p02936,u600402037,1566180945,Python,Python (3.4.3),py,Runtime Error,2113,165548,430,
s725594459,p02936,u019183101,1566180944,Java,Java8 (OpenJDK 1.8.0),java,Time Limit Exceeded,2110,361196,1432,
s746302833,p02936,u644907318,1566180943,Python,Python (3.4.3),py,Time Limit Exceeded,2109,113192,737,
s126354812,p02936,u192744126,1566180943,C++,C++14 (GCC 5.4.1),cpp,Accepted,117,24320,569,
s870455444,p02936,u281500237,1566180942,PHP,PHP7 (7.0.15),php,Time Limit Exceeded,2104,29048,434,
s078895057,p02936,u196798307,1566180942,C++,C++14 (GCC 5.4.1),cpp,Runtime Error,363,10240,1657,
s975926828,p02936,u337657882,1566180941,C,C (GCC 5.4.1),c,Runtime Error,2103,266368,1208,
s441888293,p02936,u922965680,1566180938,Python,PyPy3 (2.4.0),py,Wrong Answer,1023,145392,935,
s212902124,p02936,u041739330,1566180933,Python,Python (3.4.3),py,Runtime Error,1830,64036,877,
s454838142,p02936,u811967730,1566180932,Python,Python (3.4.3),py,Runtime Error,2108,75508,781,
s891933562,p02936,u547576401,1566180932,C++,C++14 (GCC 5.4.1),cpp,Compile Error,,,676,
s005411687,p02936,u500942659,1566180931,Python,Python (3.4.3),py,Time Limit Exceeded,2110,58040,501,
s458210079,p02936,u187516587,1566180931,Python,Python (3.4.3),py,Time Limit Exceeded,2019,46432,305,
s374947884,p02936,u437638594,1566180931,Python,PyPy3 (2.4.0),py,Wrong Answer,2109,134556,448,
s724420848,p02936,u343110708,1566180930,C++,C++14 (GCC 5.4.1),cpp,Accepted,314,25856,1789,
s511831799,p02936,u625729943,1566180930,Python,PyPy3 (2.4.0),py,Runtime Error,2112,139756,792,
s064896534,p02936,u989157442,1566180927,Python,Python (3.4.3),py,Time Limit Exceeded,2118,230028,1315,
s007921778,p02936,u707870100,1566180927,Python,Python (3.4.3),py,Runtime Error,1987,54684,676,
s277789091,p02936,u248027718,1566180927,Python,Python (3.4.3),py,Runtime Error,151,12496,484,
s166097743,p02936,u160452355,1566180926,C++,C++14 (GCC 5.4.1),cpp,Time Limit Exceeded,2104,17152,1169,
s960687218,p02936,u672475305,1566180924,Python,Python (3.4.3),py,Wrong Answer,2108,78252,730,
s644185074,p02936,u272557899,1566180923,Python,Python (3.4.3),py,Time Limit Exceeded,2113,170036,2969,
s813795267,p02936,u178192749,1566180922,Python,Python (3.4.3),py,Runtime Error,2111,143584,513,
s850232434,p02936,u858670323,1566180919,Python,Python (3.4.3),py,Time Limit Exceeded,2107,56040,699,
s619110676,p02936,u484229314,1566180918,Python,PyPy3 (2.4.0),py,Time Limit Exceeded,2110,112832,1196,
s168679322,p02936,u951746552,1566180917,C++,C++14 (GCC 5.4.1),cpp,Time Limit Exceeded,2106,38516,1457,
s819661170,p02936,u278183305,1566180917,Python,Python (3.4.3),py,Runtime Error,2104,16624,336,
s546075177,p02936,u941252620,1566180916,Python,Python (3.4.3),py,Time Limit Exceeded,2231,2087924,987,
s724097658,p02936,u557168336,1566180916,Python,PyPy3 (2.4.0),py,Time Limit Exceeded,2113,158108,815,
s403829796,p02936,u660341491,1566180916,C++,C++14 (GCC 5.4.1),cpp,Accepted,265,13312,1013,
s326994105,p02936,u475008359,1566180915,C++,C++14 (GCC 5.4.1),cpp,Wrong Answer,2104,21080,779,
s507396706,p02936,u608258653,1566180915,C++,C++14 (GCC 5.4.1),cpp,Time Limit Exceeded,2162,1375312,1594,
s951942131,p02936,u811360551,1566180914,Java,Java8 (OpenJDK 1.8.0),java,Runtime Error,2110,352768,1377,
s512505554,p02936,u508471678,1566180912,C++,C++14 (GCC 5.4.1),cpp,Accepted,317,28288,897,
s981455779,p02936,u502389123,1566180911,Python,Python (3.4.3),py,Wrong Answer,2118,231160,572,
s681169906,p02936,u625436352,1566180911,C++,C++14 (GCC 5.4.1),cpp,Accepted,476,50560,1060,
s068356475,p02936,u072825550,1566180907,C++,C++14 (GCC 5.4.1),cpp,Time Limit Exceeded,2112,129536,1315,
s715650114,p02936,u082861376,1566180905,C#,C# (Mono 4.6.2.0),cs,Accepted,1354,106536,29930,
s219750466,p02936,u112504572,1566180903,Ruby,Ruby (2.3.3),rb,Runtime Error,2109,33276,695,
s937642419,p02936,u735993066,1566180901,C++,C++14 (GCC 5.4.1),cpp,Accepted,344,30464,683,
s474079642,p02936,u064246852,1566180898,Python,PyPy3 (2.4.0),py,Time Limit Exceeded,2083,125212,541,
s852618926,p02936,u231667262,1566180897,C,C (GCC 5.4.1),c,Time Limit Exceeded,2222,822088,982,
s531137428,p02936,u941407962,1566180896,Python,Python (3.4.3),py,Runtime Error,1268,145008,537,
s762708431,p02936,u346395915,1566180895,Python,Python (3.4.3),py,Time Limit Exceeded,2112,141308,584,
s949867375,p02936,u110336585,1566180895,C++,C++14 (GCC 5.4.1),cpp,Accepted,324,34036,5882,
s914101617,p02936,u087593111,1566180895,C++,C++14 (GCC 5.4.1),cpp,Runtime Error,106,2560,774,
s229641580,p02936,u374829922,1566180894,Python,Python (3.4.3),py,Time Limit Exceeded,2110,102072,581,
s484210754,p02936,u305384049,1566180894,Java,Java8 (OpenJDK 1.8.0),java,Accepted,1506,205844,2058,
s366001662,p02936,u492314802,1566180894,C++,C++14 (GCC 5.4.1),cpp,Time Limit Exceeded,2104,21376,488,
s371016310,p02936,u474514603,1566180892,Python,Python (3.4.3),py,Runtime Error,22,3696,2089,
s962629081,p02936,u583628727,1566180892,C++,C++14 (GCC 5.4.1),cpp,Time Limit Exceeded,2107,69120,935,
s814467635,p02936,u274290847,1566180892,Python,Python (3.4.3),py,Wrong Answer,2120,199692,754,
s909109571,p02936,u280590671,1566180891,C++,C++14 (GCC 5.4.1),cpp,Time Limit Exceeded,2105,35072,1365,
s814042806,p02936,u858670323,1566180890,Python,Python (3.4.3),py,Wrong Answer,2107,124764,751,
s874182036,p02936,u153556810,1566180889,Java,Java8 (OpenJDK 1.8.0),java,Time Limit Exceeded,2109,277348,1424,
s076728095,p02936,u846796522,1566180886,C++,C++14 (GCC 5.4.1),cpp,Time Limit Exceeded,2166,1047920,2623,
s644501136,p02936,u652583512,1566180886,Python,PyPy3 (2.4.0),py,Runtime Error,163,38280,688,
s385018876,p02936,u732546570,1566180885,C++,C++14 (GCC 5.4.1),cpp,Accepted,324,4736,1002,
s911969298,p02936,u131340563,1566180885,C++,C++14 (GCC 5.4.1),cpp,Accepted,825,37632,1700,
s556048723,p02936,u239375815,1566180884,C++,C++14 (GCC 5.4.1),cpp,Time Limit Exceeded,2105,28800,1589,
s464840963,p02936,u898925304,1566180883,C,C (GCC 5.4.1),c,Accepted,122,7008,1317,
s656420430,p02936,u137747137,1566180882,C++,C++14 (GCC 5.4.1),cpp,Accepted,293,19444,1614,
s470839409,p02936,u369105927,1566180880,Python,Python (3.4.3),py,Runtime Error,17,3064,543,
s152480870,p02936,u300768980,1566180880,C++,C++14 (GCC 5.4.1),cpp,Wrong Answer,2104,12416,791,
s005435424,p02936,u522656211,1566180879,Java,Java8 (OpenJDK 1.8.0),java,Time Limit Exceeded,2110,362480,1584,
s348908022,p02936,u037430802,1566180875,Python,PyPy3 (2.4.0),py,Time Limit Exceeded,2116,193024,798,
s253179578,p02936,u837259155,1566180875,Ruby,Ruby (2.3.3),rb,Runtime Error,2110,53756,546,
s940944289,p02936,u547576401,1566180872,C++,C++14 (GCC 5.4.1),cpp,Compile Error,,,668,
s401368775,p02936,u653737129,1566180871,Ruby,Ruby (2.3.3),rb,Accepted,783,36276,610,
s799802243,p02936,u777890016,1566180869,Ruby,Ruby (2.3.3),rb,Time Limit Exceeded,2108,5500,605,
s312054804,p02936,u176331779,1566180869,C++,C++14 (GCC 5.4.1),cpp,Wrong Answer,263,6272,1222,
s046678286,p02936,u204337666,1566180868,C++,C++14 (GCC 5.4.1),cpp,Time Limit Exceeded,2224,2063616,838,
s210428853,p02936,u637646387,1566180868,Python,Python (3.4.3),py,Wrong Answer,2107,111192,554,
s654874047,p02936,u124589361,1566180868,Python,Python (3.4.3),py,Runtime Error,2106,55208,861,
s283419848,p02936,u828593789,1566180864,C,C (GCC 5.4.1),c,Time Limit Exceeded,2103,22400,1339,
s684091562,p02936,u238510421,1566180864,Python,Python (3.4.3),py,Time Limit Exceeded,2111,313848,844,
s754969780,p02936,u589753618,1566180864,Python,Python (3.4.3),py,Runtime Error,2109,112664,491,
s772410888,p02936,u932267739,1566180862,C++,C++14 (GCC 5.4.1),cpp,Accepted,356,24320,1441,
s995162651,p02936,u862569952,1566180861,Python,Python (3.4.3),py,Runtime Error,1726,55640,522,
s503998836,p02936,u713019978,1566180860,D,D (DMD64 v2.070.1),d,Accepted,492,36732,1698,
s381801997,p02936,u762152622,1566180859,C++,C++14 (GCC 5.4.1),cpp,Time Limit Exceeded,2689,37492,810,
s910618964,p02936,u991462056,1566180856,C++,C++14 (GCC 5.4.1),cpp,Time Limit Exceeded,2104,16744,1201,
s576228520,p02936,u987267288,1566180856,C++,C++14 (GCC 5.4.1),cpp,Accepted,277,24320,4458,
s164829871,p02936,u050445028,1566180853,C++,C++14 (GCC 5.4.1),cpp,Accepted,279,12396,2203,
s650683397,p02936,u046482892,1566180852,Java,Java8 (OpenJDK 1.8.0),java,Accepted,1304,103784,1101,
s085095818,p02936,u160754729,1566180852,C++,C++14 (GCC 5.4.1),cpp,Accepted,295,18160,1310,
s611777640,p02936,u051652188,1566180851,C++,C++14 (GCC 5.4.1),cpp,Accepted,196,14976,1018,
s773846439,p02936,u399232305,1566180850,C++,C++14 (GCC 5.4.1),cpp,Runtime Error,2104,271744,954,
s982652111,p02936,u525090128,1566180850,Python,Python (3.4.3),py,Runtime Error,185,17196,443,
s136989537,p02936,u791411211,1566180849,C++,C++14 (GCC 5.4.1),cpp,Time Limit Exceeded,2104,24552,1331,
s078758545,p02936,u915761992,1566180849,C#,C# (Mono 4.6.2.0),cs,Time Limit Exceeded,2111,62088,1629,
s991055728,p02936,u206390872,1566180848,C++,C++14 (GCC 5.4.1),cpp,Time Limit Exceeded,2104,20608,1398,
s698224379,p02936,u951746552,1566180847,C++,C++14 (GCC 5.4.1),cpp,Time Limit Exceeded,2106,43764,1626,
s753615722,p02936,u328259252,1566180845,Python,PyPy3 (2.4.0),py,Time Limit Exceeded,2111,118744,335,
s752074945,p02936,u064246852,1566180844,Python,PyPy3 (2.4.0),py,Time Limit Exceeded,2109,133368,539,
s098487898,p02936,u177897754,1566180843,C++,C++14 (GCC 5.4.1),cpp,Accepted,118,14976,1486,
s776151922,p02936,u732061897,1566180843,Python,PyPy3 (2.4.0),py,Time Limit Exceeded,2113,167960,1265,
s984767606,p02936,u578274732,1566180842,Go,Go (1.6),go,Wrong Answer,827,79488,1631,
s636007369,p02936,u938389536,1566180841,C++,C++14 (GCC 5.4.1),cpp,Runtime Error,98,256,1420,
s989815254,p02936,u437638594,1566180840,Python,PyPy3 (2.4.0),py,Wrong Answer,2108,99816,443,
s242097134,p02936,u596182341,1566180840,Python,Python (3.4.3),py,Time Limit Exceeded,2107,80112,663,
s828294181,p02936,u844426556,1566180840,Python,Python (3.4.3),py,Runtime Error,2108,78488,861,
s764924084,p02936,u158104782,1566180839,Java,Java8 (OpenJDK 1.8.0),java,Wrong Answer,1677,218220,1591,
s973939531,p02936,u561976793,1566180837,C++,C++14 (GCC 5.4.1),cpp,Accepted,284,11776,8012,
s940794841,p02936,u441724078,1566180837,C++,C++ (GCC 5.4.1),cpp,Accepted,113,14976,1276,
s377311099,p02936,u223389479,1566180837,C++,C++14 (GCC 5.4.1),cpp,Time Limit Exceeded,2105,25728,777,
s464666912,p02936,u077898957,1566180836,Python,Python (3.4.3),py,Wrong Answer,1494,113460,434,
s184424663,p02936,u127768253,1566180829,C++,C++14 (GCC 5.4.1),cpp,Time Limit Exceeded,2118,256512,727,
s505587135,p02936,u376082984,1566180829,C++,C++14 (GCC 5.4.1),cpp,Time Limit Exceeded,2172,1093236,3984,
s997367523,p02936,u078181689,1566180827,Python,Python (3.4.3),py,Wrong Answer,1766,112876,375,
s226954192,p02936,u399268660,1566180827,C++,C++14 (GCC 5.4.1),cpp,Accepted,151,31872,567,
s392178563,p02936,u158617964,1566180824,Python,Python (3.4.3),py,Wrong Answer,2111,120624,657,
s692991836,p02936,u422590714,1566180822,Python,Python (3.4.3),py,Wrong Answer,2112,124312,1190,
s494969656,p02936,u825027400,1566180822,Python,PyPy3 (2.4.0),py,Runtime Error,2110,131672,581,
s407142998,p02936,u355387749,1566180821,C++,C++14 (GCC 5.4.1),cpp,Time Limit Exceeded,2104,24192,571,
s393762211,p02936,u761471989,1566180820,Python,Python (3.4.3),py,Time Limit Exceeded,2108,107484,759,
s644256805,p02936,u826263061,1566180820,Python,PyPy3 (2.4.0),py,Time Limit Exceeded,2110,108716,924,
s584504244,p02936,u196951291,1566180819,C++,C++ (Clang 3.8.0),cpp,Wrong Answer,707,16512,968,
s139582964,p02936,u221285045,1566180818,C++,C++14 (GCC 5.4.1),cpp,Runtime Error,2108,15616,1651,
s569298313,p02936,u461984674,1566180817,C++,C++14 (GCC 5.4.1),cpp,Runtime Error,2104,7280,1930,
s355533341,p02936,u513960802,1566180816,Java,Java8 (OpenJDK 1.8.0),java,Time Limit Exceeded,2110,170320,1008,
s659681307,p02936,u415154163,1566180814,Python,Python (3.4.3),py,Wrong Answer,2112,153220,887,
s071741023,p02936,u215315599,1566180813,Python,Python (3.4.3),py,Wrong Answer,1634,48352,544,
s397019037,p02936,u314050667,1566180812,Python,PyPy3 (2.4.0),py,Wrong Answer,2112,137928,579,
s969988536,p02936,u794753968,1566180812,Python,Python (3.4.3),py,Runtime Error,2108,115684,813,
s395499863,p02936,u740813346,1566180811,Python,Python (3.4.3),py,Runtime Error,2111,66416,478,
s950480915,p02936,u484229314,1566180810,Python,Python (3.4.3),py,Time Limit Exceeded,2123,285308,1196,
s904923025,p02936,u239342230,1566180810,Python,PyPy3 (2.4.0),py,Accepted,1766,109388,358,
s233125781,p02936,u333404917,1566180810,Python,Python (3.4.3),py,Wrong Answer,2107,55384,438,
s996635022,p02936,u579454699,1566180808,C++,C++14 (GCC 5.4.1),cpp,Time Limit Exceeded,2103,3952,716,
s859044771,p02936,u037430802,1566180808,Python,PyPy3 (2.4.0),py,Runtime Error,1993,147544,757,
s473666659,p02936,u208664517,1566180807,C++,C++14 (GCC 5.4.1),cpp,Wrong Answer,339,4480,526,
s908394211,p02936,u978178314,1566180807,Python,Python (3.4.3),py,Time Limit Exceeded,2111,124592,535,
s028617524,p02936,u071970578,1566180807,Python,Python (3.4.3),py,Runtime Error,2111,148296,1765,
s354929145,p02936,u624505752,1566180806,Ruby,Ruby (2.3.3),rb,Wrong Answer,2113,89852,1460,
s796829578,p02936,u784751818,1566180806,C++,C++14 (GCC 5.4.1),cpp,Time Limit Exceeded,2105,27520,905,
s559899417,p02936,u448994613,1566180806,Python,PyPy3 (2.4.0),py,Wrong Answer,2111,173964,2031,
s921349311,p02936,u964273035,1566180804,Go,Go (1.6),go,Time Limit Exceeded,2108,39680,1804,
s986444457,p02936,u108540384,1566180804,C++,C++14 (GCC 5.4.1),cpp,Accepted,351,21120,840,
s580525051,p02936,u013629972,1566180803,Python,Python (3.4.3),py,Accepted,1986,109072,1547,
s808786317,p02936,u419633921,1566180801,C++,C++14 (Clang 3.8.0),cpp,Runtime Error,2106,795392,973,
s422268201,p02936,u211236379,1566180801,Python,PyPy3 (2.4.0),py,Time Limit Exceeded,2110,115472,624,
s938779686,p02936,u921681484,1566180801,Java,Java8 (OpenJDK 1.8.0),java,Time Limit Exceeded,2106,360364,1416,
s843074702,p02936,u263226212,1566180800,Python,Python (3.4.3),py,Time Limit Exceeded,2113,145176,624,
s573084582,p02936,u125205981,1566180800,Python,Python (3.4.3),py,Accepted,1009,71668,397,
s629920952,p02936,u101264341,1566180798,C++,C++14 (GCC 5.4.1),cpp,Wrong Answer,2104,18048,2347,
s724896238,p02936,u541475502,1566180798,Python,Python (3.4.3),py,Runtime Error,2106,51240,870,
s843444323,p02936,u560867850,1566180798,Crystal,Crystal (0.20.5),cr,Wrong Answer,2110,71236,698,
s554042449,p02936,u459798349,1566180797,Python,Python (3.4.3),py,Runtime Error,1504,56664,569,
s241974301,p02936,u981932242,1566180796,Ruby,Ruby (2.3.3),rb,Time Limit Exceeded,2111,62964,805,
s605812816,p02936,u547576401,1566180796,C++,C++14 (GCC 5.4.1),cpp,Compile Error,,,646,
s417115828,p02936,u951746552,1566180793,C++,C++14 (GCC 5.4.1),cpp,Time Limit Exceeded,2106,41844,1714,
s191268333,p02936,u076506345,1566180790,Python,PyPy3 (2.4.0),py,Accepted,1991,115788,582,
s171319910,p02936,u891387249,1566180789,Scala,Scala (2.11.7),scala,Time Limit Exceeded,2119,162060,1091,
s978566262,p02936,u557168336,1566180788,Python,Python (3.4.3),py,Time Limit Exceeded,2113,146816,815,
s343143989,p02936,u126833093,1566180788,C++,C++14 (GCC 5.4.1),cpp,Time Limit Exceeded,2104,21632,583,
s645984285,p02936,u165374901,1566180787,C++,C++14 (GCC 5.4.1),cpp,Accepted,250,4736,1224,
s629280723,p02936,u380524497,1566180785,Python,PyPy3 (2.4.0),py,Wrong Answer,881,135392,606,
s094247450,p02936,u845000384,1566180782,C++,C++14 (GCC 5.4.1),cpp,Runtime Error,2122,285812,1932,
s326467760,p02936,u111563567,1566180780,C++,C++14 (GCC 5.4.1),cpp,Time Limit Exceeded,2104,22144,958,
s460045691,p02936,u843070415,1566180780,C++,C++14 (GCC 5.4.1),cpp,Time Limit Exceeded,2159,932864,2200,
s921019564,p02936,u705918648,1566180780,Python,PyPy3 (2.4.0),py,Time Limit Exceeded,2124,303864,613,
s013930188,p02936,u907481435,1566180779,C++,C++14 (GCC 5.4.1),cpp,Wrong Answer,117,25472,1297,
s530210763,p02936,u220892578,1566180778,C++,C++14 (GCC 5.4.1),cpp,Runtime Error,104,2304,1404,
s341683065,p02936,u434208140,1566180777,C++,C++14 (GCC 5.4.1),cpp,Accepted,204,22784,2154,
s064574110,p02936,u917092881,1566180777,Python,PyPy3 (2.4.0),py,Runtime Error,2106,47208,813,
s601225672,p02936,u718935188,1566180777,Kotlin,Kotlin (1.0.0),kt,Accepted,846,126468,5065,
s775810969,p02936,u437638594,1566180776,Python,PyPy3 (2.4.0),py,Wrong Answer,2113,122600,441,
s792037116,p02936,u239528020,1566180775,Python,Python (3.4.3),py,Runtime Error,2106,52844,474,
s838470392,p02936,u019229278,1566180772,C++,C++14 (GCC 5.4.1),cpp,Wrong Answer,268,6912,359,
s698933908,p02936,u614866423,1566180771,C++,C++14 (GCC 5.4.1),cpp,Accepted,193,25984,902,
s307040019,p02936,u346308892,1566180771,Python,PyPy3 (2.4.0),py,Time Limit Exceeded,2116,208760,466,
s382488606,p02936,u892395063,1566180770,Java,Java8 (OpenJDK 1.8.0),java,Time Limit Exceeded,2107,345404,1307,
s120698881,p02936,u499889187,1566180769,Java,Java8 (OpenJDK 1.8.0),java,Accepted,1457,228332,3025,
s944887120,p02936,u296518383,1566180767,Python,Python (3.4.3),py,Time Limit Exceeded,2122,308520,832,
s822768109,p02936,u739959951,1566180767,Python,Python (3.4.3),py,Wrong Answer,1453,75892,272,
s198835984,p02936,u009286788,1566180766,C,C (GCC 5.4.1),c,Wrong Answer,93,3840,633,
s134488411,p02936,u212228253,1566180765,Python,Python (3.4.3),py,Time Limit Exceeded,2107,78168,611,
s840460170,p02936,u563743611,1566180765,C++,C++14 (GCC 5.4.1),cpp,Time Limit Exceeded,2104,24192,702,
s855805769,p02936,u810625173,1566180764,Python,PyPy3 (2.4.0),py,Time Limit Exceeded,2112,148732,620,
s546820373,p02936,u537874719,1566180763,C++,C++14 (GCC 5.4.1),cpp,Accepted,347,35200,1142,
s759909406,p02936,u187516587,1566180763,Python,Python (3.4.3),py,Accepted,1873,56132,272,
s252507395,p02936,u730594702,1566180763,C++,C++14 (GCC 5.4.1),cpp,Time Limit Exceeded,2106,33792,1170,
s482511442,p02936,u687201420,1566180761,C++,C++14 (GCC 5.4.1),cpp,Accepted,136,23424,535,
s341316329,p02936,u028620830,1566180760,JavaScript,JavaScript (node.js v5.12),js,Runtime Error,2112,142092,978,
s970169460,p02936,u312025627,1566180759,Python,PyPy3 (2.4.0),py,Time Limit Exceeded,2111,145100,645,
s561062771,p02936,u347640436,1566180758,Python,PyPy3 (2.4.0),py,Time Limit Exceeded,2119,251128,642,
s860705984,p02936,u244884744,1566180756,C++,C++14 (GCC 5.4.1),cpp,Accepted,149,35200,1005,
s187994265,p02936,u705918648,1566180755,Python,Python (3.4.3),py,Time Limit Exceeded,2117,224336,613,
s261652091,p02936,u132360211,1566180753,Ruby,Ruby (2.3.3),rb,Wrong Answer,2111,114424,429,
s591778503,p02936,u082861376,1566180752,C#,C# (Mono 4.6.2.0),cs,Runtime Error,2112,91960,29957,
s071137492,p02936,u614415246,1566180752,C++,C++14 (GCC 5.4.1),cpp,Accepted,576,16372,938,
s103777605,p02936,u538188080,1566180752,C++,C++14 (GCC 5.4.1),cpp,Accepted,283,14848,912,
s671649753,p02936,u527806673,1566180751,C++,C++14 (GCC 5.4.1),cpp,Wrong Answer,2104,22144,668,
s357289880,p02936,u072528456,1566180750,C++,C++14 (GCC 5.4.1),cpp,Accepted,142,23552,1444,
s927542254,p02936,u960687982,1566180749,C++,C++14 (GCC 5.4.1),cpp,Time Limit Exceeded,2106,48752,979,
s440850209,p02936,u654104650,1566180748,C++,C++14 (GCC 5.4.1),cpp,Runtime Error,104,384,427,
s669274222,p02936,u422413213,1566180746,Java,Java8 (OpenJDK 1.8.0),java,Time Limit Exceeded,2110,324412,1759,
s098204191,p02936,u811202694,1566180746,Python,Python (3.4.3),py,Wrong Answer,2122,295588,756,
s094779002,p02936,u476604182,1566180746,Python,PyPy3 (2.4.0),py,Time Limit Exceeded,2122,321164,664,
s007008078,p02936,u507706381,1566180745,Java,Java8 (OpenJDK 1.8.0),java,Time Limit Exceeded,2109,253760,1236,
s950829651,p02936,u600402037,1566180744,Python,Python (3.4.3),py,Runtime Error,2113,165520,403,
s840651128,p02936,u652583512,1566180744,Python,Python (3.4.3),py,Time Limit Exceeded,2107,57684,577,
s532263171,p02936,u255768548,1566180743,C++,C++14 (GCC 5.4.1),cpp,Time Limit Exceeded,2106,44416,1574,
s185883170,p02936,u419633921,1566180741,C++,C++14 (Clang 3.8.0),cpp,Compile Error,,,973,
s720762601,p02936,u515548399,1566180740,Kotlin,Kotlin (1.0.0),kt,Accepted,875,126856,5065,
s728369347,p02936,u520276780,1566180740,Python,PyPy3 (2.4.0),py,Time Limit Exceeded,2112,141304,726,
s268647978,p02936,u782748646,1566180737,Python,Python (3.4.3),py,Runtime Error,1789,134684,437,
s039669714,p02936,u915066736,1566180736,C++,C++14 (GCC 5.4.1),cpp,Accepted,358,22472,842,
s232015543,p02936,u671446913,1566180735,Python,Python (3.4.3),py,Runtime Error,2107,61088,541,
s295824424,p02936,u054471580,1566180735,Python,Python (3.4.3),py,Runtime Error,2055,68128,1142,
s465781434,p02936,u282164747,1566180731,Go,Go (1.6),go,Time Limit Exceeded,2109,71936,1398,
s955373518,p02936,u814154745,1566180729,C++,C++14 (GCC 5.4.1),cpp,Time Limit Exceeded,2105,29640,803,
s048986063,p02936,u212643621,1566180728,C#,C# (Mono 4.6.2.0),cs,Accepted,826,81796,2123,
s420452096,p02936,u546245537,1566180728,C++,C++14 (GCC 5.4.1),cpp,Time Limit Exceeded,2105,27264,1069,
s951725987,p02936,u551909378,1566180728,Python,Python (3.4.3),py,Runtime Error,1523,66192,486,
s531732118,p02936,u890302242,1566180726,C++,C++14 (GCC 5.4.1),cpp,Accepted,188,42652,1237,
s007369591,p02936,u459798349,1566180726,Python,Python (3.4.3),py,Runtime Error,17,3064,535,
s392200574,p02936,u441575327,1566180725,Python,Python (3.4.3),py,Runtime Error,1941,65580,626,
s805471967,p02936,u792843593,1566180725,Python,Python (3.4.3),py,Wrong Answer,1953,182564,661,
s505493978,p02936,u612271542,1566180723,C++,C++14 (GCC 5.4.1),cpp,Time Limit Exceeded,2106,39296,1103,
s257051109,p02936,u382002817,1566180722,C++,C++14 (GCC 5.4.1),cpp,Wrong Answer,280,9216,1094,
s499339320,p02936,u248027718,1566180721,Python,Python (3.4.3),py,Runtime Error,279,20360,484,
s928202546,p02936,u102275718,1566180721,Python,PyPy3 (2.4.0),py,Time Limit Exceeded,2117,231324,832,
s530924963,p02936,u164275331,1566180720,C++,C++14 (GCC 5.4.1),cpp,Time Limit Exceeded,2249,2076476,826,
s555734962,p02936,u761384779,1566180718,C++,C++14 (GCC 5.4.1),cpp,Runtime Error,112,5760,723,
s180967734,p02936,u697421413,1566180717,C++,C++14 (GCC 5.4.1),cpp,Wrong Answer,308,32064,5059,
s970922522,p02936,u756439833,1566180714,Python,PyPy3 (2.4.0),py,Runtime Error,2153,817144,890,
s643983721,p02936,u089885969,1566180713,C++,C++14 (GCC 5.4.1),cpp,Accepted,339,16512,1236,
s037535508,p02936,u953868469,1566180712,Python,Python (3.4.3),py,Wrong Answer,2106,37140,421,
s170626549,p02936,u980074233,1566180711,C++,C++14 (GCC 5.4.1),cpp,Accepted,136,24192,1196,
s405335149,p02936,u963915126,1566180710,Python,Python (3.4.3),py,Runtime Error,112,22772,670,
s210612130,p02936,u498202416,1566180708,Python,Python (3.4.3),py,Runtime Error,2108,79884,750,
s077496537,p02936,u889640107,1566180707,Go,Go (1.6),go,Accepted,481,52864,1334,
s860410458,p02936,u907194047,1566180707,C++,C++14 (GCC 5.4.1),cpp,Accepted,153,24064,1349,
s003653480,p02936,u017078415,1566180706,C++,C++14 (GCC 5.4.1),cpp,Runtime Error,2033,256,942,
s908545067,p02936,u862569952,1566180706,Python,Python (3.4.3),py,Runtime Error,1687,55636,546,
s568211244,p02936,u676232868,1566180703,C++,C++14 (GCC 5.4.1),cpp,Time Limit Exceeded,2104,4992,1091,
s256762691,p02936,u435037050,1566180703,Python,Python (3.4.3),py,Time Limit Exceeded,2106,44528,473,
s324416440,p02936,u123756661,1566180703,Python,PyPy3 (2.4.0),py,Time Limit Exceeded,2112,139712,1331,
s555091885,p02936,u375879613,1566180701,C++,C++14 (GCC 5.4.1),cpp,Time Limit Exceeded,2104,15476,631,
s749294991,p02936,u910199116,1566180698,C++,C++14 (GCC 5.4.1),cpp,Wrong Answer,273,16640,819,
s675467780,p02936,u486369478,1566180698,C#,C# (Mono 4.6.2.0),cs,Time Limit Exceeded,2114,79172,2286,
s661259920,p02936,u408620326,1566180697,Python,PyPy3 (2.4.0),py,Runtime Error,1145,122444,472,
s829451115,p02936,u025394570,1566180697,C++,C++14 (GCC 5.4.1),cpp,Wrong Answer,566,37108,1779,
s463394744,p02936,u177546578,1566180696,C#,C# (Mono 4.6.2.0),cs,Time Limit Exceeded,2111,61916,1277,
s248442512,p02936,u502709453,1566180694,C++,C++14 (GCC 5.4.1),cpp,Accepted,137,17908,3631,
s919891671,p02936,u993229809,1566180692,C++,C++14 (GCC 5.4.1),cpp,Time Limit Exceeded,2104,22272,766,
s975209038,p02936,u114412102,1566180690,C#,C# (Mono 4.6.2.0),cs,Accepted,1548,97252,34637,
s940286833,p02936,u991462056,1566180687,C++,C++14 (GCC 5.4.1),cpp,Time Limit Exceeded,2104,18664,1147,
s982698692,p02936,u490084374,1566180686,Python,Python (3.4.3),py,Runtime Error,2106,48404,339,
s377768134,p02936,u868975661,1566180686,Java,Java8 (OpenJDK 1.8.0),java,Runtime Error,1023,945748,2121,
s700898784,p02936,u315635879,1566180683,C#,C# (Mono 4.6.2.0),cs,Time Limit Exceeded,2112,54564,2052,
s556640812,p02936,u616217092,1566180683,Python,Python (3.4.3),py,Runtime Error,2115,195004,1476,
s370658687,p02936,u807864121,1566180682,Python,Python (3.4.3),py,Wrong Answer,2107,84808,509,
s150221642,p02936,u077898957,1566180681,Python,Python (3.4.3),py,Runtime Error,17,3064,438,
s241716173,p02936,u023540496,1566180681,Python,Python (3.4.3),py,Time Limit Exceeded,2117,217552,1121,
s412253874,p02936,u842388336,1566180679,Python,Python (3.4.3),py,Time Limit Exceeded,2111,64448,455,
s250897996,p02936,u156677492,1566180677,Python,Python (3.4.3),py,Time Limit Exceeded,2107,49092,570,
s253030294,p02936,u968286297,1566180673,C++,C++14 (GCC 5.4.1),cpp,Runtime Error,227,6136,6537,
s582395091,p02936,u888249344,1566180671,C++,C++14 (GCC 5.4.1),cpp,Accepted,409,29896,900,
s701421239,p02936,u220892578,1566180671,C++,C++14 (GCC 5.4.1),cpp,Runtime Error,349,1792,1681,
s447133085,p02936,u778668639,1566180669,C++,C++14 (GCC 5.4.1),cpp,Time Limit Exceeded,2105,35072,1794,
s791035343,p02936,u982594421,1566180667,Python,Python (3.4.3),py,Time Limit Exceeded,2105,33396,342,
s092060374,p02936,u087593111,1566180666,C++,C++14 (GCC 5.4.1),cpp,Runtime Error,101,2560,751,
s066919558,p02936,u638795007,1566180666,Python,Python (3.4.3),py,Wrong Answer,1384,86260,551,
s119239614,p02936,u078817586,1566180663,Java,Java8 (OpenJDK 1.8.0),java,Runtime Error,595,924876,3580,
s315823398,p02936,u867534917,1566180663,Java,Java8 (OpenJDK 1.8.0),java,Time Limit Exceeded,2114,346080,1796,
s117009519,p02936,u434662823,1566180660,C++,C++14 (GCC 5.4.1),cpp,Accepted,159,16372,1525,
s945501179,p02936,u500092662,1566180659,C++,C++14 (GCC 5.4.1),cpp,Runtime Error,250,264704,923,
s103889869,p02936,u677347379,1566180659,C++,C++14 (GCC 5.4.1),cpp,Runtime Error,103,1792,795,
s715288066,p02936,u460245024,1566180658,Python,Python (3.4.3),py,Runtime Error,1622,101492,504,
s011504010,p02936,u713465512,1566180657,Python,Python (3.4.3),py,Runtime Error,2105,35628,545,
s093703160,p02936,u300527426,1566180655,Python,Python (2.7.6),py,Accepted,1630,41152,439,
s625183244,p02936,u639032323,1566180653,C++,C++14 (GCC 5.4.1),cpp,Runtime Error,2241,2088832,887,
s759401698,p02936,u901447859,1566180651,Python,Python (3.4.3),py,Runtime Error,2110,108288,807,
s358557890,p02936,u902151549,1566180651,C++,C++14 (GCC 5.4.1),cpp,Accepted,330,25984,1820,
s156632000,p02936,u688375653,1566180651,Python,PyPy3 (2.4.0),py,Wrong Answer,1870,129036,481,
s404274533,p02936,u666014704,1566180650,C++,C++14 (GCC 5.4.1),cpp,Accepted,158,32128,1166,
s173153537,p02936,u621104964,1566180649,C++,C++14 (Clang 3.8.0),cpp,Wrong Answer,2104,15360,1784,
s233947652,p02936,u591779169,1566180649,C++,C++14 (GCC 5.4.1),cpp,Wrong Answer,422,7296,482,
s181486764,p02936,u840713046,1566180645,C++,C++14 (GCC 5.4.1),cpp,Time Limit Exceeded,2103,5872,1189,
s738809289,p02936,u561491193,1566180642,Ruby,Ruby (2.3.3),rb,Time Limit Exceeded,2120,204052,653,
s683702541,p02936,u052476723,1566180642,C++,C++14 (GCC 5.4.1),cpp,Time Limit Exceeded,2131,387200,1097,
s068882386,p02936,u571199625,1566180641,Python,Python (3.4.3),py,Runtime Error,2111,168856,583,
s594318667,p02936,u633404120,1566180641,C,C (GCC 5.4.1),c,Accepted,101,13696,1103,
s858436210,p02936,u700582632,1566180639,C#,C# (Mono 4.6.2.0),cs,Accepted,622,55140,8198,
s171808897,p02936,u726523100,1566180638,Ruby,Ruby (2.3.3),rb,Wrong Answer,654,8556,355,
s405938677,p02936,u922965680,1566180638,Python,PyPy3 (2.4.0),py,Wrong Answer,929,134012,901,
s587243927,p02936,u722189950,1566180637,Python,PyPy3 (2.4.0),py,Wrong Answer,2110,133276,618,
s265892893,p02936,u081275802,1566180637,C++,C++14 (GCC 5.4.1),cpp,Accepted,313,35200,1723,
s098566270,p02936,u975658594,1566180634,Python,Python (3.4.3),py,Runtime Error,2108,76240,2318,
s701773020,p02936,u520276780,1566180631,Python,Python (3.4.3),py,Time Limit Exceeded,2108,68972,728,
s500395947,p02936,u082861376,1566180631,C#,C# (Mono 4.6.2.0),cs,Runtime Error,2112,91476,29924,
s752707117,p02936,u870092796,1566180630,C++,C++14 (GCC 5.4.1),cpp,Time Limit Exceeded,2104,22144,733,
s444190306,p02936,u764956288,1566180630,Python,Python (3.4.3),py,Runtime Error,2105,47648,453,
s971095197,p02936,u938270657,1566180628,Ruby,Ruby (2.3.3),rb,Accepted,1004,43900,509,
s773707237,p02936,u019229278,1566180627,C++,C++14 (GCC 5.4.1),cpp,Wrong Answer,248,6912,362,
s091584345,p02936,u625729943,1566180626,Python,Python (3.4.3),py,Time Limit Exceeded,2111,122416,923,
s002080070,p02936,u997113115,1566180626,Python,PyPy3 (2.4.0),py,Wrong Answer,2146,1464088,585,
s899689169,p02936,u147571984,1566180626,C++,C++14 (GCC 5.4.1),cpp,Wrong Answer,2104,22656,1041,
s560641612,p02936,u138245026,1566180623,C++,C++14 (GCC 5.4.1),cpp,Time Limit Exceeded,2104,18944,1277,
s269135612,p02936,u135847648,1566180623,Python,PyPy3 (2.4.0),py,Time Limit Exceeded,2111,118620,519,
s220709594,p02936,u317845566,1566180622,Go,Go (1.6),go,Wrong Answer,2108,17280,1430,
s704455786,p02936,u554096168,1566180621,Python,Python (3.4.3),py,Time Limit Exceeded,2236,2084724,556,
s790918338,p02936,u069877747,1566180619,C++,C++14 (GCC 5.4.1),cpp,Wrong Answer,401,139776,1538,
s513101923,p02936,u238510421,1566180618,Python,Python (3.4.3),py,Runtime Error,1969,198628,932,
s418175748,p02936,u278183305,1566180618,Python,Python (3.4.3),py,Runtime Error,2109,76736,413,
s669886548,p02936,u963915126,1566180618,Python,Python (3.4.3),py,Runtime Error,107,24692,715,
s381545578,p02936,u220892578,1566180617,C++,C++14 (GCC 5.4.1),cpp,Runtime Error,113,1792,1677,
s152021413,p02936,u176331779,1566180616,C++,C++14 (GCC 5.4.1),cpp,Wrong Answer,259,5504,1224,
s344365413,p02936,u291297678,1566180615,C++,C++14 (GCC 5.4.1),cpp,Accepted,284,27392,778,
s519030656,p02936,u482848182,1566180614,C++,C++14 (GCC 5.4.1),cpp,Accepted,440,27136,730,
s094666968,p02936,u206390872,1566180609,C++,C++14 (GCC 5.4.1),cpp,Runtime Error,2104,17920,1401,
s470333428,p02936,u302764797,1566180608,C++,C++14 (GCC 5.4.1),cpp,Wrong Answer,2104,14592,852,
s008441133,p02936,u610473220,1566180608,Python,Python (3.4.3),py,Wrong Answer,2108,82552,478,
s219391191,p02936,u879434320,1566180607,C++,C++14 (GCC 5.4.1),cpp,Accepted,280,6272,790,
s314369271,p02936,u630237310,1566180607,C++,C++14 (GCC 5.4.1),cpp,Time Limit Exceeded,2108,16000,1264,
s796897103,p02936,u135847648,1566180605,Python,Python (3.4.3),py,Time Limit Exceeded,2113,102124,519,
s451340503,p02936,u611571299,1566180605,C++,C++14 (GCC 5.4.1),cpp,Time Limit Exceeded,2104,21376,728,
s066329664,p02936,u175743386,1566180600,Python,Python (3.4.3),py,Runtime Error,2111,153032,757,
s440948554,p02936,u732061897,1566180600,Python,Python (3.4.3),py,Time Limit Exceeded,2120,277404,1260,
s120897046,p02936,u061231294,1566180599,Python,PyPy3 (2.4.0),py,Runtime Error,2109,134548,1237,
s742315446,p02936,u064246852,1566180599,Python,PyPy3 (2.4.0),py,Time Limit Exceeded,2011,117464,530,
s386393956,p02936,u309439894,1566180598,Ruby,Ruby (2.3.3),rb,Time Limit Exceeded,2108,11360,736,
s901292208,p02936,u915761992,1566180598,C#,C# (Mono 4.6.2.0),cs,Compile Error,,,1512,
s461912451,p02936,u869153175,1566180598,C++,C++14 (GCC 5.4.1),cpp,Accepted,91,8576,897,
s129385582,p02936,u887207211,1566180597,Python,Python (3.4.3),py,Time Limit Exceeded,2117,206744,721,
s857197099,p02936,u591075912,1566180596,C++,C++14 (GCC 5.4.1),cpp,Accepted,140,15756,1415,
s887140629,p02936,u954456431,1566180594,C++,C++14 (GCC 5.4.1),cpp,Accepted,296,23424,5620,
s186372043,p02936,u438662618,1566180591,Python,Python (3.4.3),py,Time Limit Exceeded,2111,130196,682,
s111595222,p02936,u025394570,1566180590,C++,C++14 (GCC 5.4.1),cpp,Wrong Answer,524,34808,1786,
s914793296,p02936,u075539606,1566180588,Python,PyPy3 (2.4.0),py,Time Limit Exceeded,2110,92876,389,
s433199326,p02936,u621374656,1566180588,JavaScript,JavaScript (node.js v5.12),js,Time Limit Exceeded,2110,128604,844,
s933017646,p02936,u107639613,1566180586,Python,PyPy3 (2.4.0),py,Time Limit Exceeded,2136,525120,994,
s408037258,p02936,u654104650,1566180586,C++,C++14 (GCC 5.4.1),cpp,Runtime Error,296,384,432,
s405540670,p02936,u477062848,1566180585,Python,Python (3.4.3),py,Runtime Error,2106,38780,317,
s345706270,p02936,u257541375,1566180583,Python,PyPy3 (2.4.0),py,Time Limit Exceeded,2143,630624,752,
s950596032,p02936,u727749587,1566180583,C++,C++14 (GCC 5.4.1),cpp,Wrong Answer,376,56192,1228,
s570634589,p02936,u996290370,1566180583,TypeScript,TypeScript (2.1.6),ts,Time Limit Exceeded,2116,500576,1158,
s707485537,p02936,u014847113,1566180582,C++,C++14 (GCC 5.4.1),cpp,Time Limit Exceeded,2220,1603428,875,
s239113843,p02936,u800116084,1566180577,C++,C++14 (GCC 5.4.1),cpp,Time Limit Exceeded,2107,21376,777,
s516209103,p02936,u903311413,1566180576,C++,C++14 (GCC 5.4.1),cpp,Wrong Answer,2112,158336,2603,
s991224625,p02936,u917092881,1566180573,Python,PyPy3 (2.4.0),py,Runtime Error,2111,149636,861,
s241831009,p02936,u705918648,1566180572,Python,Python (3.4.3),py,Runtime Error,1702,48528,570,
s112825223,p02936,u189738061,1566180572,C++,C++14 (GCC 5.4.1),cpp,Wrong Answer,2104,52992,1327,
s946417407,p02936,u537243148,1566180571,C#,C# (Mono 4.6.2.0),cs,Time Limit Exceeded,2109,38884,1968,
s501809480,p02936,u318537266,1566180570,Java,Java8 (OpenJDK 1.8.0),java,Time Limit Exceeded,2109,187672,891,
s224447902,p02936,u281662621,1566180569,Ruby,Ruby (2.3.3),rb,Runtime Error,160,34684,871,
s782952993,p02936,u756439833,1566180569,Python,PyPy3 (2.4.0),py,Runtime Error,2109,140620,861,
s856222196,p02936,u117657834,1566180567,Java,Java8 (OpenJDK 1.8.0),java,Runtime Error,2109,165452,1045,
s554871894,p02936,u698677417,1566180566,C++,C++14 (GCC 5.4.1),cpp,Wrong Answer,2111,143872,1141,
s024960228,p02936,u241908712,1566180565,C++,C++14 (GCC 5.4.1),cpp,Runtime Error,99,256,946,
s681467301,p02936,u046482892,1566180562,Java,Java8 (OpenJDK 1.8.0),java,Time Limit Exceeded,2110,171892,847,
s133284941,p02936,u506716952,1566180562,C++,C++14 (GCC 5.4.1),cpp,Accepted,318,3968,561,
s361994255,p02936,u907059006,1566180562,C#,C# (Mono 4.6.2.0),cs,Time Limit Exceeded,2111,59300,1557,
s335429421,p02936,u554269352,1566180561,Go,Go (1.6),go,Accepted,142,16384,1034,
s438448416,p02936,u218216885,1566180561,Python,Python (3.4.3),py,Time Limit Exceeded,2106,42500,394,
s755262318,p02936,u600402037,1566180559,Python,Python (3.4.3),py,Runtime Error,2109,81192,526,
s762005009,p02936,u442030035,1566180559,Python,Python (3.4.3),py,Time Limit Exceeded,2108,81096,720,
s554113605,p02936,u082861376,1566180559,C#,C# (Mono 4.6.2.0),cs,Runtime Error,619,86580,29924,
s421078003,p02936,u358822669,1566180557,C++,C++14 (GCC 5.4.1),cpp,Time Limit Exceeded,2108,24192,921,
s918238613,p02936,u095453583,1566180556,C++,C++14 (GCC 5.4.1),cpp,Time Limit Exceeded,2104,10112,1186,
s360914884,p02936,u511501183,1566180555,C++,C++14 (GCC 5.4.1),cpp,Time Limit Exceeded,2104,19564,841,
s003725338,p02936,u917092881,1566180554,Python,PyPy3 (2.4.0),py,Runtime Error,2112,149576,861,
s629917009,p02936,u061071198,1566180552,C++,C++14 (GCC 5.4.1),cpp,Accepted,1223,71272,5762,
s582597895,p02936,u887675488,1566180551,C++,C++14 (GCC 5.4.1),cpp,Accepted,312,52224,2425,
s242924761,p02936,u621104964,1566180550,C++,C++14 (Clang 3.8.0),cpp,Wrong Answer,2188,1402220,1780,
s795689808,p02936,u195177386,1566180548,Python,Python (3.4.3),py,Runtime Error,2109,107592,628,
s483801710,p02936,u196951291,1566180547,C++,C++ (Clang 3.8.0),cpp,Wrong Answer,714,15744,962,
s007933638,p02936,u879581330,1566180545,C++,C++14 (GCC 5.4.1),cpp,Accepted,304,26624,828,
s416783548,p02936,u714300041,1566180543,Python,PyPy3 (2.4.0),py,Runtime Error,2111,132340,706,
s280253323,p02936,u790171360,1566180543,C++,C++14 (GCC 5.4.1),cpp,Accepted,306,25856,1338,
s347807209,p02936,u862569952,1566180542,Python,Python (3.4.3),py,Runtime Error,1629,55632,665,
s652563436,p02936,u314050667,1566180542,Python,PyPy3 (2.4.0),py,Time Limit Exceeded,2112,137220,570,
s327411302,p02936,u155687575,1566180542,Python,Python (3.4.3),py,Time Limit Exceeded,2109,89048,545,
s693713957,p02936,u346308892,1566180541,Python,Python (3.4.3),py,Time Limit Exceeded,2118,241460,467,
s186997509,p02936,u178249601,1566180535,Python,Python (3.4.3),py,Accepted,1699,49224,447,
s957413666,p02936,u312943292,1566180535,C++,C++14 (GCC 5.4.1),cpp,Accepted,149,24564,1117,
s932467824,p02936,u107639613,1566180530,Python,PyPy3 (2.4.0),py,Runtime Error,170,38640,995,
s014867945,p02936,u243572357,1566180530,Python,Python (3.4.3),py,Runtime Error,2106,49512,602,
s888259178,p02936,u638795007,1566180527,Python,Python (3.4.3),py,Wrong Answer,1343,86272,473,
s099547924,p02936,u376082984,1566180527,C++,C++14 (GCC 5.4.1),cpp,Time Limit Exceeded,2133,519424,3969,
s295825868,p02936,u345716368,1566180525,C++,C++14 (Clang 3.8.0),cpp,Compile Error,,,834,
s732113458,p02936,u707870100,1566180525,Python,Python (3.4.3),py,Runtime Error,1949,61068,659,
s329561342,p02936,u975481854,1566180525,C++,C++14 (GCC 5.4.1),cpp,Time Limit Exceeded,2104,44032,1024,
s652903106,p02936,u624505752,1566180522,Ruby,Ruby (2.3.3),rb,Wrong Answer,2113,89852,1468,
s280688806,p02936,u365513379,1566180521,C++,C++14 (GCC 5.4.1),cpp,Wrong Answer,244,45312,2993,
s746616087,p02936,u050445028,1566180521,C++,C++14 (GCC 5.4.1),cpp,Wrong Answer,278,12396,2129,
s795791123,p02936,u315635879,1566180521,C#,C# (Mono 4.6.2.0),cs,Time Limit Exceeded,2110,49444,2003,
s839770723,p02936,u654386293,1566180520,Python,Python (3.4.3),py,Wrong Answer,1973,72752,852,
s171546297,p02936,u500655940,1566180520,Python,PyPy3 (2.4.0),py,Runtime Error,1865,148824,514,
s582874469,p02936,u084324798,1566180520,Python,Python (3.4.3),py,Runtime Error,2110,140312,463,
s633024419,p02936,u095021077,1566180519,Python,Python (3.4.3),py,Runtime Error,270,18628,671,
s931253243,p02936,u238510421,1566180518,Python,Python (3.4.3),py,Time Limit Exceeded,2121,289484,934,
s007211122,p02936,u196951291,1566180517,C++,C++ (GCC 5.4.1),cpp,Compile Error,,,961,
s689518753,p02936,u577138895,1566180517,Python,PyPy3 (2.4.0),py,Time Limit Exceeded,2114,182660,773,
s594622480,p02936,u752510141,1566180516,C#,C# (Mono 4.6.2.0),cs,Accepted,574,74712,1731,
s711245511,p02936,u061231294,1566180515,Python,Python (3.4.3),py,Runtime Error,2109,95772,1196,
s787947444,p02936,u148378522,1566180514,Python,Python (3.4.3),py,Time Limit Exceeded,2111,129532,912,
s880074687,p02936,u482848182,1566180512,C++,C++14 (GCC 5.4.1),cpp,Runtime Error,104,2560,730,
s494272754,p02936,u408620326,1566180512,Python,Python (3.4.3),py,Runtime Error,975,41652,472,
s342136192,p02936,u408650734,1566180512,C++,C++14 (GCC 5.4.1),cpp,Time Limit Exceeded,2221,1711476,923,
s681983677,p02936,u291297678,1566180511,C++,C++14 (GCC 5.4.1),cpp,Runtime Error,363,17280,777,
s057857314,p02936,u177411511,1566180511,Python,Python (3.4.3),py,Runtime Error,2106,51244,512,
s840885706,p02936,u768544541,1566180510,C,C (GCC 5.4.1),c,Accepted,97,11648,610,
s288230160,p02936,u261891508,1566180509,JavaScript,JavaScript (node.js v5.12),js,Wrong Answer,2117,499880,1881,
s411649976,p02936,u990746416,1566180508,C++,C++14 (GCC 5.4.1),cpp,Time Limit Exceeded,2104,34176,964,
s338118228,p02936,u475843109,1566180508,C++,C++14 (GCC 5.4.1),cpp,Accepted,395,31104,773,
s222596816,p02936,u233588813,1566180506,Python,Python (3.4.3),py,Runtime Error,2113,149824,586,
s371048564,p02936,u019183101,1566180505,Java,Java8 (OpenJDK 1.8.0),java,Time Limit Exceeded,2112,836176,1372,
s595394337,p02936,u069935888,1566180504,C++,C++14 (GCC 5.4.1),cpp,Accepted,303,24192,1823,
s517897124,p02936,u536502007,1566180502,JavaScript,JavaScript (node.js v5.12),js,Runtime Error,2112,126624,786,
s128799190,p02936,u279493135,1566180501,Python,PyPy3 (2.4.0),py,Wrong Answer,2145,692000,1229,
s236263770,p02936,u185129708,1566180501,C++,C++14 (GCC 5.4.1),cpp,Accepted,108,14592,974,
s310973679,p02936,u413763374,1566180499,C++,C++14 (GCC 5.4.1),cpp,Accepted,352,21120,1092,
s402617281,p02936,u782748646,1566180498,Python,PyPy3 (2.4.0),py,Time Limit Exceeded,2126,361976,439,
s687024844,p02936,u369212307,1566180498,C++,C++14 (GCC 5.4.1),cpp,Wrong Answer,251,11520,998,
s671323211,p02936,u134856634,1566180497,Java,Java8 (OpenJDK 1.8.0),java,Time Limit Exceeded,2110,210180,2578,
s409803774,p02936,u190332602,1566180496,Rust,Rust (1.15.1),rs,Time Limit Exceeded,2607,47572,1695,
s011213860,p02936,u286754585,1566180495,Fortran,Fortran (gfortran v4.8.4),f,Runtime Error,1,256,1198,
s534319496,p02936,u018586085,1566180495,C++,C++14 (GCC 5.4.1),cpp,Time Limit Exceeded,2105,25216,627,
s500179819,p02936,u591075912,1566180494,C++,C++14 (GCC 5.4.1),cpp,Runtime Error,100,2560,1415,
s633830272,p02936,u449473917,1566180493,Python,Python (3.4.3),py,Runtime Error,2111,131252,478,
s406791999,p02936,u201660334,1566180491,Python,Python (3.4.3),py,Time Limit Exceeded,2110,147428,764,
s420612892,p02936,u263564761,1566180491,C,C (GCC 5.4.1),c,Runtime Error,98,8320,905,
s717196825,p02936,u654104650,1566180490,C++,C++14 (GCC 5.4.1),cpp,Runtime Error,109,768,433,
s375688479,p02936,u566321639,1566180486,C++,C++14 (GCC 5.4.1),cpp,Wrong Answer,2104,15472,822,
s890906866,p02936,u082861376,1566180485,C#,C# (Mono 4.6.2.0),cs,Time Limit Exceeded,2112,88516,29878,
s804505567,p02936,u975218092,1566180485,C++,C++14 (GCC 5.4.1),cpp,Accepted,293,14848,702,
s859267876,p02936,u436832975,1566180485,C++,C++14 (GCC 5.4.1),cpp,Time Limit Exceeded,2108,80000,1469,
s252643293,p02936,u500942659,1566180484,Python,Python (3.4.3),py,Time Limit Exceeded,2106,72772,477,
s371039852,p02936,u858670323,1566180483,Python,Python (3.4.3),py,Runtime Error,2107,54504,696,
s272065162,p02936,u302764797,1566180483,C++,C++14 (GCC 5.4.1),cpp,Wrong Answer,2104,13824,826,
s668038516,p02936,u852420560,1566180482,Python,PyPy3 (2.4.0),py,Runtime Error,2115,216748,911,
s786126103,p02936,u894381129,1566180481,Python,Python (3.4.3),py,Runtime Error,2105,61996,529,
s257270948,p02936,u134075835,1566180481,C++,C++14 (GCC 5.4.1),cpp,Runtime Error,106,256,605,
s449654298,p02936,u222866518,1566180481,C++,C++14 (GCC 5.4.1),cpp,Accepted,348,14720,667,
s725322682,p02936,u861038878,1566180480,Python,Python (3.4.3),py,Time Limit Exceeded,2107,103376,775,
s895297165,p02936,u038054933,1566180480,C++,C++14 (GCC 5.4.1),cpp,Accepted,332,19312,643,
s148921334,p02936,u526476325,1566180480,C++,C++14 (GCC 5.4.1),cpp,Time Limit Exceeded,2105,40576,836,
s975640454,p02936,u445624660,1566180475,Python,Python (3.4.3),py,Time Limit Exceeded,2118,242548,763,
s373296769,p02936,u620156187,1566180473,Python,Python (3.4.3),py,Wrong Answer,2108,59896,524,
s734322057,p02936,u919463386,1566180472,Python,Python (3.4.3),py,Accepted,1316,42904,476,
s516843992,p02936,u636137609,1566180472,C++,C++14 (GCC 5.4.1),cpp,Time Limit Exceeded,2103,5604,2225,
s642190315,p02936,u438662618,1566180472,Python,Python (3.4.3),py,Time Limit Exceeded,2111,130196,664,
s674867663,p02936,u918601425,1566180469,Ruby,Ruby (2.3.3),rb,Time Limit Exceeded,2126,315620,799,
s773773777,p02936,u693034345,1566180466,C#,C# (Mono 4.6.2.0),cs,Accepted,645,51824,1562,
s962723145,p02936,u949755084,1566180465,C++,C++14 (GCC 5.4.1),cpp,Accepted,681,66048,2621,
s437643879,p02936,u185129708,1566180465,C++,C++14 (GCC 5.4.1),cpp,Runtime Error,115,2048,974,
s874114752,p02936,u772304958,1566180464,C#,C# (Mono 4.6.2.0),cs,Time Limit Exceeded,2116,108268,2479,
s055236562,p02936,u061597928,1566180462,C++,C++14 (GCC 5.4.1),cpp,Accepted,282,19072,794,
s028876096,p02936,u502389123,1566180460,Python,PyPy3 (2.4.0),py,Time Limit Exceeded,2118,253424,545,
s877114511,p02936,u349832549,1566180460,Ruby,Ruby (2.3.3),rb,Accepted,842,22780,775,
s647517806,p02936,u965562021,1566180459,C#,C# (Mono 4.6.2.0),cs,Time Limit Exceeded,2111,77840,2038,
s933726467,p02936,u025394570,1566180459,C++,C++14 (GCC 5.4.1),cpp,Wrong Answer,521,28536,1484,
s051777683,p02936,u026424523,1566180457,C++,C++14 (GCC 5.4.1),cpp,Runtime Error,2518,256,863,
s845217685,p02936,u158104782,1566180457,Java,Java8 (OpenJDK 1.8.0),java,Wrong Answer,1703,211392,1728,
s544632987,p02936,u379951749,1566180456,C++,C++14 (GCC 5.4.1),cpp,Accepted,458,28928,1386,
s571187514,p02936,u915761992,1566180454,C#,C# (Mono 4.6.2.0),cs,Time Limit Exceeded,2111,66244,1625,
s190128041,p02936,u324439510,1566180453,Ruby,Ruby (2.3.3),rb,Accepted,898,42748,556,
s500372096,p02936,u196951291,1566180452,C++,C++ (Clang 3.8.0),cpp,Compile Error,,,961,
s642932139,p02936,u968286297,1566180452,C++,C++14 (GCC 5.4.1),cpp,Runtime Error,222,6136,6554,
s312666326,p02936,u600402037,1566180450,Python,Python (3.4.3),py,Runtime Error,2113,165548,512,
s916766270,p02936,u632423548,1566180449,Python,Python (3.4.3),py,Runtime Error,2108,69548,533,
s572663022,p02936,u126833093,1566180448,C++,C++14 (GCC 5.4.1),cpp,Time Limit Exceeded,2104,24812,644,
s501675774,p02936,u433665020,1566180447,C++,C++14 (GCC 5.4.1),cpp,Accepted,122,16768,966,
s416348575,p02936,u147571984,1566180447,C++,C++14 (GCC 5.4.1),cpp,Wrong Answer,2104,22656,1035,
s590341281,p02936,u177546578,1566180446,C#,C# (Mono 4.6.2.0),cs,Time Limit Exceeded,2111,63964,1506,
s606707916,p02936,u660341491,1566180446,C++,C++14 (GCC 5.4.1),cpp,Wrong Answer,258,9984,808,
s489447845,p02936,u864500649,1566180445,C++,C++14 (GCC 5.4.1),cpp,Runtime Error,424,276480,1693,
s399298897,p02936,u869153175,1566180443,C++,C++14 (GCC 5.4.1),cpp,Runtime Error,144,3456,897,
s803331039,p02936,u862569952,1566180443,Python,Python (3.4.3),py,Runtime Error,2106,61944,636,
s513323121,p02936,u212789463,1566180443,C++,C++14 (GCC 5.4.1),cpp,Wrong Answer,2103,1792,431,
s364012975,p02936,u880432382,1566180442,JavaScript,JavaScript (node.js v5.12),js,Wrong Answer,2127,351120,1582,
s361093003,p02936,u365513379,1566180442,C++,C++14 (GCC 5.4.1),cpp,Wrong Answer,281,46720,3018,
s507383349,p02936,u141610915,1566180441,Python,Python (3.4.3),py,Accepted,1881,67872,749,
s439672368,p02936,u343198724,1566180439,C++,C++14 (GCC 5.4.1),cpp,Accepted,100,7040,704,
s220126543,p02936,u445624660,1566180439,Python,Python (3.4.3),py,Runtime Error,2107,71644,724,
s159208139,p02936,u471828790,1566180437,Python,Python (3.4.3),py,Runtime Error,2107,93584,697,
s470341783,p02936,u375879613,1566180435,C++,C++14 (GCC 5.4.1),cpp,Time Limit Exceeded,2104,16372,878,
s910461019,p02936,u360153728,1566180434,Java,Java8 (OpenJDK 1.8.0),java,Wrong Answer,2109,97836,5688,
s651756981,p02936,u146779775,1566180432,C++,C++14 (GCC 5.4.1),cpp,Wrong Answer,366,18048,648,
s865685250,p02936,u489316980,1566180432,Java,Java8 (OpenJDK 1.8.0),java,Time Limit Exceeded,2110,357460,1343,
s329546139,p02936,u709076082,1566180431,Python,Python (3.4.3),py,Wrong Answer,2106,36212,575,
s113023495,p02936,u263351103,1566180429,C++,C++14 (GCC 5.4.1),cpp,Accepted,121,14976,658,
s514040337,p02936,u975329388,1566180428,C++,C++14 (GCC 5.4.1),cpp,Accepted,392,19584,977,
s085561735,p02936,u938650438,1566180428,Kotlin,Kotlin (1.0.0),kt,Time Limit Exceeded,2111,148032,648,
s501656013,p02936,u761529120,1566180426,Python,PyPy3 (2.4.0),py,Time Limit Exceeded,2123,380128,753,
s948809280,p02936,u624505752,1566180425,Ruby,Ruby (2.3.3),rb,Runtime Error,2113,90444,1467,
s721397025,p02936,u917972976,1566180424,C++,C++14 (Clang 3.8.0),cpp,Runtime Error,3495,40968,2205,
s656160825,p02936,u206390872,1566180424,C++,C++14 (GCC 5.4.1),cpp,Time Limit Exceeded,2104,20608,1405,
s238405467,p02936,u305384049,1566180423,Java,Java8 (OpenJDK 1.8.0),java,Wrong Answer,2110,362048,2030,
s609017183,p02936,u189738061,1566180423,C++,C++14 (GCC 5.4.1),cpp,Wrong Answer,2104,39552,1267,
s940678453,p02936,u861038878,1566180423,Python,Python (3.4.3),py,Runtime Error,2107,103380,730,
s607628911,p02936,u509621775,1566180420,Python,Python (3.4.3),py,Time Limit Exceeded,2121,255264,647,
s022503408,p02936,u960267905,1566180419,Python,PyPy3 (2.4.0),py,Accepted,1263,122020,1525,
s887831396,p02936,u023540496,1566180418,Python,Python (3.4.3),py,Runtime Error,2039,66980,1077,
s783744602,p02936,u335830383,1566180417,Python,PyPy3 (2.4.0),py,Wrong Answer,1865,125780,776,
s082326707,p02936,u226191225,1566180415,Python,Python (3.4.3),py,Time Limit Exceeded,2108,75644,474,
s370664803,p02936,u981932242,1566180413,Ruby,Ruby (2.3.3),rb,Wrong Answer,2109,50428,810,
s959300818,p02936,u776606088,1566180407,C,C (GCC 5.4.1),c,Time Limit Exceeded,2103,11008,864,
s161296050,p02936,u688382286,1566180405,Python,Python (3.4.3),py,Time Limit Exceeded,2113,199728,733,
s205153915,p02936,u307752464,1566180403,C++,C++14 (Clang 3.8.0),cpp,Time Limit Exceeded,2104,22376,1378,
s871938896,p02936,u218900592,1566180403,C++,C++14 (GCC 5.4.1),cpp,Wrong Answer,2108,13184,1443,
s957509033,p02936,u900303768,1566180402,Python,PyPy3 (2.4.0),py,Time Limit Exceeded,2111,126676,587,
s310203597,p02936,u102461423,1566180402,Python,Python (3.4.3),py,Accepted,1299,124240,637,
s467162033,p02936,u476604182,1566180400,Python,PyPy3 (2.4.0),py,Time Limit Exceeded,2121,316448,740,
s579582344,p02936,u635596076,1566180400,Java,Java8 (OpenJDK 1.8.0),java,Accepted,1113,119388,7218,
s421346200,p02936,u280249311,1566180398,C#,C# (Mono 4.6.2.0),cs,Accepted,1233,80200,1890,
s636191042,p02936,u439009525,1566180398,Python,PyPy3 (2.4.0),py,Time Limit Exceeded,2120,262436,483,
s283323905,p02936,u502389123,1566180397,Python,Python (3.4.3),py,Time Limit Exceeded,2118,242596,557,
s704869117,p02936,u674347990,1566180397,C++,C++ (GCC 5.4.1),cpp,Accepted,355,25088,1266,
s670198964,p02936,u473633103,1566180397,Python,Python (3.4.3),py,Runtime Error,2108,77976,1178,
s109645089,p02936,u721316601,1566180397,Python,Python (3.4.3),py,Time Limit Exceeded,2146,632636,701,
s138630128,p02936,u712273874,1566180395,Python,Python (3.4.3),py,Runtime Error,2108,79040,751,
s545279496,p02936,u693933222,1566180394,Python,Python (3.4.3),py,Time Limit Exceeded,2110,59708,462,
s290370600,p02936,u905268546,1566180393,Python,PyPy3 (2.4.0),py,Runtime Error,2111,179060,650,
s143350302,p02936,u643495354,1566180393,Python,Python (3.4.3),py,Accepted,1602,402008,631,
s969824720,p02936,u637175065,1566180393,Go,Go (1.6),go,Accepted,743,47488,886,
s748702135,p02936,u705530215,1566180387,C++,C++14 (GCC 5.4.1),cpp,Accepted,129,26624,722,
s800596330,p02936,u146779775,1566180387,C++,C++14 (GCC 5.4.1),cpp,Wrong Answer,115,1792,373,
s036007746,p02936,u828593789,1566180385,C,C (GCC 5.4.1),c,Wrong Answer,2104,18688,1430,
s755688280,p02936,u183787127,1566180384,Java,Java8 (OpenJDK 1.8.0),java,Time Limit Exceeded,2110,294276,2095,
s986676268,p02936,u072949274,1566180382,Python,Python (3.4.3),py,Runtime Error,2106,48864,416,
s458973336,p02936,u346308892,1566180381,Python,Python (3.4.3),py,Runtime Error,2098,152340,621,
s007264415,p02936,u153537680,1566180378,Kotlin,Kotlin (1.0.0),kt,Time Limit Exceeded,2111,147432,1355,
s622274352,p02936,u277797473,1566180378,Ruby,Ruby (2.3.3),rb,Time Limit Exceeded,2118,174612,840,
s573924051,p02936,u501148202,1566180378,JavaScript,JavaScript (node.js v5.12),js,Runtime Error,2119,205120,1915,
s679963146,p02936,u860189946,1566180377,Python,Python (2.7.6),py,Runtime Error,2107,61932,423,
s043713286,p02936,u499889187,1566180374,Java,Java8 (OpenJDK 1.8.0),java,Time Limit Exceeded,2110,225752,2989,
s996431846,p02936,u172885996,1566180373,C++,C++14 (GCC 5.4.1),cpp,Accepted,84,4736,967,
s664871184,p02936,u365513379,1566180372,C++,C++14 (GCC 5.4.1),cpp,Wrong Answer,262,41600,2993,
s400782106,p02936,u229213815,1566180372,C++,C++14 (GCC 5.4.1),cpp,Time Limit Exceeded,2105,23680,1528,
s242135384,p02936,u565624841,1566180370,C++,C++14 (GCC 5.4.1),cpp,Wrong Answer,2104,24192,2766,
s145465903,p02936,u953237709,1566180369,Java,Java8 (OpenJDK 1.8.0),java,Accepted,873,129004,4762,
s988391015,p02936,u541784678,1566180369,C++,C++14 (GCC 5.4.1),cpp,Time Limit Exceeded,2218,1679536,1377,
s620211246,p02936,u281662621,1566180367,Ruby,Ruby (2.3.3),rb,Runtime Error,1321,73356,916,
s978932287,p02936,u394634573,1566180367,C++,C++14 (GCC 5.4.1),cpp,Accepted,133,20096,2350,
s495863780,p02936,u314050667,1566180366,Python,Python (3.4.3),py,Time Limit Exceeded,2104,82784,575,
s593945559,p02936,u448994613,1566180365,Python,PyPy3 (2.4.0),py,Time Limit Exceeded,2162,972960,2012,
s211888698,p02936,u172998095,1566180365,Python,Python (3.4.3),py,Runtime Error,1532,45652,523,
s772854771,p02936,u369105927,1566180363,Python,Python (3.4.3),py,Time Limit Exceeded,2117,225508,517,
s859521280,p02936,u079748877,1566180362,Python,PyPy3 (2.4.0),py,Time Limit Exceeded,2110,119264,660,
s940409812,p02936,u215315599,1566180362,Python,Python (3.4.3),py,Wrong Answer,1639,48344,503,
s378302143,p02936,u500942659,1566180362,Python,Python (3.4.3),py,Wrong Answer,2105,70964,466,
s737349437,p02936,u912087911,1566180359,Ruby,Ruby (2.3.3),rb,Wrong Answer,2118,233272,991,
s298276176,p02936,u495903598,1566180357,Python,Python (3.4.3),py,Runtime Error,2120,258248,1184,
s825590335,p02936,u606350691,1566180357,C++,C++14 (GCC 5.4.1),cpp,Accepted,132,24320,678,
s375764258,p02936,u382002817,1566180353,C++,C++14 (GCC 5.4.1),cpp,Wrong Answer,316,9216,1110,
s197489013,p02936,u932267739,1566180353,C++,C++14 (GCC 5.4.1),cpp,Time Limit Exceeded,2104,24192,898,
s953097651,p02936,u522656211,1566180352,Java,Java8 (OpenJDK 1.8.0),java,Time Limit Exceeded,2110,320344,1934,
s864205813,p02936,u427041769,1566180346,C++,C++14 (GCC 5.4.1),cpp,Accepted,712,55664,1344,
s148108505,p02936,u337694846,1566180345,C#,C# (Mono 4.6.2.0),cs,Wrong Answer,1452,30184,1239,
s982095417,p02936,u637175065,1566180344,Go,Go (1.6),go,Wrong Answer,345,44416,932,
s697862290,p02936,u186616769,1566180343,Python,Python (3.4.3),py,Time Limit Exceeded,2111,127172,551,
s104550889,p02936,u233745357,1566180340,Python,Python (3.4.3),py,Time Limit Exceeded,2108,79992,796,
s686495018,p02936,u719622470,1566180339,Kotlin,Kotlin (1.0.0),kt,Wrong Answer,2119,173524,1554,
s298182444,p02936,u476383383,1566180338,Python,Python (3.4.3),py,Runtime Error,1397,58344,429,
s853956005,p02936,u509420256,1566180337,C++,C++14 (GCC 5.4.1),cpp,Accepted,308,21228,777,
s468106918,p02936,u693933222,1566180337,Python,Python (3.4.3),py,Wrong Answer,2111,59672,460,
s181778375,p02936,u533620702,1566180336,C++,C++14 (GCC 5.4.1),cpp,Accepted,319,3968,612,
s663870134,p02936,u572271833,1566180334,Python,PyPy3 (2.4.0),py,Wrong Answer,1901,123940,526,
s169710414,p02936,u888094685,1566180334,C++,C++14 (GCC 5.4.1),cpp,Time Limit Exceeded,2103,6912,1107,
s515976392,p02936,u346214077,1566180332,C++,C++14 (GCC 5.4.1),cpp,Accepted,345,16256,769,
s634664522,p02936,u038054933,1566180332,C++,C++14 (GCC 5.4.1),cpp,Runtime Error,103,2560,637,
s092546347,p02936,u122034453,1566180331,C++,C++14 (GCC 5.4.1),cpp,Time Limit Exceeded,2105,34304,941,
s430303293,p02936,u105724458,1566180330,C++,C++14 (GCC 5.4.1),cpp,Accepted,319,3968,480,
s388788523,p02936,u981767024,1566180329,Python,Python (3.4.3),py,Runtime Error,2106,81936,764,
s839643606,p02936,u383416302,1566180329,Python,PyPy3 (2.4.0),py,Time Limit Exceeded,2127,393592,672,
s572926710,p02936,u563326289,1566180328,C++,C++14 (GCC 5.4.1),cpp,Time Limit Exceeded,2104,5376,1009,
s242292062,p02936,u876846619,1566180327,Ruby,Ruby (2.3.3),rb,Accepted,1181,37952,325,
s457124511,p02936,u294050910,1566180326,C++,C++14 (GCC 5.4.1),cpp,Time Limit Exceeded,2195,1521352,7526,
s874454774,p02936,u546736430,1566180325,C++,C++14 (GCC 5.4.1),cpp,Wrong Answer,2105,33408,774,
s180258652,p02936,u009286788,1566180323,C,C (GCC 5.4.1),c,Time Limit Exceeded,2103,3712,689,
s099932915,p02936,u300527426,1566180323,Python,Python (2.7.6),py,Wrong Answer,1582,39380,430,
s635843458,p02936,u600896094,1566180323,C++,C++14 (GCC 5.4.1),cpp,Time Limit Exceeded,2105,31488,1174,
s139145821,p02936,u997113115,1566180321,Python,PyPy3 (2.4.0),py,Wrong Answer,2156,1224768,663,
s829460762,p02936,u506716952,1566180321,C++,C++14 (GCC 5.4.1),cpp,Time Limit Exceeded,2103,3712,619,
s305141510,p02936,u889911242,1566180321,C++,C++14 (GCC 5.4.1),cpp,Accepted,285,25088,1313,
s997893550,p02936,u464653034,1566180321,Java,Java8 (OpenJDK 1.8.0),java,Time Limit Exceeded,2109,131476,1255,
s109681484,p02936,u551909378,1566180320,Python,Python (3.4.3),py,Time Limit Exceeded,2107,73008,465,
s236104751,p02936,u808449256,1566180317,C++,C++14 (GCC 5.4.1),cpp,Accepted,990,832300,1425,
s452262462,p02936,u089885969,1566180317,C++,C++14 (GCC 5.4.1),cpp,Wrong Answer,349,16512,1221,
s289810331,p02936,u625258197,1566180312,C++,C++14 (GCC 5.4.1),cpp,Time Limit Exceeded,2105,25728,800,
s928614086,p02936,u385644001,1566180312,Python,PyPy3 (2.4.0),py,Runtime Error,2113,166892,761,
s918031386,p02936,u485731913,1566180309,C++,C++14 (GCC 5.4.1),cpp,Runtime Error,100,3328,1844,
s035796494,p02936,u540144742,1566180309,Java,Java8 (OpenJDK 1.8.0),java,Time Limit Exceeded,2109,109708,1148,
s680803628,p02936,u729133443,1566180306,Python,Python (3.4.3),py,Accepted,1864,55828,328,
s719107198,p02936,u901447859,1566180306,Python,Python (3.4.3),py,Runtime Error,2109,87568,662,
s902144684,p02936,u552357043,1566180305,Python,PyPy3 (2.4.0),py,Time Limit Exceeded,2136,503040,721,
s681033934,p02936,u415400221,1566180305,Ruby,Ruby (2.3.3),rb,Runtime Error,2113,97032,745,
s102802867,p02936,u352200121,1566180304,C++,C++14 (GCC 5.4.1),cpp,Accepted,558,5504,877,
s685442481,p02936,u095015466,1566180304,Java,Java8 (OpenJDK 1.8.0),java,Accepted,1713,124308,3441,
s988602885,p02936,u601256797,1566180304,C++,C++14 (GCC 5.4.1),cpp,Time Limit Exceeded,2104,25728,854,
s115521698,p02936,u735993066,1566180299,C++,C++14 (GCC 5.4.1),cpp,Time Limit Exceeded,2103,6912,534,
s100821884,p02936,u637175065,1566180297,Go,Go (1.6),go,Wrong Answer,274,34176,938,
s334177293,p02936,u625554679,1566180297,Python,Python (3.4.3),py,Time Limit Exceeded,2108,66436,1063,
s107546043,p02936,u373111370,1566180296,C++,C++14 (GCC 5.4.1),cpp,Accepted,359,21120,549,
s591291881,p02936,u045547337,1566180296,C++,C++14 (GCC 5.4.1),cpp,Accepted,293,24304,767,
s534218279,p02936,u600195339,1566180295,Python,PyPy3 (2.4.0),py,Wrong Answer,2126,372148,1036,
s553169124,p02936,u509621775,1566180295,Python,Python (3.4.3),py,Runtime Error,2119,256816,650,
s834656229,p02936,u929611589,1566180291,Java,Java8 (OpenJDK 1.8.0),java,Accepted,1875,164172,798,
s550146647,p02936,u842596864,1566180291,C++,C++14 (GCC 5.4.1),cpp,Time Limit Exceeded,2104,24192,784,
s018062404,p02936,u061231294,1566180290,Python,PyPy3 (2.4.0),py,Runtime Error,2110,134484,1200,
s647649272,p02936,u660341491,1566180289,C++,C++14 (GCC 5.4.1),cpp,Wrong Answer,249,6912,811,
s064798269,p02936,u858107870,1566180289,C++,C++14 (GCC 5.4.1),cpp,Accepted,142,20992,1229,
s452691283,p02936,u466275789,1566180288,C++,C++14 (GCC 5.4.1),cpp,Time Limit Exceeded,2104,23424,767,
s139768061,p02936,u097304477,1566180288,Java,Java8 (OpenJDK 1.8.0),java,Accepted,1950,199224,10817,
s994345875,p02936,u286754585,1566180287,Fortran,Fortran (gfortran v4.8.4),f,Runtime Error,1,256,1197,
s896479481,p02936,u191874006,1566180284,Python,PyPy3 (2.4.0),py,Wrong Answer,1360,88868,738,
s082441387,p02936,u676232868,1566180281,C++,C++14 (GCC 5.4.1),cpp,Time Limit Exceeded,2104,4992,953,
s764540389,p02936,u347640436,1566180280,Python,PyPy3 (2.4.0),py,Time Limit Exceeded,2165,998904,732,
s230450408,p02936,u369105927,1566180280,Python,PyPy3 (2.4.0),py,Time Limit Exceeded,2125,351096,517,
s982935757,p02936,u019229278,1566180279,C++,C++14 (GCC 5.4.1),cpp,Wrong Answer,246,6912,360,
s032661533,p02936,u075628913,1566180279,Python,Python (3.4.3),py,Time Limit Exceeded,2113,199660,608,
s074200205,p02936,u105724458,1566180275,C++,C++14 (GCC 5.4.1),cpp,Runtime Error,130,384,479,
s472943015,p02936,u969850098,1566180273,Python,Python (3.4.3),py,Time Limit Exceeded,2113,90924,470,
s005114669,p02936,u567208278,1566180272,Rust,Rust (1.15.1),rs,Accepted,157,39236,2398,
s925228171,p02936,u222866518,1566180271,C++,C++14 (GCC 5.4.1),cpp,Time Limit Exceeded,2104,13184,664,
s708126395,p02936,u029166898,1566180268,C++,C++14 (GCC 5.4.1),cpp,Compile Error,,,852,
s445268154,p02936,u975658594,1566180268,Python,Python (3.4.3),py,Time Limit Exceeded,2111,133432,2147,
s169089822,p02936,u904943473,1566180268,Python,Python (3.4.3),py,Wrong Answer,2111,139696,680,
s252630685,p02936,u256868077,1566180266,Python,Python (3.4.3),py,Wrong Answer,1950,72464,362,
s467193068,p02936,u900303768,1566180265,Python,Python (3.4.3),py,Time Limit Exceeded,2110,103016,587,
s822199390,p02936,u660918420,1566180262,C++,C++14 (GCC 5.4.1),cpp,Runtime Error,101,2304,631,
s435907603,p02936,u255172538,1566180262,C++,C++ (GCC 5.4.1),cpp,Accepted,325,25952,935,
s063858703,p02936,u416521732,1566180262,C++,C++14 (GCC 5.4.1),cpp,Runtime Error,309,14840,1263,
s883569708,p02936,u227117171,1566180259,C++,C++14 (GCC 5.4.1),cpp,Accepted,521,93056,1659,
s278805822,p02936,u211236379,1566180258,Python,Python (3.4.3),py,Time Limit Exceeded,2111,112004,664,
s584604127,p02936,u346308892,1566180258,Python,Python (3.4.3),py,Runtime Error,1801,78676,579,
s702653005,p02936,u328259252,1566180255,Python,PyPy3 (2.4.0),py,Wrong Answer,2110,122968,320,
s935321006,p02936,u671446913,1566180255,Python,Python (3.4.3),py,Runtime Error,1984,61088,512,
s751213045,p02936,u944047948,1566180254,C++,C++14 (GCC 5.4.1),cpp,Accepted,83,3968,842,
s420251846,p02936,u102305348,1566180253,Python,Python (3.4.3),py,Accepted,1960,98264,455,
s834210207,p02936,u554269352,1566180252,Go,Go (1.6),go,Time Limit Exceeded,2108,16128,1097,
s452909856,p02936,u675757825,1566180252,C++,C++14 (GCC 5.4.1),cpp,Accepted,146,24832,901,
s593311123,p02936,u153556810,1566180251,Java,Java8 (OpenJDK 1.8.0),java,Time Limit Exceeded,2110,300300,1404,
s130358378,p02936,u707870100,1566180249,Python,Python (3.4.3),py,Runtime Error,1847,54688,663,
s455342770,p02936,u784751818,1566180249,C++,C++14 (GCC 5.4.1),cpp,Time Limit Exceeded,2104,19712,944,
s560522171,p02936,u621104964,1566180249,C++,C++14 (Clang 3.8.0),cpp,Wrong Answer,2164,1014640,1779,
s644931429,p02936,u477977638,1566180247,Python,Python (3.4.3),py,Accepted,1999,90116,302,
s828944683,p02936,u023540496,1566180246,Python,Python (3.4.3),py,Runtime Error,1980,66976,1027,
s323348871,p02936,u331991493,1566180246,C++,C++14 (GCC 5.4.1),cpp,Time Limit Exceeded,2104,23424,553,
s150316505,p02936,u552357043,1566180245,Python,Python (3.4.3),py,Time Limit Exceeded,2133,459412,721,
s123562481,p02936,u095021077,1566180245,Python,Python (3.4.3),py,Runtime Error,2108,12516,606,
s504345867,p02936,u465699806,1566180245,C++,C++14 (GCC 5.4.1),cpp,Accepted,332,25132,5693,
s467674860,p02936,u415154163,1566180245,Python,Python (3.4.3),py,Time Limit Exceeded,2112,148132,1200,
s827003747,p02936,u719622470,1566180244,Kotlin,Kotlin (1.0.0),kt,Compile Error,,,1590,
s710312178,p02936,u079748877,1566180243,Python,Python (3.4.3),py,Time Limit Exceeded,2110,102184,660,
s286720535,p02936,u459798349,1566180243,Python,Python (3.4.3),py,Runtime Error,2107,50504,608,
s397702435,p02936,u654386293,1566180243,Python,Python (3.4.3),py,Time Limit Exceeded,2110,103692,964,
s353200709,p02936,u127768253,1566180243,C++,C++14 (GCC 5.4.1),cpp,Time Limit Exceeded,2117,251008,718,
s930750991,p02936,u557168336,1566180242,Python,Python (3.4.3),py,Runtime Error,2112,125116,727,
s311503840,p02936,u383416302,1566180241,Python,Python (3.4.3),py,Time Limit Exceeded,2118,238472,670,
s160908540,p02936,u228127260,1566180238,Java,Java8 (OpenJDK 1.8.0),java,Accepted,1867,253680,3284,
s759352872,p02936,u273928723,1566180237,Python,Python (3.4.3),py,Runtime Error,2106,43908,636,
s947194717,p02936,u054274223,1566180237,Ruby,Ruby (2.3.3),rb,Time Limit Exceeded,2109,33912,761,
s578541743,p02936,u393352862,1566180237,Python,PyPy3 (2.4.0),py,Runtime Error,2132,465236,581,
s369988450,p02936,u922965680,1566180235,Python,PyPy3 (2.4.0),py,Runtime Error,1156,150236,851,
s238989966,p02936,u631543593,1566180235,Python,PyPy3 (2.4.0),py,Time Limit Exceeded,2333,38256,408,
s047470666,p02936,u866752019,1566180235,Rust,Rust (1.15.1),rs,Accepted,169,34836,2155,
s900097280,p02936,u084324798,1566180232,Python,Python (3.4.3),py,Runtime Error,2111,140308,482,
s810100103,p02936,u387806792,1566180229,Java,Java8 (OpenJDK 1.8.0),java,Time Limit Exceeded,2109,186600,991,
s021956597,p02936,u395846213,1566180229,C++,C++14 (GCC 5.4.1),cpp,Time Limit Exceeded,2104,48768,2328,
s251627520,p02936,u078817586,1566180228,Java,Java8 (OpenJDK 1.8.0),java,Runtime Error,619,922820,3581,
s270167999,p02936,u466275789,1566180227,C++,C++14 (GCC 5.4.1),cpp,Runtime Error,257,6520,767,
s213004406,p02936,u253952966,1566180227,Python,Python (3.4.3),py,Time Limit Exceeded,2108,87432,676,
s342934047,p02936,u982152304,1566180226,Python,Python (3.4.3),py,Runtime Error,2110,102992,774,
s249110516,p02936,u761384779,1566180226,C++,C++14 (GCC 5.4.1),cpp,Runtime Error,255,6136,652,
s152109563,p02936,u855985627,1566180225,C++,C++14 (GCC 5.4.1),cpp,Accepted,386,34432,976,
s761403284,p02936,u801102476,1566180225,C++,C++14 (GCC 5.4.1),cpp,Accepted,131,24320,764,
s207771225,p02936,u308012202,1566180223,C++,C++14 (GCC 5.4.1),cpp,Accepted,215,35456,3436,
s182966362,p02936,u860189946,1566180223,Python,Python (2.7.6),py,Runtime Error,2107,63848,407,
s498471891,p02936,u519180097,1566180223,C++,C++14 (GCC 5.4.1),cpp,Wrong Answer,133,52096,825,
s706110487,p02936,u187516587,1566180222,Python,PyPy3 (2.4.0),py,Time Limit Exceeded,2108,73944,291,
s915442759,p02936,u802963389,1566180220,Python,Python (3.4.3),py,Accepted,1804,113588,292,
s839136037,p02936,u920434083,1566180220,C++,C++14 (GCC 5.4.1),cpp,Time Limit Exceeded,2207,2067968,1884,
s405559250,p02936,u919463386,1566180219,Python,Python (3.4.3),py,Time Limit Exceeded,2105,40544,444,
s815719816,p02936,u675757825,1566180216,Python,Python (3.4.3),py,Runtime Error,17,2940,901,
s376949740,p02936,u690438113,1566180215,Haskell,Haskell (GHC 7.10.3),hs,Time Limit Exceeded,2116,208252,1279,
s994409166,p02936,u624617831,1566180215,Python,Python (3.4.3),py,Runtime Error,311,21216,584,
s086173664,p02936,u924406834,1566180214,Python,PyPy3 (2.4.0),py,Time Limit Exceeded,2111,112248,1323,
s531938961,p02936,u788717734,1566180210,C++,C++14 (GCC 5.4.1),cpp,Runtime Error,3042,256,1061,
s819221852,p02936,u177546578,1566180208,C#,C# (Mono 4.6.2.0),cs,Time Limit Exceeded,2111,63960,1421,
s144621161,p02936,u544637026,1566180206,Python,PyPy3 (2.4.0),py,Time Limit Exceeded,2148,745220,669,
s431276400,p02936,u081249228,1566180200,C++,C++14 (GCC 5.4.1),cpp,Accepted,123,15604,726,
s504436793,p02936,u961683878,1566180200,Rust,Rust (1.15.1),rs,Accepted,197,24828,2710,
s350898605,p02936,u135847648,1566180200,Python,Python (3.4.3),py,Wrong Answer,2110,110820,488,
s606296300,p02936,u365512540,1566180199,C++,C++14 (GCC 5.4.1),cpp,Time Limit Exceeded,2104,20224,1522,
s433126654,p02936,u102305348,1566180199,Python,PyPy3 (2.4.0),py,Accepted,1850,142460,455,
s945200486,p02936,u481187938,1566180199,Rust,Rust (1.15.1),rs,Wrong Answer,272,61708,4234,
s498603738,p02936,u373586461,1566180195,C++,C++14 (Clang 3.8.0),cpp,Accepted,753,32128,1995,
s230551320,p02936,u854527316,1566180194,C++,C++14 (GCC 5.4.1),cpp,Accepted,164,43776,2274,
s673696362,p02936,u839397805,1566180193,C++,C++14 (GCC 5.4.1),cpp,Accepted,386,23424,843,
s810650848,p02936,u164275331,1566180192,C++,C++14 (GCC 5.4.1),cpp,Time Limit Exceeded,2249,1982076,733,
s578539715,p02936,u214547877,1566180192,C++,C++14 (GCC 5.4.1),cpp,Time Limit Exceeded,2105,27520,960,
s518903646,p02936,u849739818,1566180192,C#,C# (Mono 4.6.2.0),cs,Time Limit Exceeded,2108,30784,1857,
s376186481,p02936,u372299304,1566180191,C++,C++14 (GCC 5.4.1),cpp,Runtime Error,333,4864,1004,
s772863693,p02936,u211236379,1566180189,Python,Python (3.4.3),py,Wrong Answer,2111,120716,630,
s184490546,p02936,u470542271,1566180187,Python,Python (3.4.3),py,Time Limit Exceeded,2113,174096,761,
s379630752,p02936,u969617556,1566180186,C++,C++14 (GCC 5.4.1),cpp,Runtime Error,100,256,1346,
s146060402,p02936,u131625544,1566180185,Python,Python (3.4.3),py,Runtime Error,2111,148248,680,
s301370846,p02936,u279493135,1566180185,Python,Python (3.4.3),py,Wrong Answer,2135,527012,1242,
s611142465,p02936,u630237310,1566180185,C++,C++14 (GCC 5.4.1),cpp,Wrong Answer,326,3200,637,
s263578561,p02936,u577926181,1566180184,C++,C++14 (GCC 5.4.1),cpp,Wrong Answer,2104,22144,1022,
s901248845,p02936,u707870100,1566180184,Python,PyPy3 (2.4.0),py,Runtime Error,2113,150136,666,
s714941323,p02936,u087270713,1566180182,Python,Python (3.4.3),py,Runtime Error,2106,51196,472,
s705583352,p02936,u872191059,1566180181,C++,C++14 (GCC 5.4.1),cpp,Accepted,145,17140,1504,
s207649127,p02936,u175743386,1566180181,Python,Python (3.4.3),py,Runtime Error,2111,150744,710,
s375079968,p02936,u308012202,1566180181,C++,C++14 (GCC 5.4.1),cpp,Runtime Error,110,4352,3436,
s953529917,p02936,u731368968,1566180181,C++,C++14 (GCC 5.4.1),cpp,Accepted,296,16372,1897,
s137577404,p02936,u442030035,1566180179,Python,Python (3.4.3),py,Time Limit Exceeded,2108,79744,637,
s570549674,p02936,u408910484,1566180178,C++,C++14 (Clang 3.8.0),cpp,Accepted,692,5504,4473,
s948813258,p02936,u019229278,1566180176,C++,C++14 (GCC 5.4.1),cpp,Wrong Answer,314,4480,348,
s904971204,p02936,u461478706,1566180176,JavaScript,JavaScript (node.js v5.12),js,Time Limit Exceeded,2109,65232,1381,
s887599189,p02936,u989157442,1566180173,Python,Python (3.4.3),py,Time Limit Exceeded,2115,172808,1517,
s982693953,p02936,u971089878,1566180173,C++,C++14 (GCC 5.4.1),cpp,Runtime Error,347,4224,1681,
s115810589,p02936,u699752889,1566180172,Python,Python (3.4.3),py,Accepted,1447,82192,767,
s543315818,p02936,u273928723,1566180172,Python,Python (3.4.3),py,Runtime Error,2106,36256,596,
s882880217,p02936,u544637026,1566180171,Python,Python (3.4.3),py,Time Limit Exceeded,2134,500404,669,
s971700756,p02936,u081275802,1566180169,C++,C++14 (GCC 5.4.1),cpp,Time Limit Exceeded,2105,32128,1633,
s227611461,p02936,u919633157,1566180169,Python,Python (3.4.3),py,Accepted,910,48272,532,
s800545486,p02936,u017078415,1566180168,C++,C++14 (GCC 5.4.1),cpp,Runtime Error,2532,256,1044,
s030388736,p02936,u298497862,1566180164,C++,C++14 (GCC 5.4.1),cpp,Accepted,296,17904,936,
s117781068,p02936,u843127718,1566180163,Ruby,Ruby (2.3.3),rb,Accepted,764,26724,450,
s553171462,p02936,u485065344,1566180161,C++,C++14 (GCC 5.4.1),cpp,Time Limit Exceeded,2104,42752,1043,
s754380547,p02936,u197427401,1566180159,Python,Python (3.4.3),py,Time Limit Exceeded,2118,258400,867,
s298573038,p02936,u520680626,1566180158,Python,Python (3.4.3),py,Time Limit Exceeded,2106,57644,840,
s863391940,p02936,u165516759,1566180158,Python,Python (3.4.3),py,Runtime Error,18,3188,626,
s869214498,p02936,u855087874,1566180158,C++,C++14 (GCC 5.4.1),cpp,Accepted,354,24064,842,
s182821489,p02936,u849073847,1566180158,C++,C++14 (GCC 5.4.1),cpp,Time Limit Exceeded,2139,601856,898,
s749344098,p02936,u177411511,1566180156,Python,Python (3.4.3),py,Runtime Error,2106,51220,514,
s835382590,p02936,u273928723,1566180156,C++,C++14 (GCC 5.4.1),cpp,Compile Error,,,596,
s580142423,p02936,u527398664,1566180154,C++,C++14 (GCC 5.4.1),cpp,Accepted,121,21888,676,
s123799015,p02936,u790922244,1566180153,Python,PyPy3 (2.4.0),py,Time Limit Exceeded,2126,371236,602,
s264991775,p02936,u600195339,1566180152,Python,PyPy3 (2.4.0),py,Runtime Error,174,38256,1110,
s342051223,p02936,u248869765,1566180151,C#,C# (Mono 4.6.2.0),cs,Accepted,1237,51660,1521,
s740864536,p02936,u139573956,1566180149,C++,C++14 (GCC 5.4.1),cpp,Accepted,143,24832,1269,
s371773471,p02936,u737168568,1566180146,C++,C++14 (GCC 5.4.1),cpp,Time Limit Exceeded,2104,24192,591,
s382147793,p02936,u486369478,1566180144,C#,C# (Mono 4.6.2.0),cs,Time Limit Exceeded,2115,79164,2280,
s959996117,p02936,u383416302,1566180143,Python,PyPy3 (2.4.0),py,Runtime Error,1987,132300,625,
s862854710,p02936,u187516587,1566180143,Python,Python (3.4.3),py,Time Limit Exceeded,2100,55604,291,
s617306050,p02936,u334260611,1566180143,Python,Python (3.4.3),py,Time Limit Exceeded,2134,507184,880,
s721076449,p02936,u282164747,1566180143,Go,Go (1.6),go,Time Limit Exceeded,2109,83500,1389,
s521825931,p02936,u366934151,1566180142,C++,C++14 (GCC 5.4.1),cpp,Time Limit Exceeded,2110,1510920,2153,
s982591041,p02936,u315597999,1566180142,Ruby,Ruby (2.3.3),rb,Accepted,1170,65252,669,
s913429654,p02936,u053787256,1566180141,Python,Python (3.4.3),py,Wrong Answer,1991,70416,882,
s777911476,p02936,u938650438,1566180141,Kotlin,Kotlin (1.0.0),kt,Time Limit Exceeded,2111,137352,719,
s782295380,p02936,u257192613,1566180140,C++,C++14 (GCC 5.4.1),cpp,Time Limit Exceeded,2106,46964,1845,
s808547402,p02936,u637175065,1566180139,Go,Go (1.6),go,Time Limit Exceeded,2114,56064,928,
s363417338,p02936,u674114383,1566180137,C++,C++14 (GCC 5.4.1),cpp,Accepted,566,58624,711,
s555414731,p02936,u285409047,1566180137,C++,C++14 (GCC 5.4.1),cpp,Wrong Answer,2103,11756,1374,
s394526367,p02936,u201808715,1566180137,C++,C++14 (GCC 5.4.1),cpp,Accepted,348,22656,1022,
s479265366,p02936,u709108999,1566180136,JavaScript,JavaScript (node.js v5.12),js,Accepted,371,121140,910,
s226291815,p02936,u291297678,1566180135,C++,C++14 (GCC 5.4.1),cpp,Time Limit Exceeded,2186,1367808,1060,
s472025259,p02936,u384094369,1566180134,Python,Python (3.4.3),py,Runtime Error,2107,58424,528,
s471658456,p02936,u922965680,1566180134,Python,PyPy3 (2.4.0),py,Wrong Answer,724,118108,876,
s874593904,p02936,u135572611,1566180132,C++,C++14 (GCC 5.4.1),cpp,Time Limit Exceeded,2104,24348,1383,
s757814577,p02936,u366959492,1566180132,Python,Python (3.4.3),py,Wrong Answer,2109,120832,531,
s535699570,p02936,u477062848,1566180131,Python,Python (3.4.3),py,Runtime Error,2106,53548,339,
s365954036,p02936,u824358246,1566180130,C++,C++14 (GCC 5.4.1),cpp,Time Limit Exceeded,2104,12416,804,
s000639511,p02936,u433665020,1566180130,C++,C++14 (GCC 5.4.1),cpp,Wrong Answer,108,7424,1105,
s721477376,p02936,u613686673,1566180129,C++,C++14 (GCC 5.4.1),cpp,Accepted,132,24320,1068,
s001320227,p02936,u525603554,1566180127,C#,C# (Mono 4.6.2.0),cs,Wrong Answer,245,56012,6020,
s273896443,p02936,u769215762,1566180126,Python,Python (3.4.3),py,Wrong Answer,2110,100844,762,
s588576658,p02936,u354839000,1566180125,Java,Java8 (OpenJDK 1.8.0),java,Runtime Error,2110,344620,1630,
s628722746,p02936,u672475305,1566180122,Python,PyPy3 (2.4.0),py,Wrong Answer,2112,143636,732,
s279162215,p02936,u841641310,1566180121,C++,C++14 (GCC 5.4.1),cpp,Time Limit Exceeded,2239,2078720,1091,
s230449311,p02936,u470542271,1566180121,Python,Python (3.4.3),py,Wrong Answer,2113,164188,775,
s978017605,p02936,u631543593,1566180118,Python,Python (3.4.3),py,Time Limit Exceeded,2244,2094196,408,
s908987333,p02936,u764956288,1566180116,Python,Python (3.4.3),py,Runtime Error,2106,47648,468,
s395195151,p02936,u231685196,1566180115,C++,C++14 (GCC 5.4.1),cpp,Accepted,645,39764,2260,
s763245266,p02936,u105724458,1566180115,C++,C++14 (GCC 5.4.1),cpp,Runtime Error,98,384,479,
s907628171,p02936,u714189167,1566180114,F#,F# (Mono 4.0),fs,Time Limit Exceeded,2116,80204,1014,
s326094018,p02936,u019229278,1566180113,C++,C++14 (GCC 5.4.1),cpp,Wrong Answer,320,4992,350,
s500455247,p02936,u145078501,1566180111,C++,C++14 (GCC 5.4.1),cpp,Time Limit Exceeded,2104,4736,1494,
s388142664,p02936,u413763374,1566180108,C++,C++14 (GCC 5.4.1),cpp,Time Limit Exceeded,2104,18944,1136,
s062514024,p02936,u450180547,1566180108,Python,PyPy3 (2.4.0),py,Time Limit Exceeded,2143,647788,977,
s813585788,p02936,u019183101,1566180105,Java,Java8 (OpenJDK 1.8.0),java,Runtime Error,715,897360,1437,
s129829958,p02936,u090325904,1566180105,C++,C++14 (GCC 5.4.1),cpp,Accepted,357,20352,1015,
s760037884,p02936,u150641538,1566180104,Python,PyPy3 (2.4.0),py,Accepted,1738,122848,361,
s532007798,p02936,u025688159,1566180103,C#,C# (Mono 4.6.2.0),cs,Accepted,1381,93828,4136,
s075018341,p02936,u511501183,1566180099,C++,C++14 (GCC 5.4.1),cpp,Time Limit Exceeded,2104,23680,957,
s226068314,p02936,u776606088,1566180099,C,C (GCC 5.4.1),c,Time Limit Exceeded,2104,11904,937,
s422780514,p02936,u292813062,1566180098,C++,C++14 (GCC 5.4.1),cpp,Accepted,220,27520,3173,
s078927920,p02936,u562728594,1566180098,C++,C++14 (GCC 5.4.1),cpp,Accepted,251,7936,925,
s223991039,p02936,u027406156,1566180097,Python,Python (3.4.3),py,Time Limit Exceeded,2111,123300,555,
s014918184,p02936,u019637926,1566180097,Python,PyPy3 (2.4.0),py,Accepted,729,121292,562,
s823170589,p02936,u257541375,1566180094,Python,PyPy3 (2.4.0),py,Runtime Error,2111,124608,707,
s810290539,p02936,u885932660,1566180091,C++,C++14 (GCC 5.4.1),cpp,Time Limit Exceeded,2104,14592,775,
s966030905,p02936,u055529891,1566180090,Python,Python (3.4.3),py,Accepted,1748,44928,427,
s948481741,p02936,u369105927,1566180089,Python,PyPy3 (2.4.0),py,Time Limit Exceeded,2140,580344,753,
s078976542,p02936,u627417051,1566180089,Python,PyPy3 (2.4.0),py,Accepted,1966,125996,774,
s941663006,p02936,u500297289,1566180088,Python,Python (3.4.3),py,Time Limit Exceeded,2117,218240,620,
s381109567,p02936,u189738061,1566180087,C++,C++14 (GCC 5.4.1),cpp,Wrong Answer,2104,39552,1159,
s720695778,p02936,u340293807,1566180086,C++,C++14 (GCC 5.4.1),cpp,Accepted,287,14848,2175,
s013544555,p02936,u894950682,1566180085,C++,C++14 (GCC 5.4.1),cpp,Accepted,318,34792,1911,
s249378597,p02936,u056626722,1566180084,D,D (LDC 0.17.0),d,Wrong Answer,2104,53884,772,
s382522279,p02936,u250943952,1566180084,Python,Python (3.4.3),py,Time Limit Exceeded,2118,255840,970,
s084253833,p02936,u045575753,1566180084,C++,C++14 (GCC 5.4.1),cpp,Time Limit Exceeded,2104,18804,836,
s672484589,p02936,u539582125,1566180081,C++,C++14 (GCC 5.4.1),cpp,Accepted,310,139008,1009,
s033274339,p02936,u938987929,1566180079,C++,C++14 (Clang 3.8.0),cpp,Runtime Error,2103,17256,1188,
s167273104,p02936,u274744399,1566180077,C++,C++14 (GCC 5.4.1),cpp,Accepted,130,16512,1417,
s075458345,p02936,u547576401,1566180076,C++,C++14 (GCC 5.4.1),cpp,Time Limit Exceeded,2104,18944,538,
s254689244,p02936,u890870565,1566180075,C++,C++14 (GCC 5.4.1),cpp,Accepted,378,23552,1912,
s728440104,p02936,u153537680,1566180074,Kotlin,Kotlin (1.0.0),kt,Time Limit Exceeded,2112,150852,1315,
s669586365,p02936,u375639135,1566180073,C++,C++14 (GCC 5.4.1),cpp,Runtime Error,99,3328,1011,
s241909092,p02936,u238510421,1566180071,Python,Python (3.4.3),py,Time Limit Exceeded,2120,292320,933,
s281892891,p02936,u118868154,1566180068,C++,C++14 (GCC 5.4.1),cpp,Accepted,147,93056,1040,
s841368132,p02936,u525603554,1566180068,C#,C# (Mono 4.6.2.0),cs,Compile Error,,,2148,
s800037129,p02936,u613686673,1566180065,C++,C++14 (GCC 5.4.1),cpp,Runtime Error,104,4992,1064,
s535531625,p02936,u538632589,1566180062,Python,PyPy3 (2.4.0),py,Runtime Error,2114,189328,1062,
s414298604,p02936,u383416302,1566180061,Python,Python (3.4.3),py,Runtime Error,1574,50132,631,
s565493284,p02936,u219197917,1566180060,Python,PyPy3 (2.4.0),py,Time Limit Exceeded,2813,38612,527,
s587542509,p02936,u694243276,1566180059,C++,C++14 (GCC 5.4.1),cpp,Time Limit Exceeded,2103,4480,603,
s736698826,p02936,u237022500,1566180056,C++,C++14 (GCC 5.4.1),cpp,Time Limit Exceeded,2104,20224,581,
s188933784,p02936,u191874006,1566180056,Python,PyPy3 (2.4.0),py,Wrong Answer,1300,88868,739,
s585979342,p02936,u533620702,1566180056,C++,C++14 (GCC 5.4.1),cpp,Time Limit Exceeded,2104,4224,706,
s507512042,p02936,u376082984,1566180050,C++,C++14 (GCC 5.4.1),cpp,Time Limit Exceeded,2176,1117952,4004,
s084686175,p02936,u608258653,1566180048,C++,C++14 (GCC 5.4.1),cpp,Time Limit Exceeded,2174,1746076,1612,
s839557286,p02936,u525090128,1566180045,Python,Python (3.4.3),py,Runtime Error,190,17196,577,
s074143485,p02936,u889344512,1566180044,Python,Python (3.4.3),py,Time Limit Exceeded,2118,255712,705,
s213818520,p02936,u370447425,1566180043,C++,C++14 (GCC 5.4.1),cpp,Time Limit Exceeded,2104,18176,1518,
s738658147,p02936,u634208461,1566180042,C++,C++14 (GCC 5.4.1),cpp,Accepted,317,27392,1414,
s086732868,p02936,u489326854,1566180041,C++,C++14 (GCC 5.4.1),cpp,Wrong Answer,284,19968,3005,
s647743323,p02936,u578276786,1566180035,C++,C++14 (GCC 5.4.1),cpp,Accepted,409,42240,823,
s547204784,p02936,u471684875,1566180035,Python,Python (3.4.3),py,Time Limit Exceeded,2108,66828,619,
s934809868,p02936,u883745615,1566180034,C++,C++14 (GCC 5.4.1),cpp,Accepted,384,28928,749,
s124063793,p02936,u711539583,1566180033,Python,Python (3.4.3),py,Time Limit Exceeded,2118,237732,506,
s566203259,p02936,u419633921,1566180033,C++,C++14 (Clang 3.8.0),cpp,Runtime Error,96,888,809,
s184971014,p02936,u422711869,1566180031,Python,PyPy3 (2.4.0),py,Accepted,863,101804,497,
s624800286,p02936,u882460931,1566180030,Python,PyPy3 (2.4.0),py,Time Limit Exceeded,2010,120792,552,
s470941281,p02936,u802963389,1566180030,Python,PyPy3 (2.4.0),py,Time Limit Exceeded,2110,124376,336,
s604310996,p02936,u637175065,1566180028,Go,Go (1.6),go,Time Limit Exceeded,2114,58116,913,
s450663282,p02936,u408650734,1566180026,C++,C++14 (GCC 5.4.1),cpp,Time Limit Exceeded,2219,1643640,765,
s008384002,p02936,u405612058,1566180026,C++,C++14 (GCC 5.4.1),cpp,Accepted,322,22656,1106,
s162558570,p02936,u688375653,1566180025,Python,PyPy3 (2.4.0),py,Time Limit Exceeded,2118,256868,701,
s604137608,p02936,u019183101,1566180024,Java,Java8 (OpenJDK 1.8.0),java,Runtime Error,961,872268,1440,
s502956717,p02936,u104378891,1566180021,Rust,Rust (1.15.1),rs,Accepted,98,24044,1716,
s088786454,p02936,u428397309,1566180020,Python,PyPy3 (2.4.0),py,Accepted,1579,92764,427,
s134041114,p02936,u433665020,1566180019,C++,C++14 (GCC 5.4.1),cpp,Wrong Answer,108,6656,1095,
s993415686,p02936,u520276780,1566180019,Python,Python (3.4.3),py,Wrong Answer,2106,49020,568,
s725781464,p02936,u212486902,1566180018,Go,Go (1.6),go,Accepted,1109,68736,1074,
s451792094,p02936,u054471580,1566180018,Python,Python (3.4.3),py,Time Limit Exceeded,2108,99132,1053,
s528614000,p02936,u571199625,1566180017,Python,Python (3.4.3),py,Runtime Error,2111,168852,587,
s801200939,p02936,u019229278,1566180017,C++,C++14 (GCC 5.4.1),cpp,Runtime Error,120,256,344,
s067317853,p02936,u932267739,1566180017,C++,C++14 (GCC 5.4.1),cpp,Time Limit Exceeded,2104,23680,1357,
s382142812,p02936,u135522671,1566180016,Python,Python (3.4.3),py,Wrong Answer,2107,88608,873,
s126076943,p02936,u954976049,1566180016,C++,C++14 (GCC 5.4.1),cpp,Time Limit Exceeded,2127,322220,917,
s299331952,p02936,u616912889,1566180014,C++,C++14 (GCC 5.4.1),cpp,Accepted,103,16512,625,
s520489003,p02936,u343198724,1566180012,C++,C++14 (GCC 5.4.1),cpp,Time Limit Exceeded,2103,4352,748,
s596034415,p02936,u532096498,1566180010,C++,C++14 (GCC 5.4.1),cpp,Accepted,383,36424,886,
s442232040,p02936,u485731913,1566180010,C++,C++14 (GCC 5.4.1),cpp,Runtime Error,311,3328,1839,
s879094014,p02936,u572271833,1566180010,Python,PyPy3 (2.4.0),py,Wrong Answer,1864,120536,626,
s452165278,p02936,u781091740,1566180009,C++,C++14 (GCC 5.4.1),cpp,Accepted,157,29056,636,
s922014485,p02936,u687929074,1566180008,Python,Python (3.4.3),py,Runtime Error,2107,62512,508,
s574947650,p02936,u016768375,1566180008,Java,Java8 (OpenJDK 1.8.0),java,Accepted,1563,102244,6042,
s698281826,p02936,u393352862,1566180006,Python,PyPy3 (2.4.0),py,Runtime Error,2121,282488,572,
s034799574,p02936,u593180859,1566180005,Java,Java8 (OpenJDK 1.8.0),java,Accepted,1035,88204,3115,
s428280719,p02936,u775999110,1566180005,Kotlin,Kotlin (1.0.0),kt,Time Limit Exceeded,2115,159848,1374,
s663328292,p02936,u197427401,1566180004,Python,Python (3.4.3),py,Runtime Error,1996,85900,826,
s017769901,p02936,u328099989,1566180003,Go,Go (1.6),go,Accepted,986,123008,1198,
s323823520,p02936,u227476288,1566180003,Python,PyPy3 (2.4.0),py,Time Limit Exceeded,2117,212600,479,
s072680047,p02936,u142082997,1566180003,TypeScript,TypeScript (2.1.6),ts,Wrong Answer,2111,146768,943,
s006288875,p02936,u420528322,1566180002,C++,C++14 (GCC 5.4.1),cpp,Accepted,251,3968,630,
s070843544,p02936,u500855421,1566180002,C++,C++14 (GCC 5.4.1),cpp,Time Limit Exceeded,2104,17920,1292,
s799928866,p02936,u095015466,1566180000,Java,Java8 (OpenJDK 1.8.0),java,Time Limit Exceeded,2109,123060,3344,
s660761902,p02936,u790710233,1566179997,Python,Python (3.4.3),py,Time Limit Exceeded,2109,94920,921,
s589404591,p02936,u800258529,1566179996,Python,Python (3.4.3),py,Accepted,1613,61528,375,
s295876488,p02936,u248869765,1566179993,C#,C# (Mono 4.6.2.0),cs,Runtime Error,30,16480,1517,
s409283503,p02936,u761529120,1566179993,Python,Python (3.4.3),py,Time Limit Exceeded,2111,141860,661,
s353949613,p02936,u889344512,1566179992,Python,Python (3.4.3),py,Runtime Error,2114,195168,660,
s464387101,p02936,u551909378,1566179990,Python,Python (3.4.3),py,Time Limit Exceeded,2107,55628,933,
s655359357,p02936,u903311413,1566179990,C++,C++14 (GCC 5.4.1),cpp,Time Limit Exceeded,2113,167680,2701,
s097390936,p02936,u428397309,1566179989,Python,PyPy3 (2.4.0),py,Wrong Answer,689,79196,429,
s529863745,p02936,u533620702,1566179986,C++,C++14 (GCC 5.4.1),cpp,Runtime Error,96,1024,706,
s930533627,p02936,u107639613,1566179986,Python,PyPy3 (2.4.0),py,Runtime Error,2110,131788,913,
s549455212,p02936,u300866293,1566179985,C++,C++14 (GCC 5.4.1),cpp,Time Limit Exceeded,2104,21376,4768,
s088818907,p02936,u337657882,1566179984,C,C (GCC 5.4.1),c,Time Limit Exceeded,2104,15556,1170,
s150361064,p02936,u433532588,1566179982,Python,PyPy3 (2.4.0),py,Time Limit Exceeded,2118,246904,625,
s307957965,p02936,u963055157,1566179982,C++,C++14 (GCC 5.4.1),cpp,Accepted,285,14848,533,
s902733715,p02936,u127364468,1566179980,C++,C++14 (GCC 5.4.1),cpp,Time Limit Exceeded,2103,3328,837,
s393148119,p02936,u705230587,1566179979,C++,C++14 (GCC 5.4.1),cpp,Accepted,326,25216,1213,
s633500427,p02936,u481699164,1566179978,C++,C++14 (GCC 5.4.1),cpp,Accepted,124,24320,1851,
s782616713,p02936,u052476723,1566179977,C++,C++14 (GCC 5.4.1),cpp,Time Limit Exceeded,2221,1891584,1421,
s238077681,p02936,u811202694,1566179977,Python,Python (3.4.3),py,Time Limit Exceeded,2122,294436,648,
s862376504,p02936,u689560153,1566179976,C++,C++14 (GCC 5.4.1),cpp,Accepted,300,14848,915,
s620260757,p02936,u846686917,1566179975,C++,C++14 (GCC 5.4.1),cpp,Time Limit Exceeded,2162,781784,872,
s499405312,p02936,u046243277,1566179975,C,C (GCC 5.4.1),c,Time Limit Exceeded,2103,4096,487,
s986470165,p02936,u926598368,1566179974,C#,C# (Mono 4.6.2.0),cs,Accepted,821,79692,1566,
s076999314,p02936,u975658594,1566179974,Python,Python (3.4.3),py,Time Limit Exceeded,2111,132516,2071,
s195322239,p02936,u899909022,1566179971,Python,Python (3.4.3),py,Accepted,1593,45152,463,
s047351840,p02936,u448994613,1566179970,Python,PyPy3 (2.4.0),py,Wrong Answer,2107,82764,2008,
s029792791,p02936,u237044327,1566179970,C++,C++14 (GCC 5.4.1),cpp,Accepted,493,36600,1055,
s472076052,p02936,u762152622,1566179970,C++,C++14 (GCC 5.4.1),cpp,Wrong Answer,139,14720,600,
s485489259,p02936,u416521732,1566179967,C++,C++14 (GCC 5.4.1),cpp,Runtime Error,99,4096,1286,
s078972318,p02936,u700484101,1566179966,C++,C++14 (GCC 5.4.1),cpp,Accepted,130,26624,1979,
s104342186,p02936,u982152304,1566179965,Python,Python (3.4.3),py,Runtime Error,2109,91284,802,
s575750983,p02936,u759162415,1566179964,C++,C++14 (GCC 5.4.1),cpp,Time Limit Exceeded,2104,21376,1169,
s441348630,p02936,u274744399,1566179964,C++,C++14 (GCC 5.4.1),cpp,Wrong Answer,124,16256,1261,
s292013121,p02936,u475487788,1566179964,C#,C# (Mono 4.6.2.0),cs,Time Limit Exceeded,2110,59544,4339,
s533331472,p02936,u160064368,1566179964,Python,PyPy3 (2.4.0),py,Accepted,1920,100644,548,
s668489809,p02936,u829203929,1566179962,Python,Python (3.4.3),py,Wrong Answer,2107,80516,822,
s032562521,p02936,u380772254,1566179961,Python,Python (3.4.3),py,Accepted,1820,94224,630,
s061418984,p02936,u726523100,1566179960,Ruby,Ruby (2.3.3),rb,Wrong Answer,644,10480,303,
s330733869,p02936,u494379309,1566179959,C++,C++14 (GCC 5.4.1),cpp,Accepted,304,18676,1270,
s685396427,p02936,u457644358,1566179957,C++,C++14 (GCC 5.4.1),cpp,Time Limit Exceeded,2104,19244,750,
s025692383,p02936,u300866293,1566179954,C++,C++14 (GCC 5.4.1),cpp,Time Limit Exceeded,2105,27520,4859,
s977604965,p02936,u279493135,1566179954,Python,Python (3.4.3),py,Time Limit Exceeded,2127,345968,1258,
s057694651,p02936,u084324798,1566179952,Python,Python (3.4.3),py,Runtime Error,2112,144184,641,
s990126439,p02936,u107639613,1566179951,Python,PyPy3 (2.4.0),py,Runtime Error,2112,163832,926,
s878847858,p02936,u056277698,1566179948,Python,PyPy3 (2.4.0),py,Time Limit Exceeded,2238,1707640,732,
s785406014,p02936,u038307191,1566179948,C++,C++14 (GCC 5.4.1),cpp,Time Limit Exceeded,2104,20236,524,
s597407657,p02936,u095021077,1566179947,Python,Python (3.4.3),py,Runtime Error,153,12516,583,
s704032898,p02936,u693048766,1566179946,Python,PyPy3 (2.4.0),py,Runtime Error,2115,209140,846,
s800291619,p02936,u238510421,1566179946,Python,PyPy3 (2.4.0),py,Time Limit Exceeded,2119,262292,933,
s918933696,p02936,u516483179,1566179943,Python,Python (3.4.3),py,Accepted,1712,66640,310,
s538614236,p02936,u056633659,1566179940,C++,C++14 (GCC 5.4.1),cpp,Accepted,249,4736,755,
s513083990,p02936,u713087221,1566179939,Python,PyPy3 (2.4.0),py,Accepted,1795,121520,580,
s502029924,p02936,u625092455,1566179934,C++,C++14 (GCC 5.4.1),cpp,Accepted,290,28160,4745,
s748007544,p02936,u352200121,1566179934,C++,C++14 (GCC 5.4.1),cpp,Time Limit Exceeded,2214,1698432,858,
s356533035,p02936,u531436689,1566179929,Python,PyPy3 (2.4.0),py,Accepted,1215,113864,1065,
s521958610,p02936,u448161583,1566179926,Python,Python (3.4.3),py,Runtime Error,2120,279544,772,
s771002876,p02936,u477062848,1566179925,Python,Python (3.4.3),py,Runtime Error,2106,56676,321,
s819666084,p02936,u174105158,1566179925,C++,C++14 (GCC 5.4.1),cpp,Accepted,603,24448,826,
s557246152,p02936,u016768375,1566179923,Java,Java8 (OpenJDK 1.8.0),java,Time Limit Exceeded,2109,224420,6042,
s817633954,p02936,u687929074,1566179922,Python,Python (3.4.3),py,Runtime Error,656,7152,493,
s070771730,p02936,u191874006,1566179919,Python,PyPy3 (2.4.0),py,Wrong Answer,1517,111380,783,
s758596222,p02936,u412039195,1566179918,C++,C++14 (GCC 5.4.1),cpp,Accepted,99,5504,774,
s554950367,p02936,u547748135,1566179917,C++,C++14 (GCC 5.4.1),cpp,Time Limit Exceeded,2105,24448,1177,
s654165751,p02936,u679759899,1566179914,Python,Python (3.4.3),py,Accepted,1919,250908,601,
s663385993,p02936,u134075835,1566179914,C++,C++14 (GCC 5.4.1),cpp,Runtime Error,105,256,605,
s028632201,p02936,u960267905,1566179914,Python,Python (3.4.3),py,Time Limit Exceeded,2085,98876,1525,
s707222424,p02936,u459798349,1566179913,Python,Python (3.4.3),py,Runtime Error,2106,62476,665,
s503605864,p02936,u727749587,1566179911,C++,C++14 (GCC 5.4.1),cpp,Wrong Answer,418,53632,1188,
s155902882,p02936,u393167737,1566179910,Python,Python (3.4.3),py,Runtime Error,2107,96696,983,
s915490444,p02936,u690438113,1566179909,Haskell,Haskell (GHC 7.10.3),hs,Time Limit Exceeded,2067,220924,1172,
s162447517,p02936,u520815352,1566179908,C++,C++14 (GCC 5.4.1),cpp,Accepted,211,51584,3918,
s709279739,p02936,u571969099,1566179906,Python,PyPy3 (2.4.0),py,Runtime Error,2109,124760,856,
s542582669,p02936,u066120889,1566179906,Haskell,Haskell (GHC 7.10.3),hs,Time Limit Exceeded,2131,449916,1894,
s401327630,p02936,u700762398,1566179905,C++,C++14 (GCC 5.4.1),cpp,Time Limit Exceeded,2105,53788,2236,
s065478030,p02936,u677421794,1566179904,C++,C++14 (GCC 5.4.1),cpp,Accepted,335,17904,1158,
s562300773,p02936,u732142494,1566179904,Java,Java8 (OpenJDK 1.8.0),java,Accepted,1957,163996,1352,
s512223721,p02936,u316069805,1566179903,Java,Java8 (OpenJDK 1.8.0),java,Time Limit Exceeded,2111,393924,2106,
s120574183,p02936,u139458416,1566179903,C++,C++14 (GCC 5.4.1),cpp,Wrong Answer,2104,17024,688,
s271188925,p02936,u282164747,1566179900,Go,Go (1.6),go,Time Limit Exceeded,2108,80256,1375,
s862766405,p02936,u907481435,1566179898,C++,C++14 (GCC 5.4.1),cpp,Wrong Answer,117,23040,1273,
s374404047,p02936,u485731913,1566179896,C++,C++14 (GCC 5.4.1),cpp,Runtime Error,98,3328,1842,
s354704705,p02936,u352969025,1566179895,C++,C++14 (GCC 5.4.1),cpp,Runtime Error,99,256,806,
s942066813,p02936,u081275802,1566179895,C++,C++14 (GCC 5.4.1),cpp,Wrong Answer,2292,37604,1499,
s466399106,p02936,u017810624,1566179894,Python,PyPy3 (2.4.0),py,Accepted,1991,157688,815,
s343369051,p02936,u419255487,1566179893,C++,C++14 (GCC 5.4.1),cpp,Accepted,362,13312,784,
s573443438,p02936,u248869765,1566179893,C#,C# (Mono 4.6.2.0),cs,Runtime Error,29,16096,1510,
s323827022,p02936,u081249228,1566179893,C++,C++14 (GCC 5.4.1),cpp,Wrong Answer,2153,854916,674,
s550627124,p02936,u402651318,1566179892,C++,C++14 (GCC 5.4.1),cpp,Accepted,359,28672,601,
s725310936,p02936,u887207211,1566179891,Python,Python (3.4.3),py,Time Limit Exceeded,2121,282388,735,
s361297467,p02936,u521602455,1566179890,C++,C++14 (GCC 5.4.1),cpp,Runtime Error,392,6528,959,
s398458325,p02936,u245916049,1566179888,C++,C++14 (GCC 5.4.1),cpp,Accepted,566,14848,902,
s012032693,p02936,u882620594,1566179887,C++,C++14 (GCC 5.4.1),cpp,Accepted,128,16244,991,
s690151452,p02936,u194447791,1566179885,C++,C++14 (GCC 5.4.1),cpp,Accepted,83,7168,2299,
s691878854,p02936,u430494842,1566179884,C++,C++14 (GCC 5.4.1),cpp,Accepted,226,27392,3682,
s460201635,p02936,u898925304,1566179884,C,C (GCC 5.4.1),c,Wrong Answer,120,6880,1190,
s653545382,p02936,u905203728,1566179883,Python,PyPy3 (2.4.0),py,Time Limit Exceeded,2111,131092,360,
s891757894,p02936,u477977638,1566179883,Python,Python (3.4.3),py,Wrong Answer,1606,89288,296,
s501243750,p02936,u056626722,1566179882,D,D (LDC 0.17.0),d,Time Limit Exceeded,2104,54268,851,
s181942356,p02936,u079748877,1566179882,Python,Python (3.4.3),py,Time Limit Exceeded,2110,104076,636,
s994875448,p02936,u201660334,1566179881,Python,PyPy3 (2.4.0),py,Time Limit Exceeded,2109,141580,764,
s828346178,p02936,u017271745,1566179880,C++,C++14 (GCC 5.4.1),cpp,Accepted,138,21104,1630,
s999329995,p02936,u037430802,1566179879,Python,PyPy3 (2.4.0),py,Time Limit Exceeded,2112,154536,1333,
s837337746,p02936,u355923883,1566179879,C++,C++14 (GCC 5.4.1),cpp,Accepted,527,49776,2472,
s901985845,p02936,u591589288,1566179879,Python,Python (3.4.3),py,Runtime Error,2213,1800928,864,
s661392876,p02936,u565276400,1566179878,C++,C++14 (Clang 3.8.0),cpp,Accepted,761,26624,3183,
s494282560,p02936,u798316285,1566179877,Python,Python (3.4.3),py,Runtime Error,2106,37720,253,
s901819759,p02936,u102278909,1566179877,Python,PyPy3 (2.4.0),py,Accepted,1471,125020,863,
s216031802,p02936,u793801197,1566179876,Ruby,Ruby (2.3.3),rb,Runtime Error,2110,52604,483,
s424837903,p02936,u433532588,1566179875,Python,Python (3.4.3),py,Time Limit Exceeded,2118,239896,625,
s480697537,p02936,u456611841,1566179875,C++,C++14 (GCC 5.4.1),cpp,Accepted,281,22656,1271,
s733948230,p02936,u889344512,1566179875,Python,Python (3.4.3),py,Time Limit Exceeded,2118,234784,622,
s699166523,p02936,u127882207,1566179874,C++,C++14 (GCC 5.4.1),cpp,Accepted,219,39580,1042,
s200929200,p02936,u705530215,1566179873,C++,C++14 (GCC 5.4.1),cpp,Time Limit Exceeded,2104,24448,734,
s377885282,p02936,u833492079,1566179873,Python,Python (3.4.3),py,Runtime Error,1755,50088,647,
s414925499,p02936,u460245024,1566179873,Python,PyPy3 (2.4.0),py,Runtime Error,2112,173436,599,
s814956316,p02936,u081445141,1566179872,C++,C++14 (GCC 5.4.1),cpp,Accepted,679,13312,645,
s422795117,p02936,u190679129,1566179871,C++,C++14 (GCC 5.4.1),cpp,Accepted,512,25856,893,
s043216880,p02936,u132360211,1566179869,Ruby,Ruby (2.3.3),rb,Wrong Answer,2111,130808,396,
s415731021,p02936,u862569952,1566179868,Python,Python (3.4.3),py,Runtime Error,2106,61944,498,
s982163725,p02936,u528523331,1566179868,C++,C++14 (GCC 5.4.1),cpp,Accepted,286,5504,699,
s679914218,p02936,u102275718,1566179867,Python,Python (3.4.3),py,Time Limit Exceeded,2119,253692,825,
s544219237,p02936,u296518383,1566179866,Python,Python (3.4.3),py,Time Limit Exceeded,2123,317844,698,
s602926405,p02936,u679759899,1566179866,Python,Python (3.4.3),py,Runtime Error,1456,154364,599,
s993303488,p02936,u393352862,1566179865,Python,PyPy3 (2.4.0),py,Time Limit Exceeded,2115,193548,631,
s703941569,p02936,u257541375,1566179864,Python,PyPy3 (2.4.0),py,Runtime Error,2111,125760,711,
s625714214,p02936,u338929851,1566179864,Python,Python (3.4.3),py,Runtime Error,298,18452,923,
s440553841,p02936,u019183101,1566179863,Java,Java8 (OpenJDK 1.8.0),java,Runtime Error,907,875092,1435,
s733550224,p02936,u408372746,1566179863,C++,C++14 (GCC 5.4.1),cpp,Accepted,285,14080,546,
s424378278,p02936,u679291177,1566179863,Ruby,Ruby (2.3.3),rb,Runtime Error,2109,41468,330,
s436910657,p02936,u074230519,1566179862,Python,Python (3.4.3),py,Runtime Error,1843,140144,747,
s195631640,p02936,u987143553,1566179860,Python,Python (3.4.3),py,Time Limit Exceeded,2110,109428,821,
s110304181,p02936,u153537680,1566179859,Kotlin,Kotlin (1.0.0),kt,Compile Error,,,1254,
s935032111,p02936,u002122093,1566179858,C++,C++14 (GCC 5.4.1),cpp,Accepted,312,5504,468,
s076131883,p02936,u808449256,1566179857,C++,C++14 (GCC 5.4.1),cpp,Time Limit Exceeded,2220,829368,1276,
s053508512,p02936,u499889187,1566179856,Java,Java8 (OpenJDK 1.8.0),java,Time Limit Exceeded,2110,243168,3320,
s999541679,p02936,u375639135,1566179856,C++,C++14 (GCC 5.4.1),cpp,Runtime Error,100,5760,949,
s403270722,p02936,u516483179,1566179855,Python,Python (3.4.3),py,Runtime Error,1579,59560,307,
s350411277,p02936,u761529120,1566179855,Python,PyPy3 (2.4.0),py,Time Limit Exceeded,2125,380024,661,
s915929959,p02936,u688447129,1566179854,Python,Python (3.4.3),py,Accepted,1573,90500,645,
s331687268,p02936,u866119355,1566179853,C++,C++14 (GCC 5.4.1),cpp,Time Limit Exceeded,2104,14832,1806,
s677317602,p02936,u153556810,1566179853,Java,Java8 (OpenJDK 1.8.0),java,Runtime Error,2110,487168,1407,
s443186374,p02936,u915934642,1566179850,C++,C++14 (GCC 5.4.1),cpp,Accepted,335,22128,1184,
s271576355,p02936,u567208278,1566179849,Rust,Rust (1.15.1),rs,Time Limit Exceeded,2104,48572,2895,
s816503251,p02936,u698883164,1566179844,C++,C++14 (GCC 5.4.1),cpp,Wrong Answer,2105,32000,1140,
s238199203,p02936,u485731913,1566179840,C++,C++14 (GCC 5.4.1),cpp,Runtime Error,105,3328,1840,
s203585381,p02936,u889344512,1566179838,Python,Python (3.4.3),py,Runtime Error,17,2940,596,
s178090722,p02936,u656672211,1566179836,C++,C++14 (GCC 5.4.1),cpp,Accepted,336,94080,765,
s929208490,p02936,u056277698,1566179836,Python,Python (3.4.3),py,Time Limit Exceeded,2181,1278280,732,
s362581540,p02936,u907481435,1566179836,C++,C++14 (GCC 5.4.1),cpp,Runtime Error,116,3328,1273,
s769840400,p02936,u500655940,1566179836,Python,PyPy3 (2.4.0),py,Runtime Error,2109,148696,526,
s386787081,p02936,u133566678,1566179833,Python,Python (3.4.3),py,Time Limit Exceeded,2113,149624,654,
s516889716,p02936,u419633921,1566179832,C++,C++14 (Clang 3.8.0),cpp,Runtime Error,2107,793728,808,
s843304517,p02936,u907481435,1566179831,C++,C++14 (GCC 5.4.1),cpp,Runtime Error,117,3328,1273,
s977626945,p02936,u052746401,1566179829,C++,C++14 (GCC 5.4.1),cpp,Time Limit Exceeded,2104,21196,1755,
s708532048,p02936,u961683878,1566179828,Rust,Rust (1.15.1),rs,Time Limit Exceeded,2105,54908,2557,
s401148601,p02936,u982630224,1566179828,Java,Java8 (OpenJDK 1.8.0),java,Accepted,1699,179756,1908,
s360737277,p02936,u684820500,1566179827,C++,C++14 (GCC 5.4.1),cpp,Accepted,311,24320,775,
s394078873,p02936,u572271833,1566179827,Python,PyPy3 (2.4.0),py,Wrong Answer,1809,120408,621,
s965648142,p02936,u294050910,1566179822,C++,C++14 (GCC 5.4.1),cpp,Time Limit Exceeded,2188,1411784,7486,
s119404328,p02936,u168139048,1566179822,Python,Python (3.4.3),py,Accepted,1793,88208,958,
s897514006,p02936,u029166898,1566179818,C++,C++14 (GCC 5.4.1),cpp,Time Limit Exceeded,2104,5760,800,
s243319017,p02936,u268181283,1566179818,Python,Python (3.4.3),py,Time Limit Exceeded,2111,125736,410,
s163097010,p02936,u536493833,1566179817,C++,C++14 (GCC 5.4.1),cpp,Wrong Answer,321,30708,675,
s507417323,p02936,u806149033,1566179816,C++,C++14 (GCC 5.4.1),cpp,Accepted,280,25088,1119,
s456513371,p02936,u146364934,1566179813,Java,Java8 (OpenJDK 1.8.0),java,Time Limit Exceeded,2115,824016,1619,
s200252438,p02936,u955723966,1566179813,C++,C++14 (GCC 5.4.1),cpp,Accepted,138,27904,939,
s459881280,p02936,u106103668,1566179812,Python,Python (3.4.3),py,Runtime Error,2111,131312,700,
s358204779,p02936,u312943292,1566179809,C++,C++14 (GCC 5.4.1),cpp,Time Limit Exceeded,2103,5376,1114,
s006949353,p02936,u690438113,1566179807,Haskell,Haskell (GHC 7.10.3),hs,Time Limit Exceeded,2116,212348,1167,
s953087227,p02936,u456353530,1566179805,Python,PyPy3 (2.4.0),py,Accepted,1295,136404,805,
s941974372,p02936,u830054172,1566179804,Python,Python (3.4.3),py,Time Limit Exceeded,2110,107832,516,
s146859909,p02936,u253952966,1566179801,Python,Python (3.4.3),py,Runtime Error,2108,73616,648,
s677102568,p02936,u081275802,1566179800,C++,C++14 (GCC 5.4.1),cpp,Time Limit Exceeded,2336,39012,1484,
s704877972,p02936,u561976793,1566179799,C++,C++14 (GCC 5.4.1),cpp,Time Limit Exceeded,2103,10240,7575,
s015029547,p02936,u346308892,1566179799,Python,Python (3.4.3),py,Runtime Error,1995,78680,532,
s357621383,p02936,u845434829,1566179798,Java,Java8 (OpenJDK 1.8.0),java,Accepted,695,101652,1436,
s444756512,p02936,u732142494,1566179798,Java,Java8 (OpenJDK 1.8.0),java,Time Limit Exceeded,2109,165368,1310,
s503338642,p02936,u127882207,1566179797,C++,C++14 (GCC 5.4.1),cpp,Runtime Error,193,36636,1042,
s011441149,p02936,u624617831,1566179795,Python,Python (3.4.3),py,Runtime Error,149,12516,506,
s321045772,p02936,u509621775,1566179795,Python,Python (3.4.3),py,Runtime Error,2116,219316,493,
s354313713,p02936,u200509145,1566179794,C++,C++14 (GCC 5.4.1),cpp,Accepted,287,14080,805,
s806676816,p02936,u876846619,1566179794,Ruby,Ruby (2.3.3),rb,Wrong Answer,823,38496,299,
s411691421,p02936,u627417051,1566179791,Python,PyPy3 (2.4.0),py,Time Limit Exceeded,2037,128476,813,
s470447438,p02936,u951672936,1566179791,Java,Java8 (OpenJDK 1.8.0),java,Wrong Answer,1586,142920,8527,
s868750794,p02936,u154695370,1566179790,C,C (GCC 5.4.1),c,Time Limit Exceeded,2104,6528,1013,
s848604740,p02936,u515548399,1566179790,Kotlin,Kotlin (1.0.0),kt,Wrong Answer,1142,135616,5039,
s264901448,p02936,u761384779,1566179788,C++,C++14 (GCC 5.4.1),cpp,Runtime Error,255,6136,648,
s335151117,p02936,u879434320,1566179787,C++,C++14 (GCC 5.4.1),cpp,Time Limit Exceeded,2103,5504,802,
s415210639,p02936,u838644735,1566179786,Python,PyPy3 (2.4.0),py,Runtime Error,2111,161584,1133,
s461032767,p02936,u889750959,1566179786,Kotlin,Kotlin (1.0.0),kt,Accepted,1978,158048,897,
s288725270,p02936,u078817586,1566179786,Java,Java8 (OpenJDK 1.8.0),java,Runtime Error,612,915408,3579,
s984016959,p02936,u415325136,1566179786,C++,C++14 (GCC 5.4.1),cpp,Wrong Answer,99,5376,480,
s482621818,p02936,u343198724,1566179781,C++,C++14 (GCC 5.4.1),cpp,Time Limit Exceeded,2107,4096,834,
s830581857,p02936,u444349080,1566179779,C++,C++14 (GCC 5.4.1),cpp,Accepted,247,3968,768,
s882513233,p02936,u480887263,1566179778,Python,PyPy3 (2.4.0),py,Time Limit Exceeded,2111,131612,534,
s207653690,p02936,u059262067,1566179778,Python,Python (3.4.3),py,Accepted,1905,93316,373,
s680532976,p02936,u052546116,1566179778,C++,C++ (GCC 5.4.1),cpp,Accepted,335,17268,908,
s708665488,p02936,u190018920,1566179778,C++,C++14 (GCC 5.4.1),cpp,Accepted,350,23424,790,
s995934962,p02936,u926598368,1566179774,C#,C# (Mono 4.6.2.0),cs,Time Limit Exceeded,2111,62592,1344,
s340054206,p02936,u307700000,1566179774,C++,C++14 (GCC 5.4.1),cpp,Accepted,103,17280,679,
s629812567,p02936,u541784678,1566179773,C++,C++14 (GCC 5.4.1),cpp,Time Limit Exceeded,2220,1663920,1407,
s633930424,p02936,u500655940,1566179770,Python,PyPy3 (2.4.0),py,Runtime Error,2110,130868,586,
s118463936,p02936,u922965680,1566179769,Python,PyPy3 (2.4.0),py,Runtime Error,1121,150236,840,
s690288883,p02936,u350248178,1566179768,Python,PyPy3 (2.4.0),py,Time Limit Exceeded,2113,175472,2967,
s235671429,p02936,u492148983,1566179767,C++,C++14 (GCC 5.4.1),cpp,Accepted,102,23680,791,
s607332573,p02936,u562728594,1566179767,C++,C++14 (GCC 5.4.1),cpp,Time Limit Exceeded,2103,6912,932,
s877982879,p02936,u222188267,1566179766,C++,C++14 (GCC 5.4.1),cpp,Accepted,271,6272,1142,
s859658001,p02936,u975658594,1566179763,Python,Python (3.4.3),py,Time Limit Exceeded,2111,133280,2037,
s594613331,p02936,u003209891,1566179760,C++,C++14 (GCC 5.4.1),cpp,Accepted,289,16512,804,
s918103622,p02936,u864888234,1566179759,C++,C++14 (GCC 5.4.1),cpp,Accepted,133,25856,860,
s909000568,p02936,u193182854,1566179759,Python,PyPy3 (2.4.0),py,Runtime Error,2149,759544,381,
s072087420,p02936,u415046751,1566179758,C++,C++14 (GCC 5.4.1),cpp,Accepted,322,3968,433,
s677725628,p02936,u041783158,1566179757,Python,Python (3.4.3),py,Time Limit Exceeded,2110,141640,719,
s912883291,p02936,u459798349,1566179756,Python,Python (3.4.3),py,Wrong Answer,1378,50748,346,
s751457655,p02936,u732546570,1566179755,C++,C++14 (GCC 5.4.1),cpp,Time Limit Exceeded,2104,21376,913,
s661310019,p02936,u909991537,1566179754,Python,PyPy3 (2.4.0),py,Time Limit Exceeded,2156,866368,479,
s718154432,p02936,u773916255,1566179754,C++,C++14 (GCC 5.4.1),cpp,Accepted,376,35656,1675,
s572145063,p02936,u084324798,1566179753,Python,Python (3.4.3),py,Runtime Error,2113,166924,634,
s125753805,p02936,u776649162,1566179753,Ruby,Ruby (2.3.3),rb,Runtime Error,2110,53244,1250,
s638238615,p02936,u255943004,1566179752,Python,PyPy3 (2.4.0),py,Runtime Error,2111,145472,1233,
s575795294,p02936,u439009525,1566179750,Python,PyPy3 (2.4.0),py,Runtime Error,2111,157292,590,
s957610998,p02936,u335830383,1566179749,Python,PyPy3 (2.4.0),py,Runtime Error,1909,138656,737,
s263534034,p02936,u509911932,1566179749,Python,PyPy3 (2.4.0),py,Time Limit Exceeded,2123,241844,841,
s117768682,p02936,u841641310,1566179749,C++,C++14 (GCC 5.4.1),cpp,Time Limit Exceeded,2225,1915520,1133,
s324600149,p02936,u101112282,1566179748,Ruby,Ruby (2.3.3),rb,Runtime Error,2109,30844,362,
s277487156,p02936,u608297208,1566179748,Nim,Nim (0.13.0),nim,Accepted,659,35584,714,
s273956315,p02936,u693048766,1566179746,Python,PyPy3 (2.4.0),py,Runtime Error,2114,211324,838,
s998317693,p02936,u482583772,1566179746,Ruby,Ruby (2.3.3),rb,Accepted,871,39804,507,
s562404389,p02936,u355424600,1566179744,C++,C++14 (GCC 5.4.1),cpp,Accepted,276,14336,1132,
s806594084,p02936,u037430802,1566179744,Python,PyPy3 (2.4.0),py,Time Limit Exceeded,2111,152316,1318,
s359574931,p02936,u300866293,1566179742,C++,C++14 (GCC 5.4.1),cpp,Wrong Answer,2104,29568,4828,
s344566222,p02936,u794565416,1566179742,C++,C++14 (GCC 5.4.1),cpp,Accepted,305,16512,727,
s301460363,p02936,u115110170,1566179741,Python,Python (3.4.3),py,Time Limit Exceeded,2350,21980,558,
s595820788,p02936,u072949274,1566179741,Python,PyPy3 (2.4.0),py,Runtime Error,2110,126364,413,
s863880569,p02936,u882209234,1566179740,Python,Python (3.4.3),py,Time Limit Exceeded,2118,262788,523,
s782148218,p02936,u634461820,1566179740,Python,PyPy3 (2.4.0),py,Accepted,1811,141532,1011,
s401949764,p02936,u934099192,1566179739,Python,Python (3.4.3),py,Runtime Error,149,12484,752,
s757239035,p02936,u204523044,1566179739,Python,Python (3.4.3),py,Time Limit Exceeded,2117,230764,467,
s800222504,p02936,u076635704,1566179738,C++,C++14 (GCC 5.4.1),cpp,Accepted,150,30592,1497,
s298592128,p02936,u830054172,1566179735,Python,PyPy3 (2.4.0),py,Time Limit Exceeded,2110,131436,504,
s854422439,p02936,u639426108,1566179734,C++,C++14 (GCC 5.4.1),cpp,Accepted,584,24320,696,
s906373699,p02936,u386782537,1566179732,Python,Python (3.4.3),py,Time Limit Exceeded,2104,5396,675,
s481666328,p02936,u688382286,1566179732,Python,Python (3.4.3),py,Time Limit Exceeded,2108,95144,652,
s969681312,p02936,u215237678,1566179732,C++,C++14 (GCC 5.4.1),cpp,Accepted,339,12416,1007,
s014813937,p02936,u894950682,1566179730,C++,C++14 (GCC 5.4.1),cpp,Time Limit Exceeded,2105,34664,1916,
s391611191,p02936,u352248517,1566179729,C++,C++14 (GCC 5.4.1),cpp,Wrong Answer,2104,25856,1167,
s704851596,p02936,u571199625,1566179728,Python,Python (3.4.3),py,Runtime Error,2110,144000,482,
s788426300,p02936,u683434310,1566179725,C,C (GCC 5.4.1),c,Runtime Error,2107,1048192,1158,
s616998401,p02936,u829479414,1566179724,C++,C++14 (GCC 5.4.1),cpp,Accepted,192,33280,1691,
s077918450,p02936,u591589288,1566179723,Python,Python (3.4.3),py,Runtime Error,2116,221656,833,
s437512922,p02936,u658096542,1566179722,C++,C++14 (GCC 5.4.1),cpp,Time Limit Exceeded,2226,1726344,1231,
s875666937,p02936,u436832975,1566179718,C++,C++14 (GCC 5.4.1),cpp,Time Limit Exceeded,2112,144000,1713,
s422638949,p02936,u635358463,1566179718,C++,C++14 (GCC 5.4.1),cpp,Accepted,574,16512,661,
s208674621,p02936,u806149033,1566179717,C++,C++14 (GCC 5.4.1),cpp,Runtime Error,327,7284,1119,
s973441020,p02936,u668711082,1566179716,C++,C++14 (GCC 5.4.1),cpp,Accepted,155,30592,2740,
s950398548,p02936,u138486156,1566179715,Python,PyPy3 (2.4.0),py,Runtime Error,2109,125388,826,
s187125300,p02936,u153537680,1566179715,Kotlin,Kotlin (1.0.0),kt,Compile Error,,,1312,
s199673235,p02936,u037430802,1566179713,Python,Python (3.4.3),py,Time Limit Exceeded,2107,70908,1318,
s728569263,p02936,u393167737,1566179713,Python,Python (3.4.3),py,Runtime Error,2108,108980,1062,
s747970751,p02936,u117657834,1566179713,Java,Java8 (OpenJDK 1.8.0),java,Time Limit Exceeded,2109,165436,918,
s837339402,p02936,u638629468,1566179712,Go,Go (1.6),go,Accepted,1030,50944,1238,
s181900764,p02936,u091286840,1566179712,C++,C++14 (GCC 5.4.1),cpp,Accepted,132,24320,489,
s269890807,p02936,u677421794,1566179711,C++,C++14 (GCC 5.4.1),cpp,Runtime Error,390,15856,1158,
s522542606,p02936,u448994613,1566179711,Python,PyPy3 (2.4.0),py,Wrong Answer,2107,88212,2331,
s082986952,p02936,u608297208,1566179711,Nim,Nim (0.13.0),nim,Runtime Error,572,33276,714,
s548378048,p02936,u685854307,1566179709,C++,C++14 (GCC 5.4.1),cpp,Accepted,368,20608,873,
s519178743,p02936,u346214077,1566179708,C++,C++14 (GCC 5.4.1),cpp,Time Limit Exceeded,2103,6400,618,
s237204585,p02936,u419070059,1566179704,C++,C++14 (GCC 5.4.1),cpp,Accepted,116,21120,697,
s248671749,p02936,u039623862,1566179704,C++,C++14 (GCC 5.4.1),cpp,Accepted,332,24448,918,
s258819643,p02936,u519180097,1566179702,C++,C++14 (GCC 5.4.1),cpp,Wrong Answer,309,36608,1495,
s798526212,p02936,u627417051,1566179701,Python,PyPy3 (2.4.0),py,Time Limit Exceeded,2110,126988,811,
s665978704,p02936,u904258057,1566179699,Python,Python (3.4.3),py,Time Limit Exceeded,2110,103784,521,
s784072409,p02936,u322354465,1566179698,Python,Python (3.4.3),py,Runtime Error,1626,82380,659,
s496820491,p02936,u845434829,1566179695,Java,Java8 (OpenJDK 1.8.0),java,Wrong Answer,529,99252,1291,
s552915340,p02936,u294050910,1566179695,C++,C++14 (GCC 5.4.1),cpp,Time Limit Exceeded,2189,1411784,7480,
s945831224,p02936,u445515168,1566179694,Go,Go (1.6),go,Accepted,389,68608,2494,
s979133355,p02936,u307700000,1566179692,C++,C++14 (GCC 5.4.1),cpp,Runtime Error,2111,266240,679,
s958183955,p02936,u515548399,1566179691,Kotlin,Kotlin (1.0.0),kt,Wrong Answer,500,68044,5055,
s172966768,p02936,u365078800,1566179691,Java,Java8 (OpenJDK 1.8.0),java,Runtime Error,600,871760,1569,
s749557192,p02936,u753803401,1566179691,Python,Python (3.4.3),py,Accepted,1837,134996,342,
s439070691,p02936,u703205079,1566179689,C++,C++14 (GCC 5.4.1),cpp,Time Limit Exceeded,2104,22144,1087,
s358353433,p02936,u177411511,1566179688,Python,PyPy3 (2.4.0),py,Runtime Error,2106,109260,513,
s705849512,p02936,u227476288,1566179687,Python,PyPy3 (2.4.0),py,Time Limit Exceeded,2109,91260,407,
s776568952,p02936,u386806796,1566179686,C++,C++14 (GCC 5.4.1),cpp,Accepted,334,39680,1181,
s144402926,p02936,u056633659,1566179685,C++,C++14 (GCC 5.4.1),cpp,Time Limit Exceeded,2103,3712,627,
s856693316,p02936,u382798283,1566179685,C#,C# (Mono 4.6.2.0),cs,Time Limit Exceeded,2115,89424,1764,
s379443688,p02936,u577926181,1566179684,C++,C++14 (GCC 5.4.1),cpp,Time Limit Exceeded,2104,24192,993,
s987145765,p02936,u857596000,1566179684,C++,C++14 (GCC 5.4.1),cpp,Time Limit Exceeded,2103,3712,666,
s565673530,p02936,u714300041,1566179684,Python,PyPy3 (2.4.0),py,Runtime Error,2111,134004,732,
s166717092,p02936,u155416173,1566179683,C++,C++14 (GCC 5.4.1),cpp,Accepted,134,24504,1764,
s731079649,p02936,u528087569,1566179683,Python,Python (3.4.3),py,Runtime Error,2106,36180,545,
s996907080,p02936,u064246852,1566179682,Python,PyPy3 (2.4.0),py,Time Limit Exceeded,2122,318464,489,
s191508756,p02936,u064100484,1566179681,Ruby,Ruby (2.3.3),rb,Accepted,757,22140,252,
s129677809,p02936,u516483179,1566179681,Python,Python (3.4.3),py,Time Limit Exceeded,2017,66648,328,
s617318084,p02936,u982594421,1566179681,Python,Python (3.4.3),py,Time Limit Exceeded,2111,84132,526,
s682618166,p02936,u688126754,1566179679,Python,PyPy3 (2.4.0),py,Runtime Error,2110,156244,1147,
s733320213,p02936,u907059006,1566179678,C#,C# (Mono 4.6.2.0),cs,Wrong Answer,2109,47920,1470,
s416068032,p02936,u740813346,1566179676,Python,Python (3.4.3),py,Runtime Error,2111,72304,477,
s843490337,p02936,u063131621,1566179674,C++,C++14 (GCC 5.4.1),cpp,Accepted,295,21120,1047,
s052276642,p02936,u373111370,1566179672,C++,C++14 (GCC 5.4.1),cpp,Time Limit Exceeded,2104,20224,474,
s926503314,p02936,u552357043,1566179672,Python,Python (3.4.3),py,Runtime Error,2112,170556,680,
s191880140,p02936,u420528322,1566179671,C++,C++14 (GCC 5.4.1),cpp,Time Limit Exceeded,2132,390272,781,
s948673464,p02936,u019637926,1566179670,Python,PyPy3 (2.4.0),py,Time Limit Exceeded,2152,803960,535,
s220148135,p02936,u358469267,1566179669,C++,C++14 (GCC 5.4.1),cpp,Wrong Answer,355,244864,824,
s966711029,p02936,u515548399,1566179669,Kotlin,Kotlin (1.0.0),kt,Compile Error,,,5059,
s041920796,p02936,u329731898,1566179668,C++,C++14 (GCC 5.4.1),cpp,Time Limit Exceeded,2104,24192,1095,
s219011160,p02936,u187516587,1566179667,Python,Python (3.4.3),py,Time Limit Exceeded,2106,46432,305,
s488920063,p02936,u761384779,1566179666,C++,C++14 (GCC 5.4.1),cpp,Runtime Error,262,6136,668,
s591400944,p02936,u643495354,1566179665,Python,PyPy3 (2.4.0),py,Time Limit Exceeded,2142,586812,631,
s290011459,p02936,u206390872,1566179663,C++,C++14 (GCC 5.4.1),cpp,Runtime Error,158,7668,1403,
s166242272,p02936,u571199625,1566179660,Python,Python (3.4.3),py,Runtime Error,2106,153836,475,
s406815071,p02936,u753803401,1566179659,Python,Python (3.4.3),py,Wrong Answer,1787,136184,341,
s633666089,p02936,u175426149,1566179658,Python,Python (3.4.3),py,Accepted,1794,64924,516,
s992201289,p02936,u250943952,1566179656,Python,Python (3.4.3),py,Time Limit Exceeded,2119,263904,927,
s245253229,p02936,u211255798,1566179656,C++,C++14 (GCC 5.4.1),cpp,Accepted,188,30464,649,
s140456729,p02936,u493750228,1566179656,C++,C++14 (GCC 5.4.1),cpp,Accepted,117,21120,1442,
s517341845,p02936,u736089898,1566179655,C++,C++14 (GCC 5.4.1),cpp,Accepted,190,25856,1378,
s907452444,p02936,u064246852,1566179654,Python,Python (3.4.3),py,Time Limit Exceeded,2115,209272,489,
s509539638,p02936,u193182854,1566179652,Python,Python (3.4.3),py,Runtime Error,2106,47664,380,
s282599990,p02936,u318616028,1566179650,C++,C++14 (GCC 5.4.1),cpp,Accepted,223,27392,1017,
s976882979,p02936,u506340217,1566179650,C++,C++14 (GCC 5.4.1),cpp,Accepted,143,56704,1434,
s538255846,p02936,u194447791,1566179648,C++,C++14 (GCC 5.4.1),cpp,Time Limit Exceeded,2103,7040,2274,
s263244959,p02936,u506340217,1566179645,Python,Python (2.7.6),py,Runtime Error,12,2568,1434,
s777058426,p02936,u451017206,1566179645,Python,PyPy3 (2.4.0),py,Time Limit Exceeded,2110,140356,666,
s204671184,p02936,u798818115,1566179645,Python,PyPy3 (2.4.0),py,Wrong Answer,2110,113056,492,
s877785815,p02936,u889911242,1566179640,C++,C++14 (GCC 5.4.1),cpp,Time Limit Exceeded,2107,24192,1126,
s577490443,p02936,u075539606,1566179637,Python,PyPy3 (2.4.0),py,Time Limit Exceeded,2108,73816,517,
s123803762,p02936,u895536055,1566179636,C++,C++14 (GCC 5.4.1),cpp,Time Limit Exceeded,2104,22144,699,
s158913364,p02936,u528087569,1566179636,Python,Python (3.4.3),py,Runtime Error,2106,40108,558,
s615284638,p02936,u699752889,1566179635,Python,Python (3.4.3),py,Time Limit Exceeded,2106,82168,937,
s818086192,p02936,u147571984,1566179635,C++,C++14 (GCC 5.4.1),cpp,Time Limit Exceeded,2104,22144,1003,
s621242085,p02936,u635484372,1566179632,C++,C++14 (GCC 5.4.1),cpp,Accepted,132,30576,1735,
s755221866,p02936,u376082984,1566179630,C++,C++14 (GCC 5.4.1),cpp,Wrong Answer,377,39296,3859,
s866073535,p02936,u257541375,1566179626,Python,PyPy3 (2.4.0),py,Runtime Error,2111,125760,743,
s329464770,p02936,u900045983,1566179626,C++,C++14 (Clang 3.8.0),cpp,Accepted,775,36736,1125,
s851195948,p02936,u693048766,1566179625,Python,Python (3.4.3),py,Runtime Error,2114,188724,838,
s227464699,p02936,u340293807,1566179622,C++,C++14 (GCC 5.4.1),cpp,Wrong Answer,282,14080,2183,
s517416883,p02936,u489316980,1566179621,Java,Java8 (OpenJDK 1.8.0),java,Time Limit Exceeded,2110,358212,1326,
s110966673,p02936,u627325970,1566179621,Python,Python (3.4.3),py,Runtime Error,2111,139840,827,
s173802502,p02936,u822160737,1566179621,C++,C++14 (GCC 5.4.1),cpp,Accepted,457,37504,2804,
s066785015,p02936,u264113350,1566179619,Python,Python (3.4.3),py,Time Limit Exceeded,2105,28920,455,
s976261404,p02936,u328099989,1566179618,Go,Go (1.6),go,Time Limit Exceeded,2108,20096,870,
s961658531,p02936,u679759899,1566179617,Python,PyPy3 (2.4.0),py,Time Limit Exceeded,2152,800800,599,
s481754994,p02936,u063404629,1566179616,C++,C++14 (GCC 5.4.1),cpp,Accepted,123,20336,2729,
s185398401,p02936,u515548399,1566179615,Kotlin,Kotlin (1.0.0),kt,Compile Error,,,5016,
s974725903,p02936,u572483595,1566179614,Java,Java8 (OpenJDK 1.8.0),java,Accepted,1565,175596,1624,
s121066509,p02936,u204523044,1566179614,Python,Python (3.4.3),py,Runtime Error,2107,63608,427,
s210880839,p02936,u624617831,1566179613,Python,Python (3.4.3),py,Runtime Error,149,12512,466,
s132713035,p02936,u177542669,1566179613,C++,C++ (GCC 5.4.1),cpp,Accepted,92,14848,1413,
s914979891,p02936,u448994613,1566179609,Python,PyPy3 (2.4.0),py,Wrong Answer,2107,93004,2233,
s255613724,p02936,u104282757,1566179609,Python,PyPy3 (2.4.0),py,Time Limit Exceeded,2110,136076,695,
s668291908,p02936,u951403082,1566179606,C++,C++14 (GCC 5.4.1),cpp,Time Limit Exceeded,2104,19712,1022,
s042827692,p02936,u184115330,1566179606,C++,C++14 (GCC 5.4.1),cpp,Wrong Answer,2104,6144,1629,
s772418928,p02936,u136090046,1566179605,Python,Python (3.4.3),py,Time Limit Exceeded,2114,166876,2387,
s139811143,p02936,u738289281,1566179602,C++,C++14 (Clang 3.8.0),cpp,Accepted,785,16372,1719,
s260153209,p02936,u340153434,1566179602,Python,Python (3.4.3),py,Accepted,1990,92152,593,
s938277796,p02936,u889344512,1566179602,Python,Python (3.4.3),py,Time Limit Exceeded,2118,232836,507,
s894462401,p02936,u296518383,1566179602,Python,Python (3.4.3),py,Runtime Error,19,3064,661,
s745840855,p02936,u097408484,1566179601,C++,C++14 (GCC 5.4.1),cpp,Accepted,141,16372,3267,
s813786314,p02936,u153556810,1566179601,Java,Java8 (OpenJDK 1.8.0),java,Wrong Answer,2109,212788,1191,
s465308374,p02936,u761471989,1566179600,Python,Python (3.4.3),py,Time Limit Exceeded,2107,87672,639,
s576285169,p02936,u693391925,1566179600,Python,Python (3.4.3),py,Runtime Error,2109,109904,499,
s275525619,p02936,u688382286,1566179599,Python,Python (3.4.3),py,Wrong Answer,2108,95060,640,
s875556681,p02936,u195943121,1566179599,Java,Java8 (OpenJDK 1.8.0),java,Time Limit Exceeded,2110,201720,1040,
s345518341,p02936,u549937010,1566179598,C++,C++14 (GCC 5.4.1),cpp,Accepted,653,12532,642,
s440351344,p02936,u189188797,1566179598,Python,Python (3.4.3),py,Runtime Error,2106,38700,441,
s654584981,p02936,u716314620,1566179596,C++,C++14 (GCC 5.4.1),cpp,Time Limit Exceeded,2104,21376,798,
s454556410,p02936,u407160848,1566179596,Python,PyPy3 (2.4.0),py,Accepted,1190,172688,1231,
s044536473,p02936,u135522671,1566179596,Python,Python (3.4.3),py,Wrong Answer,2107,88688,867,
s130270272,p02936,u002122093,1566179595,C++,C++14 (GCC 5.4.1),cpp,Time Limit Exceeded,2103,3712,531,
s542346905,p02936,u230055397,1566179595,C++,C++14 (GCC 5.4.1),cpp,Accepted,155,24320,3823,
s182389208,p02936,u519655118,1566179595,C++,C++14 (GCC 5.4.1),cpp,Time Limit Exceeded,2104,18176,992,
s706775253,p02936,u754095983,1566179593,Java,Java8 (OpenJDK 1.8.0),java,Accepted,677,88048,1868,
s236525787,p02936,u093384595,1566179593,Python,Python (3.4.3),py,Accepted,1606,45804,371,
s385776779,p02936,u660918420,1566179593,C++,C++14 (GCC 5.4.1),cpp,Runtime Error,99,2304,608,
s636637459,p02936,u532096498,1566179592,C++,C++14 (GCC 5.4.1),cpp,Time Limit Exceeded,2439,59580,1339,
s272989799,p02936,u829479414,1566179591,C++,C++14 (GCC 5.4.1),cpp,Runtime Error,176,20728,1679,
s099967880,p02936,u892395063,1566179591,Java,Java8 (OpenJDK 1.8.0),java,Time Limit Exceeded,2110,363528,1136,
s497144945,p02936,u666490638,1566179591,C++,C++14 (GCC 5.4.1),cpp,Time Limit Exceeded,2240,2096252,1091,
s059151057,p02936,u482794458,1566179589,C++,C++14 (GCC 5.4.1),cpp,Accepted,134,36480,1073,
s053792507,p02936,u374517378,1566179588,C++,C++14 (GCC 5.4.1),cpp,Accepted,310,46720,2392,
s917487481,p02936,u504228740,1566179586,Java,Java8 (OpenJDK 1.8.0),java,Time Limit Exceeded,2110,216308,794,
s880616115,p02936,u086244479,1566179583,C++,C++14 (GCC 5.4.1),cpp,Accepted,360,25856,1250,
s391404764,p02936,u883745615,1566179583,Python,PyPy3 (2.4.0),py,Runtime Error,1985,126028,697,
s349830730,p02936,u635182517,1566179581,Python,Python (3.4.3),py,Runtime Error,2111,129276,549,
s504603806,p02936,u257724718,1566179580,C++,C++14 (GCC 5.4.1),cpp,Accepted,347,47872,1418,
s525217289,p02936,u451017206,1566179579,Python,Python (3.4.3),py,Time Limit Exceeded,2023,108952,666,
s539422173,p02936,u344644921,1566179578,C++,C++14 (GCC 5.4.1),cpp,Accepted,133,26112,817,
s796683260,p02936,u999406210,1566179578,C++,C++14 (GCC 5.4.1),cpp,Runtime Error,130,2944,3766,
s089121055,p02936,u046243277,1566179577,C,C (GCC 5.4.1),c,Time Limit Exceeded,2103,4096,487,
s736141056,p02936,u465233477,1566179574,C++,C++14 (GCC 5.4.1),cpp,Accepted,326,31476,1320,
s797522085,p02936,u402651318,1566179574,C++,C++14 (GCC 5.4.1),cpp,Runtime Error,2112,276856,596,
s800353742,p02936,u652583512,1566179572,Python,Python (3.4.3),py,Runtime Error,2108,85700,530,
s183515166,p02936,u621374656,1566179570,JavaScript,JavaScript (node.js v5.12),js,Runtime Error,776,112180,789,
s765401951,p02936,u460245024,1566179570,Python,Python (3.4.3),py,Runtime Error,2113,175464,632,
s658180863,p02936,u926556921,1566179570,C++,C++14 (GCC 5.4.1),cpp,Accepted,132,17908,1506,
s386749981,p02936,u572483595,1566179569,Java,Java8 (OpenJDK 1.8.0),java,Time Limit Exceeded,2109,170648,1590,
s171645588,p02936,u554988565,1566179569,C++,C++14 (GCC 5.4.1),cpp,Time Limit Exceeded,2118,240896,905,
s788405588,p02936,u571199625,1566179568,Python,Python (3.4.3),py,Runtime Error,2105,55792,425,
s787692110,p02936,u833543158,1566179566,Python,Python (3.4.3),py,Wrong Answer,2109,121928,837,
s714840072,p02936,u500297289,1566179565,Python,PyPy3 (2.4.0),py,Time Limit Exceeded,2125,353784,620,
s051583568,p02936,u020230257,1566179563,C++,C++14 (GCC 5.4.1),cpp,Accepted,344,21120,986,
s994068422,p02936,u711705317,1566179563,Ruby,Ruby (2.3.3),rb,Accepted,713,34016,407,
s284519048,p02936,u961683878,1566179562,Rust,Rust (1.15.1),rs,Time Limit Exceeded,2467,2014492,2599,
s890346298,p02936,u419633921,1566179561,C++,C++14 (Clang 3.8.0),cpp,Runtime Error,99,4352,808,
s528844960,p02936,u356605738,1566179561,D,D (DMD64 v2.070.1),d,Accepted,531,36220,1696,
s549492556,p02936,u516922881,1566179560,C++,C++14 (GCC 5.4.1),cpp,Accepted,377,41472,909,
s662736861,p02936,u475487788,1566179560,C#,C# (Mono 4.6.2.0),cs,Time Limit Exceeded,2110,62232,4488,
s361971445,p02936,u021816855,1566179559,C++,C++14 (GCC 5.4.1),cpp,Time Limit Exceeded,2105,42496,610,
s526912640,p02936,u360153728,1566179556,Java,Java8 (OpenJDK 1.8.0),java,Runtime Error,639,940240,5905,
s043144656,p02936,u492212770,1566179556,Pascal,Pascal (FPC 2.6.2),pas,Accepted,127,3840,345,
s285518939,p02936,u808449256,1566179556,C++,C++14 (GCC 5.4.1),cpp,Time Limit Exceeded,2228,831928,1245,
s250436691,p02936,u496564789,1566179554,C++,C++14 (GCC 5.4.1),cpp,Accepted,140,24320,930,
s839328510,p02936,u095756391,1566179554,C++,C++14 (GCC 5.4.1),cpp,Runtime Error,2104,22144,2367,
s216810731,p02936,u017810624,1566179553,Python,PyPy3 (2.4.0),py,Time Limit Exceeded,2096,158584,784,
s960269927,p02936,u806149033,1566179552,C++,C++14 (GCC 5.4.1),cpp,Runtime Error,438,24320,1047,
s146408143,p02936,u887080340,1566179552,Python,Python (3.4.3),py,Runtime Error,2106,40724,560,
s578274369,p02936,u082861376,1566179552,C#,C# (Mono 4.6.2.0),cs,Time Limit Exceeded,2113,91204,29651,
s566488759,p02936,u909991537,1566179551,Python,Python (3.4.3),py,Time Limit Exceeded,2123,310960,476,
s400076232,p02936,u837133513,1566179551,C++,C++14 (GCC 5.4.1),cpp,Accepted,134,27136,591,
s828882999,p02936,u056626722,1566179550,D,D (LDC 0.17.0),d,Time Limit Exceeded,2104,54780,778,
s186736450,p02936,u280096880,1566179549,C++,C++14 (GCC 5.4.1),cpp,Accepted,284,14080,774,
s547404918,p02936,u177542669,1566179549,C++,C++14 (GCC 5.4.1),cpp,Compile Error,,,1403,
s405914530,p02936,u814154745,1566179546,C++,C++14 (GCC 5.4.1),cpp,Time Limit Exceeded,2105,30720,822,
s728243947,p02936,u757738907,1566179545,C++,C++14 (GCC 5.4.1),cpp,Wrong Answer,2105,46080,4062,
s022405643,p02936,u373111370,1566179545,C++,C++14 (GCC 5.4.1),cpp,Runtime Error,294,6520,474,
s373841157,p02936,u448994613,1566179545,Python,PyPy3 (2.4.0),py,Wrong Answer,2107,89548,2145,
s626762359,p02936,u814522712,1566179545,C++,C++14 (GCC 5.4.1),cpp,Accepted,219,56192,2554,
s073094836,p02936,u100280611,1566179545,C++,C++14 (GCC 5.4.1),cpp,Accepted,261,7040,896,
s866045162,p02936,u327668449,1566179544,Rust,Rust (1.15.1),rs,Accepted,315,36408,1824,
s268386178,p02936,u232719983,1566179543,C++,C++14 (GCC 5.4.1),cpp,Accepted,358,50816,2863,
s749670126,p02936,u531436689,1566179543,Python,PyPy3 (2.4.0),py,Wrong Answer,933,114120,1217,
s140619082,p02936,u716314620,1566179543,C++,C++14 (GCC 5.4.1),cpp,Compile Error,,,787,
s617201411,p02936,u481584122,1566179542,C++,C++14 (GCC 5.4.1),cpp,Time Limit Exceeded,2125,349300,1032,
s923550716,p02936,u715912777,1566179542,Python,Python (3.4.3),py,Time Limit Exceeded,2108,109864,1017,
s188177909,p02936,u887675488,1566179541,C++,C++14 (GCC 5.4.1),cpp,Time Limit Exceeded,2105,31488,2127,
s077054334,p02936,u775999110,1566179540,Kotlin,Kotlin (1.0.0),kt,Time Limit Exceeded,2111,160688,1378,
s262872058,p02936,u064061804,1566179539,C++,C++14 (GCC 5.4.1),cpp,Accepted,357,20864,833,
s356312898,p02936,u161547923,1566179537,C++,C++14 (GCC 5.4.1),cpp,Accepted,88,3968,453,
s130902667,p02936,u932267739,1566179537,C++,C++14 (GCC 5.4.1),cpp,Time Limit Exceeded,2361,1617180,1207,
s873454140,p02936,u917972976,1566179537,C++,C++14 (GCC 5.4.1),cpp,Runtime Error,3336,40944,2205,
s937276179,p02936,u313805990,1566179536,Java,Java8 (OpenJDK 1.8.0),java,Time Limit Exceeded,2109,182824,895,
s319894838,p02936,u383416302,1566179535,Python,PyPy3 (2.4.0),py,Runtime Error,2108,130124,438,
s844637640,p02936,u352642493,1566179534,C++,C++14 (GCC 5.4.1),cpp,Accepted,669,24320,1002,
s772489682,p02936,u428397309,1566179533,Python,PyPy3 (2.4.0),py,Time Limit Exceeded,2109,87128,410,
s895200422,p02936,u690576712,1566179533,Python,PyPy3 (2.4.0),py,Time Limit Exceeded,2320,38480,438,
s247515627,p02936,u597243424,1566179533,C++,C++14 (GCC 5.4.1),cpp,Accepted,355,21120,565,
s818055698,p02936,u654470292,1566179528,Python,PyPy3 (2.4.0),py,Runtime Error,1904,175084,708,
s666416720,p02936,u193182854,1566179528,Python,Python (3.4.3),py,Runtime Error,2105,47664,340,
s788000909,p02936,u190679129,1566179528,C++,C++14 (GCC 5.4.1),cpp,Time Limit Exceeded,2105,33024,852,
s687787211,p02936,u237022500,1566179526,C++,C++14 (GCC 5.4.1),cpp,Time Limit Exceeded,2104,20388,561,
s815213488,p02936,u239409893,1566179524,C++,C++14 (GCC 5.4.1),cpp,Accepted,683,30464,917,
s254243636,p02936,u711705317,1566179520,Ruby,Ruby (2.3.3),rb,Wrong Answer,621,27000,387,
s113395585,p02936,u736675286,1566179518,Rust,Rust (1.15.1),rs,Accepted,496,16804,2322,
s398918487,p02936,u540877546,1566179516,C++,C++14 (GCC 5.4.1),cpp,Accepted,280,14080,855,
s925456670,p02936,u844646164,1566179514,Python,Python (3.4.3),py,Time Limit Exceeded,2112,138272,488,
s802021829,p02936,u624617831,1566179513,Python,Python (3.4.3),py,Runtime Error,150,12524,446,
s679682190,p02936,u059369754,1566179512,C++,C++14 (GCC 5.4.1),cpp,Accepted,135,27392,930,
s633784759,p02936,u095021077,1566179511,Python,Python (3.4.3),py,Runtime Error,149,12504,564,
s807935100,p02936,u326966549,1566179508,C++,C++14 (GCC 5.4.1),cpp,Accepted,354,21120,954,
s842911905,p02936,u287060310,1566179508,C++,C++14 (GCC 5.4.1),cpp,Accepted,354,17140,1153,
s035163012,p02936,u732546570,1566179507,C++,C++14 (GCC 5.4.1),cpp,Time Limit Exceeded,2104,21376,788,
s340340888,p02936,u515548399,1566179507,Kotlin,Kotlin (1.0.0),kt,Wrong Answer,505,66112,5043,
s954467620,p02936,u496564789,1566179506,C++,C++14 (GCC 5.4.1),cpp,Runtime Error,99,2560,930,
s388486373,p02936,u479918572,1566179505,Python,PyPy3 (2.4.0),py,Time Limit Exceeded,2110,117968,420,
s500577170,p02936,u711539583,1566179505,Python,Python (3.4.3),py,Time Limit Exceeded,2123,237696,543,
s640847109,p02936,u899909022,1566179504,Python,Python (3.4.3),py,Time Limit Exceeded,2106,44784,413,
s163899364,p02936,u677347379,1566179503,C++,C++14 (GCC 5.4.1),cpp,Time Limit Exceeded,2103,1792,730,
s018513129,p02936,u905268546,1566179503,Python,PyPy3 (2.4.0),py,Runtime Error,2109,150860,666,
s058468779,p02936,u206390872,1566179503,C++,C++14 (GCC 5.4.1),cpp,Time Limit Exceeded,2105,408064,1403,
s912701978,p02936,u415325136,1566179502,C++,C++14 (GCC 5.4.1),cpp,Wrong Answer,82,4608,474,
s924142801,p02936,u882460931,1566179500,Python,PyPy3 (2.4.0),py,Wrong Answer,1915,122072,406,
s254134725,p02936,u212486902,1566179498,Go,Go (1.6),go,Time Limit Exceeded,2108,9748,1012,
s266065422,p02936,u402651318,1566179497,C++,C++14 (GCC 5.4.1),cpp,Wrong Answer,341,13940,577,
s987337206,p02936,u764956288,1566179496,Python,Python (3.4.3),py,Runtime Error,2106,47632,584,
s529865070,p02936,u862569952,1566179496,Python,Python (3.4.3),py,Runtime Error,2106,47660,429,
s740504412,p02936,u438662618,1566179496,Python,Python (3.4.3),py,Runtime Error,2111,131348,813,
s116659948,p02936,u761529120,1566179491,Python,PyPy3 (2.4.0),py,Time Limit Exceeded,2129,425740,593,
s791827871,p02936,u637837492,1566179490,C++,C++14 (GCC 5.4.1),cpp,Accepted,146,25856,1472,
s989656826,p02936,u849073847,1566179489,C++,C++14 (GCC 5.4.1),cpp,Time Limit Exceeded,2104,15604,849,
s504865746,p02936,u150664457,1566179488,Python,Python (3.4.3),py,Accepted,1960,113532,457,
s628631483,p02936,u020230257,1566179486,C++,C++14 (GCC 5.4.1),cpp,Wrong Answer,353,21120,988,
s258237010,p02936,u019183101,1566179485,Java,Java8 (OpenJDK 1.8.0),java,Runtime Error,776,922320,1431,
s064717261,p02936,u951403082,1566179483,C++,C++14 (GCC 5.4.1),cpp,Wrong Answer,2104,22016,1117,
s706104638,p02936,u465133507,1566179482,Kotlin,Kotlin (1.0.0),kt,Compile Error,,,3499,
s676265752,p02936,u989087939,1566179482,C++,C++14 (GCC 5.4.1),cpp,Accepted,334,27392,626,
s193607392,p02936,u032068406,1566179480,C++,C++14 (GCC 5.4.1),cpp,Accepted,545,5504,539,
s566813541,p02936,u021816855,1566179477,C++,C++14 (GCC 5.4.1),cpp,Time Limit Exceeded,2104,42496,614,
s202621507,p02936,u448994613,1566179477,Python,PyPy3 (2.4.0),py,Wrong Answer,2107,79436,2067,
s335286234,p02936,u297651868,1566179475,Python,PyPy3 (2.4.0),py,Time Limit Exceeded,2110,123148,401,
s333435110,p02936,u081275802,1566179474,C++,C++14 (GCC 5.4.1),cpp,Wrong Answer,2296,41056,1599,
s627288740,p02936,u706730549,1566179472,C++,C++14 (GCC 5.4.1),cpp,Accepted,276,38528,1629,
s635375388,p02936,u637646387,1566179472,Python,Python (3.4.3),py,Time Limit Exceeded,2105,37928,546,
s819850860,p02936,u673928159,1566179471,C++,C++14 (GCC 5.4.1),cpp,Accepted,298,14848,828,
s740371550,p02936,u539371709,1566179469,JavaScript,JavaScript (node.js v5.12),js,Runtime Error,2113,159348,1134,
s644266977,p02936,u060770263,1566179469,Python,Python (3.4.3),py,Runtime Error,2117,259920,519,
s287835335,p02936,u798316285,1566179469,Python,Python (3.4.3),py,Time Limit Exceeded,2147,717312,300,
s226063316,p02936,u851436193,1566179468,Python,Python (3.4.3),py,Wrong Answer,2108,81920,1230,
s754451247,p02936,u112504572,1566179468,Ruby,Ruby (2.3.3),rb,Time Limit Exceeded,2112,76564,752,
s669603503,p02936,u395652671,1566179466,C++,C++14 (GCC 5.4.1),cpp,Time Limit Exceeded,2105,24320,604,
s265875249,p02936,u311601704,1566179465,Python,Python (3.4.3),py,Wrong Answer,2112,185680,1014,
s941841976,p02936,u167902037,1566179464,Rust,Rust (1.15.1),rs,Accepted,286,38396,1261,
s176778843,p02936,u069429049,1566179463,Ruby,Ruby (2.3.3),rb,Runtime Error,1026,50172,669,
s924114731,p02936,u142082997,1566179462,TypeScript,TypeScript (2.1.6),ts,Time Limit Exceeded,2123,276760,870,
s683898433,p02936,u975658594,1566179462,Python,Python (3.4.3),py,Time Limit Exceeded,2111,131200,1963,
s582516152,p02936,u888249344,1566179460,C++,C++14 (GCC 5.4.1),cpp,Time Limit Exceeded,2104,18760,622,
s907046129,p02936,u073549161,1566179458,Python,PyPy3 (2.4.0),py,Time Limit Exceeded,2122,308892,1164,
s972667530,p02936,u901561754,1566179457,C++,C++14 (GCC 5.4.1),cpp,Accepted,309,22784,1090,
s399696525,p02936,u017810624,1566179457,Python,PyPy3 (2.4.0),py,Time Limit Exceeded,2112,158632,792,
s445166903,p02936,u828593789,1566179456,C,C (GCC 5.4.1),c,Time Limit Exceeded,2104,16512,1298,
s708838727,p02936,u515548399,1566179456,Kotlin,Kotlin (1.0.0),kt,Wrong Answer,1055,103100,5035,
s917534946,p02936,u059369754,1566179456,C++,C++14 (GCC 5.4.1),cpp,Runtime Error,104,3456,930,
s667250050,p02936,u094001297,1566179453,C++,C++14 (GCC 5.4.1),cpp,Accepted,286,19328,824,
s804875923,p02936,u338929851,1566179453,Python,Python (3.4.3),py,Runtime Error,148,12504,898,
s558993642,p02936,u798647946,1566179452,C++,C++14 (GCC 5.4.1),cpp,Accepted,376,24448,715,
s664352316,p02936,u127438619,1566179451,C++,C++14 (GCC 5.4.1),cpp,Time Limit Exceeded,2103,3840,735,
s783928269,p02936,u764956288,1566179449,Python,Python (3.4.3),py,Runtime Error,2105,47676,859,
s015846170,p02936,u919463386,1566179449,Python,Python (3.4.3),py,Runtime Error,2109,91676,579,
s182612279,p02936,u061231294,1566179447,Python,PyPy3 (2.4.0),py,Runtime Error,2112,136452,1176,
s643974529,p02936,u227117171,1566179446,C++,C++14 (GCC 5.4.1),cpp,Time Limit Exceeded,2108,91264,1591,
s126790096,p02936,u726615467,1566179446,Python,PyPy3 (2.4.0),py,Time Limit Exceeded,2112,158572,732,
s080663147,p02936,u187516587,1566179444,Python,PyPy3 (2.4.0),py,Time Limit Exceeded,2108,73236,305,
s592926912,p02936,u389009751,1566179444,C++,C++14 (Clang 3.8.0),cpp,Accepted,834,39936,919,
s776712549,p02936,u624505752,1566179444,Ruby,Ruby (2.3.3),rb,Runtime Error,1331,61820,1360,
s215376765,p02936,u794250528,1566179442,Python,Python (3.4.3),py,Accepted,1844,82584,542,
s746779190,p02936,u850390157,1566179442,Python,Python (3.4.3),py,Accepted,1607,79216,576,
s942404322,p02936,u085288971,1566179441,Kotlin,Kotlin (1.0.0),kt,Time Limit Exceeded,2111,161372,1238,
s570682628,p02936,u504403442,1566179440,C++,C++14 (GCC 5.4.1),cpp,Accepted,139,27136,597,
s425535470,p02936,u082861376,1566179440,C#,C# (Mono 4.6.2.0),cs,Runtime Error,2112,90964,29684,
s562019696,p02936,u695429668,1566179439,Python,PyPy3 (2.4.0),py,Time Limit Exceeded,2110,136068,682,
s145859211,p02936,u506340217,1566179439,Python,Python (2.7.6),py,Wrong Answer,1400,57892,671,
s016848756,p02936,u296197760,1566179438,C++,C++14 (GCC 5.4.1),cpp,Accepted,484,37504,2803,
s243897656,p02936,u480887263,1566179438,Python,Python (3.4.3),py,Wrong Answer,2110,122388,497,
s476709683,p02936,u153537680,1566179437,Kotlin,Kotlin (1.0.0),kt,Compile Error,,,1315,
s064313849,p02936,u081275802,1566179437,C++,C++14 (GCC 5.4.1),cpp,Time Limit Exceeded,2297,41952,1785,
s752481008,p02936,u111365362,1566179436,Python,Python (3.4.3),py,Time Limit Exceeded,2107,55248,919,
s427785493,p02936,u784283302,1566179435,C++,C++14 (GCC 5.4.1),cpp,Accepted,303,16500,714,
s056651515,p02936,u244626757,1566179434,C++,C++14 (GCC 5.4.1),cpp,Accepted,265,6272,474,
s168523535,p02936,u779387275,1566179433,C++,C++14 (GCC 5.4.1),cpp,Accepted,90,3968,370,
s586288745,p02936,u527867336,1566179433,Python,PyPy3 (2.4.0),py,Time Limit Exceeded,2113,152908,1359,
s079306877,p02936,u557534688,1566179432,C++,C++14 (GCC 5.4.1),cpp,Accepted,264,4848,645,
s917841142,p02936,u599547273,1566179432,Python,PyPy3 (2.4.0),py,Accepted,1999,121816,519,
s660822781,p02936,u699752889,1566179431,Python,Python (3.4.3),py,Time Limit Exceeded,2108,100080,935,
s761697643,p02936,u128539234,1566179430,Python,PyPy3 (2.4.0),py,Time Limit Exceeded,2109,109840,427,
s352738112,p02936,u116002573,1566179430,Python,PyPy3 (2.4.0),py,Accepted,1980,135876,674,
s778930073,p02936,u197427401,1566179429,Python,Python (3.4.3),py,Runtime Error,2107,98180,805,
s743803788,p02936,u350248178,1566179428,Python,Python (3.4.3),py,Time Limit Exceeded,2108,64528,1781,
s699777793,p02936,u538947292,1566179428,C++,C++14 (GCC 5.4.1),cpp,Accepted,429,28928,1511,
s599737970,p02936,u861095163,1566179428,Kotlin,Kotlin (1.0.0),kt,Accepted,1659,87020,3369,
s624303348,p02936,u327248573,1566179427,Python,Python (3.4.3),py,Accepted,1334,125392,402,
s559669101,p02936,u899909022,1566179427,Python,PyPy3 (2.4.0),py,Time Limit Exceeded,2109,88396,413,
s802171062,p02936,u040490988,1566179425,C++,C++14 (GCC 5.4.1),cpp,Accepted,545,41472,630,
s535849715,p02936,u675487507,1566179424,C++,C++14 (GCC 5.4.1),cpp,Time Limit Exceeded,2144,1298980,758,
s234979686,p02936,u448863865,1566179423,Java,Java8 (OpenJDK 1.8.0),java,Time Limit Exceeded,2114,269192,1172,
s213634393,p02936,u752146271,1566179422,C++,C++14 (GCC 5.4.1),cpp,Time Limit Exceeded,2103,3712,680,
s770142168,p02936,u628262476,1566179421,C++,C++14 (GCC 5.4.1),cpp,Accepted,568,32372,1514,
s839300562,p02936,u257541375,1566179419,Python,Python (3.4.3),py,Runtime Error,2108,74212,731,
s800173936,p02936,u698677417,1566179419,C++,C++14 (GCC 5.4.1),cpp,Time Limit Exceeded,2104,23424,1193,
s525448981,p02936,u922965680,1566179418,Python,PyPy3 (2.4.0),py,Runtime Error,1117,149852,756,
s093523922,p02936,u182321487,1566179416,C++,C++14 (GCC 5.4.1),cpp,Accepted,397,33664,967,
s983310096,p02936,u226873514,1566179413,Python,PyPy3 (2.4.0),py,Runtime Error,2112,132724,602,
s152080493,p02936,u855429581,1566179412,C++,C++14 (Clang 3.8.0),cpp,Accepted,208,24320,698,
s943757560,p02936,u837133513,1566179412,C++,C++14 (GCC 5.4.1),cpp,Wrong Answer,270,10112,804,
s697793893,p02936,u091286840,1566179412,C++,C++14 (GCC 5.4.1),cpp,Time Limit Exceeded,2104,18176,425,
s430493615,p02936,u811202694,1566179410,Python,Python (3.4.3),py,Runtime Error,1930,114272,606,
s394317449,p02936,u027091475,1566179410,C++,C++14 (GCC 5.4.1),cpp,Accepted,144,26624,2209,
s536232631,p02936,u300527426,1566179409,Python,Python (2.7.6),py,Wrong Answer,1202,51296,369,
s015626586,p02936,u481187938,1566179408,Rust,Rust (1.15.1),rs,Wrong Answer,264,43148,4095,
s442073572,p02936,u081249228,1566179408,C++,C++14 (GCC 5.4.1),cpp,Wrong Answer,2156,901880,788,
s755499689,p02936,u475843109,1566179404,C++,C++14 (GCC 5.4.1),cpp,Wrong Answer,401,29440,709,
s374514768,p02936,u282164747,1566179404,Go,Go (1.6),go,Time Limit Exceeded,2108,21504,1166,
s406425920,p02936,u515548399,1566179402,Kotlin,Kotlin (1.0.0),kt,Wrong Answer,1104,132556,5004,
s623071417,p02936,u448994613,1566179402,Python,PyPy3 (2.4.0),py,Wrong Answer,2107,79180,1999,
s844513297,p02936,u576357314,1566179402,C++,C++14 (GCC 5.4.1),cpp,Accepted,294,16372,726,
s709332748,p02936,u499381410,1566179402,Python,PyPy3 (2.4.0),py,Accepted,1934,101140,547,
s910086307,p02936,u146364934,1566179401,Java,Java8 (OpenJDK 1.8.0),java,Time Limit Exceeded,2110,210048,1520,
s858192287,p02936,u575068578,1566179401,C++,C++14 (GCC 5.4.1),cpp,Accepted,294,24320,2679,
s049784150,p02936,u761471989,1566179398,Python,Python (3.4.3),py,Time Limit Exceeded,2108,100344,803,
s845766029,p02936,u167161639,1566179396,C++,C++14 (GCC 5.4.1),cpp,Accepted,355,20608,644,
s367833638,p02936,u020230257,1566179396,C++,C++14 (GCC 5.4.1),cpp,Wrong Answer,358,21120,960,
s428308893,p02936,u060049558,1566179396,C++,C++14 (GCC 5.4.1),cpp,Accepted,138,24832,1099,
s668840211,p02936,u253952966,1566179396,Python,Python (3.4.3),py,Runtime Error,2107,73540,646,
s230934740,p02936,u369105927,1566179395,Python,Python (3.4.3),py,Time Limit Exceeded,2183,1306968,635,
s953430532,p02936,u711539583,1566179394,Python,PyPy3 (2.4.0),py,Time Limit Exceeded,2122,316664,543,
s779351152,p02936,u239528020,1566179394,Python,PyPy3 (2.4.0),py,Runtime Error,2109,128208,616,
s060871676,p02936,u733814820,1566179392,Python,Python (3.4.3),py,Time Limit Exceeded,2113,259260,619,
s679184882,p02936,u088895504,1566179392,C++,C++14 (GCC 5.4.1),cpp,Accepted,301,16372,851,
s010454100,p02936,u104282757,1566179389,Python,PyPy3 (2.4.0),py,Time Limit Exceeded,2110,136332,713,
s127841466,p02936,u525603554,1566179388,C#,C# (Mono 4.6.2.0),cs,Time Limit Exceeded,2111,65448,5976,
s555138464,p02936,u882460931,1566179387,Python,PyPy3 (2.4.0),py,Runtime Error,2111,160600,834,
s129767959,p02936,u868461642,1566179386,Ruby,Ruby (2.3.3),rb,Runtime Error,2113,90364,563,
s533212176,p02936,u463243362,1566179385,C++,C++14 (GCC 5.4.1),cpp,Accepted,319,27392,811,
s038928465,p02936,u177411511,1566179383,Python,PyPy3 (2.4.0),py,Runtime Error,2107,105932,545,
s496553632,p02936,u975218092,1566179383,Ruby,Ruby (2.3.3),rb,Time Limit Exceeded,2116,168872,458,
s808492697,p02936,u753803401,1566179382,Python,Python (3.4.3),py,Wrong Answer,2112,130548,562,
s807400020,p02936,u415154163,1566179382,Python,Python (3.4.3),py,Runtime Error,2109,117532,788,
s641534117,p02936,u366959492,1566179382,Python,Python (3.4.3),py,Runtime Error,2114,138816,418,
s054267510,p02936,u798647946,1566179382,C++,C++14 (GCC 5.4.1),cpp,Runtime Error,100,3456,711,
s315500770,p02936,u857596000,1566179381,C++,C++14 (GCC 5.4.1),cpp,Time Limit Exceeded,2103,6272,637,
s415908997,p02936,u463360790,1566179379,C++,C++14 (GCC 5.4.1),cpp,Accepted,340,14848,428,
s910204450,p02936,u624505752,1566179378,Ruby,Ruby (2.3.3),rb,Runtime Error,1017,58236,1354,
s696263858,p02936,u250943952,1566179377,Python,Python (3.4.3),py,Time Limit Exceeded,2111,151668,995,
s091611688,p02936,u810625173,1566179376,Python,Python (3.4.3),py,Time Limit Exceeded,2108,83228,620,
s584405270,p02936,u919633157,1566179376,Python,PyPy3 (2.4.0),py,Time Limit Exceeded,2109,121164,635,
s353609655,p02936,u376082984,1566179375,C++,C++14 (GCC 5.4.1),cpp,Wrong Answer,360,37760,3851,
s177740325,p02936,u504228740,1566179374,Java,Java8 (OpenJDK 1.8.0),java,Time Limit Exceeded,2109,223672,806,
s878394518,p02936,u489316980,1566179373,Java,Java8 (OpenJDK 1.8.0),java,Time Limit Exceeded,2110,365256,1396,
s555415642,p02936,u506340217,1566179373,Python,Python (2.7.6),py,Wrong Answer,1605,57892,671,
s713330062,p02936,u282228874,1566179371,Python,Python (3.4.3),py,Accepted,1642,56408,499,
s859370201,p02936,u419633921,1566179369,C++,C++14 (Clang 3.8.0),cpp,Runtime Error,99,4352,796,
s383262499,p02936,u075766104,1566179369,C++,C++14 (GCC 5.4.1),cpp,Time Limit Exceeded,2105,23680,742,
s716277797,p02936,u047535298,1566179369,Python,Python (3.4.3),py,Accepted,1903,79068,640,
s023932933,p02936,u090325904,1566179367,C++,C++14 (GCC 5.4.1),cpp,Time Limit Exceeded,2226,1940984,1251,
s884115742,p02936,u437638594,1566179367,Python,PyPy3 (2.4.0),py,Time Limit Exceeded,2110,121088,444,
s597971659,p02936,u520276780,1566179367,Python,Python (3.4.3),py,Wrong Answer,2107,76756,588,
s565299486,p02936,u790922244,1566179367,Python,Python (3.4.3),py,Runtime Error,2108,98372,595,
s088306678,p02936,u448161583,1566179365,Python,Python (3.4.3),py,Runtime Error,2124,287032,769,
s306854441,p02936,u688375653,1566179362,Python,PyPy3 (2.4.0),py,Time Limit Exceeded,2146,700284,681,
s312864979,p02936,u726615467,1566179362,Python,Python (3.4.3),py,Time Limit Exceeded,2107,148616,731,
s179820124,p02936,u181736559,1566179362,Go,Go (1.6),go,Accepted,616,21504,985,
s732537983,p02936,u064408584,1566179362,Python,Python (3.4.3),py,Accepted,1556,47876,321,
s055721648,p02936,u722189950,1566179360,Python,Python (3.4.3),py,Time Limit Exceeded,2108,74528,403,
s320924593,p02936,u428618452,1566179358,C++,C++14 (GCC 5.4.1),cpp,Accepted,356,24704,788,
s756331082,p02936,u753615299,1566179358,C++,C++14 (GCC 5.4.1),cpp,Time Limit Exceeded,2103,5376,758,
s458522337,p02936,u546925116,1566179357,C++,C++14 (GCC 5.4.1),cpp,Accepted,178,36480,1125,
s317662128,p02936,u465133507,1566179356,Kotlin,Kotlin (1.0.0),kt,Accepted,1762,88724,3368,
s720855928,p02936,u855429581,1566179356,C++,C++14 (Clang 3.8.0),cpp,Runtime Error,99,2560,698,
s805895440,p02936,u081275802,1566179355,C++,C++14 (GCC 5.4.1),cpp,Time Limit Exceeded,2303,41952,1746,
s093296000,p02936,u557489298,1566179354,C++,C++14 (GCC 5.4.1),cpp,Accepted,139,22784,1171,
s430956809,p02936,u749475370,1566179354,C++,C++14 (GCC 5.4.1),cpp,Accepted,749,14848,640,
s627260970,p02936,u021816855,1566179353,C++,C++14 (GCC 5.4.1),cpp,Time Limit Exceeded,2104,41984,615,
s375810942,p02936,u891387249,1566179353,Scala,Scala (2.11.7),scala,Runtime Error,2115,159516,959,
s488854635,p02936,u680068823,1566179353,C++,C++14 (GCC 5.4.1),cpp,Accepted,147,23424,440,
s873272284,p02936,u013629972,1566179352,Python,PyPy3 (2.4.0),py,Time Limit Exceeded,2116,206240,2061,
s691700775,p02936,u536377809,1566179352,Python,PyPy3 (2.4.0),py,Time Limit Exceeded,2110,122768,411,
s870623507,p02936,u690576712,1566179352,Python,Python (3.4.3),py,Time Limit Exceeded,2232,3064,438,
s689593773,p02936,u733814820,1566179350,Python,Python (3.4.3),py,Runtime Error,1617,42724,588,
s510926941,p02936,u815140247,1566179350,C++,C++14 (GCC 5.4.1),cpp,Accepted,161,23424,648,
s918729862,p02936,u515548399,1566179349,Kotlin,Kotlin (1.0.0),kt,Wrong Answer,1119,133020,5036,
s910064274,p02936,u098810927,1566179348,C++,C++14 (GCC 5.4.1),cpp,Accepted,149,28928,705,
s177549860,p02936,u064408584,1566179348,Python,Python (3.4.3),py,Wrong Answer,2106,115960,336,
s318172018,p02936,u624617831,1566179348,Python,Python (3.4.3),py,Runtime Error,152,12672,424,
s949763275,p02936,u798316285,1566179348,Python,Python (3.4.3),py,Wrong Answer,2146,690416,309,
s403005567,p02936,u508471678,1566179347,C++,C++14 (GCC 5.4.1),cpp,Wrong Answer,350,27392,832,
s440548651,p02936,u320128666,1566179346,C++,C++14 (GCC 5.4.1),cpp,Accepted,401,27136,660,
s309509841,p02936,u305384049,1566179345,Java,Java8 (OpenJDK 1.8.0),java,Time Limit Exceeded,2110,357632,1938,
s868833945,p02936,u679951803,1566179343,C,C (GCC 5.4.1),c,Wrong Answer,2104,13696,2242,
s209516487,p02936,u499824662,1566179343,C++,C++14 (GCC 5.4.1),cpp,Accepted,214,34432,797,
s356287462,p02936,u197427401,1566179342,Python,Python (3.4.3),py,Runtime Error,2105,85892,757,
s862715400,p02936,u947304300,1566179341,C++,C++14 (GCC 5.4.1),cpp,Accepted,318,30592,2278,
s444077001,p02936,u801102476,1566179341,C,C (GCC 5.4.1),c,Runtime Error,2105,265568,1474,
s410308998,p02936,u583193199,1566179340,Java,Java8 (OpenJDK 1.8.0),java,Accepted,1500,168544,1678,
s495042023,p02936,u688126754,1566179339,Python,Python (3.4.3),py,Runtime Error,2108,80780,1147,
s723188871,p02936,u233745357,1566179338,Python,Python (3.4.3),py,Time Limit Exceeded,2106,37720,727,
s648030646,p02936,u778614444,1566179335,C++,C++14 (GCC 5.4.1),cpp,Accepted,277,14080,1025,
s691249802,p02936,u877283726,1566179335,Python,Python (3.4.3),py,Runtime Error,2111,122576,467,
s125276262,p02936,u153537680,1566179332,Kotlin,Kotlin (1.0.0),kt,Compile Error,,,1265,
s919347953,p02936,u688509741,1566179331,C++,C++14 (GCC 5.4.1),cpp,Time Limit Exceeded,2104,6784,559,
s881743630,p02936,u380524497,1566179331,Python,PyPy3 (2.4.0),py,Wrong Answer,810,126684,557,
s389300565,p02936,u408910484,1566179329,C++,C++14 (Clang 3.8.0),cpp,Time Limit Exceeded,2103,3328,4525,
s617635116,p02936,u927534107,1566179329,Python,PyPy3 (2.4.0),py,Time Limit Exceeded,2111,135408,416,
s545209748,p02936,u481584122,1566179328,C++,C++14 (GCC 5.4.1),cpp,Time Limit Exceeded,2122,297716,1343,
s243817435,p02936,u475843109,1566179328,C++,C++14 (GCC 5.4.1),cpp,Runtime Error,99,2560,710,
s237007890,p02936,u695429668,1566179327,Python,Python (3.4.3),py,Time Limit Exceeded,2110,126644,682,
s487482994,p02936,u126227204,1566179327,Python,Python (3.4.3),py,Accepted,1799,71472,569,
s760842129,p02936,u782930273,1566179327,Python,Python (3.4.3),py,Time Limit Exceeded,2110,118752,857,
s519280258,p02936,u738725371,1566179327,Crystal,Crystal (0.20.5),cr,Accepted,806,63100,834,
s966980964,p02936,u482544950,1566179327,C++,C++14 (GCC 5.4.1),cpp,Accepted,375,28800,822,
s263979850,p02936,u868863576,1566179327,C++,C++14 (GCC 5.4.1),cpp,Accepted,307,21108,799,
s591507812,p02936,u027091475,1566179326,C++,C++14 (GCC 5.4.1),cpp,Compile Error,,,2163,
s164170256,p02936,u239409893,1566179326,C++,C++14 (GCC 5.4.1),cpp,Runtime Error,309,6904,917,
s033994695,p02936,u474492589,1566179325,Java,Java8 (OpenJDK 1.8.0),java,Runtime Error,625,873684,1383,
s124796705,p02936,u773916255,1566179325,C++,C++14 (GCC 5.4.1),cpp,Time Limit Exceeded,2105,32496,1648,
s638808662,p02936,u843722521,1566179324,Python,Python (3.4.3),py,Time Limit Exceeded,2123,313352,675,
s883083173,p02936,u026686258,1566179322,Kotlin,Kotlin (1.0.0),kt,Accepted,1308,150756,3762,
s890582928,p02936,u572483595,1566179321,Java,Java8 (OpenJDK 1.8.0),java,Time Limit Exceeded,2109,179280,1546,
s104381597,p02936,u366959492,1566179320,Python,PyPy3 (2.4.0),py,Time Limit Exceeded,2124,364140,418,
s359317806,p02936,u958825287,1566179320,C++,C++14 (GCC 5.4.1),cpp,Time Limit Exceeded,2204,1569988,1169,
s143713399,p02936,u534417782,1566179319,C++,C++14 (GCC 5.4.1),cpp,Accepted,513,46080,846,
s221929609,p02936,u257724718,1566179317,C++,C++14 (GCC 5.4.1),cpp,Time Limit Exceeded,2106,47284,1311,
s856551801,p02936,u208362438,1566179314,Ruby,Ruby (2.3.3),rb,Runtime Error,2109,27132,644,
s671261160,p02936,u979686707,1566179314,C++,C++14 (GCC 5.4.1),cpp,Accepted,296,24320,825,
s124452579,p02936,u014995043,1566179314,C++,C++14 (GCC 5.4.1),cpp,Accepted,295,16372,843,
s487341473,p02936,u098844816,1566179312,C++,C++14 (GCC 5.4.1),cpp,Time Limit Exceeded,2104,18048,1171,
s221785645,p02936,u419877586,1566179312,Python,Python (3.4.3),py,Accepted,1983,125412,416,
s816431852,p02936,u464653034,1566179312,Java,Java8 (OpenJDK 1.8.0),java,Time Limit Exceeded,2109,125276,1153,
s615403700,p02936,u672995180,1566179311,C++,C++14 (GCC 5.4.1),cpp,Accepted,263,5504,659,
s729764006,p02936,u081275802,1566179311,C++,C++14 (GCC 5.4.1),cpp,Wrong Answer,2283,41056,1717,
s432830796,p02936,u506340217,1566179311,Python,Python (2.7.6),py,Wrong Answer,1409,57892,671,
s186121058,p02936,u415154163,1566179311,Python,Python (3.4.3),py,Runtime Error,2110,117552,743,
s282917227,p02936,u366398972,1566179310,C++,C++14 (GCC 5.4.1),cpp,Accepted,114,14720,844,
s112955934,p02936,u428397309,1566179310,Python,Python (3.4.3),py,Time Limit Exceeded,2111,116984,491,
s654446618,p02936,u102461423,1566179309,Python,Python (3.4.3),py,Accepted,1665,285828,615,
s077574118,p02936,u326966549,1566179308,C++,C++14 (GCC 5.4.1),cpp,Time Limit Exceeded,2104,20096,1044,
s773229446,p02936,u736675286,1566179307,Rust,Rust (1.15.1),rs,Time Limit Exceeded,2103,16636,2126,
s406627981,p02936,u762955009,1566179306,Java,Java8 (OpenJDK 1.8.0),java,Accepted,1111,168616,3314,
s858150424,p02936,u342143778,1566179305,C++,C++14 (GCC 5.4.1),cpp,Accepted,365,24320,705,
s786849015,p02936,u848359007,1566179305,C++,C++14 (GCC 5.4.1),cpp,Accepted,280,26624,629,
s504308025,p02936,u889750959,1566179303,Kotlin,Kotlin (1.0.0),kt,Time Limit Exceeded,2111,168740,976,
s269541148,p02936,u444349080,1566179302,C++,C++14 (GCC 5.4.1),cpp,Wrong Answer,577,14080,888,
s987877997,p02936,u347640436,1566179301,Python,PyPy3 (2.4.0),py,Time Limit Exceeded,2155,860112,778,
s254552676,p02936,u572745161,1566179301,Ruby,Ruby (2.3.3),rb,Accepted,1444,70240,1233,
s587302479,p02936,u298945776,1566179300,Python,Python (3.4.3),py,Time Limit Exceeded,2105,33456,463,
s788608171,p02936,u214304095,1566179299,C++,C++14 (GCC 5.4.1),cpp,Accepted,334,18036,1016,
s928380121,p02936,u459798349,1566179299,Python,Python (3.4.3),py,Runtime Error,2106,50496,599,
s667966641,p02936,u442030035,1566179298,Python,Python (3.4.3),py,Time Limit Exceeded,2106,40856,412,
s182964224,p02936,u721316601,1566179298,Python,Python (3.4.3),py,Time Limit Exceeded,2152,751636,778,
s637290387,p02936,u812650780,1566179297,Python,Python (3.4.3),py,Time Limit Exceeded,2107,68448,777,
s396208820,p02936,u421777980,1566179295,Rust,Rust (1.15.1),rs,Accepted,205,41468,2587,
s680784261,p02936,u600759947,1566179295,C++,C++14 (GCC 5.4.1),cpp,Accepted,384,14848,592,
s822951755,p02936,u729394738,1566179294,Java,Java8 (OpenJDK 1.8.0),java,Accepted,1904,159832,608,
s345750857,p02936,u919633157,1566179293,Python,Python (3.4.3),py,Time Limit Exceeded,2107,65836,635,
s351905357,p02936,u275934251,1566179291,C++,C++14 (GCC 5.4.1),cpp,Time Limit Exceeded,2105,28416,1696,
s149031882,p02936,u951403082,1566179291,C++,C++14 (GCC 5.4.1),cpp,Wrong Answer,2104,24448,1307,
s618369680,p02936,u898925304,1566179290,C,C (GCC 5.4.1),c,Wrong Answer,119,6112,1098,
s685150836,p02936,u476383383,1566179290,Python,Python (3.4.3),py,Runtime Error,2106,55224,424,
s599941138,p02936,u038307191,1566179289,C++,C++14 (GCC 5.4.1),cpp,Time Limit Exceeded,2104,22784,517,
s908637707,p02936,u627325970,1566179289,Python,Python (3.4.3),py,Runtime Error,2112,149192,769,
s949355044,p02936,u428138331,1566179289,C++,C++14 (GCC 5.4.1),cpp,Accepted,149,29944,1502,
s018632577,p02936,u764956288,1566179288,Python,Python (3.4.3),py,Runtime Error,2106,36756,564,
s227581409,p02936,u075539606,1566179288,Python,PyPy3 (2.4.0),py,Time Limit Exceeded,2108,76120,519,
s510220277,p02936,u237620737,1566179283,Ruby,Ruby (2.3.3),rb,Accepted,1040,44280,388,
s439805408,p02936,u326966549,1566179283,Text,Text (cat),txt,Wrong Answer,1,128,1044,
s234664614,p02936,u637175065,1566179283,Go,Go (1.6),go,Wrong Answer,1810,4096,731,
s815379697,p02936,u313427116,1566179282,C++,C++14 (GCC 5.4.1),cpp,Accepted,112,16632,1407,
s236897381,p02936,u076917070,1566179282,Python,Python (3.4.3),py,Accepted,1284,71124,396,
s955041637,p02936,u565276400,1566179281,C++,C++14 (Clang 3.8.0),cpp,Time Limit Exceeded,2105,26880,3154,
s066257233,p02936,u677347379,1566179281,C++,C++14 (GCC 5.4.1),cpp,Wrong Answer,2103,1792,657,
s702147873,p02936,u385617244,1566179277,C++,C++14 (GCC 5.4.1),cpp,Accepted,274,16512,1195,
s483018991,p02936,u846686917,1566179276,C++,C++14 (GCC 5.4.1),cpp,Time Limit Exceeded,2104,18176,679,
s898424103,p02936,u803314854,1566179275,Java,Java8 (OpenJDK 1.8.0),java,Wrong Answer,2114,223076,2962,
s865916223,p02936,u220152525,1566179270,C++,C++14 (GCC 5.4.1),cpp,Time Limit Exceeded,2105,27264,739,
s623159596,p02936,u067729694,1566179269,Python,PyPy3 (2.4.0),py,Accepted,1447,196992,1230,
s933672388,p02936,u766056442,1566179268,C,C (GCC 5.4.1),c,Compile Error,,,527,
s768799376,p02936,u868863576,1566179268,C++,C++14 (GCC 5.4.1),cpp,Compile Error,,,723,
s743280094,p02936,u911150465,1566179265,C++,C++14 (GCC 5.4.1),cpp,Accepted,137,24320,885,
s101661761,p02936,u052546116,1566179264,Ruby,Ruby (2.3.3),rb,Time Limit Exceeded,2120,207692,657,
s295586958,p02936,u508471678,1566179261,C++,C++14 (GCC 5.4.1),cpp,Runtime Error,104,3328,832,
s136028447,p02936,u443924743,1566179261,Ruby,Ruby (2.3.3),rb,Time Limit Exceeded,2119,159984,1766,
s944413336,p02936,u019356802,1566179260,C++,C++14 (GCC 5.4.1),cpp,Accepted,400,25856,834,
s750267412,p02936,u343198724,1566179257,C++,C++14 (GCC 5.4.1),cpp,Wrong Answer,2103,3840,830,
s872784872,p02936,u515548399,1566179255,Kotlin,Kotlin (1.0.0),kt,Wrong Answer,1145,131888,5033,
s130582866,p02936,u889914341,1566179254,Python,Python (3.4.3),py,Accepted,1515,46232,362,
s166100088,p02936,u064478845,1566179252,C++,C++14 (GCC 5.4.1),cpp,Accepted,125,15884,1560,
s805592451,p02936,u358822669,1566179252,C++,C++14 (GCC 5.4.1),cpp,Compile Error,,,884,
s909924859,p02936,u225891650,1566179251,C++,C++14 (GCC 5.4.1),cpp,Accepted,264,6272,815,
s517885996,p02936,u688375653,1566179251,Python,Python (3.4.3),py,Time Limit Exceeded,2121,278940,681,
s218021832,p02936,u727749587,1566179249,C++,C++14 (GCC 5.4.1),cpp,Wrong Answer,415,37632,1183,
s320334101,p02936,u097304477,1566179247,Java,Java8 (OpenJDK 1.8.0),java,Time Limit Exceeded,2106,148240,8018,
s835055606,p02936,u518242261,1566179247,C++,C++14 (GCC 5.4.1),cpp,Accepted,306,24320,1376,
s405819414,p02936,u153537680,1566179245,Kotlin,Kotlin (1.0.0),kt,Compile Error,,,1259,
s826068871,p02936,u201316840,1566179244,C++,C++14 (GCC 5.4.1),cpp,Time Limit Exceeded,2134,419328,972,
s030302827,p02936,u506340217,1566179244,Python,Python (2.7.6),py,Wrong Answer,1392,57892,671,
s025092478,p02936,u081275802,1566179241,C++,C++14 (GCC 5.4.1),cpp,Time Limit Exceeded,2651,41952,1698,
s139083797,p02936,u432194969,1566179237,C++,C++14 (GCC 5.4.1),cpp,Accepted,410,26880,1216,
s282133596,p02936,u567208278,1566179237,Rust,Rust (1.15.1),rs,Time Limit Exceeded,2105,57616,3217,
s732664897,p02936,u716314620,1566179236,C++,C++14 (GCC 5.4.1),cpp,Time Limit Exceeded,2104,23424,785,
s541298626,p02936,u422029490,1566179235,C++,C++14 (GCC 5.4.1),cpp,Accepted,386,27392,862,
s810145483,p02936,u982630224,1566179234,Java,Java8 (OpenJDK 1.8.0),java,Runtime Error,1610,195924,1755,
s684881873,p02936,u716067812,1566179234,C++,C++14 (GCC 5.4.1),cpp,Accepted,131,25984,1267,
s066293526,p02936,u340293807,1566179232,C++,C++14 (GCC 5.4.1),cpp,Wrong Answer,297,14080,1934,
s080481515,p02936,u761471989,1566179231,Python,Python (3.4.3),py,Time Limit Exceeded,2111,95068,938,
s631092389,p02936,u899909022,1566179229,Python,PyPy3 (2.4.0),py,Time Limit Exceeded,2110,122188,483,
s529719666,p02936,u857596000,1566179228,C++,C++14 (GCC 5.4.1),cpp,Runtime Error,101,640,636,
s973895841,p02936,u639426108,1566179226,C++,C++14 (GCC 5.4.1),cpp,Time Limit Exceeded,2105,22144,673,
s939047537,p02936,u845000384,1566179225,C++,C++14 (GCC 5.4.1),cpp,Runtime Error,463,275712,1747,
s941872031,p02936,u650620788,1566179225,Ruby,Ruby (2.3.3),rb,Accepted,1382,60796,731,
s250257912,p02936,u533232830,1566179224,Python,Python (3.4.3),py,Runtime Error,2106,47288,444,
s994667952,p02936,u705304778,1566179224,PHP,PHP7 (7.0.15),php,Accepted,205,36468,312,
s212000727,p02936,u191829404,1566179222,Python,PyPy3 (2.4.0),py,Time Limit Exceeded,2110,127320,1924,
s834260003,p02936,u442113054,1566179222,C,C (GCC 5.4.1),c,Runtime Error,493,263424,1138,
s655761444,p02936,u735993066,1566179221,C++,C++14 (GCC 5.4.1),cpp,Runtime Error,98,1792,394,
s072551911,p02936,u515548399,1566179221,Kotlin,Kotlin (1.0.0),kt,Time Limit Exceeded,2107,145056,5031,
s548061449,p02936,u150664457,1566179221,Python,Python (3.4.3),py,Wrong Answer,2110,112912,497,
s994719859,p02936,u672995180,1566179218,C++,C++14 (GCC 5.4.1),cpp,Wrong Answer,584,8064,637,
s321291550,p02936,u924638591,1566179218,C++,C++14 (GCC 5.4.1),cpp,Accepted,381,24192,533,
s565524093,p02936,u704324882,1566179218,C++,C++14 (GCC 5.4.1),cpp,Accepted,149,24320,1281,
s666576453,p02936,u979667682,1566179217,Python,PyPy3 (2.4.0),py,Time Limit Exceeded,2155,850052,838,
s419404167,p02936,u468506413,1566179217,C++,C++14 (GCC 5.4.1),cpp,Accepted,264,4736,615,
s392053535,p02936,u911150465,1566179213,C++,C++14 (GCC 5.4.1),cpp,Runtime Error,179,11512,885,
s665850037,p02936,u349081333,1566179213,C#,C# (Mono 4.6.2.0),cs,Accepted,1394,62292,1035,
s193499981,p02936,u198355306,1566179210,C++,C++14 (GCC 5.4.1),cpp,Accepted,494,36736,895,
s705286635,p02936,u779851448,1566179208,C++,C++14 (GCC 5.4.1),cpp,Accepted,206,17268,990,
s309959705,p02936,u872191059,1566179208,C++,C++14 (GCC 5.4.1),cpp,Wrong Answer,2153,847916,1450,
s346921808,p02936,u775999110,1566179207,Kotlin,Kotlin (1.0.0),kt,Time Limit Exceeded,2111,159932,1342,
s629869238,p02936,u007637377,1566179207,C++,C++14 (GCC 5.4.1),cpp,Accepted,322,7168,1353,
s116740077,p02936,u561976793,1566179206,C++,C++14 (GCC 5.4.1),cpp,Time Limit Exceeded,2103,8704,7272,
s583886236,p02936,u608668320,1566179205,C++,C++14 (GCC 5.4.1),cpp,Wrong Answer,86,3200,957,
s391474654,p02936,u516483179,1566179204,Python,Python (3.4.3),py,Wrong Answer,1565,64256,297,
s069715514,p02936,u582632397,1566179204,C++,C++14 (GCC 5.4.1),cpp,Accepted,273,14080,792,
s177126897,p02936,u318537266,1566179203,Java,Java8 (OpenJDK 1.8.0),java,Time Limit Exceeded,2110,189888,861,
s085399902,p02936,u043150661,1566179201,Kotlin,Kotlin (1.0.0),kt,Time Limit Exceeded,2111,164000,719,
s870907496,p02936,u140739684,1566179201,C++,C++14 (GCC 5.4.1),cpp,Accepted,104,14976,3794,
s576874570,p02936,u790710233,1566179199,Python,Python (3.4.3),py,Time Limit Exceeded,2108,71296,942,
s646759873,p02936,u653807637,1566179198,Python,PyPy3 (2.4.0),py,Time Limit Exceeded,2119,254860,678,
s399629371,p02936,u153390822,1566179197,C++,C++14 (GCC 5.4.1),cpp,Time Limit Exceeded,2105,28416,1153,
s554363756,p02936,u266742706,1566179195,Go,Go (1.6),go,Accepted,660,49792,3270,
s387742540,p02936,u383416302,1566179194,Python,PyPy3 (2.4.0),py,Runtime Error,2109,94156,386,
s074923243,p02936,u899909022,1566179194,Python,Python (3.4.3),py,Time Limit Exceeded,2107,74748,483,
s933520134,p02936,u047535298,1566179193,Python,PyPy3 (2.4.0),py,Time Limit Exceeded,2110,121432,603,
s617001620,p02936,u928025324,1566179193,C#,C# (Mono 4.6.2.0),cs,Accepted,1495,20404,1774,
s673085089,p02936,u194908943,1566179192,C++,C++14 (GCC 5.4.1),cpp,Accepted,236,149248,1656,
s439674200,p02936,u093112827,1566179191,C++,C++14 (GCC 5.4.1),cpp,Accepted,327,25600,730,
s358815569,p02936,u002386242,1566179190,C++,C++14 (GCC 5.4.1),cpp,Time Limit Exceeded,2132,452336,1463,
s376986075,p02936,u442966631,1566179190,C++,C++14 (GCC 5.4.1),cpp,Accepted,121,16500,739,
s203767981,p02936,u861962192,1566179189,Python,Python (3.4.3),py,Runtime Error,2106,47664,583,
s538698124,p02936,u860649643,1566179188,Python,Python (3.4.3),py,Runtime Error,2108,80008,596,
s834065872,p02936,u365513379,1566179187,C++,C++14 (GCC 5.4.1),cpp,Time Limit Exceeded,2253,2076284,1410,
s048292299,p02936,u464700044,1566179185,Perl,Perl (v5.18.2),pl,Accepted,669,47136,597,
s021508865,p02936,u532573979,1566179185,C++,C++14 (GCC 5.4.1),cpp,Accepted,142,21504,2696,
s068592092,p02936,u698759950,1566179183,C++,C++14 (GCC 5.4.1),cpp,Accepted,125,23552,816,
s767176223,p02936,u084324798,1566179183,Python,Python (3.4.3),py,Runtime Error,2111,140304,525,
s859284901,p02936,u313111801,1566179182,Java,Java8 (OpenJDK 1.8.0),java,Accepted,1664,239412,1084,
s598949905,p02936,u798818115,1566179176,Python,Python (3.4.3),py,Wrong Answer,2108,79088,497,
s107735213,p02936,u917152735,1566179175,C++,C++14 (GCC 5.4.1),cpp,Accepted,128,24320,569,
s683813452,p02936,u391157755,1566179175,Python,Python (3.4.3),py,Runtime Error,2113,148308,782,
s139701710,p02936,u235057691,1566179174,C++,C++14 (GCC 5.4.1),cpp,Accepted,291,16512,766,
s864276417,p02936,u637175065,1566179173,Go,Go (1.6),go,Wrong Answer,1986,38912,725,
s513273710,p02936,u460245024,1566179172,Python,Python (3.4.3),py,Runtime Error,2109,111132,621,
s452178339,p02936,u237620737,1566179172,Ruby,Ruby (2.3.3),rb,Wrong Answer,1087,44280,363,
s901652517,p02936,u770265284,1566179172,C++,C++14 (GCC 5.4.1),cpp,Time Limit Exceeded,2109,35484,1482,
s254493801,p02936,u191117799,1566179171,C++,C++14 (GCC 5.4.1),cpp,Accepted,314,3968,458,
s771214303,p02936,u266479350,1566179171,C++,C++14 (GCC 5.4.1),cpp,Accepted,264,4736,474,
s658045042,p02936,u075628913,1566179171,Python,Python (3.4.3),py,Time Limit Exceeded,2108,87004,450,
s543301383,p02936,u699752889,1566179170,Python,Python (3.4.3),py,Wrong Answer,2107,65432,959,
s251865998,p02936,u175426149,1566179170,Python,Python (3.4.3),py,Wrong Answer,2105,79884,690,
s545543580,p02936,u242680486,1566179169,C++,C++14 (GCC 5.4.1),cpp,Accepted,521,58400,2651,
s851341232,p02936,u408053343,1566179166,C++,C++14 (GCC 5.4.1),cpp,Accepted,304,71040,828,
s525070212,p02936,u387644442,1566179164,C#,C# (Mono 4.6.2.0),cs,Accepted,501,36080,1090,
s543365237,p02936,u906428167,1566179164,Python,PyPy3 (2.4.0),py,Accepted,1821,107136,444,
s363955446,p02936,u368039995,1566179162,C++,C++14 (GCC 5.4.1),cpp,Accepted,545,50304,3699,
s314316306,p02936,u304104630,1566179162,C++,C++14 (GCC 5.4.1),cpp,Accepted,317,33664,739,
s181691470,p02936,u518242261,1566179159,C++,C++14 (GCC 5.4.1),cpp,Wrong Answer,646,26240,1433,
s380349963,p02936,u297651868,1566179158,Python,PyPy3 (2.4.0),py,Wrong Answer,2110,123224,377,
s719013128,p02936,u531436689,1566179158,Python,PyPy3 (2.4.0),py,Wrong Answer,920,114120,1148,
s991403076,p02936,u067729694,1566179158,Python,PyPy3 (2.4.0),py,Time Limit Exceeded,2112,178556,1192,
s896781637,p02936,u311671153,1566179157,C++,C++14 (GCC 5.4.1),cpp,Accepted,372,41728,2270,
s517104604,p02936,u526818680,1566179156,C++,C++14 (GCC 5.4.1),cpp,Accepted,70,9216,1271,
s357295719,p02936,u660918420,1566179156,C++,C++14 (GCC 5.4.1),cpp,Runtime Error,100,2304,608,
s088818152,p02936,u267105803,1566179156,Ruby,Ruby (2.3.3),rb,Time Limit Exceeded,2114,99988,653,
s670786384,p02936,u266643907,1566179156,C++,C++14 (GCC 5.4.1),cpp,Accepted,234,43008,1645,
s785302071,p02936,u194447791,1566179154,C++,C++14 (GCC 5.4.1),cpp,Time Limit Exceeded,2103,5376,2159,
s480974919,p02936,u471828790,1566179153,Python,Python (3.4.3),py,Runtime Error,2107,80524,601,
s108794891,p02936,u506340217,1566179152,Python,Python (2.7.6),py,Runtime Error,49,17660,669,
s753231585,p02936,u604818425,1566179152,D,D (DMD64 v2.070.1),d,Accepted,214,27516,645,
s008466328,p02936,u420569644,1566179150,C++,C++14 (GCC 5.4.1),cpp,Accepted,366,28160,2552,
s246329281,p02936,u882209234,1566179149,Python,PyPy3 (2.4.0),py,Time Limit Exceeded,2114,188168,502,
s003757723,p02936,u633757735,1566179149,C++,C++14 (GCC 5.4.1),cpp,Accepted,434,33536,838,
s691817615,p02936,u527398664,1566179149,C++,C++14 (GCC 5.4.1),cpp,Time Limit Exceeded,2104,21140,491,
s308306143,p02936,u627325970,1566179148,Python,Python (3.4.3),py,Runtime Error,2112,150724,809,
s323369048,p02936,u437638594,1566179147,Python,PyPy3 (2.4.0),py,Wrong Answer,2111,140144,439,
s333775904,p02936,u637837492,1566179147,C++,C++14 (GCC 5.4.1),cpp,Runtime Error,100,2688,1472,
s623584173,p02936,u535113145,1566179146,C++,C++14 (GCC 5.4.1),cpp,Accepted,138,22784,767,
s126386649,p02936,u280512618,1566179145,C++,C++14 (GCC 5.4.1),cpp,Accepted,295,15732,898,
s570249551,p02936,u493627944,1566179144,Rust,Rust (1.15.1),rs,Accepted,88,40448,5387,
s501198224,p02936,u422711869,1566179141,Python,PyPy3 (2.4.0),py,Wrong Answer,648,86316,546,
s424958502,p02936,u106297876,1566179141,C++,C++14 (GCC 5.4.1),cpp,Accepted,324,25600,1687,
s283913992,p02936,u795048575,1566179139,C++,C++14 (GCC 5.4.1),cpp,Accepted,177,27392,1332,
s254375484,p02936,u116002573,1566179139,Python,PyPy3 (2.4.0),py,Time Limit Exceeded,2062,136388,956,
s964673431,p02936,u634461820,1566179139,Python,PyPy3 (2.4.0),py,Time Limit Exceeded,2111,141196,873,
s262455810,p02936,u500297289,1566179138,Python,PyPy3 (2.4.0),py,Time Limit Exceeded,2126,366072,602,
s675755423,p02936,u733608212,1566179137,Python,Python (3.4.3),py,Accepted,1609,81072,368,
s161891479,p02936,u133886644,1566179136,Rust,Rust (1.15.1),rs,Accepted,263,50524,2135,
s576138379,p02936,u266742706,1566179135,Go,Go (1.6),go,Runtime Error,196,13568,3265,
s674029373,p02936,u250943952,1566179135,Python,Python (3.4.3),py,Time Limit Exceeded,2111,152084,838,
s321166078,p02936,u536377809,1566179132,Python,Python (3.4.3),py,Time Limit Exceeded,2148,711576,411,
s697002158,p02936,u477651929,1566179131,C++,C++14 (GCC 5.4.1),cpp,Wrong Answer,314,6912,639,
s089580458,p02936,u154289649,1566179130,C++,C++14 (GCC 5.4.1),cpp,Time Limit Exceeded,2104,23552,728,
s264201895,p02936,u979667682,1566179128,Python,Python (3.4.3),py,Runtime Error,2113,186748,838,
s920614340,p02936,u727749587,1566179128,C++,C++14 (GCC 5.4.1),cpp,Wrong Answer,406,37632,1183,
s889496887,p02936,u481634050,1566179126,C++,C++14 (GCC 5.4.1),cpp,Accepted,136,30592,1512,
s518040109,p02936,u102305348,1566179126,Python,PyPy3 (2.4.0),py,Time Limit Exceeded,2147,738024,817,
s381177052,p02936,u778204640,1566179126,C#,C# (Mono 4.6.2.0),cs,Accepted,724,73060,7958,
s968757260,p02936,u221285045,1566179125,C++,C++14 (GCC 5.4.1),cpp,Time Limit Exceeded,2104,25716,1449,
s202086022,p02936,u061231294,1566179122,Python,PyPy3 (2.4.0),py,Runtime Error,2112,140292,1312,
s371758127,p02936,u122997134,1566179121,Kotlin,Kotlin (1.0.0),kt,Time Limit Exceeded,2115,195800,922,
s226311072,p02936,u808449256,1566179121,C++,C++14 (GCC 5.4.1),cpp,Time Limit Exceeded,2231,830008,1201,
s150401598,p02936,u738725371,1566179119,Crystal,Crystal (0.20.5),cr,Time Limit Exceeded,2109,57600,805,
s815742334,p02936,u644164234,1566179118,C++,C++14 (GCC 5.4.1),cpp,Accepted,270,14848,1555,
s957476915,p02936,u546925116,1566179117,C++,C++14 (GCC 5.4.1),cpp,Wrong Answer,154,34176,972,
s856543617,p02936,u298497862,1566179114,C++,C++14 (GCC 5.4.1),cpp,Runtime Error,3588,256,956,
s931373637,p02936,u327248573,1566179114,Python,Python (3.4.3),py,Wrong Answer,1158,122240,390,
s625984795,p02936,u274744399,1566179113,C++,C++14 (GCC 5.4.1),cpp,Time Limit Exceeded,2104,23424,983,
s116083756,p02936,u646965135,1566179112,Rust,Rust (1.15.1),rs,Accepted,247,44668,7189,
s995597196,p02936,u850491413,1566179112,Python,PyPy3 (2.4.0),py,Time Limit Exceeded,2111,132216,788,
s438751292,p02936,u624463308,1566179111,C++,C++14 (GCC 5.4.1),cpp,Accepted,157,15604,1140,
s890638437,p02936,u055303078,1566179110,C++,C++14 (GCC 5.4.1),cpp,Wrong Answer,2187,1419596,1532,
s734944874,p02936,u561443723,1566179109,C++,C++14 (GCC 5.4.1),cpp,Accepted,437,43008,1336,
s299779402,p02936,u761471989,1566179109,Python,Python (3.4.3),py,Wrong Answer,2108,94812,899,
s114171084,p02936,u448994613,1566179107,Python,PyPy3 (2.4.0),py,Runtime Error,699,81228,1926,
s548856275,p02936,u055687468,1566179107,PHP,PHP7 (7.0.15),php,Accepted,332,176632,600,
s955539619,p02936,u276999104,1566179106,C++,C++14 (GCC 5.4.1),cpp,Accepted,307,27392,908,
s455735879,p02936,u195943121,1566179105,Java,Java8 (OpenJDK 1.8.0),java,Time Limit Exceeded,2110,312540,1100,
s299484561,p02936,u651808137,1566179104,Rust,Rust (1.15.1),rs,Accepted,232,32860,1655,
s516103259,p02936,u383416302,1566179103,Python,Python (3.4.3),py,Runtime Error,2105,38700,400,
s852301502,p02936,u121748552,1566179102,C++,C++14 (GCC 5.4.1),cpp,Accepted,313,27392,1140,
s601777273,p02936,u095453583,1566179100,C++,C++14 (GCC 5.4.1),cpp,Time Limit Exceeded,2104,11392,1183,
s041627852,p02936,u911150465,1566179099,C++,C++14 (GCC 5.4.1),cpp,Runtime Error,182,11512,884,
s849295704,p02936,u404244809,1566179098,C++,C++14 (GCC 5.4.1),cpp,Accepted,84,7168,1365,
s710966622,p02936,u405612058,1566179098,C++,C++14 (GCC 5.4.1),cpp,Time Limit Exceeded,2104,20608,1073,
s666582547,p02936,u894950682,1566179097,C++,C++14 (GCC 5.4.1),cpp,Time Limit Exceeded,2105,33384,1936,
s563587287,p02936,u177542669,1566179096,C++,C++14 (GCC 5.4.1),cpp,Compile Error,,,1368,
s247621658,p02936,u470542271,1566179094,Python,Python (3.4.3),py,Wrong Answer,2113,166524,896,
s688864247,p02936,u551351897,1566179094,C++,C++14 (GCC 5.4.1),cpp,Accepted,122,16640,1547,
s350689225,p02936,u372633838,1566179094,Go,Go (1.6),go,Accepted,445,87296,953,
s416171840,p02936,u561491193,1566179092,Ruby,Ruby (2.3.3),rb,Wrong Answer,2110,54880,489,
s873675718,p02936,u408620326,1566179092,Python,PyPy3 (2.4.0),py,Runtime Error,2111,136096,461,
s453041030,p02936,u370447425,1566179091,C++,C++14 (GCC 5.4.1),cpp,Time Limit Exceeded,2104,18176,1572,
s977857540,p02936,u450956662,1566179090,Python,PyPy3 (2.4.0),py,Accepted,1982,89904,431,
s647537244,p02936,u862569952,1566179089,Python,Python (3.4.3),py,Runtime Error,2106,47684,439,
s957731380,p02936,u181736559,1566179089,Go,Go (1.6),go,Time Limit Exceeded,2112,22148,789,
s736891109,p02936,u020160935,1566179089,C++,C++14 (GCC 5.4.1),cpp,Accepted,156,48512,1655,
s096134244,p02936,u843985264,1566179088,C++,C++14 (GCC 5.4.1),cpp,Accepted,314,19312,1011,
s830454354,p02936,u197427401,1566179088,Python,Python (3.4.3),py,Runtime Error,1980,85900,734,
s722739344,p02936,u138245026,1566179087,C++,C++14 (GCC 5.4.1),cpp,Time Limit Exceeded,2104,22144,1136,
s386083323,p02936,u160244242,1566179087,Python,PyPy3 (2.4.0),py,Accepted,1943,95616,547,
s338508049,p02936,u777853124,1566179087,C++,C++14 (GCC 5.4.1),cpp,Accepted,265,10240,1235,
s338961617,p02936,u276796245,1566179085,C++,C++14 (GCC 5.4.1),cpp,Accepted,327,25856,1575,
s295117616,p02936,u053787256,1566179085,Python,Python (3.4.3),py,Runtime Error,1684,65216,815,
s204694291,p02936,u992670047,1566179085,C++,C++14 (GCC 5.4.1),cpp,Accepted,306,26612,942,
s745061686,p02936,u423832505,1566179081,C++,C++14 (GCC 5.4.1),cpp,Time Limit Exceeded,2178,1504528,879,
s672866199,p02936,u149419355,1566179081,Java,Java8 (OpenJDK 1.8.0),java,Accepted,1764,155212,983,
s848365356,p02936,u013629972,1566179079,Python,PyPy3 (2.4.0),py,Time Limit Exceeded,2113,170936,1923,
s616599785,p02936,u095021077,1566179078,Python,Python (3.4.3),py,Runtime Error,147,14444,544,
s798343356,p02936,u387806792,1566179078,Java,Java8 (OpenJDK 1.8.0),java,Time Limit Exceeded,2113,191368,1212,
s814885272,p02936,u959835031,1566179078,C++,C++14 (GCC 5.4.1),cpp,Accepted,102,14848,904,
s907494690,p02936,u101341410,1566179077,C++,C++14 (GCC 5.4.1),cpp,Accepted,151,21632,874,
s532248585,p02936,u509621775,1566179073,Python,Python (3.4.3),py,Runtime Error,2106,53060,481,
s574337932,p02936,u453299312,1566179072,C++,C++14 (GCC 5.4.1),cpp,Accepted,306,30592,952,
s643455507,p02936,u668650380,1566179071,C++,C++14 (GCC 5.4.1),cpp,Accepted,263,5504,515,
s547169436,p02936,u952491523,1566179070,Python,Python (3.4.3),py,Accepted,1996,61828,403,
s264804248,p02936,u634461820,1566179068,Python,Python (3.4.3),py,Time Limit Exceeded,2111,125444,916,
s927415051,p02936,u848504701,1566179068,C++,C++14 (GCC 5.4.1),cpp,Accepted,336,21104,1092,
s490467200,p02936,u598480992,1566179067,Python,Python (3.4.3),py,Accepted,1130,59668,592,
s115877716,p02936,u356157756,1566179067,C++,C++14 (GCC 5.4.1),cpp,Accepted,399,24320,556,
s705683697,p02936,u770265284,1566179066,C++,C++14 (GCC 5.4.1),cpp,Runtime Error,100,2560,1480,
s684271718,p02936,u504142483,1566179066,C++,C++14 (GCC 5.4.1),cpp,Accepted,293,16500,2283,
s642438006,p02936,u471212175,1566179065,Python,Python (3.4.3),py,Time Limit Exceeded,2110,102408,442,
s301580521,p02936,u643495354,1566179065,Python,Python (3.4.3),py,Time Limit Exceeded,2125,352232,670,
s349575613,p02936,u561491193,1566179062,Ruby,Ruby (2.3.3),rb,Wrong Answer,2109,85812,545,
s487211736,p02936,u801102476,1566179059,C,C (GCC 5.4.1),c,Runtime Error,2105,263520,1473,
s534770702,p02936,u337657882,1566179058,C,C (GCC 5.4.1),c,Time Limit Exceeded,2104,13892,778,
s176314378,p02936,u257724718,1566179056,C++,C++14 (GCC 5.4.1),cpp,Time Limit Exceeded,2106,56552,1319,
s890872429,p02936,u891387249,1566179056,Scala,Scala (2.11.7),scala,Runtime Error,2116,154564,980,
s149927114,p02936,u515548399,1566179056,Kotlin,Kotlin (1.0.0),kt,Compile Error,,,5008,
s167650252,p02936,u031593168,1566179056,C++,C++14 (GCC 5.4.1),cpp,Accepted,265,4736,1255,
s068750928,p02936,u002459665,1566179054,Python,Python (3.4.3),py,Runtime Error,2106,74564,621,
s112752828,p02936,u081275802,1566179052,C++,C++14 (GCC 5.4.1),cpp,Time Limit Exceeded,2294,40416,1573,
s089915160,p02936,u475007080,1566179052,C++,C++14 (GCC 5.4.1),cpp,Accepted,318,24448,923,
s620052111,p02936,u350997995,1566179051,Python,Python (3.4.3),py,Time Limit Exceeded,2039,224532,382,
s367295875,p02936,u627417051,1566179051,Python,PyPy3 (2.4.0),py,Time Limit Exceeded,2114,126916,931,
s889561920,p02936,u921066423,1566179051,Python,Python (3.4.3),py,Time Limit Exceeded,2109,104648,737,
s867193521,p02936,u123824541,1566179049,Python,Python (3.4.3),py,Accepted,1614,58632,373,
s132957078,p02936,u582848517,1566179048,C++,C++14 (GCC 5.4.1),cpp,Accepted,607,18760,1011,
s997342795,p02936,u464700044,1566179048,Perl,Perl (v5.18.2),pl,Wrong Answer,766,54912,534,
s643966612,p02936,u250943952,1566179046,Python,Python (3.4.3),py,Runtime Error,1250,75664,820,
s943307991,p02936,u500297289,1566179046,Python,Python (3.4.3),py,Time Limit Exceeded,2118,238460,602,
s310894390,p02936,u162612857,1566179046,Python,PyPy3 (2.4.0),py,Time Limit Exceeded,2114,175900,1167,
s426545014,p02936,u194894739,1566179044,Python,PyPy3 (2.4.0),py,Accepted,1869,103884,605,
s111489560,p02936,u140739684,1566179044,C++,C++14 (GCC 5.4.1),cpp,Runtime Error,148,7284,3794,
s344759816,p02936,u509911932,1566179041,Python,Python (3.4.3),py,Time Limit Exceeded,2108,77692,905,
s002894051,p02936,u551373727,1566179041,C++,C++14 (GCC 5.4.1),cpp,Accepted,286,21120,828,
s291898869,p02936,u300590099,1566179041,C++,C++14 (GCC 5.4.1),cpp,Accepted,176,24704,505,
s590145258,p02936,u098844816,1566179039,C++,C++14 (GCC 5.4.1),cpp,Time Limit Exceeded,2104,16512,1151,
s143774986,p02936,u368039995,1566179039,C++,C++14 (GCC 5.4.1),cpp,Runtime Error,101,7168,3699,
s910685215,p02936,u026424523,1566179039,C++,C++14 (GCC 5.4.1),cpp,Runtime Error,2799,1024,694,
s641040898,p02936,u968286297,1566179038,C++,C++14 (GCC 5.4.1),cpp,Runtime Error,231,6136,6433,
s272306596,p02936,u061996193,1566179036,Java,Java8 (OpenJDK 1.8.0),java,Accepted,1842,236420,2357,
s658377546,p02936,u150664457,1566179036,Python,PyPy3 (2.4.0),py,Time Limit Exceeded,2111,119940,512,
s246417327,p02936,u017810624,1566179035,Python,Python (3.4.3),py,Wrong Answer,2113,155760,779,
s397015625,p02936,u413763374,1566179034,C++,C++14 (GCC 5.4.1),cpp,Time Limit Exceeded,2104,18176,1054,
s995032395,p02936,u190679129,1566179034,C++,C++14 (GCC 5.4.1),cpp,Time Limit Exceeded,2104,22656,685,
s261588432,p02936,u471342385,1566179032,C++,C++14 (GCC 5.4.1),cpp,Accepted,292,20096,926,
s064962017,p02936,u244832678,1566179030,C++,C++14 (GCC 5.4.1),cpp,Time Limit Exceeded,2153,1030004,538,
s705789968,p02936,u395987935,1566179029,Java,Java8 (OpenJDK 1.8.0),java,Accepted,1400,194192,1790,
s832511724,p02936,u879581330,1566179027,C++,C++14 (GCC 5.4.1),cpp,Runtime Error,3383,256,800,
s609846002,p02936,u322354465,1566179026,Python,Python (3.4.3),py,Runtime Error,2107,82388,583,
s293159188,p02936,u141610915,1566179026,Python,Python (3.4.3),py,Time Limit Exceeded,2110,129380,562,
s787185125,p02936,u332906195,1566179025,Python,Python (3.4.3),py,Accepted,1988,225832,408,
s463299148,p02936,u278278558,1566179025,PHP,PHP7 (7.0.15),php,Time Limit Exceeded,2104,158200,593,
s256790966,p02936,u908349502,1566179022,C++,C++14 (GCC 5.4.1),cpp,Accepted,166,18384,1298,
s010669596,p02936,u979667682,1566179022,Python,PyPy3 (2.4.0),py,Time Limit Exceeded,2152,786584,700,
s679714288,p02936,u983062344,1566179021,C++,C++14 (GCC 5.4.1),cpp,Accepted,550,9216,581,
s527740405,p02936,u957998623,1566179019,C++,C++ (Clang 3.8.0),cpp,Accepted,45,15360,765,
s697021897,p02936,u476383383,1566179018,Python,Python (3.4.3),py,Runtime Error,2106,66140,454,
s098152323,p02936,u731992934,1566179016,C++,C++14 (GCC 5.4.1),cpp,Accepted,337,15604,776,
s348952945,p02936,u934099192,1566179016,Python,Python (3.4.3),py,Runtime Error,277,18472,717,
s444170809,p02936,u733814820,1566179015,Python,Python (3.4.3),py,Time Limit Exceeded,2106,42224,609,
s798287268,p02936,u383416302,1566179013,Python,Python (3.4.3),py,Runtime Error,2105,38184,399,
s136518549,p02936,u604231488,1566179013,C++,C++14 (GCC 5.4.1),cpp,Accepted,491,43776,856,
s882036672,p02936,u802406405,1566179012,C++,C++14 (GCC 5.4.1),cpp,Accepted,290,14080,691,
s002060046,p02936,u112504572,1566179012,Ruby,Ruby (2.3.3),rb,Time Limit Exceeded,2110,47868,615,
s873863023,p02936,u889344512,1566179011,Python,PyPy3 (2.4.0),py,Time Limit Exceeded,2116,204408,497,
s298119353,p02936,u700762398,1566179010,C++,C++14 (GCC 5.4.1),cpp,Time Limit Exceeded,2105,27276,824,
s561154232,p02936,u276999104,1566179007,C++,C++14 (GCC 5.4.1),cpp,Wrong Answer,400,25088,829,
s724721122,p02936,u208440216,1566179007,C++,C++14 (GCC 5.4.1),cpp,Accepted,401,28280,821,
s570951189,p02936,u330661451,1566179004,C++,C++14 (GCC 5.4.1),cpp,Accepted,115,14080,839,
s974170117,p02936,u150641538,1566179003,Python,Python (3.4.3),py,Time Limit Exceeded,2233,2025144,507,
s934860373,p02936,u995861601,1566179001,Python,Python (3.4.3),py,Accepted,1757,72840,343,
s426342497,p02936,u380928000,1566179000,C++,C++14 (GCC 5.4.1),cpp,Time Limit Exceeded,2108,12416,741,
s792160788,p02936,u177542669,1566179000,C++,C++14 (GCC 5.4.1),cpp,Compile Error,,,1383,
s034752942,p02936,u755499606,1566178998,C++,C++14 (GCC 5.4.1),cpp,Runtime Error,2104,8060,793,
s280076677,p02936,u053787256,1566178997,Python,Python (3.4.3),py,Runtime Error,1688,65152,843,
s049273497,p02936,u330326085,1566178995,C++,C++14 (GCC 5.4.1),cpp,Accepted,180,35712,1537,
s658394954,p02936,u186838327,1566178995,Python,PyPy3 (2.4.0),py,Time Limit Exceeded,2117,209416,724,
s574584050,p02936,u081445141,1566178993,C++,C++14 (GCC 5.4.1),cpp,Time Limit Exceeded,2103,3712,532,
s487376949,p02936,u054274920,1566178992,Python,Python (3.4.3),py,Accepted,1695,121952,447,
s128577311,p02936,u611179037,1566178991,C++,C++14 (GCC 5.4.1),cpp,Accepted,327,30592,1090,
s466445663,p02936,u253726906,1566178990,Java,Java8 (OpenJDK 1.8.0),java,Runtime Error,2009,199896,1414,
s023360574,p02936,u405256066,1566178989,Python,PyPy3 (2.4.0),py,Accepted,1331,82816,442,
s772109513,p02936,u019183101,1566178989,Java,Java8 (OpenJDK 1.8.0),java,Time Limit Exceeded,2109,190192,1204,
s129188686,p02936,u991450621,1566178989,C++,C++14 (GCC 5.4.1),cpp,Accepted,334,30464,1666,
s811236177,p02936,u560205874,1566178988,C++,C++14 (GCC 5.4.1),cpp,Accepted,298,27392,1351,
s922969771,p02936,u047535298,1566178986,Python,Python (3.4.3),py,Time Limit Exceeded,2106,77936,603,
s855907030,p02936,u365113395,1566178986,C++,C++14 (GCC 5.4.1),cpp,Runtime Error,375,32768,982,
s450642734,p02936,u299727087,1566178986,C++,C++14 (GCC 5.4.1),cpp,Accepted,133,15732,1263,
s778727777,p02936,u365956698,1566178985,C++,C++14 (GCC 5.4.1),cpp,Wrong Answer,2104,32128,1113,
s127577794,p02936,u419877586,1566178984,Python,Python (3.4.3),py,Time Limit Exceeded,2112,165180,779,
s132688278,p02936,u548094461,1566178983,C++,C++11 (GCC 4.8.1),cpp,Accepted,401,26952,2772,
s714617029,p02936,u914173586,1566178982,C++,C++14 (GCC 5.4.1),cpp,Accepted,392,21632,1053,
s918308530,p02936,u059262067,1566178981,Python,PyPy3 (2.4.0),py,Time Limit Exceeded,2110,124944,331,
s859744020,p02936,u135522671,1566178981,Python,Python (3.4.3),py,Wrong Answer,2119,279004,691,
s594055800,p02936,u603457443,1566178980,C++,C++14 (GCC 5.4.1),cpp,Time Limit Exceeded,2105,30592,874,
s820077923,p02936,u975329388,1566178977,Python,PyPy3 (2.4.0),py,Time Limit Exceeded,2118,235420,784,
s508741742,p02936,u272997285,1566178977,C++,C++14 (GCC 5.4.1),cpp,Accepted,281,14080,818,
s831252943,p02936,u579531291,1566178976,C++,C++14 (GCC 5.4.1),cpp,Accepted,302,27392,749,
s001736213,p02936,u416521732,1566178970,C++,C++14 (GCC 5.4.1),cpp,Time Limit Exceeded,2261,240768,1257,
s038160049,p02936,u714724786,1566178970,C++,C++14 (GCC 5.4.1),cpp,Accepted,309,22784,1274,
s173641505,p02936,u267105803,1566178969,Ruby,Ruby (2.3.3),rb,Time Limit Exceeded,2113,88164,582,
s432799119,p02936,u139614630,1566178968,Python,Python (3.4.3),py,Accepted,1468,58560,681,
s552691154,p02936,u227476288,1566178968,Python,Python (3.4.3),py,Runtime Error,158,12500,450,
s497233067,p02936,u328294851,1566178968,C++,C++14 (GCC 5.4.1),cpp,Accepted,376,17408,1601,
s677470616,p02936,u907059006,1566178968,C#,C# (Mono 4.6.2.0),cs,Time Limit Exceeded,2110,54576,1516,
s869925647,p02936,u973797979,1566178967,C++,C++14 (GCC 5.4.1),cpp,Accepted,343,20480,2689,
s535865608,p02936,u619458041,1566178966,Python,PyPy3 (2.4.0),py,Time Limit Exceeded,2144,650488,779,
s397179333,p02936,u891387249,1566178966,Scala,Scala (2.11.7),scala,Wrong Answer,2079,155020,975,
s063305076,p02936,u328364772,1566178963,Python,Python (3.4.3),py,Accepted,1916,66724,293,
s306563032,p02936,u637175065,1566178962,Go,Go (1.6),go,Wrong Answer,2110,40996,711,
s580714390,p02936,u794729709,1566178962,Java,Java8 (OpenJDK 1.8.0),java,Accepted,1577,147436,3991,
s746872939,p02936,u538947292,1566178962,C++,C++14 (GCC 5.4.1),cpp,Time Limit Exceeded,2104,16256,1361,
s691274472,p02936,u000113982,1566178961,C++,C++14 (GCC 5.4.1),cpp,Wrong Answer,317,6144,1025,
s203750168,p02936,u242679311,1566178961,C++,C++14 (GCC 5.4.1),cpp,Accepted,564,16512,1151,
s899626771,p02936,u174509352,1566178961,C++,C++14 (GCC 5.4.1),cpp,Time Limit Exceeded,2104,77312,630,
s555328202,p02936,u484229314,1566178960,Python,PyPy3 (2.4.0),py,Runtime Error,2111,178660,1016,
s432809796,p02936,u711539583,1566178958,Python,PyPy3 (2.4.0),py,Time Limit Exceeded,2114,184920,682,
s492345147,p02936,u087165202,1566178958,Ruby,Ruby (2.3.3),rb,Accepted,1844,21852,305,
s238154613,p02936,u408620326,1566178956,Python,Python (3.4.3),py,Runtime Error,2104,55628,461,
s006623119,p02936,u215692812,1566178955,C++,C++14 (GCC 5.4.1),cpp,Accepted,130,16500,1209,
s465598558,p02936,u620735210,1566178954,C++,C++14 (GCC 5.4.1),cpp,Accepted,271,14848,502,
s026570341,p02936,u726615467,1566178954,Python,Python (3.4.3),py,Time Limit Exceeded,2112,142932,859,
s725622985,p02936,u067729694,1566178954,Python,PyPy3 (2.4.0),py,Time Limit Exceeded,2112,186744,1421,
s389045683,p02936,u803314854,1566178953,Java,Java8 (OpenJDK 1.8.0),java,Time Limit Exceeded,2110,228436,2583,
s029283986,p02936,u917972976,1566178952,C++,C++14 (GCC 5.4.1),cpp,Runtime Error,2320,40920,2183,
s575394475,p02936,u992670047,1566178951,C++,C++14 (GCC 5.4.1),cpp,Wrong Answer,695,40692,924,
s311587764,p02936,u487476769,1566178950,C++,C++14 (GCC 5.4.1),cpp,Accepted,263,37376,11444,
s002432912,p02936,u509420256,1566178949,C++,C++14 (GCC 5.4.1),cpp,Time Limit Exceeded,2104,21848,775,
s676738921,p02936,u043150661,1566178949,Kotlin,Kotlin (1.0.0),kt,Time Limit Exceeded,2111,163460,743,
s597722164,p02936,u907059006,1566178946,C#,C# (Mono 4.6.2.0),cs,Wrong Answer,2110,52496,1757,
s707900034,p02936,u887080340,1566178946,Python,Python (3.4.3),py,Runtime Error,2108,67824,577,
s670168944,p02936,u227476288,1566178945,Python,PyPy3 (2.4.0),py,Runtime Error,172,38256,450,
s949278017,p02936,u052499405,1566178945,C++,C++14 (GCC 5.4.1),cpp,Accepted,668,24320,891,
s398920569,p02936,u334656323,1566178945,C++,C++14 (GCC 5.4.1),cpp,Accepted,608,19584,9611,
s571928151,p02936,u481584122,1566178944,C++,C++14 (GCC 5.4.1),cpp,Wrong Answer,2105,27896,1358,
s577816406,p02936,u615782628,1566178944,C,C (Clang 3.8.0),c,Accepted,302,221184,7164,
s611047988,p02936,u253726906,1566178943,Java,Java8 (OpenJDK 1.8.0),java,Runtime Error,2110,212020,1414,
s719106328,p02936,u624463308,1566178942,C++,C++14 (GCC 5.4.1),cpp,Wrong Answer,194,17268,1167,
s769379478,p02936,u715191077,1566178942,C++,C++14 (GCC 5.4.1),cpp,Accepted,136,26880,641,
s874522755,p02936,u494891213,1566178942,C++,C++14 (GCC 5.4.1),cpp,Accepted,321,6272,775,
s171858545,p02936,u843985264,1566178942,C++,C++14 (GCC 5.4.1),cpp,Compile Error,,,979,
s796347844,p02936,u419383010,1566178941,C++,C++14 (GCC 5.4.1),cpp,Accepted,281,18048,1232,
s136762622,p02936,u611571299,1566178940,C++,C++14 (GCC 5.4.1),cpp,Time Limit Exceeded,2104,22144,734,
s565039411,p02936,u852420560,1566178939,Python,PyPy3 (2.4.0),py,Runtime Error,2109,138076,772,
s561269985,p02936,u727749587,1566178939,C++,C++14 (GCC 5.4.1),cpp,Wrong Answer,373,35328,1129,
s529852785,p02936,u338929851,1566178938,Python,Python (3.4.3),py,Runtime Error,149,12492,796,
s284371480,p02936,u927534107,1566178937,Python,PyPy3 (2.4.0),py,Time Limit Exceeded,2113,163172,435,
s323161291,p02936,u714878632,1566178937,Python,Python (3.4.3),py,Accepted,1571,58948,654,
s170064579,p02936,u707045664,1566178937,Java,Java8 (OpenJDK 1.8.0),java,Accepted,788,80704,4248,
s745107342,p02936,u778614444,1566178935,C++,C++14 (GCC 5.4.1),cpp,Wrong Answer,275,14080,1029,
s990116770,p02936,u671687924,1566178935,C++,C++14 (GCC 5.4.1),cpp,Accepted,338,9600,3581,
s399740365,p02936,u934099192,1566178934,Python,Python (3.4.3),py,Runtime Error,17,3064,495,
s263909781,p02936,u593555034,1566178932,C++,C++14 (GCC 5.4.1),cpp,Accepted,451,27380,1281,
s796498770,p02936,u043424727,1566178932,Python,Python (3.4.3),py,Accepted,1451,58904,406,
s299409798,p02936,u146364934,1566178931,Java,Java8 (OpenJDK 1.8.0),java,Time Limit Exceeded,2110,360504,1390,
s039869475,p02936,u732142494,1566178929,Java,Java8 (OpenJDK 1.8.0),java,Time Limit Exceeded,2110,355156,1255,
s640164821,p02936,u207665007,1566178929,C++,C++14 (GCC 5.4.1),cpp,Accepted,381,28304,760,
s453299112,p02936,u572138437,1566178928,C++,C++14 (GCC 5.4.1),cpp,Time Limit Exceeded,2104,24320,2032,
s467786836,p02936,u428138331,1566178927,C++,C++14 (GCC 5.4.1),cpp,Wrong Answer,139,29944,1495,
s981469747,p02936,u494379309,1566178927,C++,C++14 (GCC 5.4.1),cpp,Time Limit Exceeded,2220,1585196,879,
s782169976,p02936,u126227204,1566178927,Python,Python (3.4.3),py,Runtime Error,1736,62188,445,
s262974101,p02936,u072526305,1566178926,C++,C++14 (GCC 5.4.1),cpp,Accepted,224,23112,2584,
s565842216,p02936,u580801719,1566178925,C++,C++14 (GCC 5.4.1),cpp,Accepted,373,23680,1690,
s798853481,p02936,u818078165,1566178923,Python,Python (3.4.3),py,Accepted,1967,141864,728,
s087926641,p02936,u402629484,1566178920,C++,C++14 (GCC 5.4.1),cpp,Accepted,91,11392,597,
s502420089,p02936,u075539606,1566178920,Python,PyPy3 (2.4.0),py,Time Limit Exceeded,2108,77200,533,
s617136905,p02936,u628332144,1566178919,C++,C++14 (GCC 5.4.1),cpp,Accepted,290,14080,897,
s546741392,p02936,u395652671,1566178919,C++,C++14 (GCC 5.4.1),cpp,Time Limit Exceeded,2104,21376,519,
s202347660,p02936,u297590902,1566178919,C++,C++14 (GCC 5.4.1),cpp,Accepted,341,22528,1052,
s277479065,p02936,u166147681,1566178918,C++,C++14 (GCC 5.4.1),cpp,Accepted,387,25856,744,
s620922738,p02936,u403800404,1566178918,C++,C++14 (GCC 5.4.1),cpp,Accepted,126,22632,12229,
s942482474,p02936,u401013791,1566178917,C++,C++14 (GCC 5.4.1),cpp,Accepted,177,32356,1455,
s952281712,p02936,u979960743,1566178914,C++,C++14 (GCC 5.4.1),cpp,Accepted,367,22656,779,
s516182423,p02936,u699765883,1566178914,Python,Python (3.4.3),py,Accepted,1746,67120,499,
s280288085,p02936,u782748646,1566178913,Python,PyPy3 (2.4.0),py,Time Limit Exceeded,2107,62348,355,
s902255970,p02936,u889344512,1566178912,Python,Python (3.4.3),py,Time Limit Exceeded,2118,234572,511,
s739513414,p02936,u135248164,1566178911,C++,C++14 (GCC 5.4.1),cpp,Accepted,274,67200,3180,
s217897955,p02936,u176645218,1566178910,Python,Python (3.4.3),py,Accepted,1498,85340,533,
s525342047,p02936,u419877586,1566178909,Python,Python (3.4.3),py,Runtime Error,2113,169280,812,
s172428355,p02936,u551909378,1566178908,Python,Python (3.4.3),py,Wrong Answer,2106,48284,609,
s768359688,p02936,u017293723,1566178908,C++,C++14 (GCC 5.4.1),cpp,Accepted,309,30464,978,
s053012414,p02936,u781719273,1566178907,Java,Java8 (OpenJDK 1.8.0),java,Accepted,499,54144,5456,
s906671706,p02936,u289709148,1566178904,C++,C++14 (GCC 5.4.1),cpp,Time Limit Exceeded,2103,16128,715,
s827803020,p02936,u017271745,1566178903,C++,C++14 (GCC 5.4.1),cpp,Time Limit Exceeded,2230,1705880,1256,
s342809728,p02936,u323120917,1566178903,Python,Python (3.4.3),py,Time Limit Exceeded,2104,15436,1255,
s999852738,p02936,u481584122,1566178903,C++,C++14 (GCC 5.4.1),cpp,Compile Error,,,1352,
s701752085,p02936,u637646387,1566178903,Python,Python (3.4.3),py,Runtime Error,2105,61988,456,
s716883625,p02936,u532096498,1566178901,C++,C++14 (GCC 5.4.1),cpp,Time Limit Exceeded,2206,1613256,1298,
s725481590,p02936,u679366464,1566178901,C++,C++14 (GCC 5.4.1),cpp,Accepted,442,42368,862,
s678234429,p02936,u427681070,1566178899,C++,C++14 (GCC 5.4.1),cpp,Accepted,542,13312,562,
s848370046,p02936,u568545273,1566178899,Java,Java8 (OpenJDK 1.8.0),java,Runtime Error,701,931152,1191,
s348344989,p02936,u957998623,1566178897,C++,C++ (Clang 3.8.0),cpp,Runtime Error,114,4608,765,
s863178219,p02936,u655125439,1566178897,Java,Java8 (OpenJDK 1.8.0),java,Accepted,1846,185484,1686,
s421227088,p02936,u187516587,1566178896,Python,PyPy3 (2.4.0),py,Time Limit Exceeded,2108,74584,326,
s426034094,p02936,u752904037,1566178895,C++,C++14 (GCC 5.4.1),cpp,Time Limit Exceeded,2105,30720,1017,
s482069021,p02936,u683667873,1566178894,C++,C++14 (GCC 5.4.1),cpp,Accepted,144,32896,1261,
s771074964,p02936,u534296203,1566178894,Python,PyPy3 (2.4.0),py,Time Limit Exceeded,2126,371704,481,
s254877900,p02936,u391331433,1566178893,C++,C++14 (GCC 5.4.1),cpp,Accepted,476,37564,2161,
s422565408,p02936,u813953440,1566178893,Python,Python (3.4.3),py,Time Limit Exceeded,2110,123596,595,
s312680770,p02936,u545206239,1566178892,C++,C++14 (GCC 5.4.1),cpp,Accepted,324,20280,1296,
s244756844,p02936,u350248178,1566178892,Python,PyPy3 (2.4.0),py,Time Limit Exceeded,2112,133452,1781,
s901706032,p02936,u259046272,1566178891,C++,C++14 (Clang 3.8.0),cpp,Accepted,723,27392,739,
s981495362,p02936,u074306398,1566178891,C++,C++14 (GCC 5.4.1),cpp,Accepted,460,84480,753,
s474614935,p02936,u313427116,1566178890,C++,C++14 (GCC 5.4.1),cpp,Time Limit Exceeded,2228,1877120,1590,
s942518855,p02936,u304318875,1566178890,C++,C++14 (GCC 5.4.1),cpp,Accepted,739,21104,28725,
s163388225,p02936,u316069805,1566178890,Java,Java8 (OpenJDK 1.8.0),java,Time Limit Exceeded,2110,350468,1281,
s599333296,p02936,u021816855,1566178889,C++,C++14 (GCC 5.4.1),cpp,Time Limit Exceeded,2104,21376,773,
s263306543,p02936,u204523044,1566178888,Python,Python (3.4.3),py,Runtime Error,2107,63608,429,
s729482589,p02936,u031986221,1566178888,C++,C++14 (GCC 5.4.1),cpp,Accepted,144,32128,856,
s690431248,p02936,u419944616,1566178888,C++,C++14 (GCC 5.4.1),cpp,Accepted,407,40704,890,
s004612073,p02936,u052499405,1566178888,C++,C++14 (GCC 5.4.1),cpp,Runtime Error,102,3328,892,
s033208441,p02936,u081249228,1566178887,C++,C++14 (GCC 5.4.1),cpp,Wrong Answer,2202,1610284,1608,
s546713421,p02936,u515548399,1566178886,Kotlin,Kotlin (1.0.0),kt,Wrong Answer,1067,133000,4861,
s869868671,p02936,u969850098,1566178886,Python,Python (3.4.3),py,Time Limit Exceeded,2113,90828,462,
s951456207,p02936,u484229314,1566178885,Python,Python (3.4.3),py,Runtime Error,2110,105460,1016,
s955800596,p02936,u477651929,1566178885,C++,C++14 (GCC 5.4.1),cpp,Wrong Answer,315,6144,633,
s952710321,p02936,u060044912,1566178885,C++,C++14 (GCC 5.4.1),cpp,Accepted,100,14080,760,
s527378825,p02936,u410878763,1566178885,C++,C++14 (GCC 5.4.1),cpp,Accepted,443,42240,1009,
s634618110,p02936,u372633838,1566178884,Go,Go (1.6),go,Wrong Answer,2109,33152,718,
s266164404,p02936,u432194969,1566178884,C++,C++14 (GCC 5.4.1),cpp,Time Limit Exceeded,2105,28848,1163,
s173357837,p02936,u280096880,1566178883,C++,C++14 (GCC 5.4.1),cpp,Time Limit Exceeded,2104,12416,1130,
s393681080,p02936,u794538417,1566178882,C++,C++14 (GCC 5.4.1),cpp,Accepted,560,14848,720,
s383647239,p02936,u561992253,1566178882,Python,PyPy3 (2.4.0),py,Accepted,1820,110156,394,
s057448411,p02936,u918601425,1566178881,Ruby,Ruby (2.3.3),rb,Time Limit Exceeded,2109,32448,833,
s198779593,p02936,u729417323,1566178881,Python,Python (3.4.3),py,Accepted,1611,73640,1008,
s577530534,p02936,u190332602,1566178880,Rust,Rust (1.15.1),rs,Time Limit Exceeded,2104,28028,1359,
s026169232,p02936,u123276241,1566178879,C++,C++14 (GCC 5.4.1),cpp,Accepted,149,29944,1589,
s831439295,p02936,u206390872,1566178875,C++,C++14 (GCC 5.4.1),cpp,Runtime Error,265,6516,1399,
s914132711,p02936,u857644621,1566178875,C++,C++14 (GCC 5.4.1),cpp,Accepted,193,31084,1360,
s162055217,p02936,u122034453,1566178873,C++,C++14 (GCC 5.4.1),cpp,Time Limit Exceeded,2105,33408,1020,
s537858079,p02936,u334656323,1566178872,C++,C++14 (GCC 5.4.1),cpp,Wrong Answer,573,18688,9613,
s160786585,p02936,u437638594,1566178871,Python,PyPy3 (2.4.0),py,Time Limit Exceeded,2110,122396,380,
s247406844,p02936,u808449256,1566178871,C++,C++14 (GCC 5.4.1),cpp,Time Limit Exceeded,2104,21864,1128,
s546931582,p02936,u032068406,1566178870,C++,C++14 (GCC 5.4.1),cpp,Wrong Answer,542,6912,507,
s268192145,p02936,u843722521,1566178870,Python,Python (3.4.3),py,Time Limit Exceeded,2120,275872,481,
s422305798,p02936,u855138664,1566178869,C++,C++14 (GCC 5.4.1),cpp,Accepted,151,20888,1083,
s319636039,p02936,u828766688,1566178868,Python,PyPy3 (2.4.0),py,Accepted,1997,120024,761,
s752932815,p02936,u866879589,1566178866,C++,C++14 (GCC 5.4.1),cpp,Accepted,445,31488,2565,
s235275623,p02936,u889914341,1566178865,Python,PyPy3 (2.4.0),py,Runtime Error,2016,192732,452,
s995694134,p02936,u238991589,1566178865,C++,C++14 (GCC 5.4.1),cpp,Accepted,138,27392,1026,
s850719225,p02936,u950603962,1566178864,C++,C++14 (GCC 5.4.1),cpp,Accepted,404,144640,898,
s109066069,p02936,u127438619,1566178863,C++,C++14 (GCC 5.4.1),cpp,Time Limit Exceeded,2103,3840,663,
s191876719,p02936,u588092745,1566178862,Rust,Rust (1.15.1),rs,Accepted,214,43516,4029,
s505498992,p02936,u982755883,1566178862,C++,C++14 (GCC 5.4.1),cpp,Time Limit Exceeded,2104,17408,969,
s587589134,p02936,u473291366,1566178861,Python,Python (3.4.3),py,Accepted,1601,64852,442,
s581961598,p02936,u959835031,1566178860,C++,C++14 (GCC 5.4.1),cpp,Wrong Answer,93,14720,903,
s892631782,p02936,u727749587,1566178859,C++,C++14 (GCC 5.4.1),cpp,Wrong Answer,417,37888,1189,
s502811993,p02936,u600195339,1566178858,Python,Python (3.4.3),py,Runtime Error,2109,105152,1130,
s791096830,p02936,u912430437,1566178854,C++,C++14 (GCC 5.4.1),cpp,Accepted,700,26112,963,
s247160057,p02936,u108540384,1566178854,C++,C++14 (GCC 5.4.1),cpp,Time Limit Exceeded,2108,20224,772,
s220103092,p02936,u735089337,1566178854,C++,C++14 (GCC 5.4.1),cpp,Wrong Answer,2248,2044664,1041,
s839486446,p02936,u562321612,1566178854,C++,C++14 (GCC 5.4.1),cpp,Accepted,383,23424,672,
s077882302,p02936,u172111219,1566178853,Python,PyPy3 (2.4.0),py,Accepted,1977,105164,470,
s682966276,p02936,u519180097,1566178851,C++,C++14 (GCC 5.4.1),cpp,Wrong Answer,148,28544,787,
s291886761,p02936,u481584122,1566178850,C++,C++14 (GCC 5.4.1),cpp,Compile Error,,,1347,
s634129933,p02936,u366677622,1566178847,C++,C++14 (GCC 5.4.1),cpp,Wrong Answer,2173,1087744,797,
s691477006,p02936,u656679572,1566178845,C++,C++14 (GCC 5.4.1),cpp,Accepted,305,25856,1732,
s883010557,p02936,u142234618,1566178845,C++,C++14 (GCC 5.4.1),cpp,Accepted,314,4736,578,
s781939286,p02936,u766779796,1566178844,C++,C++14 (GCC 5.4.1),cpp,Accepted,600,51272,1759,
s870810162,p02936,u509621775,1566178843,Python,PyPy3 (2.4.0),py,Time Limit Exceeded,2144,658424,437,
s344858768,p02936,u150664457,1566178843,Python,PyPy3 (2.4.0),py,Time Limit Exceeded,2111,119128,562,
s738658209,p02936,u442113054,1566178843,C,C (GCC 5.4.1),c,Wrong Answer,77,2048,879,
s840560828,p02936,u827202523,1566178843,Python,Python (3.4.3),py,Accepted,1920,251316,752,
s728547847,p02936,u572483595,1566178842,Java,Java8 (OpenJDK 1.8.0),java,Time Limit Exceeded,2109,198024,2957,
s341182151,p02936,u023958502,1566178842,Python,Python (3.4.3),py,Accepted,1904,111100,473,
s760300905,p02936,u428618452,1566178840,C++,C++14 (GCC 5.4.1),cpp,Time Limit Exceeded,2104,24320,708,
s384849673,p02936,u135522671,1566178840,Python,Python (3.4.3),py,Wrong Answer,2119,279004,663,
s307132875,p02936,u197497255,1566178838,Ruby,Ruby (2.3.3),rb,Runtime Error,2109,27900,453,
s523718817,p02936,u440985596,1566178836,Python,PyPy3 (2.4.0),py,Accepted,1368,91300,785,
s688880932,p02936,u335830383,1566178835,Python,PyPy3 (2.4.0),py,Runtime Error,1845,139224,755,
s963918081,p02936,u721463612,1566178835,Java,Java8 (OpenJDK 1.8.0),java,Accepted,1342,195880,1589,
s224925668,p02936,u415400221,1566178833,Ruby,Ruby (2.3.3),rb,Runtime Error,2109,31356,519,
s509957073,p02936,u600896094,1566178833,C++,C++14 (GCC 5.4.1),cpp,Time Limit Exceeded,2104,19060,919,
s730041667,p02936,u794538417,1566178833,C++,C++14 (GCC 5.4.1),cpp,Runtime Error,334,7284,720,
s513579947,p02936,u997325490,1566178832,C++,C++14 (GCC 5.4.1),cpp,Accepted,131,20468,1418,
s783655275,p02936,u850491413,1566178832,Python,PyPy3 (2.4.0),py,Time Limit Exceeded,2111,125348,962,
s487033194,p02936,u244626757,1566178832,C++,C++14 (GCC 5.4.1),cpp,Wrong Answer,251,6144,384,
s208024643,p02936,u056633659,1566178829,C++,C++14 (GCC 5.4.1),cpp,Time Limit Exceeded,2108,22656,635,
s266396971,p02936,u346308892,1566178825,Python,Python (3.4.3),py,Runtime Error,1905,62856,411,
s746926840,p02936,u630237310,1566178825,C++,C++14 (GCC 5.4.1),cpp,Time Limit Exceeded,2108,15872,803,
s433411980,p02936,u970348538,1566178822,Python,Python (3.4.3),py,Accepted,1822,57280,348,
s676770102,p02936,u771099984,1566178821,C++,C++14 (GCC 5.4.1),cpp,Accepted,350,24320,466,
s647646283,p02936,u242031676,1566178820,Python,Python (3.4.3),py,Time Limit Exceeded,2107,56656,434,
s541739467,p02936,u152665036,1566178818,Java,Java8 (OpenJDK 1.8.0),java,Accepted,729,120628,1286,
s969169864,p02936,u927534107,1566178817,Python,Python (3.4.3),py,Time Limit Exceeded,2114,167348,435,
s036579886,p02936,u494891213,1566178817,C++,C++14 (GCC 5.4.1),cpp,Runtime Error,137,1792,775,
s628589073,p02936,u272481916,1566178816,C++,C++14 (GCC 5.4.1),cpp,Accepted,277,14080,618,
s898140208,p02936,u625092455,1566178816,C++,C++14 (GCC 5.4.1),cpp,Time Limit Exceeded,2104,17280,4607,
s941290074,p02936,u442758029,1566178816,C++,C++14 (GCC 5.4.1),cpp,Accepted,310,25856,1008,
s124308264,p02936,u957998623,1566178816,C++,C++ (Clang 3.8.0),cpp,Runtime Error,104,3840,762,
s384287447,p02936,u391907938,1566178815,C++,C++14 (GCC 5.4.1),cpp,Accepted,370,21376,790,
s415555661,p02936,u711705317,1566178815,Ruby,Ruby (2.3.3),rb,Runtime Error,682,37628,373,
s236883229,p02936,u305492645,1566178815,C++,C++14 (GCC 5.4.1),cpp,Accepted,319,7296,360,
s210606676,p02936,u332906195,1566178814,Python,Python (3.4.3),py,Time Limit Exceeded,2042,225860,406,
s166810578,p02936,u159757494,1566178814,C++,C++14 (Clang 3.8.0),cpp,Accepted,777,93056,4724,
s524096121,p02936,u366398972,1566178813,C++,C++14 (GCC 5.4.1),cpp,Time Limit Exceeded,2104,23496,847,
s929292269,p02936,u257668305,1566178813,Ruby,Ruby (2.3.3),rb,Accepted,1094,35068,477,
s661988217,p02936,u325189601,1566178812,C++,C++14 (GCC 5.4.1),cpp,Accepted,166,24320,1904,
s097138384,p02936,u276796245,1566178812,C++,C++14 (GCC 5.4.1),cpp,Time Limit Exceeded,2104,25728,1531,
s771922254,p02936,u810976512,1566178811,C++,C++14 (GCC 5.4.1),cpp,Accepted,179,30720,1131,
s794256224,p02936,u995725911,1566178811,C++,C++14 (GCC 5.4.1),cpp,Accepted,294,25712,1396,
s818417664,p02936,u330712095,1566178810,Python,Python (3.4.3),py,Runtime Error,1542,49588,477,
s641241019,p02936,u115110170,1566178809,Python,Python (3.4.3),py,Time Limit Exceeded,2246,2083556,532,
s328891346,p02936,u532966492,1566178807,Python,PyPy3 (2.4.0),py,Accepted,1997,133664,788,
s279578817,p02936,u082861376,1566178807,C#,C# (Mono 4.6.2.0),cs,Time Limit Exceeded,2112,92148,29669,
s445757089,p02936,u524343822,1566178806,C++,C++14 (GCC 5.4.1),cpp,Accepted,130,26496,3143,
s466132146,p02936,u140739684,1566178805,C++,C++14 (GCC 5.4.1),cpp,Runtime Error,178,12020,7163,
s279740687,p02936,u395652671,1566178805,C++,C++14 (GCC 5.4.1),cpp,Runtime Error,148,6520,519,
s761903192,p02936,u855985627,1566178804,C++,C++14 (GCC 5.4.1),cpp,Time Limit Exceeded,2105,32640,955,
s494342632,p02936,u265065462,1566178803,C++,C++14 (GCC 5.4.1),cpp,Accepted,307,25856,1886,
s844561648,p02936,u286941902,1566178800,Swift,Swift (swift-2.2-RELEASE),swift,Time Limit Exceeded,2104,4736,469,
s346442711,p02936,u302764797,1566178800,C++,C++14 (GCC 5.4.1),cpp,Time Limit Exceeded,2104,14080,601,
s695695307,p02936,u463655976,1566178799,Go,Go (1.6),go,Accepted,591,44800,4114,
s700767963,p02936,u275934251,1566178799,C++,C++14 (GCC 5.4.1),cpp,Time Limit Exceeded,2105,30464,1685,
s066786833,p02936,u571969099,1566178798,Python,Python (3.4.3),py,Runtime Error,2108,80876,843,
s230909878,p02936,u442113054,1566178796,C,C (GCC 5.4.1),c,Wrong Answer,77,2048,886,
s356013555,p02936,u968286297,1566178796,C++,C++14 (GCC 5.4.1),cpp,Runtime Error,237,7552,6388,
s655748981,p02936,u264304509,1566178796,C++,C++14 (GCC 5.4.1),cpp,Accepted,395,139776,834,
s502327905,p02936,u847478937,1566178795,Ruby,Ruby (2.3.3),rb,Time Limit Exceeded,2113,103928,687,
s841125088,p02936,u007852064,1566178794,C++,C++14 (GCC 5.4.1),cpp,Accepted,142,27136,590,
s954186711,p02936,u500297289,1566178793,Python,Python (3.4.3),py,Runtime Error,1662,61088,549,
s630301780,p02936,u013750540,1566178790,C++,C++14 (GCC 5.4.1),cpp,Accepted,332,27392,2510,
s202256344,p02936,u495542768,1566178789,C++,C++14 (GCC 5.4.1),cpp,Accepted,304,28928,987,
s049288032,p02936,u509368316,1566178789,Python,PyPy3 (2.4.0),py,Wrong Answer,2120,293536,440,
s065499334,p02936,u181736559,1566178787,Go,Go (1.6),go,Time Limit Exceeded,2108,22276,719,
s480041392,p02936,u602865659,1566178787,Java,Java8 (OpenJDK 1.8.0),java,Accepted,1831,238772,1117,
s243434159,p02936,u296150111,1566178785,Python,Python (3.4.3),py,Accepted,1737,52696,266,
s096298605,p02936,u957998623,1566178785,C++,C++ (Clang 3.8.0),cpp,Compile Error,,,750,
s872156278,p02936,u412352115,1566178784,C++,C++14 (Clang 3.8.0),cpp,Accepted,97,11776,769,
s612411512,p02936,u098704227,1566178783,C++,C++14 (GCC 5.4.1),cpp,Accepted,133,22784,1770,
s261974978,p02936,u371535422,1566178783,C++,C++14 (GCC 5.4.1),cpp,Accepted,282,14848,4945,
s471813792,p02936,u175426149,1566178783,Python,Python (3.4.3),py,Wrong Answer,2107,70884,673,
s672763965,p02936,u735993066,1566178782,C++,C++14 (GCC 5.4.1),cpp,Runtime Error,100,256,462,
s742048774,p02936,u637175065,1566178782,Go,Go (1.6),go,Time Limit Exceeded,2106,37248,752,
s263629256,p02936,u756829954,1566178782,Python,PyPy3 (2.4.0),py,Accepted,1818,107680,451,
s674482746,p02936,u401013791,1566178781,C++,C++14 (GCC 5.4.1),cpp,Compile Error,,,1454,
s425026630,p02936,u008134456,1566178781,Python,Python (3.4.3),py,Accepted,1930,102088,559,
s443920729,p02936,u091051505,1566178780,Python,Python (3.4.3),py,Runtime Error,20,3316,562,
s185687665,p02936,u317715099,1566178780,C++,C++14 (GCC 5.4.1),cpp,Accepted,300,27136,858,
s145457018,p02936,u072526305,1566178780,C++,C++14 (GCC 5.4.1),cpp,Time Limit Exceeded,2105,23112,2575,
s935459632,p02936,u408927978,1566178778,C++,C++14 (GCC 5.4.1),cpp,Accepted,176,40544,11714,
s613514171,p02936,u954976049,1566178777,C++,C++14 (GCC 5.4.1),cpp,Time Limit Exceeded,2104,5108,821,
s172020477,p02936,u675487507,1566178776,C++,C++14 (GCC 5.4.1),cpp,Time Limit Exceeded,2104,25728,631,
s184782432,p02936,u850390157,1566178774,Python,Python (3.4.3),py,Runtime Error,1545,57964,502,
s429388458,p02936,u053787256,1566178774,Python,Python (3.4.3),py,Runtime Error,1638,65188,661,
s914094913,p02936,u975329388,1566178772,Python,PyPy3 (2.4.0),py,Time Limit Exceeded,2118,250556,925,
s460421953,p02936,u771365068,1566178771,Rust,Rust (1.15.1),rs,Accepted,179,18684,2188,
s816136576,p02936,u818078165,1566178770,Python,Python (3.4.3),py,Time Limit Exceeded,2113,154516,737,
s241514779,p02936,u391907938,1566178769,C++,C++14 (GCC 5.4.1),cpp,Wrong Answer,3,6144,785,
s196452211,p02936,u504228740,1566178769,Java,Java8 (OpenJDK 1.8.0),java,Time Limit Exceeded,2032,230904,796,
s565627450,p02936,u916974091,1566178766,C++,C++14 (GCC 5.4.1),cpp,Accepted,784,177408,3306,
s114386729,p02936,u583193199,1566178765,Java,Java8 (OpenJDK 1.8.0),java,Time Limit Exceeded,2076,165936,1666,
s436985011,p02936,u477878685,1566178765,C++,C++14 (GCC 5.4.1),cpp,Accepted,100,14080,760,
s646545096,p02936,u334656323,1566178764,C++,C++14 (GCC 5.4.1),cpp,Wrong Answer,610,16384,9553,
s625396597,p02936,u843506136,1566178764,C++,C++14 (GCC 5.4.1),cpp,Accepted,96,13312,512,
s659117612,p02936,u680850076,1566178764,C++,C++14 (GCC 5.4.1),cpp,Accepted,382,46208,1302,
s250048637,p02936,u160244242,1566178764,Python,PyPy3 (2.4.0),py,Time Limit Exceeded,2016,120892,616,
s726523857,p02936,u442113054,1566178762,C,C (GCC 5.4.1),c,Runtime Error,68,1280,885,
s973404810,p02936,u560205874,1566178762,C++,C++14 (GCC 5.4.1),cpp,Time Limit Exceeded,2104,27264,1316,
s955646134,p02936,u538632589,1566178761,Python,PyPy3 (2.4.0),py,Runtime Error,2113,168212,881,
s928942476,p02936,u239528020,1566178761,Python,Python (3.4.3),py,Runtime Error,2107,98792,609,
s642943102,p02936,u380772254,1566178761,Python,Python (3.4.3),py,Time Limit Exceeded,2113,252148,620,
s575978404,p02936,u166147681,1566178760,C++,C++14 (GCC 5.4.1),cpp,Wrong Answer,362,25856,740,
s182955349,p02936,u116002573,1566178760,Python,Python (3.4.3),py,Time Limit Exceeded,2104,107384,1075,
s772694784,p02936,u352623442,1566178760,Python,Python (3.4.3),py,Accepted,1721,55804,614,
s140529613,p02936,u470542271,1566178758,Python,Python (3.4.3),py,Time Limit Exceeded,2113,164488,970,
s251821135,p02936,u442758029,1566178758,C++,C++14 (GCC 5.4.1),cpp,Runtime Error,105,2688,1008,
s200441399,p02936,u135522671,1566178756,Python,Python (3.4.3),py,Runtime Error,2106,79036,597,
s404795800,p02936,u634743753,1566178755,C++,C++14 (GCC 5.4.1),cpp,Accepted,169,27376,2402,
s973021129,p02936,u743229067,1566178752,C++,C++14 (GCC 5.4.1),cpp,Accepted,371,25088,2763,
s988130473,p02936,u064408584,1566178751,Python,Python (3.4.3),py,Wrong Answer,1639,47896,327,
s571765578,p02936,u423832505,1566178750,C++,C++14 (GCC 5.4.1),cpp,Runtime Error,2177,1512080,867,
s643433501,p02936,u451080461,1566178750,Java,Java8 (OpenJDK 1.8.0),java,Accepted,1415,219016,2482,
s654295207,p02936,u392797842,1566178749,C++,C++14 (GCC 5.4.1),cpp,Accepted,162,23424,792,
s241991807,p02936,u162612857,1566178748,Python,PyPy3 (2.4.0),py,Time Limit Exceeded,2121,286236,1057,
s271646808,p02936,u717001163,1566178745,C#,C# (Mono 4.6.2.0),cs,Accepted,774,72284,1969,
s369474614,p02936,u118875091,1566178744,C++,C++14 (GCC 5.4.1),cpp,Accepted,504,44544,725,
s973710949,p02936,u076917070,1566178743,Python,Python (3.4.3),py,Wrong Answer,988,69188,385,
s095387222,p02936,u364497081,1566178743,C++,C++14 (GCC 5.4.1),cpp,Accepted,599,21376,1246,
s814533814,p02936,u241367243,1566178740,C++,C++14 (GCC 5.4.1),cpp,Accepted,122,18160,1449,
s781553646,p02936,u370447425,1566178739,C++,C++14 (GCC 5.4.1),cpp,Runtime Error,129,5760,1573,
s565892986,p02936,u422711869,1566178739,Python,PyPy3 (2.4.0),py,Runtime Error,933,122924,652,
s370401643,p02936,u038385221,1566178739,Haskell,Haskell (GHC 7.10.3),hs,Accepted,302,85756,4653,
s151125758,p02936,u714225686,1566178738,Python,Python (3.4.3),py,Accepted,1722,83128,1586,
s466147085,p02936,u013629972,1566178738,Python,Python (3.4.3),py,Time Limit Exceeded,2125,357836,1600,
s663015896,p02936,u509621775,1566178737,Python,Python (3.4.3),py,Runtime Error,2105,53060,437,
s884187611,p02936,u216459554,1566178736,C++,C++14 (GCC 5.4.1),cpp,Accepted,372,146944,1311,
s725640247,p02936,u296441124,1566178736,Python,Python (3.4.3),py,Accepted,1512,77540,490,
s646000680,p02936,u340781749,1566178733,Python,Python (3.4.3),py,Accepted,1337,118632,514,
s612590990,p02936,u216069198,1566178732,C++,C++14 (GCC 5.4.1),cpp,Accepted,125,16500,1434,
s113317607,p02936,u261965335,1566178731,C++,C++14 (GCC 5.4.1),cpp,Accepted,373,22528,1154,
s697079146,p02936,u801102476,1566178731,C,C (GCC 5.4.1),c,Runtime Error,2104,262624,1479,
s725186240,p02936,u051652188,1566178730,C++,C++14 (GCC 5.4.1),cpp,Time Limit Exceeded,2105,26496,903,
s859693417,p02936,u221372861,1566178729,C++,C++14 (GCC 5.4.1),cpp,Accepted,417,51568,1062,
s363342967,p02936,u703205079,1566178727,C++,C++14 (GCC 5.4.1),cpp,Time Limit Exceeded,2104,22144,1002,
s351379039,p02936,u238994315,1566178727,C++,C++14 (GCC 5.4.1),cpp,Accepted,140,21120,748,
s482080844,p02936,u030848580,1566178724,C++,C++14 (GCC 5.4.1),cpp,Accepted,293,61824,874,
s185808861,p02936,u648316846,1566178724,C++,C++14 (GCC 5.4.1),cpp,Accepted,100,13568,686,
s848706376,p02936,u269804060,1566178723,C++,C++14 (GCC 5.4.1),cpp,Accepted,287,14848,815,
s435696971,p02936,u547754910,1566178719,C++,C++14 (GCC 5.4.1),cpp,Time Limit Exceeded,2104,6272,715,
s307874039,p02936,u539339654,1566178718,C++,C++14 (GCC 5.4.1),cpp,Accepted,357,21120,1272,
s764245903,p02936,u715191077,1566178718,C++,C++14 (GCC 5.4.1),cpp,Wrong Answer,129,26752,640,
s803323169,p02936,u995725911,1566178718,C++,C++14 (GCC 5.4.1),cpp,Wrong Answer,289,25712,1396,
s359992425,p02936,u830054172,1566178716,Python,Python (3.4.3),py,Time Limit Exceeded,2111,133040,502,
s516373130,p02936,u334656323,1566178716,C++,C++14 (GCC 5.4.1),cpp,Wrong Answer,822,16896,9551,
s796366344,p02936,u698176039,1566178715,Python,Python (3.4.3),py,Accepted,1856,326476,643,
s809049590,p02936,u126833093,1566178714,C++,C++14 (GCC 5.4.1),cpp,Time Limit Exceeded,2103,2688,743,
s203854182,p02936,u246480996,1566178713,C++,C++14 (GCC 5.4.1),cpp,Accepted,263,54784,1076,
s227748939,p02936,u813098295,1566178713,C++,C++14 (GCC 5.4.1),cpp,Accepted,371,24832,956,
s706151015,p02936,u578509549,1566178712,C++,C++14 (GCC 5.4.1),cpp,Accepted,148,22272,1797,
s872087866,p02936,u041783158,1566178712,Python,Python (3.4.3),py,Time Limit Exceeded,2112,346976,756,
s887890077,p02936,u058149584,1566178711,C++,C++14 (Clang 3.8.0),cpp,Accepted,774,28928,1339,
s355833688,p02936,u959822889,1566178709,C++,C++14 (GCC 5.4.1),cpp,Accepted,861,150784,5860,
s582489492,p02936,u726523100,1566178708,Ruby,Ruby (2.3.3),rb,Wrong Answer,672,13656,336,
s839685142,p02936,u578276786,1566178708,C++,C++14 (GCC 5.4.1),cpp,Time Limit Exceeded,2106,36992,835,
s700359537,p02936,u742213796,1566178706,Ruby,Ruby (2.3.3),rb,Accepted,1186,93436,806,
s900375994,p02936,u905268546,1566178706,Python,PyPy3 (2.4.0),py,Runtime Error,2111,147084,680,
s597352374,p02936,u989157442,1566178705,Python,Python (3.4.3),py,Time Limit Exceeded,2120,250560,1437,
s669024886,p02936,u810625173,1566178702,Python,Python (3.4.3),py,Time Limit Exceeded,2111,129924,736,
s855352981,p02936,u916743460,1566178702,C++,C++14 (GCC 5.4.1),cpp,Accepted,136,22784,1940,
s784968854,p02936,u878056971,1566178695,C++,C++14 (GCC 5.4.1),cpp,Accepted,104,14080,461,
s859911013,p02936,u553807330,1566178694,C++,C++14 (GCC 5.4.1),cpp,Accepted,308,16512,1093,
s811185470,p02936,u401013791,1566178694,C++,C++14 (GCC 5.4.1),cpp,Runtime Error,2608,45028,1453,
s104825403,p02936,u737252485,1566178690,C++,C++14 (GCC 5.4.1),cpp,Accepted,253,4736,555,
s374811124,p02936,u928025324,1566178689,C#,C# (Mono 4.6.2.0),cs,Time Limit Exceeded,2108,17972,1346,
s016541413,p02936,u177907787,1566178689,C++,C++14 (GCC 5.4.1),cpp,Accepted,502,46080,799,
s870681500,p02936,u889344512,1566178688,Python,Python (3.4.3),py,Time Limit Exceeded,2134,509616,661,
s273612210,p02936,u833393891,1566178688,C++,C++14 (GCC 5.4.1),cpp,Accepted,124,23924,1513,
s638777910,p02936,u975329388,1566178688,Python,Python (3.4.3),py,Time Limit Exceeded,2117,227692,925,
s797772800,p02936,u700484101,1566178687,C++,C++14 (GCC 5.4.1),cpp,Wrong Answer,2104,13824,1913,
s878592208,p02936,u350213364,1566178685,C++,C++14 (GCC 5.4.1),cpp,Accepted,316,14848,1529,
s979693228,p02936,u752904037,1566178683,C++,C++14 (GCC 5.4.1),cpp,Time Limit Exceeded,2217,1657860,1016,
s039482814,p02936,u039623862,1566178680,Python,PyPy3 (2.4.0),py,Time Limit Exceeded,2123,341432,513,
s316751494,p02936,u519180097,1566178679,C++,C++14 (GCC 5.4.1),cpp,Wrong Answer,321,39552,759,
s785459623,p02936,u194268736,1566178678,C++,C++14 (GCC 5.4.1),cpp,Accepted,278,22656,749,
s144641098,p02936,u557275893,1566178676,C++,C++14 (GCC 5.4.1),cpp,Accepted,128,23552,2829,
s009205653,p02936,u063404629,1566178675,C++,C++14 (GCC 5.4.1),cpp,Time Limit Exceeded,2104,18160,2367,
s836458637,p02936,u741397536,1566178672,Python,PyPy3 (2.4.0),py,Accepted,1879,95308,490,
s025270297,p02936,u352557224,1566178672,C++,C++14 (GCC 5.4.1),cpp,Accepted,111,26624,933,
s807156689,p02936,u528523331,1566178671,C++,C++14 (GCC 5.4.1),cpp,Wrong Answer,253,5376,571,
s813073984,p02936,u491582868,1566178670,C++,C++14 (GCC 5.4.1),cpp,Accepted,177,40960,1714,
s457657361,p02936,u342051078,1566178669,C++,C++14 (GCC 5.4.1),cpp,Accepted,266,5616,1552,
s866095326,p02936,u314008046,1566178668,C++,C++14 (GCC 5.4.1),cpp,Accepted,363,25856,1124,
s513994349,p02936,u023958502,1566178668,Python,Python (3.4.3),py,Time Limit Exceeded,2110,111120,471,
s346551840,p02936,u191874006,1566178667,Python,PyPy3 (2.4.0),py,Time Limit Exceeded,2112,138332,918,
s325165705,p02936,u863044225,1566178665,C++,C++14 (GCC 5.4.1),cpp,Accepted,113,15744,1937,
s776604774,p02936,u043150661,1566178665,Kotlin,Kotlin (1.0.0),kt,Time Limit Exceeded,2111,160484,766,
s754286225,p02936,u403301154,1566178662,C++,C++14 (GCC 5.4.1),cpp,Accepted,355,20864,569,
s436547505,p02936,u448994613,1566178662,Python,Python (3.4.3),py,Time Limit Exceeded,2110,108964,1914,
s210831093,p02936,u030090262,1566178661,C++,C++14 (GCC 5.4.1),cpp,Accepted,294,17140,1699,
s545768026,p02936,u059262067,1566178661,Python,Python (3.4.3),py,Time Limit Exceeded,2107,118328,331,
s197737535,p02936,u374517378,1566178657,C++,C++14 (GCC 5.4.1),cpp,Wrong Answer,338,46720,2392,
s178785088,p02936,u762152622,1566178657,C++,C++14 (GCC 5.4.1),cpp,Wrong Answer,2104,10880,654,
s991087211,p02936,u851831516,1566178656,C++,C++14 (GCC 5.4.1),cpp,Accepted,153,23552,1656,
s349858727,p02936,u090325904,1566178655,C++,C++14 (GCC 5.4.1),cpp,Time Limit Exceeded,2104,18176,1005,
s663813281,p02936,u352059674,1566178655,C++,C++14 (GCC 5.4.1),cpp,Accepted,162,35584,1281,
s497323495,p02936,u515548399,1566178655,Kotlin,Kotlin (1.0.0),kt,Time Limit Exceeded,2107,150880,4844,
s574800204,p02936,u464700044,1566178654,Perl,Perl (v5.18.2),pl,Wrong Answer,746,54912,525,
s996328696,p02936,u672475305,1566178653,Python,PyPy3 (2.4.0),py,Time Limit Exceeded,2110,153328,692,
s262785039,p02936,u748720346,1566178652,C++,C++14 (GCC 5.4.1),cpp,Accepted,78,19328,1200,
s264418928,p02936,u919633157,1566178652,Python,PyPy3 (2.4.0),py,Time Limit Exceeded,2109,124124,432,
s793367926,p02936,u293991054,1566178652,C++,C++14 (GCC 5.4.1),cpp,Time Limit Exceeded,2104,24192,707,
s346347912,p02936,u661336847,1566178652,C++,C++14 (GCC 5.4.1),cpp,Accepted,140,27392,1106,
s411584121,p02936,u333991119,1566178651,C++,C++14 (GCC 5.4.1),cpp,Accepted,124,29696,655,
s854128312,p02936,u603457443,1566178650,C++,C++14 (GCC 5.4.1),cpp,Time Limit Exceeded,2105,27776,817,
s224266142,p02936,u042365947,1566178650,C#,C# (Mono 4.6.2.0),cs,Accepted,1283,79972,3564,
s182766630,p02936,u409210574,1566178649,C++,C++14 (GCC 5.4.1),cpp,Accepted,102,25600,585,
s829967758,p02936,u754375546,1566178647,Ruby,Ruby (2.3.3),rb,Time Limit Exceeded,2113,113404,637,
s712773207,p02936,u253726906,1566178647,Java,Java8 (OpenJDK 1.8.0),java,Time Limit Exceeded,2110,210848,1338,
s825602116,p02936,u428618452,1566178647,C++,C++14 (GCC 5.4.1),cpp,Time Limit Exceeded,2104,24192,585,
s006520237,p02936,u164414906,1566178647,C++,C++14 (GCC 5.4.1),cpp,Accepted,158,24320,1515,
s385127348,p02936,u214685595,1566178647,C++,C++14 (GCC 5.4.1),cpp,Accepted,741,64900,1166,
s291191552,p02936,u495903598,1566178647,Python,Python (3.4.3),py,Time Limit Exceeded,2115,190344,1461,
s706678179,p02936,u867320886,1566178645,Python,Python (3.4.3),py,Accepted,1817,49456,369,
s600542343,p02936,u058477274,1566178642,C++,C++14 (GCC 5.4.1),cpp,Accepted,105,17280,570,
s001571259,p02936,u420569644,1566178641,C++,C++14 (GCC 5.4.1),cpp,Runtime Error,363,25088,2504,
s630195892,p02936,u828766688,1566178640,Python,PyPy3 (2.4.0),py,Time Limit Exceeded,2112,152696,782,
s827911093,p02936,u328099989,1566178640,Python,Python (3.4.3),py,Runtime Error,1740,70536,808,
s646313217,p02936,u374531474,1566178639,Python,Python (3.4.3),py,Runtime Error,1821,79948,579,
s492332737,p02936,u660258862,1566178638,C#,C# (Mono 4.6.2.0),cs,Wrong Answer,21,13268,799,
s898083834,p02936,u135248164,1566178637,C++,C++14 (GCC 5.4.1),cpp,Time Limit Exceeded,2107,65536,3087,
s360178921,p02936,u921773161,1566178635,Python,Python (3.4.3),py,Accepted,1873,96156,485,
s389438480,p02936,u305824645,1566178634,C++,C++14 (GCC 5.4.1),cpp,Accepted,133,24320,803,
s721764262,p02936,u162612857,1566178632,Python,Python (3.4.3),py,Time Limit Exceeded,2114,167432,1057,
s189452947,p02936,u889914341,1566178631,Python,Python (3.4.3),py,Time Limit Exceeded,2114,184136,452,
s058577808,p02936,u644568158,1566178631,C++,C++14 (GCC 5.4.1),cpp,Accepted,575,9472,1271,
s637475376,p02936,u063380928,1566178630,C++,C++14 (GCC 5.4.1),cpp,Accepted,318,25856,691,
s559440565,p02936,u471342385,1566178627,C++,C++14 (GCC 5.4.1),cpp,Time Limit Exceeded,2104,18560,846,
s916110089,p02936,u567208278,1566178626,Rust,Rust (1.15.1),rs,Time Limit Exceeded,2104,59100,3108,
s457879293,p02936,u919633157,1566178625,Python,Python (3.4.3),py,Time Limit Exceeded,2106,40912,432,
s263784235,p02936,u269278772,1566178625,C++,C++14 (GCC 5.4.1),cpp,Accepted,656,16512,761,
s854577231,p02936,u241367243,1566178624,C++,C++14 (GCC 5.4.1),cpp,Wrong Answer,133,16000,1439,
s714455982,p02936,u448994613,1566178623,Python,PyPy3 (2.4.0),py,Time Limit Exceeded,2121,306744,1914,
s762482864,p02936,u164414906,1566178622,C++,C++14 (GCC 5.4.1),cpp,Accepted,174,24320,1515,
s732251684,p02936,u403301154,1566178618,C++,C++14 (GCC 5.4.1),cpp,Runtime Error,313,8184,569,
s052695598,p02936,u976783709,1566178618,C++,C++14 (GCC 5.4.1),cpp,Time Limit Exceeded,2106,41364,754,
s562727085,p02936,u330661451,1566178618,C++,C++14 (GCC 5.4.1),cpp,Time Limit Exceeded,2103,3840,971,
s017820542,p02936,u347640436,1566178615,Python,PyPy3 (2.4.0),py,Time Limit Exceeded,2135,504016,573,
s242865117,p02936,u836724424,1566178615,C++,C++14 (GCC 5.4.1),cpp,Accepted,347,20352,558,
s721765558,p02936,u787337234,1566178615,C++,C++14 (GCC 5.4.1),cpp,Accepted,194,16512,1138,
s206346925,p02936,u489316980,1566178614,Java,Java8 (OpenJDK 1.8.0),java,Time Limit Exceeded,2110,377488,1344,
s841388717,p02936,u137523493,1566178614,C++,C++14 (GCC 5.4.1),cpp,Accepted,292,42496,2545,
s651872514,p02936,u604231488,1566178612,C++,C++14 (GCC 5.4.1),cpp,Runtime Error,573,314752,1158,
s132925259,p02936,u042208369,1566178611,C++,C++14 (GCC 5.4.1),cpp,Accepted,175,27136,916,
s904619870,p02936,u898143674,1566178609,C++,C++14 (GCC 5.4.1),cpp,Accepted,372,24320,682,
s269367328,p02936,u630237310,1566178608,C++,C++14 (GCC 5.4.1),cpp,Time Limit Exceeded,2108,20992,750,
s781515992,p02936,u995725911,1566178607,C++,C++14 (GCC 5.4.1),cpp,Wrong Answer,301,19444,1376,
s572936949,p02936,u837133513,1566178607,C++,C++14 (GCC 5.4.1),cpp,Wrong Answer,269,10112,741,
s369800436,p02936,u882209234,1566178606,Python,Python (3.4.3),py,Time Limit Exceeded,2118,270916,497,
s424177874,p02936,u297203024,1566178605,C++,C++14 (GCC 5.4.1),cpp,Accepted,338,21120,1204,
s402187376,p02936,u568545273,1566178604,Java,Java8 (OpenJDK 1.8.0),java,Runtime Error,595,870224,1053,
s315677257,p02936,u942767171,1566178604,Python,Python (3.4.3),py,Time Limit Exceeded,2107,61160,553,
s443115586,p02936,u196579381,1566178602,Python,PyPy3 (2.4.0),py,Accepted,1270,124140,509,
s628012497,p02936,u832409298,1566178602,Python,PyPy3 (2.4.0),py,Accepted,1140,136084,1274,
s738686069,p02936,u112318601,1566178602,C++,C++14 (GCC 5.4.1),cpp,Accepted,311,21108,1085,
s492435289,p02936,u032068406,1566178602,C++,C++14 (GCC 5.4.1),cpp,Wrong Answer,530,4480,471,
s768138848,p02936,u448994613,1566178601,Python,PyPy3 (2.4.0),py,Time Limit Exceeded,2122,306744,1914,
s413262980,p02936,u360515075,1566178601,Python,Python (3.4.3),py,Runtime Error,2105,45784,353,
s987960100,p02936,u946432910,1566178599,C++,C++14 (GCC 5.4.1),cpp,Accepted,135,24576,2077,
s718975012,p02936,u064246852,1566178598,Python,PyPy3 (2.4.0),py,Time Limit Exceeded,2109,92452,451,
s927173719,p02936,u924638591,1566178597,C++,C++14 (GCC 5.4.1),cpp,Wrong Answer,2106,785792,514,
s011337515,p02936,u228295160,1566178597,C++,C++14 (GCC 5.4.1),cpp,Accepted,585,36736,2681,
s657176722,p02936,u824327013,1566178596,C++,C++14 (GCC 5.4.1),cpp,Accepted,337,15732,2206,
s757147115,p02936,u485465806,1566178596,C++,C++14 (GCC 5.4.1),cpp,Accepted,180,126336,799,
s028307252,p02936,u812650780,1566178594,Python,Python (3.4.3),py,Time Limit Exceeded,2106,46096,659,
s249473028,p02936,u872406755,1566178594,C++,C++14 (GCC 5.4.1),cpp,Accepted,94,5504,504,
s000049659,p02936,u367602070,1566178592,C++,C++14 (GCC 5.4.1),cpp,Accepted,138,25856,2457,
s081380351,p02936,u619458041,1566178589,Python,PyPy3 (2.4.0),py,Time Limit Exceeded,2154,844032,782,
s545918313,p02936,u843506136,1566178586,C++,C++14 (GCC 5.4.1),cpp,Compile Error,,,515,
s951347671,p02936,u069429049,1566178585,Ruby,Ruby (2.3.3),rb,Runtime Error,2114,102652,622,
s023373794,p02936,u959835031,1566178585,C++,C++14 (GCC 5.4.1),cpp,Time Limit Exceeded,2104,14848,795,
s072682650,p02936,u148019779,1566178585,C++,C++14 (GCC 5.4.1),cpp,Time Limit Exceeded,2103,4720,950,
s745248984,p02936,u816097281,1566178584,JavaScript,JavaScript (node.js v5.12),js,Accepted,820,131984,858,
s360609124,p02936,u159757494,1566178583,C++,C++14 (Clang 3.8.0),cpp,Wrong Answer,778,90752,4790,
s165907819,p02936,u358469267,1566178581,C++,C++14 (GCC 5.4.1),cpp,Wrong Answer,321,35456,908,
s828315180,p02936,u298497862,1566178580,C++,C++14 (GCC 5.4.1),cpp,Runtime Error,3400,256,1197,
s401269478,p02936,u520841950,1566178578,C++,C++14 (GCC 5.4.1),cpp,Accepted,314,24320,846,
s133910460,p02936,u583193199,1566178578,Java,Java8 (OpenJDK 1.8.0),java,Time Limit Exceeded,2109,163824,1635,
s112988683,p02936,u917152735,1566178577,C++,C++14 (GCC 5.4.1),cpp,Wrong Answer,100,13312,908,
s764759222,p02936,u776194115,1566178577,C++,C++14 (GCC 5.4.1),cpp,Accepted,101,7168,1151,
s720616087,p02936,u230265105,1566178577,C++,C++14 (GCC 5.4.1),cpp,Accepted,143,23680,571,
s634320763,p02936,u164414906,1566178577,C++,C++14 (GCC 5.4.1),cpp,Runtime Error,106,2560,1515,
s955560407,p02936,u022433269,1566178576,C++,C++14 (GCC 5.4.1),cpp,Accepted,315,32128,1025,
s158950173,p02936,u600402037,1566178573,Python,Python (3.4.3),py,Runtime Error,2108,75928,461,
s250341846,p02936,u848736574,1566178572,C++,C++14 (GCC 5.4.1),cpp,Accepted,297,32256,1789,
s552729529,p02936,u619819312,1566178571,Python,Python (3.4.3),py,Accepted,1942,89068,482,
s869295558,p02936,u376817785,1566178571,C++,C++14 (GCC 5.4.1),cpp,Accepted,313,15604,1455,
s740833088,p02936,u818078165,1566178571,Python,Python (3.4.3),py,Wrong Answer,2071,144764,719,
s845428690,p02936,u072526305,1566178571,C++,C++14 (GCC 5.4.1),cpp,Time Limit Exceeded,2106,42152,2524,
s054636312,p02936,u462078186,1566178571,C++,C++14 (GCC 5.4.1),cpp,Accepted,334,17904,1453,
s501137865,p02936,u593452247,1566178569,C++,C++14 (GCC 5.4.1),cpp,Accepted,132,24320,547,
s477636167,p02936,u341316888,1566178568,C++,C++14 (GCC 5.4.1),cpp,Accepted,374,50816,2863,
s223417036,p02936,u760783140,1566178568,C++,C++14 (GCC 5.4.1),cpp,Accepted,294,25856,796,
s315671778,p02936,u862024582,1566178568,C++,C++14 (GCC 5.4.1),cpp,Accepted,325,32896,3803,
s422818909,p02936,u482583772,1566178568,Ruby,Ruby (2.3.3),rb,Runtime Error,2112,110944,727,
s280633604,p02936,u738725371,1566178568,Crystal,Crystal (0.20.5),cr,Time Limit Exceeded,2109,52604,581,
s730096024,p02936,u135522671,1566178567,Python,Python (3.4.3),py,Runtime Error,2106,74816,510,
s748796639,p02936,u618649215,1566178567,C++,C++14 (GCC 5.4.1),cpp,Accepted,399,30464,926,
s747734704,p02936,u515548399,1566178565,Kotlin,Kotlin (1.0.0),kt,Time Limit Exceeded,2111,148328,4828,
s003486573,p02936,u335667012,1566178565,C++,C++14 (GCC 5.4.1),cpp,Accepted,573,15872,813,
s216736022,p02936,u428138331,1566178565,C++,C++14 (GCC 5.4.1),cpp,Wrong Answer,143,29944,1473,
s494863960,p02936,u186838327,1566178562,Python,PyPy3 (2.4.0),py,Time Limit Exceeded,2109,109132,543,
s599462743,p02936,u482969053,1566178562,Python,Python (3.4.3),py,Time Limit Exceeded,2108,77528,770,
s880005653,p02936,u737252485,1566178560,C++,C++14 (GCC 5.4.1),cpp,Time Limit Exceeded,2103,4608,607,
s375806500,p02936,u655125439,1566178558,Java,Java8 (OpenJDK 1.8.0),java,Time Limit Exceeded,2110,304612,1991,
s559277227,p02936,u704703586,1566178556,C++,C++14 (GCC 5.4.1),cpp,Accepted,144,25856,792,
s736282001,p02936,u921066423,1566178554,Python,Python (3.4.3),py,Time Limit Exceeded,2110,121836,892,
s714470468,p02936,u460819600,1566178553,C++,C++14 (GCC 5.4.1),cpp,Accepted,133,17904,1910,
s162543179,p02936,u742553775,1566178553,C++,C++14 (GCC 5.4.1),cpp,Accepted,159,50816,988,
s186638328,p02936,u693933222,1566178551,Python,Python (3.4.3),py,Time Limit Exceeded,2107,59672,466,
s034845335,p02936,u744908753,1566178550,Ruby,Ruby (2.3.3),rb,Accepted,937,35380,404,
s195579777,p02936,u129074747,1566178549,C++,C++14 (Clang 3.8.0),cpp,Accepted,765,24320,5649,
s362717055,p02936,u269278772,1566178548,C++,C++14 (GCC 5.4.1),cpp,Runtime Error,643,9204,761,
s624984614,p02936,u822160737,1566178548,C++,C++14 (GCC 5.4.1),cpp,Wrong Answer,460,43904,3347,
s264730095,p02936,u850390157,1566178547,Python,Python (3.4.3),py,Runtime Error,1605,61212,498,
s817017070,p02936,u944248697,1566178547,C++,C++14 (GCC 5.4.1),cpp,Accepted,134,18672,1128,
s223698985,p02936,u504669764,1566178547,Go,Go (1.6),go,Accepted,362,71808,3001,
s351089402,p02936,u380524497,1566178546,Python,PyPy3 (2.4.0),py,Wrong Answer,832,121316,444,
s900372341,p02936,u307227472,1566178544,C++,C++14 (GCC 5.4.1),cpp,Accepted,133,16500,1039,
s025425437,p02936,u721463612,1566178543,Java,Java8 (OpenJDK 1.8.0),java,Time Limit Exceeded,2110,301064,1879,
s797215505,p02936,u994988729,1566178541,Python,Python (3.4.3),py,Accepted,1921,69992,526,
s757442452,p02936,u494037974,1566178541,C++,C++14 (GCC 5.4.1),cpp,Accepted,265,7808,800,
s243102391,p02936,u561992253,1566178537,Python,PyPy3 (2.4.0),py,Time Limit Exceeded,2124,339064,539,
s641146879,p02936,u775999110,1566178537,Kotlin,Kotlin (1.0.0),kt,Wrong Answer,2119,150476,1072,
s874624436,p02936,u181736559,1566178535,Go,Go (1.6),go,Time Limit Exceeded,2108,19968,790,
s382710002,p02936,u637175065,1566178535,Go,Go (1.6),go,Time Limit Exceeded,2108,26240,734,
s756423440,p02936,u892251744,1566178533,Python,PyPy3 (2.4.0),py,Accepted,1798,138488,620,
s542822751,p02936,u218843509,1566178531,Python,PyPy3 (2.4.0),py,Time Limit Exceeded,2150,783040,525,
s643122572,p02936,u033620890,1566178525,C++,C++14 (GCC 5.4.1),cpp,Accepted,282,27776,1075,
s520720503,p02936,u849073847,1566178524,C++,C++14 (GCC 5.4.1),cpp,Time Limit Exceeded,2104,13184,662,
s994383749,p02936,u617987447,1566178524,C++,C++14 (GCC 5.4.1),cpp,Accepted,131,30464,803,
s398637271,p02936,u411195488,1566178522,C++,C++14 (GCC 5.4.1),cpp,Accepted,130,15604,939,
s799914090,p02936,u979920726,1566178522,C++,C++14 (GCC 5.4.1),cpp,Accepted,317,21120,794,
s629461819,p02936,u093739220,1566178522,Python,PyPy3 (2.4.0),py,Time Limit Exceeded,2118,366984,732,
s905300149,p02936,u123135189,1566178520,Rust,Rust (1.15.1),rs,Accepted,180,30972,3662,
s805739135,p02936,u568545273,1566178519,Java,Java8 (OpenJDK 1.8.0),java,Runtime Error,591,870480,1047,
s509169877,p02936,u577059859,1566178519,C++,C++14 (GCC 5.4.1),cpp,Accepted,102,14848,656,
s787514986,p02936,u934099192,1566178519,Python,Python (3.4.3),py,Runtime Error,149,12484,722,
s922418458,p02936,u330712095,1566178517,Python,PyPy3 (2.4.0),py,Runtime Error,1909,131020,476,
s968152779,p02936,u988912858,1566178516,Ruby,Ruby (2.3.3),rb,Accepted,1002,35040,715,
s890336160,p02936,u347640436,1566178515,Python,PyPy3 (2.4.0),py,Runtime Error,2111,128064,531,
s528472978,p02936,u251847465,1566178515,C++,C++14 (GCC 5.4.1),cpp,Accepted,324,33664,961,
s034962669,p02936,u403301154,1566178512,C++,C++14 (GCC 5.4.1),cpp,Runtime Error,305,6136,564,
s627739169,p02936,u784332273,1566178508,C++,C++14 (GCC 5.4.1),cpp,Accepted,283,21120,676,
s867711038,p02936,u393384704,1566178508,C++,C++14 (GCC 5.4.1),cpp,Accepted,277,54656,2494,
s242036694,p02936,u288087195,1566178505,C++,C++14 (GCC 5.4.1),cpp,Accepted,119,25600,942,
s610770925,p02936,u787456042,1566178505,Python,Python (3.4.3),py,Time Limit Exceeded,2112,164272,501,
s569918384,p02936,u614550445,1566178503,C++,C++14 (GCC 5.4.1),cpp,Accepted,361,42612,4261,
s757264033,p02936,u023958502,1566178503,Python,Python (3.4.3),py,Time Limit Exceeded,2110,111208,321,
s868290207,p02936,u733814820,1566178503,Python,Python (3.4.3),py,Time Limit Exceeded,2113,258864,582,
s129767531,p02936,u047102107,1566178502,C++,C++14 (GCC 5.4.1),cpp,Runtime Error,125,2560,1537,
s933498880,p02936,u442113054,1566178501,C,C (GCC 5.4.1),c,Runtime Error,177,2432,851,
s674698585,p02936,u195608881,1566178498,Rust,Rust (1.15.1),rs,Accepted,467,15140,2718,
s716841491,p02936,u488890941,1566178496,C++,C++14 (GCC 5.4.1),cpp,Accepted,156,28800,1253,
s434621730,p02936,u837133513,1566178495,C++,C++14 (GCC 5.4.1),cpp,Wrong Answer,267,6144,681,
s431294273,p02936,u704703586,1566178493,C++,C++14 (GCC 5.4.1),cpp,Runtime Error,100,2560,792,
s809425666,p02936,u895382169,1566178492,C++,C++14 (GCC 5.4.1),cpp,Time Limit Exceeded,2103,8320,1270,
s761589763,p02936,u104282757,1566178491,Python,Python (3.4.3),py,Time Limit Exceeded,2100,120328,647,
s099130217,p02936,u886790158,1566178487,C++,C++14 (Clang 3.8.0),cpp,Accepted,759,14080,1072,
s981198406,p02936,u268793453,1566178487,C++,C++14 (GCC 5.4.1),cpp,Accepted,287,26880,1087,
s372182703,p02936,u050607149,1566178486,C++,C++14 (GCC 5.4.1),cpp,Accepted,287,54528,2317,
s456804664,p02936,u872581897,1566178486,C++,C++14 (GCC 5.4.1),cpp,Accepted,294,16372,938,
s988329689,p02936,u557534688,1566178486,C++,C++14 (GCC 5.4.1),cpp,Wrong Answer,313,3968,499,
s924491094,p02936,u294050910,1566178484,C++,C++14 (GCC 5.4.1),cpp,Time Limit Exceeded,2104,12104,7305,
s398663245,p02936,u190234543,1566178484,C++,C++14 (GCC 5.4.1),cpp,Accepted,176,33664,2431,
s388226951,p02936,u231122239,1566178483,Python,Python (3.4.3),py,Accepted,1672,78752,490,
s868526744,p02936,u611637797,1566178481,C++,C++14 (GCC 5.4.1),cpp,Accepted,359,24448,687,
s505489454,p02936,u532966492,1566178480,Python,PyPy3 (2.4.0),py,Time Limit Exceeded,2112,133280,785,
s506160199,p02936,u463655976,1566178479,Go,Go (1.6),go,Time Limit Exceeded,2109,44180,4057,
s299279899,p02936,u790171360,1566178478,C++,C++14 (GCC 5.4.1),cpp,Time Limit Exceeded,2105,27364,1497,
s677062222,p02936,u951952491,1566178478,C++,C++14 (GCC 5.4.1),cpp,Accepted,320,16500,947,
s663097844,p02936,u194208056,1566178478,C++,C++14 (GCC 5.4.1),cpp,Accepted,136,24320,825,
s149099355,p02936,u756829954,1566178478,Python,PyPy3 (2.4.0),py,Runtime Error,2109,113664,496,
s717513190,p02936,u969850098,1566178478,Python,Python (3.4.3),py,Time Limit Exceeded,2115,109192,516,
s977334863,p02936,u153537680,1566178477,Kotlin,Kotlin (1.0.0),kt,Time Limit Exceeded,2111,147944,778,
s564269793,p02936,u627417051,1566178475,Python,PyPy3 (2.4.0),py,Time Limit Exceeded,2110,119584,923,
s195024531,p02936,u012133968,1566178475,Ruby,Ruby (2.3.3),rb,Accepted,941,58620,564,
s279146466,p02936,u614314290,1566178474,C++,C++14 (GCC 5.4.1),cpp,Accepted,571,28928,990,
s167285315,p02936,u743561048,1566178474,C++,C++14 (GCC 5.4.1),cpp,Accepted,577,66432,2872,
s076304952,p02936,u031448582,1566178473,C++,C++14 (GCC 5.4.1),cpp,Accepted,364,24320,1039,
s619303118,p02936,u280978334,1566178473,Python,PyPy3 (2.4.0),py,Accepted,1967,126584,563,
s386657014,p02936,u693933222,1566178472,Python,Python (3.4.3),py,Wrong Answer,2107,61752,437,
s556841699,p02936,u738725371,1566178470,Crystal,Crystal (0.20.5),cr,Compile Error,,,573,
s257686989,p02936,u054475353,1566178470,C++,C++14 (GCC 5.4.1),cpp,Accepted,181,21460,2591,
s734107566,p02936,u838644735,1566178470,Python,PyPy3 (2.4.0),py,Time Limit Exceeded,2111,169872,906,
s790094456,p02936,u300527426,1566178467,Python,Python (2.7.6),py,Runtime Error,2108,87428,381,
s789863977,p02936,u303356821,1566178466,C++,C++14 (GCC 5.4.1),cpp,Accepted,285,23424,727,
s520780875,p02936,u565711859,1566178464,Python,Python (3.4.3),py,Accepted,1305,51452,552,
s993663807,p02936,u451080461,1566178464,Java,Java8 (OpenJDK 1.8.0),java,Time Limit Exceeded,2109,212560,2327,
s890712538,p02936,u882460931,1566178463,Python,PyPy3 (2.4.0),py,Runtime Error,2110,134744,566,
s688245610,p02936,u083190434,1566178461,C++,C++14 (GCC 5.4.1),cpp,Accepted,585,45312,697,
s802600689,p02936,u354638986,1566178460,C++,C++14 (GCC 5.4.1),cpp,Accepted,129,21120,1718,
s062249229,p02936,u494871759,1566178459,Python,Python (3.4.3),py,Time Limit Exceeded,2107,84304,512,
s323931685,p02936,u655122274,1566178458,Ruby,Ruby (2.3.3),rb,Accepted,842,35556,656,
s217409255,p02936,u966914470,1566178457,C++,C++14 (GCC 5.4.1),cpp,Accepted,67,11648,1278,
s494017257,p02936,u593761424,1566178457,C++,C++14 (GCC 5.4.1),cpp,Accepted,305,14080,1117,
s529887811,p02936,u547420959,1566178456,C++,C++14 (GCC 5.4.1),cpp,Accepted,318,33664,679,
s930517693,p02936,u214304095,1566178454,C++,C++14 (GCC 5.4.1),cpp,Time Limit Exceeded,2104,14976,1012,
s795351911,p02936,u889344512,1566178452,Python,Python (3.4.3),py,Time Limit Exceeded,2135,497712,967,
s065549994,p02936,u470542271,1566178452,Python,Python (3.4.3),py,Wrong Answer,2113,163088,1057,
s836757752,p02936,u350561621,1566178450,C++,C++14 (GCC 5.4.1),cpp,Wrong Answer,158,27136,721,
s479054497,p02936,u785975381,1566178450,C++,C++14 (GCC 5.4.1),cpp,Accepted,329,25856,1210,
s193719159,p02936,u188117876,1566178448,C++,C++14 (GCC 5.4.1),cpp,Runtime Error,2106,265472,789,
s754500960,p02936,u862024582,1566178448,C++,C++14 (GCC 5.4.1),cpp,Runtime Error,128,4608,4027,
s010212375,p02936,u936790121,1566178447,C++,C++14 (GCC 5.4.1),cpp,Accepted,338,43756,10159,
s059570259,p02936,u504228740,1566178447,Java,Java8 (OpenJDK 1.8.0),java,Time Limit Exceeded,2110,218776,896,
s380745942,p02936,u266951491,1566178445,C++,C++14 (GCC 5.4.1),cpp,Accepted,128,28160,770,
s857002776,p02936,u174105158,1566178444,Python,PyPy3 (2.4.0),py,Time Limit Exceeded,2118,259104,889,
s924848718,p02936,u570018655,1566178444,C++,C++14 (GCC 5.4.1),cpp,Runtime Error,3012,256,835,
s935335369,p02936,u509621775,1566178442,Python,Python (3.4.3),py,Runtime Error,2106,36204,395,
s482543799,p02936,u866828359,1566178441,C++,C++14 (GCC 5.4.1),cpp,Accepted,145,22528,647,
s017344254,p02936,u822160737,1566178441,C++,C++14 (GCC 5.4.1),cpp,Wrong Answer,236,34432,3362,
s255710805,p02936,u812650780,1566178441,Python,Python (3.4.3),py,Time Limit Exceeded,2106,44148,633,
s848073985,p02936,u540491484,1566178440,C++,C++14 (GCC 5.4.1),cpp,Accepted,297,29696,1106,
s535696955,p02936,u548094461,1566178439,C++,C++11 (GCC 4.8.1),cpp,Time Limit Exceeded,2104,18888,2389,
s405166590,p02936,u214724132,1566178439,Pascal,Pascal (FPC 2.6.2),pas,Accepted,306,24960,2641,
s956205778,p02936,u720296041,1566178439,C++,C++14 (GCC 5.4.1),cpp,Accepted,126,25856,1519,
s223379471,p02936,u426397594,1566178438,C++,C++14 (GCC 5.4.1),cpp,Accepted,360,20212,1995,
s130676574,p02936,u183530284,1566178437,C++,C++14 (GCC 5.4.1),cpp,Accepted,191,47616,2281,
s009610041,p02936,u889750959,1566178437,Kotlin,Kotlin (1.0.0),kt,Time Limit Exceeded,2063,165292,958,
s056494256,p02936,u870262604,1566178436,Python,Python (3.4.3),py,Accepted,1924,327708,1472,
s305329217,p02936,u174394352,1566178435,Python,PyPy3 (2.4.0),py,Wrong Answer,2111,168384,580,
s517176362,p02936,u025592199,1566178434,C++,C++14 (GCC 5.4.1),cpp,Accepted,291,19952,1196,
s199838549,p02936,u041783158,1566178433,Python,Python (3.4.3),py,Time Limit Exceeded,2122,326768,751,
s377999681,p02936,u222293734,1566178432,C++,C++14 (GCC 5.4.1),cpp,Accepted,313,26624,2727,
s464080807,p02936,u318616028,1566178432,C++,C++14 (GCC 5.4.1),cpp,Time Limit Exceeded,2103,5376,834,
s739230785,p02936,u366934151,1566178431,C++,C++14 (GCC 5.4.1),cpp,Time Limit Exceeded,2104,24192,1993,
s292500020,p02936,u515548399,1566178431,Kotlin,Kotlin (1.0.0),kt,Time Limit Exceeded,2111,157780,5024,
s532530279,p02936,u372633838,1566178431,Go,Go (1.6),go,Time Limit Exceeded,2109,32384,716,
s893997506,p02936,u331757937,1566178430,Java,Java8 (OpenJDK 1.8.0),java,Accepted,1271,136076,3302,
s805835035,p02936,u458925609,1566178429,Python,Python (3.4.3),py,Time Limit Exceeded,2110,102864,758,
s888395644,p02936,u409210574,1566178429,C++,C++14 (GCC 5.4.1),cpp,Runtime Error,420,1180800,998,
s157836746,p02936,u898209217,1566178429,Rust,Rust (1.15.1),rs,Accepted,200,28924,4641,
s466357059,p02936,u751964641,1566178428,C++,C++14 (GCC 5.4.1),cpp,Accepted,236,43008,1090,
s158788180,p02936,u493627944,1566178427,Rust,Rust (1.15.1),rs,Time Limit Exceeded,2107,24824,4897,
s169092258,p02936,u959888075,1566178424,C#,C# (Mono 4.6.2.0),cs,Accepted,641,69780,4188,
s306725307,p02936,u945359338,1566178423,C++,C++14 (GCC 5.4.1),cpp,Accepted,273,14848,611,
s443365779,p02936,u504562455,1566178422,Python,Python (3.4.3),py,Accepted,1862,55892,442,
s874359006,p02936,u031448582,1566178422,C++,C++14 (GCC 5.4.1),cpp,Wrong Answer,676,25472,1058,
s530464836,p02936,u055303078,1566178421,C++,C++14 (GCC 5.4.1),cpp,Wrong Answer,2185,1395052,1519,
s390178601,p02936,u452955775,1566178421,C++,C++14 (GCC 5.4.1),cpp,Accepted,268,7808,758,
s562440807,p02936,u764228018,1566178421,C++,C++14 (GCC 5.4.1),cpp,Accepted,129,24320,1977,
s227437504,p02936,u264877306,1566178420,C++,C++14 (GCC 5.4.1),cpp,Accepted,135,17136,1159,
s214271258,p02936,u790171360,1566178417,C++,C++14 (GCC 5.4.1),cpp,Runtime Error,100,4096,1497,
s421283575,p02936,u863044225,1566178415,C++,C++14 (GCC 5.4.1),cpp,Time Limit Exceeded,2104,14848,1889,
s869649925,p02936,u428138331,1566178415,C++,C++14 (GCC 5.4.1),cpp,Wrong Answer,156,29176,1467,
s052908898,p02936,u918391323,1566178414,Java,Java8 (OpenJDK 1.8.0),java,Accepted,1294,96804,1228,
s255221052,p02936,u501148202,1566178414,JavaScript,JavaScript (node.js v5.12),js,Runtime Error,2112,120832,1737,
s215502344,p02936,u434509016,1566178412,Ruby,Ruby (2.3.3),rb,Accepted,1035,39944,331,
s986553370,p02936,u103799157,1566178409,C++,C++14 (GCC 5.4.1),cpp,Accepted,144,16500,1737,
s450192343,p02936,u288087195,1566178409,C++,C++14 (GCC 5.4.1),cpp,Runtime Error,193,6904,942,
s083243829,p02936,u691380397,1566178408,C++,C++14 (GCC 5.4.1),cpp,Accepted,365,16512,1084,
s300618713,p02936,u099066216,1566178407,Kotlin,Kotlin (1.0.0),kt,Accepted,1906,154508,887,
s688442838,p02936,u520758128,1566178407,C++,C++14 (GCC 5.4.1),cpp,Accepted,317,27596,3410,
s687825371,p02936,u562935282,1566178406,C++,C++14 (GCC 5.4.1),cpp,Accepted,312,32128,1109,
s382257543,p02936,u978178314,1566178405,Python,PyPy3 (2.4.0),py,Time Limit Exceeded,2119,250224,481,
s772204279,p02936,u238510421,1566178405,Python,PyPy3 (2.4.0),py,Runtime Error,2037,140792,884,
s555147820,p02936,u756036193,1566178403,C++,C++14 (GCC 5.4.1),cpp,Accepted,163,26624,504,
s525976191,p02936,u905203728,1566178403,Python,PyPy3 (2.4.0),py,Runtime Error,2110,132380,486,
s719378443,p02936,u177897754,1566178398,C++,C++14 (GCC 5.4.1),cpp,Wrong Answer,2104,22804,1399,
s137165353,p02936,u437638594,1566178395,Python,PyPy3 (2.4.0),py,Time Limit Exceeded,2107,66024,390,
s856768685,p02936,u385644001,1566178395,Python,PyPy3 (2.4.0),py,Runtime Error,2109,123608,509,
s454486887,p02936,u955251526,1566178395,Python,PyPy3 (2.4.0),py,Time Limit Exceeded,2121,290296,521,
s368309162,p02936,u748069390,1566178394,C++,C++14 (GCC 5.4.1),cpp,Accepted,132,18160,1475,
s074839790,p02936,u531336637,1566178394,C++,C++14 (GCC 5.4.1),cpp,Accepted,124,25600,3466,
s271942101,p02936,u121266738,1566178393,C++,C++14 (GCC 5.4.1),cpp,Accepted,211,21232,1573,
s929770114,p02936,u569367525,1566178393,C++,C++14 (GCC 5.4.1),cpp,Accepted,447,43008,1386,
s089193489,p02936,u541884637,1566178392,C++,C++14 (GCC 5.4.1),cpp,Accepted,297,24308,3553,
s782957910,p02936,u742213796,1566178391,Ruby,Ruby (2.3.3),rb,Runtime Error,1184,97276,602,
s751472271,p02936,u853633924,1566178390,Java,Java8 (OpenJDK 1.8.0),java,Accepted,1445,126020,4874,
s329209415,p02936,u151805968,1566178390,C++,C++14 (GCC 5.4.1),cpp,Accepted,123,23552,737,
s980597652,p02936,u494379309,1566178390,C++,C++14 (GCC 5.4.1),cpp,Time Limit Exceeded,2220,1594028,869,
s864835354,p02936,u344988675,1566178390,Python,Python (3.4.3),py,Time Limit Exceeded,2106,41712,614,
s672617368,p02936,u783675879,1566178386,C++,C++14 (GCC 5.4.1),cpp,Accepted,463,208748,16634,
s692472387,p02936,u733608212,1566178385,Python,Python (3.4.3),py,Wrong Answer,1470,122240,278,
s956393125,p02936,u442113054,1566178385,C,C (GCC 5.4.1),c,Runtime Error,263,262272,825,
s593135605,p02936,u852420560,1566178384,Python,PyPy3 (2.4.0),py,Runtime Error,2110,130520,723,
s436490503,p02936,u887675488,1566178384,C++,C++14 (GCC 5.4.1),cpp,Time Limit Exceeded,2104,23424,1992,
s177327504,p02936,u699433784,1566178383,C++,C++14 (GCC 5.4.1),cpp,Accepted,75,18688,1255,
s185487869,p02936,u544949488,1566178382,Python,Python (3.4.3),py,Time Limit Exceeded,2110,105324,451,
s247317058,p02936,u236035694,1566178381,C++,C++14 (GCC 5.4.1),cpp,Accepted,154,25088,2835,
s895925181,p02936,u285443936,1566178380,Python,Python (3.4.3),py,Accepted,977,65272,502,
s039825994,p02936,u855985627,1566178379,C++,C++14 (GCC 5.4.1),cpp,Time Limit Exceeded,2105,32640,921,
s275434188,p02936,u707870100,1566178379,Python,Python (3.4.3),py,Time Limit Exceeded,2106,43160,823,
s326999679,p02936,u380772254,1566178376,Python,Python (3.4.3),py,Time Limit Exceeded,2118,246452,646,
s475112042,p02936,u052546116,1566178376,Ruby,Ruby (2.3.3),rb,Runtime Error,2120,212708,589,
s422856732,p02936,u084335038,1566178375,C++,C++14 (Clang 3.8.0),cpp,Accepted,729,16512,974,
s697509844,p02936,u820047642,1566178375,Python,PyPy3 (2.4.0),py,Time Limit Exceeded,2163,974072,596,
s516375082,p02936,u497552697,1566178373,C++,C++14 (GCC 5.4.1),cpp,Accepted,322,29824,1057,
s634696958,p02936,u677523557,1566178373,Python,Python (3.4.3),py,Accepted,1643,284080,823,
s925253655,p02936,u610798793,1566178372,C#,C# (Mono 4.6.2.0),cs,Accepted,956,79500,14419,
s852180197,p02936,u059262067,1566178371,Python,Python (3.4.3),py,Wrong Answer,1762,112872,288,
s569016811,p02936,u086980944,1566178370,Python,Python (3.4.3),py,Time Limit Exceeded,2108,135932,667,
s483968583,p02936,u925364229,1566178369,C++,C++14 (GCC 5.4.1),cpp,Accepted,133,23552,2327,
s873551914,p02936,u711414551,1566178368,Python,Python (3.4.3),py,Accepted,1649,72224,692,
s825860250,p02936,u504142483,1566178368,C++,C++14 (GCC 5.4.1),cpp,Runtime Error,129,2560,2123,
s116691203,p02936,u412025794,1566178367,C++,C++14 (GCC 5.4.1),cpp,Accepted,275,6272,1796,
s843962512,p02936,u771306245,1566178367,C++,C++14 (GCC 5.4.1),cpp,Accepted,326,26624,1385,
s598550847,p02936,u277153875,1566178365,C++,C++14 (GCC 5.4.1),cpp,Accepted,317,25856,1631,
s222425993,p02936,u753615145,1566178362,C++,C++14 (GCC 5.4.1),cpp,Accepted,396,30840,989,
s164622125,p02936,u029310505,1566178362,C++,C++14 (GCC 5.4.1),cpp,Accepted,365,25600,609,
s288755372,p02936,u366959492,1566178361,Python,PyPy3 (2.4.0),py,Wrong Answer,2170,1094520,358,
s653110959,p02936,u698176039,1566178360,Python,Python (3.4.3),py,Time Limit Exceeded,2121,265268,622,
s365392445,p02936,u975329388,1566178359,Python,Python (3.4.3),py,Runtime Error,1745,45712,897,
s513610165,p02936,u532096498,1566178358,C++,C++14 (GCC 5.4.1),cpp,Time Limit Exceeded,2213,1802184,1285,
s449216016,p02936,u577059859,1566178358,C++,C++14 (GCC 5.4.1),cpp,Runtime Error,163,3328,656,
s734820600,p02936,u296475749,1566178358,C++,C++14 (GCC 5.4.1),cpp,Accepted,191,23552,756,
s382570489,p02936,u843036991,1566178355,C++,C++14 (GCC 5.4.1),cpp,Accepted,309,34924,1135,
s795087412,p02936,u144980750,1566178354,C++,C++14 (GCC 5.4.1),cpp,Accepted,316,27392,736,
s799645590,p02936,u166378830,1566178353,C++,C++14 (GCC 5.4.1),cpp,Accepted,282,21120,593,
s016987306,p02936,u908432409,1566178353,C++,C++14 (GCC 5.4.1),cpp,Accepted,260,43096,9149,
s660335091,p02936,u653807637,1566178352,Python,Python (3.4.3),py,Time Limit Exceeded,2116,223604,580,
s664755913,p02936,u002386242,1566178351,C++,C++14 (GCC 5.4.1),cpp,Time Limit Exceeded,2105,30464,858,
s481067594,p02936,u705037238,1566178351,Rust,Rust (1.15.1),rs,Accepted,262,16636,905,
s278572025,p02936,u181736559,1566178350,Go,Go (1.6),go,Time Limit Exceeded,2108,19968,753,
s539179826,p02936,u600195339,1566178350,Python,Python (3.4.3),py,Runtime Error,2110,105256,1016,
s376771179,p02936,u891387249,1566178349,Scala,Scala (2.11.7),scala,Runtime Error,2119,154992,957,
s869394780,p02936,u602865659,1566178349,Java,Java8 (OpenJDK 1.8.0),java,Wrong Answer,1967,214812,1177,
s884394610,p02936,u407160848,1566178348,Python,PyPy3 (2.4.0),py,Time Limit Exceeded,2116,196460,1171,
s655131227,p02936,u515548399,1566178347,Kotlin,Kotlin (1.0.0),kt,Wrong Answer,2111,152692,5009,
s239652835,p02936,u452955775,1566178347,C++,C++14 (GCC 5.4.1),cpp,Runtime Error,321,3328,759,
s453439514,p02936,u055687468,1566178346,PHP,PHP7 (7.0.15),php,Time Limit Exceeded,2104,172536,674,
s766864306,p02936,u974098214,1566178346,C++,C++14 (GCC 5.4.1),cpp,Accepted,141,23936,806,
s048676550,p02936,u649915042,1566178345,C++,C++14 (GCC 5.4.1),cpp,Accepted,320,33664,1052,
s925764570,p02936,u902456829,1566178344,C++,C++14 (GCC 5.4.1),cpp,Accepted,134,28800,1183,
s955294791,p02936,u812003342,1566178341,C++,C++14 (GCC 5.4.1),cpp,Accepted,119,14848,816,
s609951321,p02936,u856024069,1566178340,C++,C++14 (GCC 5.4.1),cpp,Accepted,300,16244,1087,
s269723640,p02936,u917152735,1566178338,C++,C++14 (GCC 5.4.1),cpp,Wrong Answer,105,15616,853,
s478163337,p02936,u509621775,1566178338,Python,Python (3.4.3),py,Runtime Error,2106,38676,358,
s345745354,p02936,u250943952,1566178338,Python,Python (3.4.3),py,Time Limit Exceeded,2118,322144,1058,
s862714072,p02936,u556276145,1566178338,C++,C++14 (GCC 5.4.1),cpp,Accepted,293,16372,1671,
s469261230,p02936,u825143564,1566178337,C++,C++14 (GCC 5.4.1),cpp,Accepted,148,25208,959,
s188509820,p02936,u145123922,1566178335,Ruby,Ruby (2.3.3),rb,Accepted,915,35040,1226,
s013367821,p02936,u587338121,1566178335,C++,C++14 (GCC 5.4.1),cpp,Accepted,308,24320,1636,
s605084380,p02936,u624505752,1566178335,Ruby,Ruby (2.3.3),rb,Runtime Error,2110,52860,796,
s407553984,p02936,u149419355,1566178335,Java,Java8 (OpenJDK 1.8.0),java,Time Limit Exceeded,2110,203248,1317,
s534296273,p02936,u994767958,1566178335,Python,Python (3.4.3),py,Accepted,1929,49308,651,
s287945332,p02936,u360564214,1566178335,C++,C++14 (GCC 5.4.1),cpp,Accepted,359,24320,1432,
s460356520,p02936,u366445643,1566178333,C++,C++14 (GCC 5.4.1),cpp,Accepted,354,14080,964,
s647975806,p02936,u504142483,1566178330,C++,C++14 (GCC 5.4.1),cpp,Runtime Error,107,2560,2123,
s180862559,p02936,u388697579,1566178329,C++,C++14 (GCC 5.4.1),cpp,Accepted,294,24320,793,
s513856577,p02936,u654386293,1566178327,Python,Python (3.4.3),py,Runtime Error,2107,61428,706,
s733365387,p02936,u583354994,1566178326,C++,C++14 (GCC 5.4.1),cpp,Accepted,183,20992,914,
s805512155,p02936,u627417051,1566178325,Python,Python (3.4.3),py,Time Limit Exceeded,2108,77480,923,
s264709385,p02936,u046768272,1566178323,C++,C++14 (GCC 5.4.1),cpp,Accepted,365,23552,590,
s143263583,p02936,u611637797,1566178320,C++,C++14 (GCC 5.4.1),cpp,Wrong Answer,377,24192,686,
s177880224,p02936,u715912777,1566178318,Python,Python (3.4.3),py,Runtime Error,2106,97760,767,
s645445184,p02936,u116002573,1566178317,Python,Python (3.4.3),py,Time Limit Exceeded,2108,94712,980,
s581305994,p02936,u979163294,1566178316,C++,C++14 (GCC 5.4.1),cpp,Accepted,320,16372,1373,
s217239585,p02936,u591075912,1566178315,C++,C++14 (GCC 5.4.1),cpp,Runtime Error,99,2560,1186,
s582348173,p02936,u634743753,1566178314,C++,C++14 (GCC 5.4.1),cpp,Time Limit Exceeded,2105,27376,2239,
s412781561,p02936,u770077083,1566178311,Python,Python (3.4.3),py,Accepted,1941,66492,502,
s368300067,p02936,u678631835,1566178311,C++,C++14 (GCC 5.4.1),cpp,Accepted,290,21120,2087,
s100851309,p02936,u876978301,1566178310,C++,C++14 (GCC 5.4.1),cpp,Accepted,295,24320,1913,
s934240508,p02936,u486908386,1566178310,C++,C++14 (GCC 5.4.1),cpp,Accepted,465,25088,646,
s608338057,p02936,u989179648,1566178310,C++,C++14 (GCC 5.4.1),cpp,Accepted,147,32128,1076,
s921144341,p02936,u628262476,1566178308,C++,C++14 (GCC 5.4.1),cpp,Wrong Answer,2105,37108,1506,
s219680899,p02936,u419070059,1566178307,C++,C++14 (GCC 5.4.1),cpp,Time Limit Exceeded,2104,23424,526,
s683352639,p02936,u948698894,1566178305,C++,C++14 (GCC 5.4.1),cpp,Accepted,131,23936,1626,
s284144690,p02936,u023958502,1566178304,Python,Python (3.4.3),py,Time Limit Exceeded,2110,111168,420,
s046804361,p02936,u571969099,1566178303,Python,PyPy3 (2.4.0),py,Runtime Error,2110,123096,794,
s388962727,p02936,u576106056,1566178303,C++,C++14 (Clang 3.8.0),cpp,Accepted,741,16244,3850,
s038123831,p02936,u004598612,1566178301,C++,C++14 (GCC 5.4.1),cpp,Accepted,334,36480,1054,
s855248481,p02936,u733814820,1566178301,Python,Python (3.4.3),py,Runtime Error,1352,50152,551,
s512949831,p02936,u448994613,1566178300,Python,PyPy3 (2.4.0),py,Time Limit Exceeded,2122,313272,1927,
s900516099,p02936,u366398972,1566178300,C++,C++14 (GCC 5.4.1),cpp,Time Limit Exceeded,2108,22144,793,
s149914280,p02936,u094001297,1566178299,C++,C++14 (GCC 5.4.1),cpp,Time Limit Exceeded,2104,19456,684,
s688883452,p02936,u959822889,1566178299,C++,C++14 (GCC 5.4.1),cpp,Runtime Error,308,69888,5858,
s943916109,p02936,u924638591,1566178299,C++,C++14 (GCC 5.4.1),cpp,Runtime Error,402,784000,512,
s729160911,p02936,u392319141,1566178297,C++,C++14 (GCC 5.4.1),cpp,Accepted,144,24320,1605,
s935542153,p02936,u751655413,1566178297,C++,C++14 (GCC 5.4.1),cpp,Accepted,381,20352,630,
s979436183,p02936,u671537665,1566178296,C++,C++14 (GCC 5.4.1),cpp,Accepted,98,14208,532,
s251831667,p02936,u677780513,1566178295,C++,C++14 (GCC 5.4.1),cpp,Accepted,105,14976,1590,
s330935485,p02936,u720795206,1566178295,C++,C++14 (GCC 5.4.1),cpp,Accepted,138,24320,903,
s079466065,p02936,u386937448,1566178295,C++,C++14 (GCC 5.4.1),cpp,Accepted,103,11904,666,
s741242323,p02936,u978178314,1566178294,Python,Python (3.4.3),py,Time Limit Exceeded,2124,316964,481,
s752091091,p02936,u074445770,1566178292,C++,C++14 (GCC 5.4.1),cpp,Accepted,303,27392,2126,
s397628086,p02936,u158165654,1566178291,C++,C++14 (GCC 5.4.1),cpp,Accepted,115,23552,782,
s448458374,p02936,u378964293,1566178289,C++,C++14 (GCC 5.4.1),cpp,Accepted,155,26624,843,
s276062320,p02936,u105719641,1566178289,C++,C++14 (GCC 5.4.1),cpp,Accepted,391,59776,2806,
s501681248,p02936,u543284218,1566178289,C++,C++14 (Clang 3.8.0),cpp,Accepted,734,24320,1797,
s615898795,p02936,u698176039,1566178288,Python,Python (3.4.3),py,Runtime Error,1561,129336,624,
s061213448,p02936,u928536113,1566178286,C++,C++14 (GCC 5.4.1),cpp,Accepted,300,25856,645,
s479635723,p02936,u141610915,1566178286,Python,PyPy3 (2.4.0),py,Time Limit Exceeded,2112,158168,575,
s095351685,p02936,u172873334,1566178285,C++,C++14 (GCC 5.4.1),cpp,Accepted,84,32864,8846,
s092682059,p02936,u691912637,1566178285,C++,C++14 (GCC 5.4.1),cpp,Time Limit Exceeded,2103,4096,755,
s017780606,p02936,u967138082,1566178284,C++,C++14 (GCC 5.4.1),cpp,Accepted,275,21120,1487,
s812412833,p02936,u600195339,1566178282,Python,PyPy3 (2.4.0),py,Runtime Error,2110,129112,1016,
s469255292,p02936,u708550576,1566178280,C++,C++14 (GCC 5.4.1),cpp,Accepted,292,25856,992,
s746720560,p02936,u041783158,1566178279,Python,Python (3.4.3),py,Time Limit Exceeded,2120,279472,745,
s251065911,p02936,u908432409,1566178279,C++,C++14 (GCC 5.4.1),cpp,Wrong Answer,254,34920,9193,
s428811113,p02936,u572532976,1566178279,C++,C++14 (GCC 5.4.1),cpp,Accepted,285,139008,1009,
s152523513,p02936,u158165654,1566178278,C++,C++14 (GCC 5.4.1),cpp,Compile Error,,,33,
s147498985,p02936,u744305661,1566178278,C++,C++14 (GCC 5.4.1),cpp,Accepted,294,17012,1168,
s933491708,p02936,u600091451,1566178277,C++,C++14 (GCC 5.4.1),cpp,Accepted,122,24192,751,
s701976031,p02936,u174105158,1566178277,Python,Python (3.4.3),py,Time Limit Exceeded,2115,184232,889,
s825886527,p02936,u409210574,1566178276,C++,C++14 (GCC 5.4.1),cpp,Runtime Error,612,794240,996,
s186987870,p02936,u511965386,1566178275,Python,Python (3.4.3),py,Accepted,1732,238524,596,
s497350843,p02936,u376082984,1566178274,C++,C++14 (GCC 5.4.1),cpp,Time Limit Exceeded,2204,1514880,4028,
s707212121,p02936,u004707990,1566178274,C++,C++14 (GCC 5.4.1),cpp,Accepted,498,43008,819,
s640899970,p02936,u104282757,1566178274,Python,PyPy3 (2.4.0),py,Time Limit Exceeded,2111,139260,647,
s085345775,p02936,u492926158,1566178273,C++,C++14 (GCC 5.4.1),cpp,Accepted,620,21376,875,
s293097325,p02936,u032327689,1566178273,C++,C++14 (GCC 5.4.1),cpp,Accepted,141,21760,627,
s285399597,p02936,u751655413,1566178271,Python,Python (3.4.3),py,Runtime Error,17,2940,630,
s054722222,p02936,u560205874,1566178271,C++,C++14 (GCC 5.4.1),cpp,Time Limit Exceeded,2105,25216,1158,
s031517084,p02936,u366445643,1566178271,C++,C++14 (GCC 5.4.1),cpp,Runtime Error,406,13696,964,
s189116756,p02936,u800645121,1566178270,C++,C++14 (GCC 5.4.1),cpp,Accepted,151,27264,970,
s234485389,p02936,u955251526,1566178270,Python,Python (3.4.3),py,Time Limit Exceeded,2118,239136,521,
s278132105,p02936,u619458041,1566178269,Python,PyPy3 (2.4.0),py,Time Limit Exceeded,2153,818808,778,
s057581887,p02936,u975329388,1566178268,Python,Python (3.4.3),py,Runtime Error,1648,45708,898,
s855858005,p02936,u277556971,1566178266,C++,C++14 (GCC 5.4.1),cpp,Accepted,154,17908,2370,
s802783602,p02936,u894258749,1566178265,Python,PyPy3 (2.4.0),py,Time Limit Exceeded,2151,791288,583,
s973828553,p02936,u257668305,1566178265,Ruby,Ruby (2.3.3),rb,Wrong Answer,2117,170228,435,
s522821354,p02936,u238994315,1566178264,C++,C++14 (GCC 5.4.1),cpp,Time Limit Exceeded,2104,24216,732,
s495727038,p02936,u882209234,1566178264,Python,Python (3.4.3),py,Runtime Error,2102,96644,474,
s618104130,p02936,u561443723,1566178263,C++,C++14 (GCC 5.4.1),cpp,Time Limit Exceeded,2105,32000,1438,
s477285746,p02936,u515548399,1566178263,Kotlin,Kotlin (1.0.0),kt,Time Limit Exceeded,2111,151528,4957,
s992999510,p02936,u761916873,1566178262,Java,Java8 (OpenJDK 1.8.0),java,Accepted,1536,166900,2993,
s117526583,p02936,u691912637,1566178262,C++,C++14 (GCC 5.4.1),cpp,Runtime Error,97,128,755,
s257576998,p02936,u437638594,1566178259,Python,Python (3.4.3),py,Time Limit Exceeded,2107,59240,399,
s871814485,p02936,u979920726,1566178259,C++,C++14 (GCC 5.4.1),cpp,Time Limit Exceeded,2104,18944,780,
s464533033,p02936,u204523044,1566178259,Python,Python (3.4.3),py,Runtime Error,2106,47688,352,
s844073985,p02936,u379629675,1566178258,C++,C++14 (GCC 5.4.1),cpp,Accepted,156,30592,10320,
s464555019,p02936,u313427116,1566178257,C++,C++14 (GCC 5.4.1),cpp,Time Limit Exceeded,2240,2094336,1509,
s362005035,p02936,u904123392,1566178256,C++,C++14 (GCC 5.4.1),cpp,Accepted,713,21888,815,
s539830147,p02936,u917152735,1566178255,C++,C++14 (GCC 5.4.1),cpp,Wrong Answer,98,15616,845,
s975794567,p02936,u699193595,1566178255,C++,C++14 (GCC 5.4.1),cpp,Accepted,351,20352,741,
s621853052,p02936,u751828720,1566178254,C++,C++14 (GCC 5.4.1),cpp,Accepted,132,21120,1898,
s637684374,p02936,u398659810,1566178253,C++,C++14 (GCC 5.4.1),cpp,Accepted,170,27392,2249,
s905896934,p02936,u982594421,1566178253,Python,Python (3.4.3),py,Time Limit Exceeded,2106,42520,375,
s523985616,p02936,u452009494,1566178252,C++,C++14 (GCC 5.4.1),cpp,Accepted,298,18032,1602,
s438309126,p02936,u628871447,1566178251,C++,C++14 (GCC 5.4.1),cpp,Accepted,368,25088,1069,
s746566905,p02936,u363315718,1566178251,Python,Python (3.4.3),py,Accepted,1042,86700,832,
s310062749,p02936,u128142352,1566178248,C++,C++14 (GCC 5.4.1),cpp,Accepted,363,21120,756,
s069255759,p02936,u591411772,1566178248,Python,Python (3.4.3),py,Accepted,1772,246564,1603,
s149490116,p02936,u227476288,1566178247,Python,PyPy3 (2.4.0),py,Time Limit Exceeded,2793,38384,492,
s182950800,p02936,u941753895,1566178244,Python,PyPy3 (2.4.0),py,Time Limit Exceeded,2157,880480,933,
s000261146,p02936,u624505752,1566178244,Ruby,Ruby (2.3.3),rb,Runtime Error,2111,63100,955,
s392659921,p02936,u527398664,1566178242,C++,C++14 (GCC 5.4.1),cpp,Time Limit Exceeded,2104,18176,462,
s543467631,p02936,u882620594,1566178241,Python,Python (3.4.3),py,Time Limit Exceeded,2107,53896,514,
s025147795,p02936,u031178961,1566178239,C++,C++14 (GCC 5.4.1),cpp,Accepted,299,16372,873,
s335027588,p02936,u050607149,1566178238,C++,C++14 (GCC 5.4.1),cpp,Wrong Answer,281,54528,2323,
s637781019,p02936,u677523557,1566178238,Python,Python (3.4.3),py,Runtime Error,1111,111356,848,
s494668040,p02936,u709604332,1566178237,C++,C++14 (GCC 5.4.1),cpp,Accepted,187,18160,1348,
s567488158,p02936,u484460274,1566178237,C++,C++14 (GCC 5.4.1),cpp,Accepted,317,17140,913,
s068288483,p02936,u214685595,1566178235,C++,C++14 (GCC 5.4.1),cpp,Time Limit Exceeded,2293,77272,1495,
s818230057,p02936,u332906195,1566178235,Python,Python (3.4.3),py,Time Limit Exceeded,2117,236260,409,
s689914381,p02936,u504562455,1566178235,Python,Python (3.4.3),py,Time Limit Exceeded,2107,53656,403,
s241979221,p02936,u509368316,1566178234,Python,PyPy3 (2.4.0),py,Wrong Answer,2120,293300,584,
s689942648,p02936,u357050210,1566178232,C++,C++14 (GCC 5.4.1),cpp,Accepted,145,28280,977,
s331366008,p02936,u476383383,1566178232,Python,Python (3.4.3),py,Runtime Error,2106,67068,390,
s395772998,p02936,u564902833,1566178232,Rust,Rust (1.15.1),rs,Accepted,135,35068,1781,
s072521574,p02936,u643523813,1566178231,Python,Python (3.4.3),py,Accepted,1993,60224,487,
s871250210,p02936,u370447425,1566178230,C++,C++14 (GCC 5.4.1),cpp,Time Limit Exceeded,2104,20224,1583,
s426996524,p02936,u133886644,1566178229,Python,Python (3.4.3),py,Runtime Error,2117,330236,577,
s586463276,p02936,u944209426,1566178229,Python,Python (3.4.3),py,Accepted,1994,117232,370,
s948700984,p02936,u867320886,1566178228,Python,Python (3.4.3),py,Time Limit Exceeded,2106,42904,358,
s875683328,p02936,u399721252,1566178228,Python,PyPy3 (2.4.0),py,Accepted,1951,107084,821,
s987423280,p02936,u042208369,1566178227,C++,C++14 (GCC 5.4.1),cpp,Time Limit Exceeded,2103,3840,788,
s588921931,p02936,u852690916,1566178226,Python,Python (3.4.3),py,Accepted,1781,125468,368,
s960408941,p02936,u375977529,1566178226,Go,Go (1.6),go,Accepted,837,55424,1035,
s823435130,p02936,u811925505,1566178225,C++,C++14 (GCC 5.4.1),cpp,Accepted,145,31360,2997,
s027999174,p02936,u495903598,1566178224,Python,Python (3.4.3),py,Time Limit Exceeded,2115,181120,1169,
s896220016,p02936,u327466606,1566178224,Python,PyPy3 (2.4.0),py,Accepted,1870,95744,402,
s401050265,p02936,u874258059,1566178224,C++,C++14 (GCC 5.4.1),cpp,Accepted,132,20352,631,
s672214562,p02936,u073549161,1566178219,Python,PyPy3 (2.4.0),py,Time Limit Exceeded,2142,647180,827,
s903797916,p02936,u705037238,1566178219,Rust,Rust (1.15.1),rs,Wrong Answer,241,14460,886,
s541961043,p02936,u090794688,1566178219,C++,C++14 (GCC 5.4.1),cpp,Accepted,391,24832,730,
s195605357,p02936,u238994315,1566178218,C++,C++14 (GCC 5.4.1),cpp,Compile Error,,,730,
s166464722,p02936,u015896925,1566178218,C++,C++14 (GCC 5.4.1),cpp,Accepted,144,47872,861,
s097494312,p02936,u003019316,1566178217,C++,C++14 (GCC 5.4.1),cpp,Accepted,345,22656,631,
s517482409,p02936,u105719641,1566178217,C++,C++14 (GCC 5.4.1),cpp,Runtime Error,2103,36608,2800,
s619266808,p02936,u213143761,1566178216,C#,C# (Mono 4.6.2.0),cs,Accepted,703,54324,1523,
s504221826,p02936,u215122692,1566178216,C++,C++14 (GCC 5.4.1),cpp,Accepted,135,29440,1689,
s270887792,p02936,u762438000,1566178215,C++,C++14 (GCC 5.4.1),cpp,Accepted,371,24436,1137,
s053682131,p02936,u988402778,1566178215,Python,PyPy3 (2.4.0),py,Accepted,1037,121508,15865,
s018604414,p02936,u889344512,1566178214,Python,Python (3.4.3),py,Time Limit Exceeded,2135,509488,774,
s619685170,p02936,u872191059,1566178214,C++,C++14 (GCC 5.4.1),cpp,Wrong Answer,2150,801836,1427,
s193206932,p02936,u112775098,1566178213,C++,C++14 (GCC 5.4.1),cpp,Accepted,597,21620,960,
s953749568,p02936,u811472478,1566178210,C++,C++14 (GCC 5.4.1),cpp,Accepted,356,28160,1338,
s554447912,p02936,u620059302,1566178210,C++,C++14 (GCC 5.4.1),cpp,Accepted,321,25856,877,
s800007064,p02936,u102602414,1566178209,C++,C++14 (GCC 5.4.1),cpp,Accepted,483,46976,1253,
s103698915,p02936,u751718721,1566178207,C++,C++14 (GCC 5.4.1),cpp,Accepted,187,21888,2264,
s433512208,p02936,u086980944,1566178207,Python,PyPy3 (2.4.0),py,Time Limit Exceeded,2109,158656,730,
s870953959,p02936,u023223236,1566178207,C++,C++14 (GCC 5.4.1),cpp,Accepted,330,12416,1007,
s387969629,p02936,u296610335,1566178205,C++,C++14 (GCC 5.4.1),cpp,Accepted,102,4608,546,
s088738796,p02936,u280978334,1566178200,Python,PyPy3 (2.4.0),py,Time Limit Exceeded,2111,122012,564,
s266673234,p02936,u085474925,1566178199,Python,Python (3.4.3),py,Time Limit Exceeded,2108,64200,738,
s950281560,p02936,u559765551,1566178198,C++,C++14 (GCC 5.4.1),cpp,Accepted,347,31872,814,
s002003795,p02936,u566529875,1566178198,Python,Python (3.4.3),py,Accepted,1501,59304,412,
s352331943,p02936,u370447425,1566178197,C++,C++14 (GCC 5.4.1),cpp,Compile Error,,,598,
s986536430,p02936,u802634875,1566178195,C++,C++14 (GCC 5.4.1),cpp,Accepted,353,33664,575,
s030941173,p02936,u332906195,1566178195,Python,PyPy3 (2.4.0),py,Time Limit Exceeded,2127,403852,410,
s719336503,p02936,u655125439,1566178193,Java,Java8 (OpenJDK 1.8.0),java,Time Limit Exceeded,2110,336044,1785,
s769130125,p02936,u624688258,1566178192,C++,C++14 (GCC 5.4.1),cpp,Accepted,281,23808,754,
s453518958,p02936,u081249228,1566178191,C++,C++14 (GCC 5.4.1),cpp,Wrong Answer,2145,727196,754,
s099505786,p02936,u433532588,1566178191,Python,PyPy3 (2.4.0),py,Time Limit Exceeded,2152,828516,526,
s117360775,p02936,u185896732,1566178191,Python,PyPy3 (2.4.0),py,Time Limit Exceeded,2325,38640,694,
s744714050,p02936,u745266708,1566178190,Java,Java8 (OpenJDK 1.8.0),java,Accepted,1794,202872,1068,
s441579594,p02936,u133886644,1566178189,Python,Python (3.4.3),py,Runtime Error,1768,238036,577,
s685672471,p02936,u921066423,1566178188,Python,Python (3.4.3),py,Runtime Error,2110,112500,868,
s918108458,p02936,u122997134,1566178186,Kotlin,Kotlin (1.0.0),kt,Time Limit Exceeded,2118,156704,741,
s890771171,p02936,u067237725,1566178185,C++,C++14 (GCC 5.4.1),cpp,Accepted,392,21120,839,
s150485038,p02936,u117327215,1566178184,C#,C# (Mono 4.6.2.0),cs,Accepted,822,70220,12069,
s349536825,p02936,u341406884,1566178182,C++,C++14 (GCC 5.4.1),cpp,Accepted,727,29940,1216,
s402493772,p02936,u121266738,1566178180,C++,C++14 (GCC 5.4.1),cpp,Wrong Answer,2176,1216976,1525,
s828549754,p02936,u502709453,1566178180,C++,C++14 (GCC 5.4.1),cpp,Wrong Answer,2104,17140,3365,
s885561594,p02936,u842568437,1566178178,C++,C++14 (GCC 5.4.1),cpp,Accepted,153,45568,827,
s696404180,p02936,u849073847,1566178177,C++,C++14 (GCC 5.4.1),cpp,Time Limit Exceeded,2104,14848,644,
s012311022,p02936,u096859922,1566178176,C#,C# (Mono 4.6.2.0),cs,Accepted,1203,60776,2160,
s177932661,p02936,u901397311,1566178174,C++,C++14 (GCC 5.4.1),cpp,Time Limit Exceeded,2105,27368,1237,
s073329493,p02936,u228295160,1566178172,C++,C++14 (GCC 5.4.1),cpp,Wrong Answer,2106,61696,2904,
s321806174,p02936,u883361404,1566178171,C++,C++14 (GCC 5.4.1),cpp,Accepted,122,19440,5843,
s493009142,p02936,u840105874,1566178171,C++,C++14 (GCC 5.4.1),cpp,Accepted,251,5504,1391,
s737030846,p02936,u038806998,1566178171,C++,C++14 (GCC 5.4.1),cpp,Accepted,100,14080,608,
s063625148,p02936,u820047642,1566178168,Python,Python (3.4.3),py,Runtime Error,1934,52136,565,
s030473639,p02936,u286941902,1566178168,Swift,Swift (swift-2.2-RELEASE),swift,Time Limit Exceeded,2104,7396,7561,
s848488949,p02936,u619458041,1566178166,Python,PyPy3 (2.4.0),py,Time Limit Exceeded,2142,637692,809,
s825234487,p02936,u933214067,1566178165,Python,Python (3.4.3),py,Runtime Error,2111,54264,1500,
s576400192,p02936,u810831468,1566178164,C++,C++14 (GCC 5.4.1),cpp,Accepted,307,24320,488,
s593188186,p02936,u850491413,1566178164,Python,PyPy3 (2.4.0),py,Time Limit Exceeded,2111,125260,967,
s692343541,p02936,u918391323,1566178163,Java,Java8 (OpenJDK 1.8.0),java,Time Limit Exceeded,2109,95364,1107,
s236461805,p02936,u929611589,1566178160,Java,Java8 (OpenJDK 1.8.0),java,Time Limit Exceeded,2110,214648,1262,
s854413226,p02936,u204523044,1566178158,Python,Python (3.4.3),py,Runtime Error,2106,36744,333,
s760640140,p02936,u150436276,1566178156,C++,C++14 (GCC 5.4.1),cpp,Accepted,224,43008,714,
s848188430,p02936,u434509016,1566178155,Ruby,Ruby (2.3.3),rb,Wrong Answer,858,39676,310,
s993628821,p02936,u039623862,1566178155,Python,PyPy3 (2.4.0),py,Time Limit Exceeded,2124,344440,514,
s392545730,p02936,u294473317,1566178153,C++,C++14 (GCC 5.4.1),cpp,Accepted,128,21120,7996,
s565379944,p02936,u944209426,1566178153,Python,Python (3.4.3),py,Wrong Answer,1951,126612,371,
s318918086,p02936,u898749314,1566178153,C++,C++14 (GCC 5.4.1),cpp,Accepted,169,37632,1565,
s150181973,p02936,u191829404,1566178152,Python,PyPy3 (2.4.0),py,Time Limit Exceeded,2113,168700,1921,
s507883748,p02936,u419307807,1566178152,C++,C++14 (GCC 5.4.1),cpp,Accepted,316,24320,2057,
s700426915,p02936,u545674098,1566178151,C++,C++14 (GCC 5.4.1),cpp,Accepted,307,32128,1249,
s069998170,p02936,u834901453,1566178151,C++,C++14 (GCC 5.4.1),cpp,Accepted,131,24320,840,
s374240947,p02936,u208440216,1566178150,C++,C++14 (GCC 5.4.1),cpp,Wrong Answer,412,25600,697,
s362732767,p02936,u402629484,1566178150,Python,Python (3.4.3),py,Time Limit Exceeded,2104,24200,505,
s974961182,p02936,u832527250,1566178149,C++,C++14 (GCC 5.4.1),cpp,Accepted,367,24832,649,
s023236897,p02936,u882821419,1566178149,C++,C++14 (GCC 5.4.1),cpp,Accepted,136,21120,703,
s204141404,p02936,u734548018,1566178149,Python,PyPy3 (2.4.0),py,Time Limit Exceeded,2146,711404,703,
s197925737,p02936,u889750959,1566178148,Kotlin,Kotlin (1.0.0),kt,Time Limit Exceeded,2111,169788,992,
s368073469,p02936,u162612857,1566178146,Python,PyPy3 (2.4.0),py,Time Limit Exceeded,2113,152100,1011,
s017736307,p02936,u415956569,1566178146,C++,C++14 (GCC 5.4.1),cpp,Accepted,128,25856,1206,
s258750387,p02936,u531436689,1566178145,Python,PyPy3 (2.4.0),py,Wrong Answer,853,114120,1145,
s476579594,p02936,u777853124,1566178142,C++,C++14 (GCC 5.4.1),cpp,Time Limit Exceeded,2104,10112,1217,
s617003197,p02936,u642435852,1566178142,C++,C++14 (GCC 5.4.1),cpp,Accepted,117,15616,822,
s076550601,p02936,u637175065,1566178142,Go,Go (1.6),go,Time Limit Exceeded,2108,25856,848,
s530056481,p02936,u317711717,1566178142,C++,C++14 (GCC 5.4.1),cpp,Accepted,305,21104,1291,
s755786960,p02936,u133886644,1566178141,Python,Python (3.4.3),py,Runtime Error,1569,150284,547,
s436837472,p02936,u955251526,1566178141,Python,Python (3.4.3),py,Time Limit Exceeded,2121,236928,493,
s475485350,p02936,u832527250,1566178139,C++,C++14 (GCC 5.4.1),cpp,Accepted,378,24832,649,
s260080960,p02936,u153537680,1566178139,Kotlin,Kotlin (1.0.0),kt,Time Limit Exceeded,2112,148984,738,
s259318046,p02936,u064246852,1566178139,Python,PyPy3 (2.4.0),py,Time Limit Exceeded,2111,140992,460,
s793210988,p02936,u192903163,1566178137,C++,C++14 (GCC 5.4.1),cpp,Accepted,140,14976,1001,
s859005325,p02936,u333991119,1566178136,C++,C++14 (GCC 5.4.1),cpp,Time Limit Exceeded,2103,4480,559,
s519960287,p02936,u873041360,1566178134,C++,C++14 (GCC 5.4.1),cpp,Accepted,291,24320,967,
s128267782,p02936,u908432409,1566178133,C++,C++14 (GCC 5.4.1),cpp,Wrong Answer,234,31720,9158,
s509861877,p02936,u091051505,1566178133,Python,Python (3.4.3),py,Time Limit Exceeded,2106,81832,562,
s820206866,p02936,u022832318,1566178132,C++,C++14 (GCC 5.4.1),cpp,Accepted,351,22656,1134,
s810520221,p02936,u803848678,1566178131,Python,PyPy3 (2.4.0),py,Accepted,874,100464,628,
s512985595,p02936,u296610335,1566178131,C++,C++14 (GCC 5.4.1),cpp,Runtime Error,113,896,546,
s144372921,p02936,u591411772,1566178129,Python,Python (3.4.3),py,Runtime Error,1261,62880,1602,
s058534729,p02936,u843070415,1566178129,C++,C++14 (GCC 5.4.1),cpp,Time Limit Exceeded,2105,32128,1336,
s743019887,p02936,u493750228,1566178128,C++,C++14 (GCC 5.4.1),cpp,Time Limit Exceeded,2104,22144,1482,
s561126265,p02936,u088000503,1566178127,C++,C++14 (GCC 5.4.1),cpp,Accepted,297,20352,514,
s391799167,p02936,u324303263,1566178126,C++,C++14 (GCC 5.4.1),cpp,Accepted,119,14976,2215,
s284407355,p02936,u960698724,1566178121,C++,C++14 (GCC 5.4.1),cpp,Accepted,132,24320,717,
s546457321,p02936,u187878098,1566178121,C++,C++14 (GCC 5.4.1),cpp,Accepted,138,16372,1439,
s652101169,p02936,u027395921,1566178121,C++,C++14 (GCC 5.4.1),cpp,Accepted,122,14976,2214,
s674755151,p02936,u516353059,1566178120,C++,C++14 (GCC 5.4.1),cpp,Accepted,133,26496,2295,
s610207761,p02936,u057079894,1566178119,C++,C++14 (GCC 5.4.1),cpp,Accepted,303,32128,915,
s543929945,p02936,u991486973,1566178119,C++,C++14 (GCC 5.4.1),cpp,Accepted,144,25856,1589,
s128119700,p02936,u517219904,1566178118,Java,Java8 (OpenJDK 1.8.0),java,Accepted,1747,206068,1347,
s049187352,p02936,u131230001,1566178118,C++,C++14 (GCC 5.4.1),cpp,Accepted,127,27392,836,
s430218301,p02936,u515548399,1566178117,Kotlin,Kotlin (1.0.0),kt,Time Limit Exceeded,2111,158804,4912,
s012464581,p02936,u624171666,1566178115,C++,C++14 (GCC 5.4.1),cpp,Accepted,145,28928,11998,
s118655945,p02936,u278886389,1566178114,Python,Python (3.4.3),py,Accepted,1858,50716,448,
s542170158,p02936,u096859922,1566178113,C#,C# (Mono 4.6.2.0),cs,Compile Error,,,2160,
s646450075,p02936,u504228740,1566178111,Java,Java8 (OpenJDK 1.8.0),java,Time Limit Exceeded,2110,228544,867,
s361833045,p02936,u059187806,1566178109,C++,C++14 (GCC 5.4.1),cpp,Accepted,402,31232,1273,
s209775053,p02936,u333991119,1566178107,C++,C++14 (GCC 5.4.1),cpp,Runtime Error,97,512,558,
s773640856,p02936,u751964641,1566178106,C++,C++14 (GCC 5.4.1),cpp,Runtime Error,316,273280,1162,
s055811561,p02936,u497422208,1566178105,C++,C++14 (GCC 5.4.1),cpp,Accepted,140,19828,1054,
s388775361,p02936,u090068802,1566178104,C++,C++14 (GCC 5.4.1),cpp,Accepted,242,50048,2156,
s804889255,p02936,u822169805,1566178103,C++,C++14 (GCC 5.4.1),cpp,Accepted,298,25856,869,
s549230238,p02936,u092002408,1566178103,C++,C++14 (GCC 5.4.1),cpp,Accepted,146,21108,1205,
s387539663,p02936,u191829404,1566178101,Python,Python (3.4.3),py,Time Limit Exceeded,2113,108108,1919,
s444708487,p02936,u711414551,1566178101,Python,Python (3.4.3),py,Runtime Error,1548,69016,764,
s552463955,p02936,u816587940,1566178100,C++,C++14 (Clang 3.8.0),cpp,Accepted,798,35956,1514,
s310082702,p02936,u579588275,1566178100,C++,C++14 (GCC 5.4.1),cpp,Accepted,140,17140,1853,
s132086900,p02936,u073500051,1566178098,C++,C++14 (GCC 5.4.1),cpp,Accepted,351,24320,590,
s410035887,p02936,u953587543,1566178097,C++,C++14 (GCC 5.4.1),cpp,Accepted,145,24960,1652,
s792519013,p02936,u468262978,1566178097,C++,C++14 (GCC 5.4.1),cpp,Accepted,139,21120,1490,
s298519063,p02936,u407160848,1566178096,Python,PyPy3 (2.4.0),py,Runtime Error,828,153320,1129,
s373395335,p02936,u970690920,1566178096,C++,C++14 (GCC 5.4.1),cpp,Accepted,313,16372,829,
s721978247,p02936,u640248738,1566178095,C++,C++14 (GCC 5.4.1),cpp,Accepted,131,16500,1218,
s302182689,p02936,u212437180,1566178095,Nim,Nim (0.13.0),nim,Accepted,327,62712,2830,
s417757720,p02936,u042105122,1566178094,C++,C++14 (GCC 5.4.1),cpp,Accepted,227,40044,1184,
s901365341,p02936,u433532588,1566178094,Python,Python (3.4.3),py,Runtime Error,2105,35620,483,
s584186562,p02936,u083800325,1566178092,C++,C++14 (GCC 5.4.1),cpp,Accepted,377,26624,555,
s378290199,p02936,u598283679,1566178091,Java,Java8 (OpenJDK 1.8.0),java,Accepted,1038,164632,1970,
s573272342,p02936,u248788685,1566178088,C++,C++14 (GCC 5.4.1),cpp,Accepted,86,17792,1740,
s826030790,p02936,u121799456,1566178086,C++,C++14 (GCC 5.4.1),cpp,Accepted,292,28800,732,
s736676719,p02936,u764679146,1566178085,C++,C++14 (GCC 5.4.1),cpp,Accepted,154,25856,1965,
s618571386,p02936,u904730393,1566178084,Java,Java8 (OpenJDK 1.8.0),java,Accepted,1998,181672,7825,
s858901703,p02936,u297109012,1566178083,Python,PyPy3 (2.4.0),py,Time Limit Exceeded,2082,163860,1068,
s164378538,p02936,u397037010,1566178083,C++,C++14 (GCC 5.4.1),cpp,Accepted,265,9984,2830,
s059683455,p02936,u645561303,1566178077,C++,C++14 (GCC 5.4.1),cpp,Accepted,152,26624,769,
s311024870,p02936,u756289568,1566178077,C++,C++14 (GCC 5.4.1),cpp,Accepted,300,24320,3014,
s708484585,p02936,u080318287,1566178077,C++,C++14 (GCC 5.4.1),cpp,Accepted,173,22640,1348,
s565246039,p02936,u333991119,1566178076,C++,C++14 (GCC 5.4.1),cpp,Runtime Error,101,384,558,
s544624701,p02936,u050607149,1566178076,C++,C++14 (GCC 5.4.1),cpp,Wrong Answer,290,54528,2311,
s098574444,p02936,u094155508,1566178075,C++,C++14 (Clang 3.8.0),cpp,Accepted,736,24320,704,
s876003835,p02936,u980322611,1566178075,Python,Python (3.4.3),py,Accepted,1232,88396,717,
s815362937,p02936,u835820697,1566178074,C++,C++14 (GCC 5.4.1),cpp,Accepted,120,23552,781,
s361017404,p02936,u109157645,1566178071,C++,C++14 (GCC 5.4.1),cpp,Accepted,147,30336,923,
s825520697,p02936,u437638594,1566178071,Python,Python (3.4.3),py,Runtime Error,2107,57808,426,
s527891647,p02936,u257374434,1566178070,Python,PyPy2 (5.6.0),py,Accepted,712,115928,823,
s377249003,p02936,u723494462,1566178069,C++,C++14 (GCC 5.4.1),cpp,Accepted,330,13312,533,
s733626941,p02936,u961528573,1566178068,C++,C++14 (GCC 5.4.1),cpp,Accepted,115,25856,1458,
s079418266,p02936,u250943952,1566178067,Python,Python (3.4.3),py,Time Limit Exceeded,2118,322228,1048,
s615918224,p02936,u595786324,1566178067,C++,C++14 (GCC 5.4.1),cpp,Accepted,367,25856,749,
s683888795,p02936,u115357063,1566178066,C++,C++14 (GCC 5.4.1),cpp,Accepted,109,29952,804,
s063975465,p02936,u186838327,1566178065,Python,PyPy3 (2.4.0),py,Time Limit Exceeded,2111,126156,443,
s111018848,p02936,u991486973,1566178064,C++,C++14 (GCC 5.4.1),cpp,Runtime Error,100,2560,1589,
s984544720,p02936,u980322611,1566178064,Python,PyPy3 (2.4.0),py,Accepted,1005,123000,717,
s126420864,p02936,u978782754,1566178063,C++,C++14 (GCC 5.4.1),cpp,Accepted,308,41472,1457,
s584304065,p02936,u174105158,1566178061,Python,Python (3.4.3),py,Runtime Error,1787,81212,846,
s526111613,p02936,u824337972,1566178059,C++,C++14 (GCC 5.4.1),cpp,Accepted,295,32128,1825,
s368083153,p02936,u622748505,1566178059,C++,C++14 (GCC 5.4.1),cpp,Accepted,321,24320,842,
s887424987,p02936,u321786655,1566178059,C++,C++14 (GCC 5.4.1),cpp,Accepted,128,23680,800,
s704084029,p02936,u076566148,1566178059,C++,C++14 (GCC 5.4.1),cpp,Accepted,285,16512,1066,
s217838542,p02936,u511965386,1566178059,Python,PyPy3 (2.4.0),py,Time Limit Exceeded,2152,805240,597,
s242978710,p02936,u535555850,1566178058,C++,C++14 (GCC 5.4.1),cpp,Accepted,309,26040,1917,
s332567369,p02936,u898749314,1566178058,C++,C++14 (GCC 5.4.1),cpp,Runtime Error,237,27640,1567,
s335652398,p02936,u756388720,1566178057,C++,C++14 (GCC 5.4.1),cpp,Accepted,386,24320,676,
s708374602,p02936,u925364229,1566178057,Python,Python (3.4.3),py,Runtime Error,1855,137180,477,
s059114440,p02936,u159757494,1566178056,C++,C++14 (Clang 3.8.0),cpp,Wrong Answer,748,87552,4460,
s021110390,p02936,u497422208,1566178056,C++,C++14 (GCC 5.4.1),cpp,Runtime Error,107,2560,1054,
s891182638,p02936,u377233676,1566178053,C++,C++14 (GCC 5.4.1),cpp,Accepted,394,22656,1130,
s406931750,p02936,u294473317,1566178053,C++,C++14 (GCC 5.4.1),cpp,Wrong Answer,141,20992,7987,
s918600753,p02936,u412550879,1566178053,C++,C++14 (GCC 5.4.1),cpp,Accepted,579,28160,1372,
s270242477,p02936,u770077083,1566178053,Python,Python (3.4.3),py,Time Limit Exceeded,2107,59892,531,
s589395960,p02936,u823558173,1566178052,C++,C++14 (GCC 5.4.1),cpp,Accepted,141,25088,545,
s526559497,p02936,u041783158,1566178052,Python,Python (3.4.3),py,Time Limit Exceeded,2123,339940,760,
s620637621,p02936,u673217098,1566178052,Java,Java8 (OpenJDK 1.8.0),java,Accepted,1886,269396,1218,
s351857213,p02936,u184819501,1566178052,C++,C++14 (GCC 5.4.1),cpp,Accepted,286,27392,877,
s069439206,p02936,u045531009,1566178052,C++,C++14 (GCC 5.4.1),cpp,Accepted,124,16512,1444,
s219521245,p02936,u414425367,1566178050,C++,C++14 (GCC 5.4.1),cpp,Accepted,148,36736,1561,
s207013212,p02936,u492166530,1566178050,PHP,PHP7 (7.0.15),php,Wrong Answer,2104,100856,4675,
s288410772,p02936,u528523331,1566178047,C++,C++14 (GCC 5.4.1),cpp,Wrong Answer,249,5376,566,
s055539702,p02936,u214617707,1566178047,C++,C++14 (GCC 5.4.1),cpp,Accepted,150,34944,885,
s065047817,p02936,u575074893,1566178046,Rust,Rust (1.15.1),rs,Accepted,91,24044,13396,
s361102970,p02936,u231122239,1566178046,Python,Python (3.4.3),py,Time Limit Exceeded,2107,75924,358,
s373734785,p02936,u394482932,1566178045,C++,C++14 (GCC 5.4.1),cpp,Accepted,304,16372,1804,
s016044804,p02936,u923606520,1566178044,Java,Java8 (OpenJDK 1.8.0),java,Accepted,1575,163588,23237,
s522436595,p02936,u711524482,1566178043,C++,C++14 (GCC 5.4.1),cpp,Accepted,368,25856,866,
s198542921,p02936,u629650917,1566178042,C++,C++14 (GCC 5.4.1),cpp,Accepted,122,23296,1383,
s025867485,p02936,u604231488,1566178041,C++,C++14 (GCC 5.4.1),cpp,Runtime Error,538,314752,978,
s418171003,p02936,u822169805,1566178041,C++,C++14 (GCC 5.4.1),cpp,Time Limit Exceeded,2104,25728,830,
s383135518,p02936,u784072785,1566178040,C++,C++14 (GCC 5.4.1),cpp,Accepted,169,29824,1235,
s567094799,p02936,u966582222,1566178040,C++,C++14 (GCC 5.4.1),cpp,Accepted,378,24320,491,
s263944098,p02936,u240904580,1566178039,C++,C++14 (GCC 5.4.1),cpp,Accepted,129,24320,1111,
s832802542,p02936,u527398664,1566178038,C++,C++14 (GCC 5.4.1),cpp,Time Limit Exceeded,2104,20992,533,
s177878027,p02936,u724515098,1566178037,C++,C++14 (GCC 5.4.1),cpp,Accepted,163,60288,1186,
s560803519,p02936,u599568485,1566178035,C++,C++14 (GCC 5.4.1),cpp,Accepted,311,20340,1040,
s416497048,p02936,u589502773,1566178035,C++,C++14 (GCC 5.4.1),cpp,Time Limit Exceeded,2104,14332,1786,
s942523684,p02936,u941753895,1566178033,Python,PyPy3 (2.4.0),py,Time Limit Exceeded,2162,980956,858,
s773029764,p02936,u730946954,1566178032,C++,C++14 (GCC 5.4.1),cpp,Accepted,348,24832,721,
s722912417,p02936,u959822889,1566178031,C++,C++14 (GCC 5.4.1),cpp,Runtime Error,296,68608,5858,
s860092611,p02936,u176645218,1566178031,Python,PyPy3 (2.4.0),py,Runtime Error,2110,141664,505,
s437049810,p02936,u657512990,1566178031,C++,C++14 (GCC 5.4.1),cpp,Accepted,279,16512,897,
s617162683,p02936,u107995903,1566178030,C++,C++14 (GCC 5.4.1),cpp,Accepted,289,31104,3800,
s305749099,p02936,u879870653,1566178028,Python,PyPy3 (2.4.0),py,Accepted,1991,105876,749,
s051826571,p02936,u094534482,1566178028,C++,C++14 (GCC 5.4.1),cpp,Accepted,313,31360,2158,
s394865150,p02936,u313427116,1566178028,C++,C++14 (GCC 5.4.1),cpp,Runtime Error,146,14968,1509,
s206521728,p02936,u055303078,1566178027,C++,C++14 (GCC 5.4.1),cpp,Wrong Answer,2179,1289976,1546,
s845258352,p02936,u826103718,1566178026,Python,Python (3.4.3),py,Accepted,1577,76204,403,
s601885077,p02936,u620480037,1566178026,Python,PyPy3 (2.4.0),py,Accepted,1920,122656,523,
s725043475,p02936,u536493833,1566178023,C++,C++14 (GCC 5.4.1),cpp,Wrong Answer,317,30708,702,
s867652661,p02936,u151137534,1566178023,C++,C++14 (GCC 5.4.1),cpp,Wrong Answer,141,23552,2460,
s066302881,p02936,u745266708,1566178021,Java,Java8 (OpenJDK 1.8.0),java,Runtime Error,85,21460,1153,
s393678344,p02936,u956530786,1566178021,D,D (GDC 4.9.4),d,Accepted,1368,78972,1454,
s356971129,p02936,u236140534,1566178019,C++,C++14 (GCC 5.4.1),cpp,Accepted,139,24064,657,
s031292661,p02936,u775224245,1566178018,C++,C++14 (GCC 5.4.1),cpp,Accepted,661,42612,2627,
s163555718,p02936,u909375072,1566178018,C++,C++14 (GCC 5.4.1),cpp,Accepted,195,27392,1282,
s456284266,p02936,u534296203,1566178017,Python,PyPy3 (2.4.0),py,Time Limit Exceeded,2117,209856,668,
s445555414,p02936,u731368968,1566178016,Python,Python (3.4.3),py,Runtime Error,2106,50572,650,
s421346248,p02936,u422711869,1566178016,Python,PyPy3 (2.4.0),py,Runtime Error,2107,126124,512,
s580592550,p02936,u361726856,1566178016,C++,C++14 (GCC 5.4.1),cpp,Accepted,121,24192,799,
s342560782,p02936,u357050210,1566178015,C++,C++14 (GCC 5.4.1),cpp,Wrong Answer,166,27512,879,
s667870123,p02936,u891387249,1566178015,Scala,Scala (2.11.7),scala,Time Limit Exceeded,2115,185948,913,
s658323252,p02936,u546047488,1566178012,Java,Java8 (OpenJDK 1.8.0),java,Accepted,1620,216276,2147,
s523590187,p02936,u065446124,1566178012,Python,PyPy3 (2.4.0),py,Accepted,1961,131496,436,
s510310798,p02936,u212486902,1566178011,Go,Go (1.6),go,Wrong Answer,1067,25216,984,
s532939761,p02936,u217416788,1566178010,C++,C++14 (GCC 5.4.1),cpp,Accepted,180,24320,815,
s128801184,p02936,u268571052,1566178009,C++,C++14 (GCC 5.4.1),cpp,Accepted,434,27392,991,
s018288076,p02936,u392319141,1566178008,Python,Python (3.4.3),py,Time Limit Exceeded,2120,259968,639,
s458944069,p02936,u967843578,1566178007,C++,C++14 (GCC 5.4.1),cpp,Accepted,304,15604,1491,
s378384112,p02936,u744908753,1566178007,Ruby,Ruby (2.3.3),rb,Time Limit Exceeded,2110,35636,401,
s846022218,p02936,u419877586,1566178007,Python,Python (3.4.3),py,Time Limit Exceeded,2110,104488,633,
s416383102,p02936,u816587940,1566178005,C++,C++14 (Clang 3.8.0),cpp,Runtime Error,128,7544,1658,
s968828210,p02936,u993121447,1566178005,C++,C++14 (GCC 5.4.1),cpp,Accepted,309,33664,784,
s889929463,p02936,u100442348,1566178004,C++,C++14 (GCC 5.4.1),cpp,Accepted,246,70912,2378,
s913174713,p02936,u391731808,1566178002,Python,PyPy3 (2.4.0),py,Accepted,1998,129296,606,
s795177115,p02936,u847478937,1566178002,Ruby,Ruby (2.3.3),rb,Time Limit Exceeded,2113,102672,577,
s880984210,p02936,u063380928,1566178001,C++,C++14 (GCC 5.4.1),cpp,Time Limit Exceeded,2104,22144,623,
s904461620,p02936,u042208369,1566178001,C++,C++14 (GCC 5.4.1),cpp,Time Limit Exceeded,2104,21760,837,
s377556081,p02936,u723494462,1566178000,C++,C++14 (GCC 5.4.1),cpp,Runtime Error,650,266368,530,
s749066891,p02936,u170201762,1566177999,Python,PyPy3 (2.4.0),py,Accepted,1820,110336,360,
s833900093,p02936,u238312012,1566177997,C++,C++14 (GCC 5.4.1),cpp,Accepted,132,24576,931,
s414236262,p02936,u561992253,1566177995,Python,PyPy3 (2.4.0),py,Time Limit Exceeded,2116,199032,567,
s418511479,p02936,u888735570,1566177993,C++,C++14 (GCC 5.4.1),cpp,Accepted,127,24320,1794,
s265081711,p02936,u471585927,1566177992,C++,C++14 (GCC 5.4.1),cpp,Accepted,187,23424,1252,
s754990102,p02936,u548163222,1566177991,C++,C++14 (GCC 5.4.1),cpp,Accepted,363,24320,825,
s374499430,p02936,u465638326,1566177991,C++,C++14 (GCC 5.4.1),cpp,Accepted,397,25600,608,
s908227730,p02936,u215329188,1566177991,C++,C++14 (GCC 5.4.1),cpp,Accepted,117,21120,1253,
s337495053,p02936,u997325490,1566177989,C++,C++14 (GCC 5.4.1),cpp,Time Limit Exceeded,2106,72232,4111,
s127516398,p02936,u714538557,1566177988,C++,C++14 (GCC 5.4.1),cpp,Accepted,310,25088,868,
s012992442,p02936,u197427401,1566177988,Python,Python (3.4.3),py,Runtime Error,2107,85900,748,
s288156140,p02936,u896838289,1566177985,C++,C++14 (GCC 5.4.1),cpp,Accepted,345,54472,2640,
s704186574,p02936,u976817999,1566177985,C++,C++14 (GCC 5.4.1),cpp,Accepted,294,21996,873,
s300341355,p02936,u052212445,1566177984,Java,Java8 (OpenJDK 1.8.0),java,Accepted,543,129784,5351,
s213609071,p02936,u205309198,1566177983,C++,C++14 (GCC 5.4.1),cpp,Accepted,139,21376,2181,
s880982982,p02936,u666721654,1566177982,C++,C++14 (GCC 5.4.1),cpp,Accepted,307,27392,12120,
s269727865,p02936,u698176039,1566177981,Python,Python (3.4.3),py,Time Limit Exceeded,2120,323424,646,
s162064122,p02936,u697232864,1566177980,C++,C++14 (GCC 5.4.1),cpp,Accepted,303,31616,1279,
s282655436,p02936,u339233484,1566177979,C++,C++14 (GCC 5.4.1),cpp,Accepted,320,17392,996,
s613866818,p02936,u366541443,1566177979,Python,PyPy3 (2.4.0),py,Accepted,1914,124492,583,
s207058288,p02936,u052247353,1566177978,C++,C++14 (GCC 5.4.1),cpp,Accepted,302,17140,1111,
s594625336,p02936,u274811210,1566177976,PHP,PHP7 (7.0.15),php,Accepted,319,158200,614,
s653870177,p02936,u054475353,1566177974,C++,C++14 (GCC 5.4.1),cpp,Wrong Answer,2138,606960,2536,
s115489937,p02936,u796125458,1566177974,C++,C++14 (GCC 5.4.1),cpp,Accepted,101,18432,693,
s792447841,p02936,u013476277,1566177973,C++,C++14 (GCC 5.4.1),cpp,Wrong Answer,157,30464,1081,
s134659869,p02936,u419877586,1566177973,Python,Python (3.4.3),py,Runtime Error,17,2940,630,
s348260613,p02936,u238640707,1566177972,Java,Java8 (OpenJDK 1.8.0),java,Accepted,1375,124196,4052,
s777780385,p02936,u619458041,1566177970,Python,PyPy3 (2.4.0),py,Time Limit Exceeded,2154,831740,826,
s657233900,p02936,u699752889,1566177969,Python,Python (3.4.3),py,Wrong Answer,2107,65688,939,
s005141848,p02936,u921773161,1566177969,Python,Python (3.4.3),py,Wrong Answer,1346,56044,448,
s126413700,p02936,u967620300,1566177968,C++,C++14 (GCC 5.4.1),cpp,Accepted,341,21120,5521,
s596272538,p02936,u534296203,1566177968,Python,Python (3.4.3),py,Runtime Error,2108,79632,623,
s610844130,p02936,u484398192,1566177968,C++,C++14 (GCC 5.4.1),cpp,Accepted,132,21760,786,
s393247405,p02936,u953986202,1566177967,C++,C++14 (GCC 5.4.1),cpp,Accepted,140,30592,1226,
s906011654,p02936,u214685595,1566177966,C++,C++14 (GCC 5.4.1),cpp,Time Limit Exceeded,2311,61016,1387,
s792183191,p02936,u947883560,1566177966,Python,Python (3.4.3),py,Accepted,1767,137724,1867,
s531496183,p02936,u617525345,1566177965,C++,C++14 (GCC 5.4.1),cpp,Accepted,405,74240,976,
s770402026,p02936,u154068540,1566177964,C++,C++14 (GCC 5.4.1),cpp,Accepted,177,39936,16156,
s297726727,p02936,u628253919,1566177963,C++,C++14 (GCC 5.4.1),cpp,Accepted,155,26880,737,
s053261361,p02936,u392319141,1566177961,Python,Python (3.4.3),py,Runtime Error,1898,155972,639,
s242673234,p02936,u167931717,1566177960,C++,C++14 (GCC 5.4.1),cpp,Accepted,330,38508,18518,
s315224649,p02936,u948698894,1566177960,C++,C++14 (GCC 5.4.1),cpp,Time Limit Exceeded,2104,21632,1382,
s854339415,p02936,u065923107,1566177960,C++,C++14 (GCC 5.4.1),cpp,Accepted,562,21120,978,
s543514048,p02936,u517219904,1566177959,Java,Java8 (OpenJDK 1.8.0),java,Compile Error,,,1851,
s303139137,p02936,u716033247,1566177959,C++,C++14 (GCC 5.4.1),cpp,Accepted,158,21888,897,
s767244376,p02936,u031514160,1566177958,C++,C++14 (GCC 5.4.1),cpp,Accepted,186,66432,3903,
s950856166,p02936,u096859922,1566177958,C#,C# (Mono 4.6.2.0),cs,Compile Error,,,1926,
s525291413,p02936,u091650402,1566177957,C++,C++14 (GCC 5.4.1),cpp,Accepted,150,25600,1895,
s179333339,p02936,u222030240,1566177951,C++,C++14 (GCC 5.4.1),cpp,Accepted,367,29696,1391,
s630484167,p02936,u088893297,1566177951,C++,C++14 (GCC 5.4.1),cpp,Accepted,296,21104,1407,
s655864908,p02936,u033620890,1566177950,C++,C++14 (GCC 5.4.1),cpp,Time Limit Exceeded,2104,25600,1058,
s585717335,p02936,u013476277,1566177948,C++,C++14 (GCC 5.4.1),cpp,Compile Error,,,1087,
s178484694,p02936,u618697411,1566177947,C++,C++14 (GCC 5.4.1),cpp,Accepted,399,19328,7188,
s375244235,p02936,u429667010,1566177947,C++,C++14 (GCC 5.4.1),cpp,Accepted,164,27136,749,
s449194214,p02936,u447277621,1566177946,C++,C++14 (GCC 5.4.1),cpp,Accepted,143,23424,4028,
s406419269,p02936,u238460356,1566177945,C++,C++14 (GCC 5.4.1),cpp,Accepted,170,24192,682,
s521650526,p02936,u025592199,1566177945,C++,C++14 (GCC 5.4.1),cpp,Time Limit Exceeded,2104,17780,1107,
s449633198,p02936,u714538557,1566177944,C++,C++14 (GCC 5.4.1),cpp,Runtime Error,108,4480,868,
s405565027,p02936,u052499405,1566177944,Python,PyPy3 (2.4.0),py,Time Limit Exceeded,2145,699444,614,
s488396577,p02936,u919518694,1566177943,C++,C++14 (GCC 5.4.1),cpp,Accepted,135,24320,1066,
s974320990,p02936,u706695185,1566177942,Ruby,Ruby (2.3.3),rb,Accepted,736,36220,492,
s536834433,p02936,u205309198,1566177941,C++,C++14 (GCC 5.4.1),cpp,Compile Error,,,2180,
s095980040,p02936,u637175065,1566177940,Go,Go (1.6),go,Time Limit Exceeded,2108,25872,806,
s284057177,p02936,u864171425,1566177940,C++,C++14 (GCC 5.4.1),cpp,Accepted,157,14976,821,
s424635999,p02936,u944209426,1566177939,Python,Python (3.4.3),py,Time Limit Exceeded,2111,129364,422,
s421648036,p02936,u820047642,1566177939,Python,PyPy3 (2.4.0),py,Runtime Error,1257,124304,565,
s437532514,p02936,u244884744,1566177939,C++,C++14 (GCC 5.4.1),cpp,Wrong Answer,153,32896,928,
s491835793,p02936,u140450365,1566177937,C++,C++14 (GCC 5.4.1),cpp,Accepted,109,16256,909,
s023906342,p02936,u251847465,1566177937,C++,C++14 (GCC 5.4.1),cpp,Runtime Error,521,276480,906,
s206763214,p02936,u936790121,1566177936,C++,C++14 (GCC 5.4.1),cpp,Time Limit Exceeded,2104,20716,10297,
s455651245,p02936,u151137534,1566177934,C++,C++14 (GCC 5.4.1),cpp,Runtime Error,158,23808,2473,
s110594263,p02936,u078016678,1566177934,C++,C++14 (GCC 5.4.1),cpp,Accepted,123,24192,603,
s871892147,p02936,u277427445,1566177934,C++,C++14 (GCC 5.4.1),cpp,Accepted,120,14080,782,
s325624740,p02936,u314057689,1566177934,C++,C++14 (GCC 5.4.1),cpp,Accepted,143,22784,2313,
s507133159,p02936,u042208369,1566177933,C++,C++14 (GCC 5.4.1),cpp,Runtime Error,100,5376,837,
s835206803,p02936,u926568061,1566177931,Rust,Rust (1.15.1),rs,Accepted,154,41108,2730,
s489867299,p02936,u708042136,1566177930,C#,C# (Mono 4.6.2.0),cs,Accepted,680,74504,2378,
s444917572,p02936,u302539304,1566177928,C++,C++14 (GCC 5.4.1),cpp,Accepted,145,17904,2484,
s198342994,p02936,u892251744,1566177926,Python,PyPy3 (2.4.0),py,Time Limit Exceeded,2032,135004,640,
s067451133,p02936,u697384706,1566177924,C++,C++14 (GCC 5.4.1),cpp,Accepted,292,15732,847,
s696450918,p02936,u096635831,1566177923,Rust,Rust (1.15.1),rs,Accepted,200,57488,20856,
s858057229,p02936,u360515075,1566177922,Python,Python (3.4.3),py,Runtime Error,2105,45764,352,
s452696126,p02936,u536493833,1566177922,C++,C++14 (GCC 5.4.1),cpp,Wrong Answer,326,30580,700,
s933800902,p02936,u839953699,1566177921,C++,C++14 (GCC 5.4.1),cpp,Accepted,143,30592,739,
s695769274,p02936,u162612857,1566177920,Python,Python (3.4.3),py,Time Limit Exceeded,2120,266536,1011,
s501209865,p02936,u480806810,1566177920,C++,C++14 (GCC 5.4.1),cpp,Accepted,406,24320,942,
s692111750,p02936,u052212445,1566177919,Java,Java8 (OpenJDK 1.8.0),java,Compile Error,,,5345,
s602662461,p02936,u493089152,1566177916,C++,C++14 (GCC 5.4.1),cpp,Accepted,172,19440,3332,
s789055335,p02936,u024496314,1566177916,C++,C++14 (GCC 5.4.1),cpp,Accepted,155,24320,2503,
s828498188,p02936,u111917510,1566177915,C++,C++14 (GCC 5.4.1),cpp,Accepted,196,23680,776,
s810404205,p02936,u679906187,1566177912,C++,C++14 (GCC 5.4.1),cpp,Accepted,330,27392,1066,
s231686540,p02936,u012776060,1566177912,C++,C++14 (GCC 5.4.1),cpp,Accepted,394,24320,1162,
s129253939,p02936,u099066216,1566177912,Kotlin,Kotlin (1.0.0),kt,Time Limit Exceeded,2111,155380,1066,
s715083187,p02936,u327466606,1566177911,Python,Python (3.4.3),py,Runtime Error,2112,134700,406,
s959089999,p02936,u619458041,1566177909,Python,Python (3.4.3),py,Time Limit Exceeded,2122,305876,826,
s760545842,p02936,u992875223,1566177908,C++,C++14 (GCC 5.4.1),cpp,Time Limit Exceeded,2104,21760,666,
s836006276,p02936,u254982135,1566177906,Rust,Rust (1.15.1),rs,Accepted,494,41448,22631,
s529326243,p02936,u834771741,1566177906,C++,C++14 (GCC 5.4.1),cpp,Accepted,383,69120,731,
s610090343,p02936,u954926322,1566177906,C++,C++14 (GCC 5.4.1),cpp,Accepted,161,21376,1082,
s696163386,p02936,u756289568,1566177905,C++,C++14 (GCC 5.4.1),cpp,Runtime Error,2906,1948292,3042,
s394711944,p02936,u151137534,1566177904,C++,C++14 (GCC 5.4.1),cpp,Runtime Error,198,23040,2473,
s118097759,p02936,u479971587,1566177904,C++,C++14 (GCC 5.4.1),cpp,Accepted,127,14208,1422,
s230650203,p02936,u644778646,1566177901,Python,Python (3.4.3),py,Accepted,1921,287772,623,
s779150225,p02936,u031514160,1566177900,C++,C++14 (GCC 5.4.1),cpp,Wrong Answer,186,66432,3903,
s357679888,p02936,u094155508,1566177899,C++,C++14 (Clang 3.8.0),cpp,Time Limit Exceeded,2104,24192,659,
s693255701,p02936,u835297884,1566177898,C++,C++14 (GCC 5.4.1),cpp,Accepted,359,29696,745,
s786281059,p02936,u630664279,1566177897,C++,C++14 (GCC 5.4.1),cpp,Accepted,364,23424,622,
s810607264,p02936,u511965386,1566177897,Python,PyPy3 (2.4.0),py,Time Limit Exceeded,2199,1590852,715,
s685950353,p02936,u745266708,1566177895,Java,Java8 (OpenJDK 1.8.0),java,Time Limit Exceeded,2109,200356,1039,
s917251446,p02936,u129763512,1566177895,C++,C++14 (GCC 5.4.1),cpp,Accepted,163,30080,1730,
s034423972,p02936,u208006483,1566177895,C#,C# (Mono 4.6.2.0),cs,Accepted,954,77312,13771,
s048934117,p02936,u620084012,1566177894,Python,Python (3.4.3),py,Accepted,1518,262036,690,
s126867099,p02936,u724515098,1566177894,C++,C++14 (GCC 5.4.1),cpp,Runtime Error,202,25216,1186,
s878182179,p02936,u600091079,1566177893,C++,C++14 (GCC 5.4.1),cpp,Accepted,382,26368,3172,
s751413029,p02936,u866752019,1566177890,Rust,Rust (1.15.1),rs,Time Limit Exceeded,2103,19604,2143,
s901905790,p02936,u141610915,1566177890,Python,Python (3.4.3),py,Time Limit Exceeded,2117,226944,574,
s652652551,p02936,u333190709,1566177888,Python,Python (3.4.3),py,Accepted,965,99556,1504,
s266592880,p02936,u614314290,1566177886,Python,PyPy3 (2.4.0),py,Time Limit Exceeded,2118,234348,672,
s031503215,p02936,u940054416,1566177885,C++,C++14 (GCC 5.4.1),cpp,Accepted,333,24064,810,
s931486250,p02936,u174394352,1566177885,Python,Python (3.4.3),py,Wrong Answer,2110,128832,561,
s218826326,p02936,u509368316,1566177885,Python,Python (3.4.3),py,Wrong Answer,2116,307380,563,
s037555294,p02936,u995107278,1566177883,C++,C++14 (GCC 5.4.1),cpp,Accepted,135,27392,692,
s793176467,p02936,u459798349,1566177881,Python,Python (3.4.3),py,Runtime Error,1431,56644,511,
s646856723,p02936,u901295506,1566177879,C++,C++14 (GCC 5.4.1),cpp,Accepted,356,27392,931,
s599430560,p02936,u545094859,1566177877,C++,C++14 (GCC 5.4.1),cpp,Accepted,292,16372,1760,
s276909331,p02936,u667024514,1566177876,Python,Python (3.4.3),py,Accepted,1371,38832,394,
s498865008,p02936,u266433281,1566177875,C++,C++14 (GCC 5.4.1),cpp,Accepted,129,24320,1276,
s968962013,p02936,u878291823,1566177875,C++,C++14 (GCC 5.4.1),cpp,Accepted,101,13824,753,
s541888707,p02936,u925364229,1566177875,Python,PyPy3 (2.4.0),py,Time Limit Exceeded,2122,301944,492,
s852709584,p02936,u899635344,1566177875,C++,C++14 (GCC 5.4.1),cpp,Accepted,293,25856,1260,
s581996559,p02936,u837951457,1566177874,C++,C++14 (GCC 5.4.1),cpp,Accepted,366,21760,907,
s956399602,p02936,u561358604,1566177872,C++,C++14 (GCC 5.4.1),cpp,Time Limit Exceeded,2104,20992,741,
s472974274,p02936,u679906187,1566177871,C++,C++14 (GCC 5.4.1),cpp,Wrong Answer,331,28160,1058,
s120715130,p02936,u734548018,1566177870,Python,PyPy3 (2.4.0),py,Time Limit Exceeded,2119,274672,580,
s639239447,p02936,u357050210,1566177870,C++,C++14 (GCC 5.4.1),cpp,Runtime Error,128,4608,879,
s244720030,p02936,u337054478,1566177870,C++,C++14 (GCC 5.4.1),cpp,Accepted,137,27392,1756,
s403134197,p02936,u325959156,1566177869,C++,C++14 (GCC 5.4.1),cpp,Accepted,132,23424,553,
s526868446,p02936,u086878393,1566177868,C++,C++14 (GCC 5.4.1),cpp,Accepted,128,24320,2041,
s875078584,p02936,u150542210,1566177867,Go,Go (1.6),go,Accepted,357,48256,1663,
s313252284,p02936,u350997995,1566177866,Python,Python (3.4.3),py,Time Limit Exceeded,2112,230936,409,
s531816635,p02936,u619248223,1566177865,C++,C++14 (GCC 5.4.1),cpp,Accepted,145,33408,866,
s654216916,p02936,u894807349,1566177864,C++,C++14 (GCC 5.4.1),cpp,Accepted,310,30464,609,
s712239228,p02936,u195608881,1566177864,Rust,Rust (1.15.1),rs,Time Limit Exceeded,2103,14588,2432,
s400443370,p02936,u392319141,1566177862,Python,Python (3.4.3),py,Runtime Error,1560,51888,569,
s775813722,p02936,u031514160,1566177860,C++,C++14 (GCC 5.4.1),cpp,Runtime Error,132,12544,3903,
s952844786,p02936,u505558493,1566177860,Kotlin,Kotlin (1.0.0),kt,Accepted,811,119096,579,
s007379502,p02936,u711117514,1566177859,C++,C++14 (GCC 5.4.1),cpp,Accepted,162,23424,648,
s503152934,p02936,u158826456,1566177858,C++,C++14 (GCC 5.4.1),cpp,Accepted,124,24320,893,
s506099553,p02936,u206133536,1566177858,C++,C++14 (GCC 5.4.1),cpp,Accepted,286,16256,624,
s859776414,p02936,u725458677,1566177858,C++,C++14 (GCC 5.4.1),cpp,Accepted,291,30592,1623,
s296090896,p02936,u898983806,1566177857,C++,C++14 (GCC 5.4.1),cpp,Accepted,154,24320,924,
s463650878,p02936,u941753895,1566177855,Python,Python (3.4.3),py,Time Limit Exceeded,2117,220132,879,
s208433959,p02936,u793715260,1566177855,C++,C++14 (GCC 5.4.1),cpp,Accepted,129,21120,830,
s761449417,p02936,u762193256,1566177854,C#,C# (Mono 4.6.2.0),cs,Accepted,1513,91804,4587,
s017446630,p02936,u811472478,1566177854,C++,C++14 (GCC 5.4.1),cpp,Runtime Error,122,3840,1338,
s431992917,p02936,u777892860,1566177854,C++,C++14 (GCC 5.4.1),cpp,Accepted,143,25856,944,
s075188479,p02936,u858748695,1566177852,C++,C++14 (GCC 5.4.1),cpp,Accepted,641,23552,584,
s599807046,p02936,u440213743,1566177851,C++,C++14 (GCC 5.4.1),cpp,Accepted,364,25856,739,
s887513202,p02936,u380772254,1566177851,Python,Python (3.4.3),py,Time Limit Exceeded,2116,196492,633,
s592088482,p02936,u850006519,1566177851,C++,C++14 (GCC 5.4.1),cpp,Accepted,178,25856,920,
s716743552,p02936,u511965386,1566177848,Python,PyPy3 (2.4.0),py,Runtime Error,1118,249208,686,
s146525414,p02936,u323521776,1566177847,C++,C++14 (GCC 5.4.1),cpp,Accepted,152,23552,754,
s327422610,p02936,u240904580,1566177845,C++,C++14 (GCC 5.4.1),cpp,Wrong Answer,141,23296,1104,
s508330104,p02936,u432230021,1566177845,C++,C++14 (GCC 5.4.1),cpp,Accepted,97,16512,840,
s709539236,p02936,u158297468,1566177844,C++,C++14 (GCC 5.4.1),cpp,Accepted,164,32112,6718,
s436289083,p02936,u374819456,1566177842,C++,C++14 (GCC 5.4.1),cpp,Accepted,112,20352,757,
s118005006,p02936,u840105874,1566177838,C++,C++14 (GCC 5.4.1),cpp,Time Limit Exceeded,2103,4480,1343,
s881741378,p02936,u128456980,1566177836,C++,C++14 (GCC 5.4.1),cpp,Accepted,326,33664,1711,
s996191734,p02936,u931613131,1566177836,C++,C++14 (GCC 5.4.1),cpp,Accepted,141,24320,568,
s416646381,p02936,u491550356,1566177835,C++,C++14 (GCC 5.4.1),cpp,Accepted,335,27264,3082,
s891279172,p02936,u327682315,1566177835,C++,C++14 (GCC 5.4.1),cpp,Accepted,145,28280,903,
s886042206,p02936,u297574184,1566177834,Python,Python (3.4.3),py,Accepted,1494,271380,700,
s838589318,p02936,u013476277,1566177834,C++,C++14 (GCC 5.4.1),cpp,Wrong Answer,159,26624,967,
s771679661,p02936,u457790148,1566177834,C++,C++14 (GCC 5.4.1),cpp,Accepted,313,17140,1211,
s561516070,p02936,u728498447,1566177834,Java,Java8 (OpenJDK 1.8.0),java,Accepted,572,120040,3735,
s978866341,p02936,u280096880,1566177834,C++,C++14 (GCC 5.4.1),cpp,Time Limit Exceeded,2104,12416,1086,
s883413237,p02936,u844646164,1566177834,Python,Python (3.4.3),py,Runtime Error,2111,122672,439,
s313066330,p02936,u467736898,1566177834,Python,Python (3.4.3),py,Accepted,1857,237736,498,
s807035276,p02936,u981708764,1566177832,D,D (DMD64 v2.070.1),d,Accepted,1905,57468,21698,
s463534074,p02936,u586524249,1566177831,C++,C++14 (GCC 5.4.1),cpp,Accepted,387,23424,1166,
s709385289,p02936,u770077083,1566177829,Python,Python (3.4.3),py,Runtime Error,2107,54004,438,
s349561562,p02936,u467826805,1566177829,C++,C++14 (GCC 5.4.1),cpp,Accepted,281,17516,1008,
s540586001,p02936,u356086562,1566177828,Rust,Rust (1.15.1),rs,Accepted,302,46588,1769,
s320246494,p02936,u513982707,1566177827,C++,C++14 (GCC 5.4.1),cpp,Accepted,115,17920,946,
s251180260,p02936,u578751202,1566177826,C++,C++14 (GCC 5.4.1),cpp,Accepted,141,24320,1576,
s942063769,p02936,u050607149,1566177826,C++,C++14 (GCC 5.4.1),cpp,Wrong Answer,293,50432,2290,
s461891563,p02936,u719885994,1566177826,C#,C# (Mono 4.6.2.0),cs,Accepted,343,80736,6172,
s725427898,p02936,u093739220,1566177825,Python,PyPy3 (2.4.0),py,Runtime Error,2113,173144,623,
s616196967,p02936,u285598935,1566177824,C++,C++14 (GCC 5.4.1),cpp,Accepted,347,36736,1689,
s261139867,p02936,u821802586,1566177823,C++,C++14 (Clang 3.8.0),cpp,Accepted,780,24320,5511,
s526052799,p02936,u435935167,1566177823,C++,C++14 (GCC 5.4.1),cpp,Accepted,272,4736,1050,
s642620280,p02936,u478540642,1566177822,C++,C++14 (GCC 5.4.1),cpp,Accepted,109,25600,585,
s741407145,p02936,u257374434,1566177821,Python,PyPy3 (2.4.0),py,Time Limit Exceeded,2005,161300,805,
s252801211,p02936,u506112954,1566177820,C++,C++14 (GCC 5.4.1),cpp,Accepted,124,22784,803,
s944719144,p02936,u158253287,1566177820,C++,C++14 (GCC 5.4.1),cpp,Accepted,310,30464,1124,
s790302369,p02936,u990036270,1566177819,C++,C++14 (GCC 5.4.1),cpp,Accepted,364,23424,704,
s836652945,p02936,u708550576,1566177819,C++,C++14 (GCC 5.4.1),cpp,Wrong Answer,297,25856,958,
s407202285,p02936,u077002054,1566177818,C++,C++14 (GCC 5.4.1),cpp,Accepted,134,24064,1450,
s067223835,p02936,u194385557,1566177817,C++,C++14 (Clang 3.8.0),cpp,Accepted,771,32128,1525,
s922431653,p02936,u787337234,1566177817,C++,C++14 (GCC 5.4.1),cpp,Time Limit Exceeded,2104,21376,1358,
s705669926,p02936,u360153728,1566177817,Java,Java8 (OpenJDK 1.8.0),java,Time Limit Exceeded,2110,359492,5193,
s716630378,p02936,u098988096,1566177817,C++,C++14 (GCC 5.4.1),cpp,Accepted,371,24320,624,
s235396924,p02936,u745266708,1566177816,Java,Java8 (OpenJDK 1.8.0),java,Compile Error,,,1042,
s414624984,p02936,u381394404,1566177816,C++,C++14 (GCC 5.4.1),cpp,Accepted,154,25856,1358,
s061090584,p02936,u175295878,1566177814,C++,C++14 (GCC 5.4.1),cpp,Accepted,205,51840,1559,
s104280389,p02936,u862095327,1566177811,C++,C++14 (GCC 5.4.1),cpp,Accepted,405,25472,1739,
s496817631,p02936,u018872912,1566177810,C++,C++14 (GCC 5.4.1),cpp,Accepted,394,146816,1101,
s795497550,p02936,u455757400,1566177809,C++,C++14 (Clang 3.8.0),cpp,Accepted,758,17904,1009,
s011919145,p02936,u108617242,1566177809,Python,PyPy3 (2.4.0),py,Accepted,1871,122956,365,
s849959157,p02936,u034863902,1566177809,C++,C++14 (GCC 5.4.1),cpp,Accepted,143,26624,927,
s266099471,p02936,u783764370,1566177809,C++,C++14 (GCC 5.4.1),cpp,Accepted,101,16768,539,
s293228450,p02936,u824905100,1566177807,C++,C++14 (GCC 5.4.1),cpp,Accepted,290,14848,6721,
s163172169,p02936,u094186324,1566177805,C++,C++14 (GCC 5.4.1),cpp,Accepted,129,24320,2259,
s433570531,p02936,u236140534,1566177805,C++,C++14 (GCC 5.4.1),cpp,Wrong Answer,164,23296,599,
s348035707,p02936,u536493833,1566177804,C++,C++14 (GCC 5.4.1),cpp,Wrong Answer,390,28280,600,
s249886666,p02936,u880731071,1566177803,Go,Go (1.6),go,Accepted,1187,118144,1218,
s410908648,p02936,u023077142,1566177802,C++,C++14 (GCC 5.4.1),cpp,Accepted,195,22636,856,
s505744348,p02936,u075012704,1566177802,Python,PyPy3 (2.4.0),py,Accepted,1917,122160,548,
s438533816,p02936,u886633618,1566177802,Python,PyPy3 (2.4.0),py,Accepted,941,131140,735,
s829205900,p02936,u729778766,1566177802,C++,C++14 (GCC 5.4.1),cpp,Accepted,266,53092,6172,
s868367891,p02936,u465133507,1566177801,Kotlin,Kotlin (1.0.0),kt,Time Limit Exceeded,2111,146388,1069,
s777064943,p02936,u212437180,1566177800,Nim,Nim (0.13.0),nim,Time Limit Exceeded,2105,51960,2751,
s513674850,p02936,u594518120,1566177800,Python,PyPy3 (2.4.0),py,Accepted,698,117836,519,
s720070301,p02936,u959910661,1566177800,C++,C++14 (GCC 5.4.1),cpp,Accepted,132,25216,1036,
s562044791,p02936,u041783158,1566177799,Python,PyPy3 (2.4.0),py,Time Limit Exceeded,2117,246396,751,
s000824443,p02936,u088000503,1566177797,C++,C++14 (GCC 5.4.1),cpp,Time Limit Exceeded,2104,18176,501,
s043744009,p02936,u852599784,1566177796,Nim,Nim (0.13.0),nim,Accepted,242,78584,2201,
s377638829,p02936,u548825261,1566177796,C++,C++14 (GCC 5.4.1),cpp,Accepted,157,23424,898,
s698114787,p02936,u977554186,1566177796,C++,C++14 (GCC 5.4.1),cpp,Accepted,380,24064,708,
s922064663,p02936,u440032761,1566177794,C++,C++14 (GCC 5.4.1),cpp,Accepted,142,24320,669,
s941639456,p02936,u469810874,1566177794,C++,C++14 (GCC 5.4.1),cpp,Accepted,221,33152,3613,
s271222515,p02936,u095834727,1566177793,Kotlin,Kotlin (1.0.0),kt,Accepted,1635,95700,3352,
s943771488,p02936,u442327849,1566177790,C++,C++14 (GCC 5.4.1),cpp,Accepted,152,15468,719,
s803917850,p02936,u786191361,1566177790,C++,C++14 (GCC 5.4.1),cpp,Accepted,95,17792,1779,
s926858894,p02936,u297109012,1566177789,Python,Python (3.4.3),py,Time Limit Exceeded,2108,143936,1156,
s972171476,p02936,u925364229,1566177789,Python,PyPy3 (2.4.0),py,Runtime Error,1886,129484,451,
s471346342,p02936,u141610915,1566177788,Python,Python (3.4.3),py,Runtime Error,1793,63420,532,
s466578317,p02936,u504322356,1566177787,C++,C++14 (GCC 5.4.1),cpp,Accepted,385,23424,1140,
s286060389,p02936,u734548018,1566177786,Python,Python (3.4.3),py,Time Limit Exceeded,2119,268540,646,
s018946356,p02936,u221738832,1566177785,C++,C++14 (GCC 5.4.1),cpp,Accepted,110,21760,1494,
s558577672,p02936,u968365254,1566177785,C++,C++14 (GCC 5.4.1),cpp,Accepted,322,32128,990,
s910598595,p02936,u922299738,1566177784,C++,C++14 (GCC 5.4.1),cpp,Accepted,481,42240,6594,
s925729719,p02936,u750836455,1566177783,C++,C++14 (GCC 5.4.1),cpp,Accepted,301,42496,1031,
s422700038,p02936,u696543571,1566177781,C++,C++14 (GCC 5.4.1),cpp,Accepted,130,16372,959,
s459003009,p02936,u318785595,1566177777,C++,C++14 (GCC 5.4.1),cpp,Accepted,305,17904,1111,
s288710946,p02936,u831027829,1566177774,C++,C++14 (GCC 5.4.1),cpp,Accepted,377,24448,1458,
s495737141,p02936,u778193086,1566177773,C++,C++14 (GCC 5.4.1),cpp,Accepted,125,28928,726,
s033112442,p02936,u948698894,1566177770,C++,C++14 (GCC 5.4.1),cpp,Wrong Answer,2104,23168,1381,
s960934157,p02936,u160244242,1566177769,Python,PyPy3 (2.4.0),py,Time Limit Exceeded,2113,163196,615,
s113631737,p02936,u806601169,1566177768,C++,C++14 (GCC 5.4.1),cpp,Accepted,377,25600,1427,
s909536139,p02936,u526280718,1566177768,C++,C++14 (GCC 5.4.1),cpp,Accepted,334,24320,7586,
s484933168,p02936,u916695530,1566177767,C++,C++14 (GCC 5.4.1),cpp,Accepted,305,30464,801,
s457937078,p02936,u387147192,1566177767,C++,C++14 (GCC 5.4.1),cpp,Accepted,149,45300,789,
s002067232,p02936,u977193988,1566177767,Python,Python (3.4.3),py,Time Limit Exceeded,2107,58540,624,
s246596893,p02936,u426683236,1566177766,C++,C++14 (GCC 5.4.1),cpp,Accepted,132,32128,3781,
s578951940,p02936,u876149922,1566177765,Go,Go (1.6),go,Accepted,204,9856,818,
s515007696,p02936,u353797797,1566177764,Python,Python (3.4.3),py,Accepted,1716,294648,588,
s048103802,p02936,u410943667,1566177764,C++,C++14 (GCC 5.4.1),cpp,Accepted,347,20592,795,
s505566425,p02936,u073057072,1566177763,C++,C++14 (GCC 5.4.1),cpp,Accepted,294,17904,907,
s524773003,p02936,u585776323,1566177763,C++,C++14 (GCC 5.4.1),cpp,Accepted,128,21120,1027,
s502397216,p02936,u581122825,1566177762,C++,C++14 (GCC 5.4.1),cpp,Accepted,363,28672,921,
s702663343,p02936,u357050210,1566177762,C++,C++14 (GCC 5.4.1),cpp,Runtime Error,98,4224,862,
s567979254,p02936,u244884744,1566177762,C++,C++14 (GCC 5.4.1),cpp,Wrong Answer,163,35200,997,
s427567740,p02936,u506255180,1566177762,C++,C++14 (GCC 5.4.1),cpp,Accepted,366,23424,1010,
s894207689,p02936,u426855695,1566177761,C++,C++14 (Clang 3.8.0),cpp,Accepted,751,20976,2590,
s181871117,p02936,u337775536,1566177760,C++,C++14 (GCC 5.4.1),cpp,Accepted,118,17140,3242,
s178465344,p02936,u697658632,1566177760,C++,C++14 (GCC 5.4.1),cpp,Accepted,294,14080,545,
s494584733,p02936,u620639655,1566177760,D,D (DMD64 v2.070.1),d,Accepted,678,42620,748,
s749978879,p02936,u840813237,1566177759,C++,C++14 (GCC 5.4.1),cpp,Accepted,207,55424,2357,
s090713922,p02936,u355724718,1566177757,C++,C++14 (GCC 5.4.1),cpp,Accepted,353,30708,1104,
s134014500,p02936,u944209426,1566177756,Python,PyPy3 (2.4.0),py,Time Limit Exceeded,2111,133740,342,
s984519883,p02936,u764076797,1566177754,C++,C++14 (GCC 5.4.1),cpp,Accepted,329,42356,1700,
s720035074,p02936,u917048429,1566177753,C++,C++14 (Clang 3.8.0),cpp,Accepted,1057,24448,2088,
s105972453,p02936,u755830696,1566177752,C++,C++14 (GCC 5.4.1),cpp,Accepted,434,24320,679,
s456581523,p02936,u163320134,1566177752,Python,PyPy3 (2.4.0),py,Accepted,1998,105804,434,
s446368339,p02936,u066478371,1566177752,C++,C++14 (GCC 5.4.1),cpp,Accepted,170,25088,1689,
s608619136,p02936,u814026219,1566177751,Crystal,Crystal (0.20.5),cr,Accepted,866,68220,892,
s047018881,p02936,u231685196,1566177751,Python,PyPy3 (2.4.0),py,Wrong Answer,2111,152948,1025,
s848473535,p02936,u118846704,1566177751,C++,C++14 (GCC 5.4.1),cpp,Accepted,290,17140,1505,
s998094310,p02936,u272741005,1566177751,C++,C++14 (GCC 5.4.1),cpp,Accepted,277,36736,2402,
s016484859,p02936,u025592199,1566177749,C++,C++14 (GCC 5.4.1),cpp,Runtime Error,2614,256,1417,
s627740802,p02936,u268977772,1566177748,C++,C++14 (GCC 5.4.1),cpp,Accepted,349,24448,732,
s220671987,p02936,u997055883,1566177747,Java,Java8 (OpenJDK 1.8.0),java,Time Limit Exceeded,2111,281088,10098,
s840023939,p02936,u168774513,1566177746,C++,C++14 (GCC 5.4.1),cpp,Accepted,280,14848,583,
s533078620,p02936,u616029737,1566177746,C++,C++14 (GCC 5.4.1),cpp,Accepted,274,16512,922,
s353129504,p02936,u228295160,1566177746,C++,C++14 (GCC 5.4.1),cpp,Time Limit Exceeded,2105,28416,2734,
s395452213,p02936,u801286245,1566177745,C++,C++14 (GCC 5.4.1),cpp,Accepted,70,17024,832,
s169069108,p02936,u006069211,1566177745,C++,C++14 (GCC 5.4.1),cpp,Accepted,294,24320,970,
s305653649,p02936,u278868910,1566177744,C++,C++14 (GCC 5.4.1),cpp,Accepted,142,35200,3828,
s233266629,p02936,u286941902,1566177744,Swift,Swift (swift-2.2-RELEASE),swift,Time Limit Exceeded,2103,7652,7575,
s328402887,p02936,u384299515,1566177742,C++,C++14 (GCC 5.4.1),cpp,Accepted,371,29696,1214,
s848231056,p02936,u034863902,1566177742,C++,C++14 (GCC 5.4.1),cpp,Runtime Error,100,2560,927,
s267486208,p02936,u317754719,1566177740,C++,C++14 (GCC 5.4.1),cpp,Accepted,312,27648,1713,
s014905595,p02936,u620084012,1566177740,Python,PyPy3 (2.4.0),py,Time Limit Exceeded,2121,288632,542,
s823852262,p02936,u459798349,1566177739,Python,Python (3.4.3),py,Runtime Error,1473,56664,515,
s524218880,p02936,u821323926,1566177739,Java,Java8 (OpenJDK 1.8.0),java,Accepted,1322,136592,2453,
s635744023,p02936,u562935282,1566177738,Python,PyPy3 (2.4.0),py,Time Limit Exceeded,2147,715640,607,
s876279162,p02936,u634334065,1566177737,Java,Java8 (OpenJDK 1.8.0),java,Accepted,559,80468,3713,
s474619246,p02936,u843175622,1566177736,C++,C++14 (GCC 5.4.1),cpp,Accepted,145,24320,1059,
s402260072,p02936,u108808596,1566177735,C++,C++14 (GCC 5.4.1),cpp,Accepted,152,20340,4865,
s817428363,p02936,u482794458,1566177735,C++,C++14 (GCC 5.4.1),cpp,Wrong Answer,161,36480,1065,
s444066308,p02936,u578938637,1566177734,C++,C++14 (Clang 3.8.0),cpp,Accepted,790,22000,1504,
s619391578,p02936,u024496314,1566177734,C++,C++14 (GCC 5.4.1),cpp,Runtime Error,100,3456,2503,
s708260121,p02936,u197427401,1566177733,Python,Python (3.4.3),py,Runtime Error,2107,85900,723,
s882210134,p02936,u945359338,1566177733,C++,C++14 (GCC 5.4.1),cpp,Time Limit Exceeded,2104,12288,805,
s988432560,p02936,u377572376,1566177733,C++,C++14 (GCC 5.4.1),cpp,Accepted,308,27392,1656,
s022636947,p02936,u006069211,1566177732,C++,C++14 (GCC 5.4.1),cpp,Accepted,295,24320,970,
s225119691,p02936,u052499405,1566177732,Python,PyPy3 (2.4.0),py,Time Limit Exceeded,2151,792348,625,
s767504846,p02936,u438319362,1566177732,C++,C++14 (GCC 5.4.1),cpp,Accepted,452,36864,1864,
s552650202,p02936,u813174766,1566177730,C++,C++14 (GCC 5.4.1),cpp,Accepted,290,14848,641,
s044194958,p02936,u159757494,1566177729,C++,C++14 (Clang 3.8.0),cpp,Wrong Answer,727,17152,4443,
s174311322,p02936,u194412908,1566177728,C#,C# (Mono 4.6.2.0),cs,Accepted,597,82536,3936,
s591573604,p02936,u057252262,1566177728,C++,C++14 (GCC 5.4.1),cpp,Accepted,315,20480,1196,
s231959836,p02936,u259053514,1566177727,C++,C++14 (GCC 5.4.1),cpp,Accepted,499,44148,26942,
s036725427,p02936,u395676079,1566177725,C++,C++14 (GCC 5.4.1),cpp,Accepted,360,21376,1073,
s393919274,p02936,u350997995,1566177721,Python,PyPy3 (2.4.0),py,Time Limit Exceeded,2124,339544,401,
s385593436,p02936,u406225550,1566177720,C++,C++14 (GCC 5.4.1),cpp,Accepted,322,37376,3145,
s978777093,p02936,u930841425,1566177718,C++,C++14 (GCC 5.4.1),cpp,Accepted,328,25856,809,
s138647995,p02936,u280978334,1566177717,Python,Python (3.4.3),py,Time Limit Exceeded,2109,102688,564,
s452845749,p02936,u428853051,1566177717,C++,C++14 (GCC 5.4.1),cpp,Accepted,358,26880,827,
s115783976,p02936,u571969099,1566177711,Python,Python (3.4.3),py,Runtime Error,2107,80868,658,
s794327434,p02936,u504322356,1566177710,C++,C++14 (GCC 5.4.1),cpp,Wrong Answer,421,27264,1195,
s882764941,p02936,u392092933,1566177709,Java,Java7 (OpenJDK 1.7.0),java,Accepted,1951,153280,2081,
s641011453,p02936,u041783158,1566177709,Python,Python (3.4.3),py,Time Limit Exceeded,2124,342980,751,
s548170865,p02936,u194412908,1566177705,C#,C# (Mono 4.6.2.0),cs,Compile Error,,,3986,
s384288910,p02936,u623819879,1566177703,Python,PyPy3 (2.4.0),py,Accepted,1911,106900,824,
s192899005,p02936,u756659922,1566177703,C++,C++14 (GCC 5.4.1),cpp,Accepted,326,21104,701,
s182603315,p02936,u640930204,1566177702,C++,C++14 (GCC 5.4.1),cpp,Accepted,287,22656,1030,
s329955432,p02936,u717001163,1566177701,C#,C# (Mono 4.6.2.0),cs,Wrong Answer,594,40344,1665,
s732883087,p02936,u147437360,1566177700,Python,PyPy2 (5.6.0),py,Accepted,367,90188,3575,
s302124146,p02936,u643523813,1566177699,Python,Python (3.4.3),py,Time Limit Exceeded,2106,58684,424,
s047647757,p02936,u996252264,1566177697,C++,C++14 (GCC 5.4.1),cpp,Accepted,299,24832,1237,
s302761133,p02936,u827598231,1566177696,C++,C++14 (GCC 5.4.1),cpp,Accepted,70,13952,812,
s958957903,p02936,u082633058,1566177695,C++,C++14 (GCC 5.4.1),cpp,Accepted,210,23424,2799,
s849957197,p02936,u657913472,1566177694,C++,C++14 (GCC 5.4.1),cpp,Accepted,673,24960,439,
s231394771,p02936,u619248223,1566177693,C++,C++14 (GCC 5.4.1),cpp,Time Limit Exceeded,2340,41556,1070,
s932853755,p02936,u274811210,1566177692,PHP,PHP7 (7.0.15),php,Time Limit Exceeded,2104,154104,550,
s820807587,p02936,u215375907,1566177690,C++,C++14 (GCC 5.4.1),cpp,Accepted,175,26624,497,
s893888533,p02936,u058580040,1566177690,Rust,Rust (1.15.1),rs,Accepted,57,28664,6193,
s130070301,p02936,u956758464,1566177689,C++,C++14 (GCC 5.4.1),cpp,Accepted,533,24448,791,
s650748887,p02936,u653959743,1566177689,C++,C++14 (GCC 5.4.1),cpp,Accepted,153,21376,2878,
s865701350,p02936,u729133443,1566177688,Python,Python (3.4.3),py,Accepted,1676,235412,558,
s352863366,p02936,u506112954,1566177687,C++,C++14 (GCC 5.4.1),cpp,Wrong Answer,136,21376,802,
s923546437,p02936,u391731808,1566177686,Python,Python (3.4.3),py,Time Limit Exceeded,2111,145344,570,
s030379978,p02936,u640641692,1566177686,C++,C++14 (GCC 5.4.1),cpp,Accepted,145,63360,4204,
s639731155,p02936,u904666233,1566177685,Rust,Rust (1.15.1),rs,Accepted,80,60028,6352,
s193199721,p02936,u250943952,1566177684,Python,PyPy3 (2.4.0),py,Time Limit Exceeded,2118,238996,813,
s470892044,p02936,u681557252,1566177683,C++,C++14 (GCC 5.4.1),cpp,Accepted,603,20468,902,
s241118266,p02936,u996003680,1566177681,C++,C++14 (GCC 5.4.1),cpp,Accepted,161,30592,4702,
s905243392,p02936,u077025302,1566177681,C++,C++14 (GCC 5.4.1),cpp,Accepted,145,28288,1865,
s803329328,p02936,u441296840,1566177681,C++,C++14 (GCC 5.4.1),cpp,Accepted,379,22528,486,
s223560118,p02936,u623349537,1566177679,C++,C++14 (GCC 5.4.1),cpp,Accepted,367,25856,1191,
s400529591,p02936,u017167684,1566177679,C++,C++14 (GCC 5.4.1),cpp,Accepted,319,26496,841,
s478905686,p02936,u877470159,1566177678,Python,PyPy3 (2.4.0),py,Accepted,1053,109440,528,
s892651164,p02936,u778193086,1566177677,C++,C++14 (GCC 5.4.1),cpp,Wrong Answer,165,28928,725,
s990475504,p02936,u811982971,1566177676,C++,C++14 (GCC 5.4.1),cpp,Accepted,153,35968,1239,
s866024297,p02936,u603846802,1566177675,C++,C++14 (GCC 5.4.1),cpp,Accepted,282,41728,2536,
s438677270,p02936,u006069211,1566177675,C++,C++14 (GCC 5.4.1),cpp,Runtime Error,130,2560,981,
s198512371,p02936,u278557567,1566177674,C++,C++14 (GCC 5.4.1),cpp,Accepted,136,23680,756,
s139575495,p02936,u909815117,1566177674,C++,C++14 (GCC 5.4.1),cpp,Accepted,146,21888,1216,
s126315813,p02936,u964135123,1566177673,Python,Python (3.4.3),py,Time Limit Exceeded,2111,86844,627,
s858971418,p02936,u019637926,1566177672,Python,PyPy3 (2.4.0),py,Time Limit Exceeded,2150,734968,560,
s449651552,p02936,u103600314,1566177670,Go,Go (1.6),go,Accepted,333,64768,8525,
s835874915,p02936,u318875010,1566177670,C++,C++14 (GCC 5.4.1),cpp,Accepted,165,52864,897,
s019593674,p02936,u508571192,1566177669,C++,C++14 (GCC 5.4.1),cpp,Accepted,138,24320,1814,
s596385582,p02936,u882868478,1566177668,Nim,Nim (0.13.0),nim,Accepted,355,46404,692,
s173432984,p02936,u207036582,1566177667,C++,C++14 (GCC 5.4.1),cpp,Accepted,198,32128,1429,
s063131791,p02936,u600091079,1566177666,C++,C++14 (GCC 5.4.1),cpp,Time Limit Exceeded,2104,23296,3053,
s995442949,p02936,u185690073,1566177664,C++,C++14 (GCC 5.4.1),cpp,Accepted,270,14080,713,
s769685633,p02936,u858107870,1566177663,C++,C++14 (GCC 5.4.1),cpp,Time Limit Exceeded,2104,18176,1169,
s466575077,p02936,u533039576,1566177663,Python,PyPy3 (2.4.0),py,Accepted,1769,124108,543,
s928527110,p02936,u987476436,1566177661,C++,C++14 (GCC 5.4.1),cpp,Accepted,397,21120,501,
s084044709,p02936,u981708764,1566177660,D,D (DMD64 v2.070.1),d,Compile Error,,,21408,
s910259084,p02936,u620084012,1566177659,Python,Python (3.4.3),py,Time Limit Exceeded,2110,224540,542,
s467222589,p02936,u158297468,1566177657,C++,C++14 (GCC 5.4.1),cpp,Wrong Answer,174,32112,6713,
s804051709,p02936,u854831509,1566177656,C++,C++14 (GCC 5.4.1),cpp,Accepted,358,17908,893,
s685835075,p02936,u280096880,1566177656,C++,C++14 (GCC 5.4.1),cpp,Time Limit Exceeded,2104,12160,1126,
s211549088,p02936,u580537908,1566177653,C++,C++14 (GCC 5.4.1),cpp,Accepted,90,23296,1355,
s172425590,p02936,u506403362,1566177650,Go,Go (1.6),go,Accepted,1278,79488,1125,
s696767028,p02936,u711340028,1566177650,C++,C++14 (GCC 5.4.1),cpp,Accepted,287,19440,1170,
s182691379,p02936,u929880800,1566177650,C#,C# (Mono 4.6.2.0),cs,Accepted,594,44312,2887,
s955300969,p02936,u951561009,1566177649,C++,C++14 (GCC 5.4.1),cpp,Accepted,374,27264,529,
s706958625,p02936,u508729896,1566177648,C++,C++14 (GCC 5.4.1),cpp,Accepted,327,29824,884,
s955312508,p02936,u906129425,1566177643,C++,C++14 (GCC 5.4.1),cpp,Accepted,155,24320,859,
s435507628,p02936,u709504283,1566177643,C++,C++14 (GCC 5.4.1),cpp,Accepted,307,18676,794,
s946751595,p02936,u563698482,1566177641,C#,C# (Mono 4.6.2.0),cs,Accepted,650,80636,1559,
s113426836,p02936,u058297300,1566177640,C++,C++14 (GCC 5.4.1),cpp,Accepted,301,30336,1576,
s255578345,p02936,u624800360,1566177639,C++,C++14 (GCC 5.4.1),cpp,Accepted,347,24816,1847,
s736242192,p02936,u121794232,1566177639,C++,C++14 (GCC 5.4.1),cpp,Accepted,286,26860,798,
s147193558,p02936,u552344690,1566177637,Java,Java8 (OpenJDK 1.8.0),java,Accepted,1943,250628,1259,
s501976666,p02936,u359747364,1566177636,Python,Python (3.4.3),py,Time Limit Exceeded,2123,326264,813,
s756236049,p02936,u817760251,1566177635,C++,C++14 (GCC 5.4.1),cpp,Accepted,111,24960,726,
s090893112,p02936,u174404613,1566177635,C++,C++14 (GCC 5.4.1),cpp,Accepted,998,77440,1343,
s756292041,p02936,u257374434,1566177635,Python,Python (3.4.3),py,Time Limit Exceeded,2115,192468,831,
s065434713,p02936,u878492982,1566177635,C++,C++14 (GCC 5.4.1),cpp,Accepted,149,23680,965,
s480824162,p02936,u278557567,1566177634,C++,C++14 (GCC 5.4.1),cpp,Compile Error,,,751,
s500728500,p02936,u388698992,1566177634,C++,C++14 (GCC 5.4.1),cpp,Accepted,158,25600,992,
s829161097,p02936,u065893594,1566177634,C++,C++14 (GCC 5.4.1),cpp,Accepted,146,21120,2263,
s288606351,p02936,u045531009,1566177633,C++,C++14 (GCC 5.4.1),cpp,Time Limit Exceeded,2104,14720,1206,
s723612357,p02936,u844133200,1566177632,C++,C++14 (GCC 5.4.1),cpp,Accepted,143,20992,1021,
s475068608,p02936,u353797797,1566177631,Python,PyPy3 (2.4.0),py,Time Limit Exceeded,2124,347128,563,
s445755182,p02936,u188000196,1566177630,C++,C++14 (GCC 5.4.1),cpp,Accepted,393,28800,715,
s929597285,p02936,u021423660,1566177630,C++,C++14 (GCC 5.4.1),cpp,Accepted,372,25600,724,
s741120241,p02936,u229842440,1566177628,C++,C++14 (GCC 5.4.1),cpp,Accepted,119,22528,1115,
s341581620,p02936,u853900857,1566177628,C#,C# (Mono 4.6.2.0),cs,Accepted,653,68728,2762,
s998028929,p02936,u761407600,1566177628,C++,C++14 (GCC 5.4.1),cpp,Accepted,87,42624,3238,
s024618199,p02936,u853947407,1566177627,C++,C++14 (GCC 5.4.1),cpp,Accepted,334,24448,738,
s415699442,p02936,u588341295,1566177627,Python,Python (3.4.3),py,Accepted,1559,224560,871,
s599750950,p02936,u734519000,1566177625,C++,C++14 (GCC 5.4.1),cpp,Accepted,367,16372,926,
s350799427,p02936,u394853232,1566177624,C++,C++14 (Clang 3.8.0),cpp,Accepted,136,14080,7242,
s898824895,p02936,u121922047,1566177624,C,C (GCC 5.4.1),c,Accepted,109,17152,587,
s612944723,p02936,u179395482,1566177624,C++,C++14 (GCC 5.4.1),cpp,Accepted,392,24320,1025,
s836553609,p02936,u376082984,1566177624,C++,C++14 (GCC 5.4.1),cpp,Time Limit Exceeded,2215,1640196,3925,
s278646478,p02936,u751724075,1566177623,Python,Python (3.4.3),py,Accepted,1980,93084,658,
s028844612,p02936,u228127061,1566177623,C++,C++14 (GCC 5.4.1),cpp,Accepted,153,24832,697,
s989659423,p02936,u259396003,1566177622,C++,C++14 (GCC 5.4.1),cpp,Accepted,145,25728,885,
s530544197,p02936,u595893956,1566177622,C++,C++14 (GCC 5.4.1),cpp,Accepted,330,22656,846,
s218080737,p02936,u482794458,1566177622,C++,C++14 (GCC 5.4.1),cpp,Wrong Answer,191,36480,1080,
s164133842,p02936,u041783158,1566177622,Python,Python (3.4.3),py,Runtime Error,1933,237376,748,
s038402745,p02936,u764076797,1566177621,C++,C++14 (GCC 5.4.1),cpp,Runtime Error,344,39160,1702,
s209816539,p02936,u754144235,1566177621,C++,C++14 (GCC 5.4.1),cpp,Accepted,301,16372,798,
s785880035,p02936,u823542847,1566177621,C++,C++14 (GCC 5.4.1),cpp,Accepted,142,25856,694,
s673424238,p02936,u347163009,1566177621,C++,C++14 (GCC 5.4.1),cpp,Accepted,298,59648,1686,
s735421157,p02936,u138253748,1566177620,Rust,Rust (1.15.1),rs,Accepted,174,30204,2224,
s569144944,p02936,u023971200,1566177619,C++,C++14 (GCC 5.4.1),cpp,Accepted,100,13952,863,
s434300157,p02936,u137087473,1566177616,Java,Java8 (OpenJDK 1.8.0),java,Accepted,1196,145588,11953,
s109864001,p02936,u359413838,1566177616,C++,C++14 (GCC 5.4.1),cpp,Accepted,151,38272,1427,
s174973915,p02936,u158758819,1566177615,C++,C++14 (GCC 5.4.1),cpp,Accepted,133,24320,865,
s160387039,p02936,u276450837,1566177614,C++,C++14 (GCC 5.4.1),cpp,Accepted,228,67200,4081,
s642664993,p02936,u933068010,1566177612,C++,C++14 (GCC 5.4.1),cpp,Accepted,308,32768,3834,
s492804611,p02936,u626881915,1566177612,Python,Python (3.4.3),py,Accepted,1228,36896,274,
s495703882,p02936,u980322611,1566177611,Python,PyPy3 (2.4.0),py,Time Limit Exceeded,2108,139936,650,
s083166945,p02936,u554539154,1566177610,C++,C++14 (GCC 5.4.1),cpp,Accepted,321,25600,808,
s808613224,p02936,u702906718,1566177609,C++,C++14 (GCC 5.4.1),cpp,Accepted,319,14080,770,
s953958456,p02936,u652683896,1566177606,Rust,Rust (1.15.1),rs,Accepted,144,49400,2011,
s034131929,p02936,u046432236,1566177606,Python,PyPy3 (2.4.0),py,Runtime Error,2111,141188,550,
s010121409,p02936,u032723841,1566177606,C++,C++14 (GCC 5.4.1),cpp,Accepted,393,20352,500,
s956129459,p02936,u817722036,1566177606,C++,C++14 (Clang 3.8.0),cpp,Accepted,761,28160,2196,
s310187542,p02936,u676323984,1566177605,C++,C++14 (GCC 5.4.1),cpp,Accepted,101,17280,684,
s757067091,p02936,u839109522,1566177603,C++,C++14 (GCC 5.4.1),cpp,Accepted,128,22400,758,
s133375165,p02936,u590241855,1566177603,C++,C++14 (GCC 5.4.1),cpp,Accepted,314,16372,943,
s661890765,p02936,u456353530,1566177603,Python,PyPy3 (2.4.0),py,Time Limit Exceeded,2111,141080,751,
s113264834,p02936,u471289663,1566177603,C++,C++14 (GCC 5.4.1),cpp,Accepted,317,24320,1551,
s566413542,p02936,u548768105,1566177602,C++,C++14 (GCC 5.4.1),cpp,Accepted,306,22656,1254,
s074472143,p02936,u329046140,1566177602,C++,C++14 (GCC 5.4.1),cpp,Accepted,150,28276,876,
s626870609,p02936,u353797797,1566177600,Python,Python (3.4.3),py,Time Limit Exceeded,2121,289780,563,
s201583347,p02936,u624171666,1566177600,C++,C++14 (GCC 5.4.1),cpp,Wrong Answer,171,28928,11894,
s737700006,p02936,u812771098,1566177600,C++,C++14 (GCC 5.4.1),cpp,Accepted,154,25600,1083,
s700097355,p02936,u811472478,1566177599,C++,C++14 (GCC 5.4.1),cpp,Runtime Error,264,7668,1155,
s225418519,p02936,u066910956,1566177599,C++,C++14 (GCC 5.4.1),cpp,Accepted,127,26624,1016,
s510123565,p02936,u741556152,1566177599,C++,C++14 (GCC 5.4.1),cpp,Accepted,319,4736,4434,
s822362141,p02936,u879870653,1566177598,Python,PyPy3 (2.4.0),py,Time Limit Exceeded,2111,132472,633,
s758577861,p02936,u285118720,1566177596,C++,C++14 (GCC 5.4.1),cpp,Accepted,141,24320,1804,
s189012738,p02936,u987476436,1566177595,C++,C++14 (GCC 5.4.1),cpp,Runtime Error,308,6904,501,
s014041190,p02936,u734548018,1566177595,Python,Python (3.4.3),py,Time Limit Exceeded,2119,257108,541,
s877280168,p02936,u990764614,1566177595,C++,C++14 (GCC 5.4.1),cpp,Accepted,304,23808,782,
s501625613,p02936,u644778646,1566177594,Python,Python (3.4.3),py,Time Limit Exceeded,2110,250252,461,
s670065938,p02936,u764234894,1566177594,C++,C++14 (GCC 5.4.1),cpp,Accepted,147,25856,7367,
s610405183,p02936,u643840641,1566177594,C++,C++14 (GCC 5.4.1),cpp,Accepted,165,24320,870,
s028643408,p02936,u403301154,1566177592,Python,PyPy3 (2.4.0),py,Time Limit Exceeded,2112,154316,459,
s044836599,p02936,u136869985,1566177592,C++,C++14 (GCC 5.4.1),cpp,Accepted,153,24320,914,
s240878434,p02936,u121922047,1566177591,C,C (GCC 5.4.1),c,Runtime Error,107,896,587,
s688853952,p02936,u993640894,1566177590,C++,C++14 (GCC 5.4.1),cpp,Accepted,129,24064,1322,
s662292882,p02936,u422347032,1566177589,C++,C++14 (GCC 5.4.1),cpp,Accepted,169,30720,998,
s134941620,p02936,u955251526,1566177589,Python,Python (3.4.3),py,Runtime Error,1629,77204,490,
s532778506,p02936,u944248697,1566177589,C++,C++14 (GCC 5.4.1),cpp,Time Limit Exceeded,2104,29816,1538,
s175586051,p02936,u303964289,1566177588,C++,C++14 (GCC 5.4.1),cpp,Accepted,141,28672,1183,
s915845938,p02936,u064857495,1566177588,C++,C++14 (GCC 5.4.1),cpp,Accepted,142,36864,2398,
s047400095,p02936,u711540245,1566177588,C++,C++14 (GCC 5.4.1),cpp,Accepted,157,24320,1441,
s675460986,p02936,u065893594,1566177588,C++,C++14 (GCC 5.4.1),cpp,Runtime Error,127,4992,2263,
s397563102,p02936,u711117514,1566177588,Python,Python (3.4.3),py,Time Limit Exceeded,2118,227072,540,
s011429407,p02936,u515548399,1566177588,Kotlin,Kotlin (1.0.0),kt,Time Limit Exceeded,2111,152076,4761,
s214962074,p02936,u644070128,1566177588,C++,C++14 (GCC 5.4.1),cpp,Accepted,297,38400,6603,
s037488524,p02936,u211160392,1566177587,Python,Python (3.4.3),py,Accepted,1936,53012,544,
s141338853,p02936,u666625234,1566177586,C++,C++14 (GCC 5.4.1),cpp,Accepted,158,22528,699,
s465587070,p02936,u278557567,1566177585,C++,C++14 (GCC 5.4.1),cpp,Compile Error,,,751,
s803676279,p02936,u543167400,1566177584,C++,C++14 (GCC 5.4.1),cpp,Accepted,143,27392,3017,
s777193605,p02936,u982234424,1566177583,C++,C++14 (GCC 5.4.1),cpp,Accepted,289,17904,1082,
s204833746,p02936,u500496457,1566177583,C++,C++14 (Clang 3.8.0),cpp,Accepted,177,28160,3706,
s871754620,p02936,u916695530,1566177583,C++,C++14 (GCC 5.4.1),cpp,Wrong Answer,300,27392,724,
s556466211,p02936,u129325320,1566177583,C++,C++14 (GCC 5.4.1),cpp,Accepted,134,24064,616,
s280055737,p02936,u215860196,1566177582,C++,C++14 (GCC 5.4.1),cpp,Accepted,110,12032,1249,
s684011342,p02936,u717599368,1566177582,C++,C++14 (GCC 5.4.1),cpp,Accepted,139,22784,2046,
s794137299,p02936,u107077805,1566177581,C++,C++14 (GCC 5.4.1),cpp,Accepted,357,25600,744,
s338448808,p02936,u027266662,1566177581,C++,C++14 (GCC 5.4.1),cpp,Accepted,150,24320,8566,
s416424987,p02936,u257015873,1566177581,C++,C++14 (GCC 5.4.1),cpp,Accepted,364,32128,604,
s301795870,p02936,u938993305,1566177581,C#,C# (Mono 4.6.2.0),cs,Accepted,1129,44028,1224,
s304558847,p02936,u637938292,1566177580,C++,C++14 (GCC 5.4.1),cpp,Accepted,351,24320,669,
s851618877,p02936,u036411476,1566177579,C++,C++14 (GCC 5.4.1),cpp,Accepted,309,29696,766,
s738127662,p02936,u147305315,1566177578,C++,C++14 (GCC 5.4.1),cpp,Accepted,413,28928,1042,
s373175751,p02936,u685085662,1566177578,C++,C++14 (GCC 5.4.1),cpp,Accepted,221,31360,1873,
s042862060,p02936,u320267258,1566177577,C++,C++14 (GCC 5.4.1),cpp,Accepted,123,24320,1114,
s718410384,p02936,u900727536,1566177575,C++,C++14 (GCC 5.4.1),cpp,Accepted,141,24320,10485,
s641161209,p02936,u600091079,1566177575,C++,C++14 (GCC 5.4.1),cpp,Runtime Error,100,2560,3053,
s392693533,p02936,u568652083,1566177574,C++,C++14 (GCC 5.4.1),cpp,Accepted,389,23424,2264,
s719294490,p02936,u224756887,1566177569,C++,C++14 (GCC 5.4.1),cpp,Accepted,325,29056,8341,
s746869474,p02936,u097204018,1566177568,Java,Java8 (OpenJDK 1.8.0),java,Accepted,981,84932,3680,
s272286494,p02936,u606045429,1566177566,Python,PyPy3 (2.4.0),py,Accepted,1887,109772,560,
s688973457,p02936,u492131209,1566177564,C++,C++14 (GCC 5.4.1),cpp,Accepted,352,25600,792,
s088042293,p02936,u765606693,1566177564,C++,C++14 (GCC 5.4.1),cpp,Accepted,374,24320,814,
s985561685,p02936,u313766957,1566177562,C++,C++14 (GCC 5.4.1),cpp,Accepted,374,25856,742,
s306005060,p02936,u474036918,1566177560,C#,C# (Mono 4.6.2.0),cs,Accepted,639,65784,1442,
s957081526,p02936,u830360408,1566177558,C++,C++14 (GCC 5.4.1),cpp,Accepted,136,30464,768,
s354759960,p02936,u307578234,1566177555,C++,C++14 (GCC 5.4.1),cpp,Accepted,639,25856,1679,
s939301431,p02936,u240785774,1566177555,C++,C++14 (GCC 5.4.1),cpp,Accepted,110,26624,761,
s478749412,p02936,u370768058,1566177552,C++,C++14 (GCC 5.4.1),cpp,Accepted,303,38144,10077,
s056234457,p02936,u452379143,1566177552,C++,C++14 (GCC 5.4.1),cpp,Accepted,368,24064,465,
s987459141,p02936,u722535636,1566177551,Python,PyPy3 (2.4.0),py,Accepted,803,125352,528,
s291890260,p02936,u604693716,1566177550,C++,C++14 (GCC 5.4.1),cpp,Accepted,295,15604,916,
s588879172,p02936,u004426682,1566177550,C++,C++14 (GCC 5.4.1),cpp,Accepted,128,25856,816,
s763049559,p02936,u223646582,1566177549,Python,PyPy3 (2.4.0),py,Accepted,1988,91528,341,
s971602723,p02936,u603846802,1566177548,C++,C++14 (GCC 5.4.1),cpp,Runtime Error,138,18944,2536,
s185475127,p02936,u060919000,1566177548,C++,C++14 (GCC 5.4.1),cpp,Accepted,156,24320,1593,
s311788512,p02936,u590088474,1566177546,C++,C++14 (GCC 5.4.1),cpp,Accepted,285,20212,1100,
s266076966,p02936,u304121198,1566177546,C++,C++14 (GCC 5.4.1),cpp,Accepted,178,43052,20870,
s189894714,p02936,u774845108,1566177543,C#,C# (Mono 4.6.2.0),cs,Accepted,612,60020,2102,
s600815946,p02936,u644344565,1566177542,D,D (DMD64 v2.070.1),d,Accepted,504,63740,1952,
s394183959,p02936,u620868411,1566177542,Python,Python (3.4.3),py,Accepted,1448,58928,380,
s216342435,p02936,u205561862,1566177540,C++,C++14 (GCC 5.4.1),cpp,Accepted,560,55552,3352,
s511211305,p02936,u188208110,1566177540,C++,C++14 (GCC 5.4.1),cpp,Accepted,128,14080,871,
s920747507,p02936,u041196979,1566177539,Python,Python (3.4.3),py,Accepted,1784,139616,357,
s677701587,p02936,u926136838,1566177539,C++,C++14 (GCC 5.4.1),cpp,Accepted,214,32256,1659,
s309439650,p02936,u072550332,1566177539,C++,C++14 (GCC 5.4.1),cpp,Accepted,156,24320,1248,
s115605631,p02936,u905715926,1566177537,C++,C++14 (GCC 5.4.1),cpp,Accepted,215,39424,1118,
s576315008,p02936,u480892088,1566177535,C++,C++14 (GCC 5.4.1),cpp,Accepted,319,25196,1397,
s893823183,p02936,u351239842,1566177535,D,D (DMD64 v2.070.1),d,Accepted,445,34556,1123,
s750459408,p02936,u500565141,1566177534,C++,C++14 (GCC 5.4.1),cpp,Accepted,172,45952,1348,
s482272471,p02936,u973997867,1566177533,C++,C++14 (GCC 5.4.1),cpp,Accepted,367,24448,1069,
s471602209,p02936,u480831358,1566177533,C++,C++14 (GCC 5.4.1),cpp,Accepted,139,18804,1223,
s407113087,p02936,u916695530,1566177533,C++,C++14 (GCC 5.4.1),cpp,Compile Error,,,723,
s523944610,p02936,u159757494,1566177532,C++,C++14 (Clang 3.8.0),cpp,Wrong Answer,776,20976,4471,
s837973082,p02936,u209713918,1566177532,C++,C++14 (GCC 5.4.1),cpp,Accepted,171,28928,1345,
s443923449,p02936,u419874471,1566177531,C++,C++14 (Clang 3.8.0),cpp,Accepted,753,32128,5950,
s601787641,p02936,u734548018,1566177531,Python,PyPy3 (2.4.0),py,Time Limit Exceeded,2117,232944,541,
s457758651,p02936,u052499405,1566177530,Python,Python (3.4.3),py,Time Limit Exceeded,2118,231720,598,
s534840856,p02936,u614314290,1566177527,Python,PyPy3 (2.4.0),py,Runtime Error,1985,147308,630,
s694889567,p02936,u226364820,1566177527,C++,C++14 (GCC 5.4.1),cpp,Accepted,137,25856,1417,
s707217731,p02936,u101358413,1566177527,C++,C++14 (GCC 5.4.1),cpp,Accepted,351,24832,1515,
s331927485,p02936,u264342238,1566177526,C++,C++14 (GCC 5.4.1),cpp,Accepted,147,47744,1262,
s916796645,p02936,u652057333,1566177525,Python,Python (3.4.3),py,Accepted,1491,232968,587,
s753670246,p02936,u336011173,1566177525,C++,C++14 (GCC 5.4.1),cpp,Accepted,163,24320,1392,
s570648183,p02936,u643613120,1566177522,JavaScript,JavaScript (node.js v5.12),js,Accepted,1140,256056,1462,
s023056216,p02936,u793275002,1566177521,C++,C++14 (GCC 5.4.1),cpp,Accepted,311,27568,7750,
s015172164,p02936,u166696759,1566177520,C++,C++14 (GCC 5.4.1),cpp,Accepted,282,21120,1672,
s525874108,p02936,u891482208,1566177519,C++,C++14 (GCC 5.4.1),cpp,Accepted,336,16372,649,
s202516370,p02936,u456353530,1566177519,Python,Python (3.4.3),py,Time Limit Exceeded,2113,150744,751,
s602348625,p02936,u287323477,1566177519,C++,C++14 (Clang 3.8.0),cpp,Accepted,112,14080,669,
s186841963,p02936,u712630284,1566177519,C++,C++14 (GCC 5.4.1),cpp,Accepted,148,21632,1847,
s774952405,p02936,u947883560,1566177518,Python,Python (3.4.3),py,Wrong Answer,1672,141460,1961,
s319829912,p02936,u233690053,1566177518,C++,C++14 (GCC 5.4.1),cpp,Accepted,129,22784,765,
s821935703,p02936,u332385682,1566177517,D,D (DMD64 v2.070.1),d,Accepted,333,44796,3313,
s548693505,p02936,u134519179,1566177517,C++,C++14 (GCC 5.4.1),cpp,Accepted,119,24576,893,
s176979086,p02936,u688527214,1566177516,Crystal,Crystal (0.20.5),cr,Accepted,707,61436,655,
s585896006,p02936,u909815117,1566177515,C++,C++14 (GCC 5.4.1),cpp,Runtime Error,106,2816,1215,
s969704876,p02936,u548834738,1566177515,Ruby,Ruby (2.3.3),rb,Accepted,850,37812,587,
s026694319,p02936,u665380288,1566177515,C++,C++14 (GCC 5.4.1),cpp,Accepted,96,13184,675,
s005686069,p02936,u869595612,1566177514,C++,C++14 (GCC 5.4.1),cpp,Accepted,286,18676,2678,
s021690952,p02936,u688417467,1566177513,C++,C++14 (GCC 5.4.1),cpp,Accepted,135,24064,868,
s858914609,p02936,u768937125,1566177512,C++,C++14 (GCC 5.4.1),cpp,Accepted,118,18048,851,
s748726024,p02936,u764058295,1566177508,C++,C++14 (GCC 5.4.1),cpp,Accepted,200,30592,982,
s899978566,p02936,u616908644,1566177508,C++,C++14 (GCC 5.4.1),cpp,Accepted,127,27264,574,
s580453193,p02936,u726872801,1566177508,Java,Java8 (OpenJDK 1.8.0),java,Accepted,1813,233192,1382,
s928786244,p02936,u241615199,1566177506,C++,C++14 (GCC 5.4.1),cpp,Accepted,368,24320,777,
s366773386,p02936,u858748695,1566177504,Python,Python (3.4.3),py,Time Limit Exceeded,2117,222896,520,
s226732755,p02936,u598050616,1566177503,C++,C++14 (GCC 5.4.1),cpp,Accepted,316,24320,569,
s904346058,p02936,u564412651,1566177502,C++,C++14 (GCC 5.4.1),cpp,Accepted,163,25856,1366,
s910920165,p02936,u283869437,1566177498,C++,C++14 (GCC 5.4.1),cpp,Accepted,170,31360,12396,
s190989472,p02936,u344122377,1566177498,C++,C++14 (GCC 5.4.1),cpp,Accepted,321,28672,759,
s195164694,p02936,u810735437,1566177497,C++,C++14 (GCC 5.4.1),cpp,Accepted,150,30592,1394,
s191482320,p02936,u278136654,1566177497,C++,C++14 (GCC 5.4.1),cpp,Accepted,128,21104,1579,
s134539935,p02936,u432688695,1566177496,C++,C++14 (GCC 5.4.1),cpp,Accepted,128,27392,3570,
s183109437,p02936,u014617387,1566177496,C++,C++14 (GCC 5.4.1),cpp,Accepted,143,28928,1626,
s896959689,p02936,u052332717,1566177496,C++,C++14 (GCC 5.4.1),cpp,Accepted,144,25856,1488,
s791136370,p02936,u137523493,1566177495,C++,C++14 (GCC 5.4.1),cpp,Time Limit Exceeded,2104,20480,1493,
s923622811,p02936,u886956383,1566177494,C++,C++14 (GCC 5.4.1),cpp,Accepted,320,18736,1461,
s958988985,p02936,u671291651,1566177493,C++,C++14 (GCC 5.4.1),cpp,Accepted,141,26624,1742,
s617072175,p02936,u247347001,1566177493,C++,C++14 (GCC 5.4.1),cpp,Accepted,171,31872,1189,
s628033983,p02936,u229186574,1566177492,C++,C++14 (GCC 5.4.1),cpp,Accepted,183,70016,789,
s340409962,p02936,u329046140,1566177491,C++,C++14 (GCC 5.4.1),cpp,Wrong Answer,143,26496,762,
s407345481,p02936,u254521846,1566177490,C++,C++14 (GCC 5.4.1),cpp,Accepted,327,22528,3207,
s463379935,p02936,u704350324,1566177489,C++,C++14 (GCC 5.4.1),cpp,Accepted,432,38400,2221,
s317985985,p02936,u050865477,1566177488,C++,C++14 (Clang 3.8.0),cpp,Accepted,1119,28928,2959,
s240748049,p02936,u391731808,1566177488,Python,PyPy3 (2.4.0),py,Time Limit Exceeded,2111,127568,570,
s592627268,p02936,u817722036,1566177486,C++,C++14 (Clang 3.8.0),cpp,Compile Error,,,2187,
s421784152,p02936,u304121198,1566177486,C++,C++14 (GCC 5.4.1),cpp,Wrong Answer,193,42284,20850,
s844287204,p02936,u734548018,1566177486,Python,PyPy3 (2.4.0),py,Runtime Error,2090,131384,501,
s858917457,p02936,u580402951,1566177483,C++,C++14 (GCC 5.4.1),cpp,Accepted,316,17140,841,
s940425367,p02936,u352600849,1566177480,Lisp,Common Lisp (SBCL 1.1.14),l,Accepted,410,44220,3794,
s321984223,p02936,u872959410,1566177478,C++,C++14 (GCC 5.4.1),cpp,Accepted,140,24448,1718,
s733435054,p02936,u807772568,1566177476,Python,PyPy3 (2.4.0),py,Accepted,1889,134880,1532,
s568326357,p02936,u202928696,1566177475,C++,C++14 (GCC 5.4.1),cpp,Accepted,319,24320,2297,
s622107213,p02936,u392848063,1566177474,C++,C++14 (GCC 5.4.1),cpp,Accepted,135,25600,2655,
s745603390,p02936,u220995751,1566177474,C++,C++14 (GCC 5.4.1),cpp,Accepted,75,16512,1200,
s284727440,p02936,u119714109,1566177474,Python,PyPy3 (2.4.0),py,Runtime Error,1059,122700,685,
s846506814,p02936,u504158101,1566177473,OCaml,OCaml (4.02.3),ml,Accepted,314,35988,646,
s880115828,p02936,u217917732,1566177472,C++,C++14 (GCC 5.4.1),cpp,Accepted,147,26368,1511,
s811906872,p02936,u069450081,1566177472,C++,C++14 (GCC 5.4.1),cpp,Accepted,116,21120,1560,
s070088778,p02936,u920156500,1566177470,C++,C++14 (GCC 5.4.1),cpp,Accepted,102,23424,2375,
s756791166,p02936,u542111796,1566177469,C++,C++14 (GCC 5.4.1),cpp,Accepted,382,25856,687,
s670323184,p02936,u136378781,1566177468,C++,C++14 (GCC 5.4.1),cpp,Accepted,374,32584,1750,
s800768587,p02936,u400497478,1566177467,C++,C++14 (GCC 5.4.1),cpp,Accepted,643,16768,3120,
s913818153,p02936,u228214259,1566177467,C++,C++14 (GCC 5.4.1),cpp,Accepted,386,29696,984,
s642247379,p02936,u615833720,1566177465,C++,C++14 (GCC 5.4.1),cpp,Accepted,190,30592,1880,
s948171733,p02936,u592637328,1566177464,C++,C++14 (GCC 5.4.1),cpp,Accepted,310,17908,854,
s086175735,p02936,u129667379,1566177464,C++,C++14 (GCC 5.4.1),cpp,Accepted,290,22656,704,
s210095381,p02936,u455656648,1566177464,C++,C++14 (GCC 5.4.1),cpp,Accepted,183,31104,666,
s975615762,p02936,u923279197,1566177463,Python,PyPy3 (2.4.0),py,Accepted,1952,91408,465,
s316287416,p02936,u499741526,1566177463,C++,C++14 (GCC 5.4.1),cpp,Accepted,317,24320,552,
s054562770,p02936,u736004166,1566177462,C++,C++14 (Clang 3.8.0),cpp,Accepted,753,21120,952,
s313737959,p02936,u654557481,1566177462,C++,C++14 (GCC 5.4.1),cpp,Accepted,365,23424,875,
s549878929,p02936,u811561461,1566177462,C++,C++14 (GCC 5.4.1),cpp,Accepted,140,25856,2227,
s595153338,p02936,u516353059,1566177462,C++,C++14 (GCC 5.4.1),cpp,Wrong Answer,148,26496,2295,
s418475872,p02936,u998694062,1566177461,C++,C++14 (GCC 5.4.1),cpp,Accepted,73,15616,929,
s000515929,p02936,u653187094,1566177460,C++,C++14 (GCC 5.4.1),cpp,Accepted,315,25712,2557,
s490779787,p02936,u316473009,1566177460,C++,C++14 (GCC 5.4.1),cpp,Accepted,148,28160,528,
s510181737,p02936,u365677481,1566177460,C++,C++14 (GCC 5.4.1),cpp,Accepted,181,26624,741,
s977303202,p02936,u104888333,1566177458,C++,C++14 (GCC 5.4.1),cpp,Accepted,159,48512,2680,
s918791199,p02936,u858748695,1566177458,Python,Python (3.4.3),py,Runtime Error,1731,51800,480,
s580379960,p02936,u955251526,1566177457,Python,Python (3.4.3),py,Runtime Error,1688,59608,450,
s731831648,p02936,u251433890,1566177457,C++,C++14 (GCC 5.4.1),cpp,Accepted,278,18048,1188,
s411594346,p02936,u680068823,1566177457,C++,C++14 (GCC 5.4.1),cpp,Wrong Answer,145,29568,548,
s138412359,p02936,u459737327,1566177456,C++,C++14 (GCC 5.4.1),cpp,Accepted,138,46720,623,
s038236416,p02936,u366644013,1566177454,C++,C++14 (GCC 5.4.1),cpp,Accepted,130,25856,1002,
s242912642,p02936,u350997995,1566177453,Python,Python (3.4.3),py,Time Limit Exceeded,2111,230908,401,
s891887169,p02936,u764058295,1566177453,C++,C++14 (GCC 5.4.1),cpp,Runtime Error,261,28928,982,
s221123068,p02936,u454290303,1566177453,C++,C++14 (GCC 5.4.1),cpp,Accepted,134,30592,941,
s676458150,p02936,u267022560,1566177453,C++,C++14 (GCC 5.4.1),cpp,Accepted,374,31872,1267,
s830418875,p02936,u332385682,1566177453,D,D (DMD64 v2.070.1),d,Compile Error,,,3302,
s842228188,p02936,u404075706,1566177451,C++,C++14 (GCC 5.4.1),cpp,Accepted,629,19700,1774,
s816225346,p02936,u592610268,1566177450,C++,C++14 (GCC 5.4.1),cpp,Accepted,305,27392,1011,
s156503069,p02936,u480138356,1566177448,Python,Python (3.4.3),py,Accepted,1844,88428,1060,
s226414588,p02936,u355335354,1566177443,C++,C++14 (GCC 5.4.1),cpp,Accepted,143,25856,3487,
s529669540,p02936,u792078574,1566177443,Python,PyPy3 (2.4.0),py,Accepted,1715,123340,406,
s529380809,p02936,u047371023,1566177442,C++,C++14 (GCC 5.4.1),cpp,Accepted,133,23424,497,
s907094389,p02936,u584174687,1566177441,Python,PyPy3 (2.4.0),py,Accepted,1342,173408,1834,
s177935268,p02936,u169848474,1566177441,C++,C++14 (GCC 5.4.1),cpp,Accepted,143,35200,988,
s813792450,p02936,u214617707,1566177440,Python,PyPy3 (2.4.0),py,Time Limit Exceeded,2153,813432,539,
s208164162,p02936,u792670114,1566177440,Python,Python (3.4.3),py,Accepted,1625,64932,379,
s880316896,p02936,u564902833,1566177439,Python,PyPy3 (2.4.0),py,Time Limit Exceeded,2113,154580,947,
s569162005,p02936,u780122303,1566177439,C++,C++14 (GCC 5.4.1),cpp,Accepted,318,18032,1383,
s419152218,p02936,u656771711,1566177439,C++,C++14 (GCC 5.4.1),cpp,Accepted,291,16372,2075,
s625718724,p02936,u116670634,1566177439,C++,C++14 (GCC 5.4.1),cpp,Accepted,146,29824,1923,
s212510075,p02936,u916695530,1566177439,C++,C++14 (GCC 5.4.1),cpp,Wrong Answer,404,28160,733,
s384068100,p02936,u911147723,1566177438,C++,C++14 (GCC 5.4.1),cpp,Accepted,356,24448,781,
s875185405,p02936,u013476277,1566177437,C++,C++14 (GCC 5.4.1),cpp,Wrong Answer,138,26624,756,
s462009880,p02936,u631438357,1566177437,C++,C++14 (GCC 5.4.1),cpp,Accepted,149,23552,975,
s998011327,p02936,u254456372,1566177436,C++,C++14 (GCC 5.4.1),cpp,Accepted,137,23936,50659,
s671417757,p02936,u643058724,1566177435,C++,C++14 (GCC 5.4.1),cpp,Accepted,198,21120,2674,
s712409734,p02936,u969190727,1566177433,Python,PyPy3 (2.4.0),py,Accepted,991,89088,468,
s202719404,p02936,u962104148,1566177432,C++,C++14 (GCC 5.4.1),cpp,Accepted,291,27648,983,
s627608091,p02936,u867285555,1566177432,C++,C++14 (GCC 5.4.1),cpp,Accepted,101,16512,508,
s247196070,p02936,u160244242,1566177429,Python,PyPy3 (2.4.0),py,Runtime Error,2110,123224,501,
s133709651,p02936,u071692456,1566177429,C++,C++14 (GCC 5.4.1),cpp,Accepted,344,16372,1187,
s782863583,p02936,u859774897,1566177429,C++,C++14 (GCC 5.4.1),cpp,Accepted,141,24448,1027,
s264346908,p02936,u851993789,1566177428,C++,C++14 (GCC 5.4.1),cpp,Accepted,165,24960,2331,
s943224282,p02936,u444804755,1566177427,C++,C++14 (GCC 5.4.1),cpp,Accepted,352,24320,701,
s264634133,p02936,u259053514,1566177427,C++,C++14 (GCC 5.4.1),cpp,Wrong Answer,589,44148,26929,
s817947396,p02936,u340980616,1566177426,C++,C++14 (GCC 5.4.1),cpp,Accepted,319,30592,1635,
s438147681,p02936,u611384918,1566177425,C++,C++14 (GCC 5.4.1),cpp,Accepted,145,21120,575,
s558800929,p02936,u093252820,1566177424,C++,C++14 (GCC 5.4.1),cpp,Accepted,125,20864,756,
s280882585,p02936,u447708702,1566177424,C++,C++14 (GCC 5.4.1),cpp,Accepted,137,25856,1214,
s908534349,p02936,u374103100,1566177423,Python,PyPy3 (2.4.0),py,Accepted,1843,134852,772,
s305368560,p02936,u918357423,1566177423,C++,C++14 (GCC 5.4.1),cpp,Accepted,141,32128,1409,
s272536315,p02936,u708258059,1566177422,C++,C++14 (GCC 5.4.1),cpp,Accepted,420,23424,689,
s774348771,p02936,u244884744,1566177421,C++,C++14 (GCC 5.4.1),cpp,Wrong Answer,131,30592,939,
s596425622,p02936,u492448945,1566177419,C++,C++14 (GCC 5.4.1),cpp,Accepted,389,25856,738,
s588630388,p02936,u408130931,1566177414,C++,C++14 (GCC 5.4.1),cpp,Accepted,322,24320,798,
s765544294,p02936,u995792346,1566177412,C++,C++14 (GCC 5.4.1),cpp,Accepted,333,61128,1185,
s100546140,p02936,u887604715,1566177412,C++,C++14 (GCC 5.4.1),cpp,Accepted,145,23936,2522,
s139453750,p02936,u284140331,1566177410,C++,C++14 (GCC 5.4.1),cpp,Accepted,142,27648,1941,
s125643315,p02936,u350267480,1566177408,C++,C++14 (GCC 5.4.1),cpp,Accepted,140,24192,1227,
s633071843,p02936,u570522509,1566177408,C++,C++14 (GCC 5.4.1),cpp,Accepted,176,50176,2980,
s371908664,p02936,u751550626,1566177407,C++,C++14 (GCC 5.4.1),cpp,Accepted,358,32128,1071,
s462839462,p02936,u627530854,1566177405,C++,C++14 (GCC 5.4.1),cpp,Accepted,370,27392,970,
s758235189,p02936,u953072021,1566177405,C++,C++14 (GCC 5.4.1),cpp,Accepted,76,18048,1073,
s747702884,p02936,u864197622,1566177404,Python,PyPy3 (2.4.0),py,Accepted,1958,118656,702,
s994861792,p02936,u471289663,1566177401,C++,C++14 (GCC 5.4.1),cpp,Wrong Answer,602,67484,5154,
s083747266,p02936,u936555566,1566177401,C++,C++14 (GCC 5.4.1),cpp,Accepted,454,44544,892,
s331518652,p02936,u944209426,1566177400,Python,PyPy3 (2.4.0),py,Time Limit Exceeded,2113,134764,342,
s256651513,p02936,u553623615,1566177399,C++,C++14 (GCC 5.4.1),cpp,Accepted,155,32128,895,
s322898733,p02936,u821323926,1566177399,Java,Java8 (OpenJDK 1.8.0),java,Time Limit Exceeded,2110,229196,1142,
s975109158,p02936,u544437817,1566177398,C++,C++14 (GCC 5.4.1),cpp,Accepted,277,14848,664,
s212891227,p02936,u624533266,1566177398,Python,Python (3.4.3),py,Accepted,1878,41760,341,
s640382344,p02936,u485550995,1566177398,C++,C++14 (GCC 5.4.1),cpp,Accepted,304,30336,2923,
s396716941,p02936,u273118198,1566177398,C++,C++14 (GCC 5.4.1),cpp,Accepted,304,24212,1198,
s428273461,p02936,u246275061,1566177397,C++,C++14 (GCC 5.4.1),cpp,Accepted,305,24320,1438,
s812729026,p02936,u780122303,1566177396,C++,C++14 (GCC 5.4.1),cpp,Runtime Error,131,2560,1383,
s051002201,p02936,u537905693,1566177395,C++,C++14 (GCC 5.4.1),cpp,Accepted,342,25856,988,
s893450072,p02936,u427681070,1566177395,C++,C++14 (GCC 5.4.1),cpp,Time Limit Exceeded,2104,18944,571,
s413075591,p02936,u965943031,1566177394,C++,C++14 (GCC 5.4.1),cpp,Accepted,148,22784,5256,
s878393529,p02936,u120810144,1566177393,C++,C++14 (GCC 5.4.1),cpp,Accepted,368,34432,2154,
s348784027,p02936,u752074356,1566177393,C++,C++14 (GCC 5.4.1),cpp,Accepted,248,3968,747,
s948930028,p02936,u119714109,1566177391,Python,PyPy3 (2.4.0),py,Time Limit Exceeded,2145,670200,664,
s812380398,p02936,u273118198,1566177391,C++,C++14 (GCC 5.4.1),cpp,Accepted,328,24064,1198,
s014812159,p02936,u310752653,1566177391,Rust,Rust (1.15.1),rs,Accepted,151,28980,3005,
s363491712,p02936,u751730221,1566177391,C++,C++14 (GCC 5.4.1),cpp,Accepted,140,27264,1116,
s509847528,p02936,u728279667,1566177390,Nim,Nim (0.13.0),nim,Accepted,288,54016,752,
s061821805,p02936,u824402098,1566177389,C++,C++14 (GCC 5.4.1),cpp,Accepted,145,24448,862,
s188466332,p02936,u542111796,1566177389,C++,C++14 (GCC 5.4.1),cpp,Runtime Error,128,3328,671,
s402315920,p02936,u077337864,1566177387,Python,Python (3.4.3),py,Accepted,1634,244844,550,
s820290993,p02936,u109892481,1566177386,C++,C++14 (GCC 5.4.1),cpp,Accepted,191,37192,818,
s185670728,p02936,u660444966,1566177386,Java,Java8 (OpenJDK 1.8.0),java,Accepted,1313,201748,1683,
s297044821,p02936,u623300886,1566177385,C++,C++14 (GCC 5.4.1),cpp,Accepted,135,22656,1274,
s345130452,p02936,u515207244,1566177384,Python,PyPy3 (2.4.0),py,Accepted,1958,131928,567,
s833418222,p02936,u308126864,1566177384,C++,C++14 (GCC 5.4.1),cpp,Accepted,133,24320,663,
s368092104,p02936,u310083442,1566177383,C++,C++14 (GCC 5.4.1),cpp,Accepted,152,32128,3219,
s778951972,p02936,u073082475,1566177380,C++,C++14 (GCC 5.4.1),cpp,Accepted,380,28416,655,
s753713166,p02936,u467736898,1566177379,Python,PyPy3 (2.4.0),py,Time Limit Exceeded,2124,346744,476,
s093295649,p02936,u837479063,1566177373,C++,C++14 (GCC 5.4.1),cpp,Accepted,169,51584,563,
s193940956,p02936,u185294445,1566177372,C++,C++14 (GCC 5.4.1),cpp,Accepted,349,25856,1137,
s484580109,p02936,u836644468,1566177370,C++,C++14 (GCC 5.4.1),cpp,Accepted,379,20608,1570,
s430040309,p02936,u522636435,1566177367,Java,Java8 (OpenJDK 1.8.0),java,Accepted,1485,133808,1314,
s082156201,p02936,u379382721,1566177366,C++,C++14 (GCC 5.4.1),cpp,Accepted,147,25856,1047,
s253945646,p02936,u722535636,1566177364,Python,PyPy3 (2.4.0),py,Time Limit Exceeded,2123,325880,467,
s608102326,p02936,u832023241,1566177364,C++,C++14 (GCC 5.4.1),cpp,Accepted,127,24320,612,
s900916715,p02936,u969686438,1566177364,C++,C++14 (GCC 5.4.1),cpp,Accepted,130,19456,1592,
s041146252,p02936,u218842729,1566177364,C++,C++14 (GCC 5.4.1),cpp,Accepted,151,30592,1134,
s035166495,p02936,u944209426,1566177362,Python,PyPy3 (2.4.0),py,Runtime Error,2110,124256,315,
s322855487,p02936,u314906167,1566177360,Python,Python (3.4.3),py,Accepted,1667,65944,496,
s709555599,p02936,u942774736,1566177359,C++,C++14 (GCC 5.4.1),cpp,Accepted,332,21104,788,
s088577995,p02936,u554953477,1566177359,C++,C++14 (GCC 5.4.1),cpp,Accepted,281,22420,1138,
s886895530,p02936,u900015623,1566177359,Java,Java8 (OpenJDK 1.8.0),java,Accepted,482,101996,5947,
s375304628,p02936,u229842440,1566177358,C++,C++14 (GCC 5.4.1),cpp,Time Limit Exceeded,2227,1754504,1126,
s155482510,p02936,u423624748,1566177356,C++,C++14 (GCC 5.4.1),cpp,Accepted,108,24320,3583,
s467229126,p02936,u684791042,1566177356,C++,C++14 (GCC 5.4.1),cpp,Accepted,73,17920,1018,
s159250047,p02936,u752056358,1566177356,C++,C++14 (Clang 3.8.0),cpp,Accepted,793,43776,745,
s936763444,p02936,u721367699,1566177354,C++,C++14 (GCC 5.4.1),cpp,Accepted,301,22912,1399,
s343134150,p02936,u659725815,1566177353,C++,C++14 (GCC 5.4.1),cpp,Accepted,140,28800,733,
s886366325,p02936,u631277801,1566177349,Python,PyPy3 (2.4.0),py,Accepted,1019,125020,1063,
s462409418,p02936,u450832845,1566177348,C++,C++14 (GCC 5.4.1),cpp,Accepted,322,31488,934,
s963673364,p02936,u007640222,1566177347,C++,C++14 (GCC 5.4.1),cpp,Accepted,376,31872,1334,
s492495169,p02936,u779159595,1566177347,C++,C++14 (GCC 5.4.1),cpp,Accepted,309,52480,1192,
s800835647,p02936,u223646582,1566177346,Python,PyPy3 (2.4.0),py,Time Limit Exceeded,2109,91964,349,
s929420079,p02936,u310678820,1566177346,Python,PyPy3 (2.4.0),py,Accepted,1948,123892,508,
s175724033,p02936,u273957331,1566177345,C++,C++14 (GCC 5.4.1),cpp,Accepted,135,27392,2483,
s934801364,p02936,u608234874,1566177344,C++,C++14 (GCC 5.4.1),cpp,Accepted,151,25088,699,
s861912080,p02936,u340010271,1566177341,C++,C++14 (GCC 5.4.1),cpp,Accepted,134,17904,1073,
s462443082,p02936,u794173881,1566177341,Python,PyPy3 (2.4.0),py,Accepted,1922,136360,744,
s927672159,p02936,u030685402,1566177340,C++,C++14 (GCC 5.4.1),cpp,Accepted,332,24180,2514,
s743523461,p02936,u013079371,1566177340,C++,C++14 (GCC 5.4.1),cpp,Accepted,80,28672,1471,
s073928558,p02936,u134381136,1566177340,C#,C# (Mono 4.6.2.0),cs,Accepted,729,59048,2676,
s462571629,p02936,u623115612,1566177338,C++,C++14 (GCC 5.4.1),cpp,Accepted,274,14976,736,
s105092876,p02936,u633497951,1566177338,C++,C++14 (GCC 5.4.1),cpp,Accepted,132,25856,627,
s820458756,p02936,u996171098,1566177335,C++,C++14 (Clang 3.8.0),cpp,Accepted,722,32128,3864,
s727488556,p02936,u891178744,1566177333,C++,C++14 (GCC 5.4.1),cpp,Accepted,363,27392,1459,
s606069682,p02936,u521272340,1566177333,C++,C++14 (GCC 5.4.1),cpp,Accepted,439,39936,3738,
s869749660,p02936,u632353278,1566177331,C++,C++14 (GCC 5.4.1),cpp,Accepted,397,24320,1261,
s910618035,p02936,u137087473,1566177330,Java,Java8 (OpenJDK 1.8.0),java,Wrong Answer,2107,295640,11847,
s146854531,p02936,u153798346,1566177330,C++,C++14 (GCC 5.4.1),cpp,Accepted,147,23424,652,
s083534533,p02936,u209513216,1566177329,C++,C++14 (GCC 5.4.1),cpp,Accepted,101,16896,605,
s142771237,p02936,u054475353,1566177329,C++,C++14 (GCC 5.4.1),cpp,Wrong Answer,2130,467528,2526,
s378153219,p02936,u420892802,1566177328,C++,C++14 (GCC 5.4.1),cpp,Accepted,103,17024,586,
s851955701,p02936,u938924220,1566177328,C++,C++14 (GCC 5.4.1),cpp,Accepted,200,34176,3920,
s421342817,p02936,u393512980,1566177328,Python,Python (3.4.3),py,Accepted,1566,226804,587,
s334648798,p02936,u303039933,1566177328,C++,C++14 (GCC 5.4.1),cpp,Accepted,95,11392,3622,
s721358793,p02936,u482794458,1566177327,C++,C++14 (GCC 5.4.1),cpp,Wrong Answer,153,25856,1101,
s354914928,p02936,u333945892,1566177326,Python,PyPy3 (2.4.0),py,Accepted,1518,156400,828,
s942941080,p02936,u700986952,1566177326,C++,C++14 (GCC 5.4.1),cpp,Accepted,360,25856,1140,
s791983429,p02936,u572665222,1566177326,C++,C++14 (GCC 5.4.1),cpp,Accepted,293,14848,851,
s173520660,p02936,u850006519,1566177325,C++,C++14 (GCC 5.4.1),cpp,Wrong Answer,160,25856,920,
s926211174,p02936,u567489994,1566177325,C++,C++14 (GCC 5.4.1),cpp,Accepted,145,24320,3870,
s543964180,p02936,u859541564,1566177324,C++,C++14 (GCC 5.4.1),cpp,Accepted,139,24320,1412,
s636755651,p02936,u576115185,1566177324,C++,C++14 (GCC 5.4.1),cpp,Accepted,177,23552,1418,
s890068599,p02936,u693133807,1566177324,C++,C++14 (Clang 3.8.0),cpp,Accepted,772,24448,743,
s014746507,p02936,u278868910,1566177323,C++,C++14 (GCC 5.4.1),cpp,Wrong Answer,168,35200,3768,
s211311158,p02936,u160244242,1566177323,Python,PyPy3 (2.4.0),py,Runtime Error,2109,134332,467,
s603875604,p02936,u943277588,1566177322,C++,C++14 (Clang 3.8.0),cpp,Accepted,755,28288,2275,
s659930242,p02936,u851848924,1566177322,C++,C++14 (GCC 5.4.1),cpp,Accepted,124,24320,983,
s055182889,p02936,u234826697,1566177320,Java,Java8 (OpenJDK 1.8.0),java,Accepted,621,76024,6312,
s957675671,p02936,u515548399,1566177320,Kotlin,Kotlin (1.0.0),kt,Time Limit Exceeded,2111,152456,4726,
s719913590,p02936,u860546679,1566177320,C++,C++14 (GCC 5.4.1),cpp,Accepted,491,21120,415,
s876290137,p02936,u548624367,1566177320,C++,C++14 (GCC 5.4.1),cpp,Accepted,292,17908,969,
s988713865,p02936,u419330815,1566177319,C++,C++14 (GCC 5.4.1),cpp,Accepted,319,19128,1309,
s902417039,p02936,u887777069,1566177318,Nim,Nim (0.13.0),nim,Accepted,564,91000,2202,
s085311483,p02936,u550314572,1566177318,Java,Java8 (OpenJDK 1.8.0),java,Accepted,1069,109204,63033,
s847230867,p02936,u350997995,1566177316,Python,Python (3.4.3),py,Runtime Error,1625,51860,359,
s945484089,p02936,u930970950,1566177311,C++,C++14 (GCC 5.4.1),cpp,Accepted,137,25856,1042,
s734908449,p02936,u508834119,1566177310,C++,C++14 (GCC 5.4.1),cpp,Accepted,171,31104,663,
s147162685,p02936,u365677481,1566177310,C++,C++14 (GCC 5.4.1),cpp,Wrong Answer,158,25088,650,
s975329019,p02936,u410132794,1566177309,C++,C++14 (GCC 5.4.1),cpp,Accepted,102,17152,674,
s774582142,p02936,u235396011,1566177308,C++,C++14 (GCC 5.4.1),cpp,Accepted,155,40820,1404,
s202173557,p02936,u412908746,1566177308,C++,C++14 (GCC 5.4.1),cpp,Accepted,307,23552,871,
s660478075,p02936,u707524027,1566177307,C++,C++14 (GCC 5.4.1),cpp,Accepted,129,24320,1995,
s926366859,p02936,u676042970,1566177305,C++,C++14 (GCC 5.4.1),cpp,Accepted,341,21324,1353,
s903265867,p02936,u375405838,1566177304,C++,C++14 (GCC 5.4.1),cpp,Accepted,304,27392,2484,
s771136725,p02936,u482090956,1566177301,C++,C++14 (GCC 5.4.1),cpp,Accepted,150,20096,799,
s063498809,p02936,u603167288,1566177301,C++,C++14 (GCC 5.4.1),cpp,Accepted,136,23424,1088,
s570808903,p02936,u341540007,1566177301,C++,C++14 (GCC 5.4.1),cpp,Accepted,140,24320,1869,
s854757535,p02936,u218843509,1566177300,Python,PyPy3 (2.4.0),py,Time Limit Exceeded,2147,709624,638,
s985779464,p02936,u163320134,1566177299,Python,PyPy3 (2.4.0),py,Time Limit Exceeded,2124,328496,430,
s290130092,p02936,u895971408,1566177296,C++,C++14 (GCC 5.4.1),cpp,Accepted,148,32128,1552,
s246677230,p02936,u827581253,1566177296,C++,C++14 (GCC 5.4.1),cpp,Accepted,400,27136,821,
s068793100,p02936,u535008646,1566177295,C++,C++14 (GCC 5.4.1),cpp,Accepted,168,26624,866,
s755524235,p02936,u467736898,1566177295,Python,Python (3.4.3),py,Time Limit Exceeded,2060,237704,476,
s320566501,p02936,u800551451,1566177294,C++,C++14 (GCC 5.4.1),cpp,Accepted,296,19440,1624,
s942952383,p02936,u843135954,1566177292,Python,Python (3.4.3),py,Accepted,1805,238672,551,
s732097104,p02936,u591883167,1566177291,C++,C++14 (GCC 5.4.1),cpp,Accepted,112,16512,2137,
s725984171,p02936,u161323909,1566177289,Rust,Rust (1.15.1),rs,Accepted,171,23940,2637,
s591515484,p02936,u943624079,1566177288,Rust,Rust (1.15.1),rs,Accepted,291,29684,1785,
s335122727,p02936,u711117514,1566177288,Python,Python (3.4.3),py,Runtime Error,1915,48820,498,
s484095445,p02936,u666394517,1566177287,C++,C++14 (GCC 5.4.1),cpp,Accepted,398,24448,991,
s086235094,p02936,u056944756,1566177287,C++,C++14 (GCC 5.4.1),cpp,Accepted,294,24320,626,
s227080641,p02936,u392423112,1566177287,C++,C++14 (GCC 5.4.1),cpp,Accepted,345,25856,890,
s972596530,p02936,u595557971,1566177287,C++,C++14 (GCC 5.4.1),cpp,Accepted,107,26368,779,
s912453521,p02936,u754112329,1566177286,C++,C++14 (GCC 5.4.1),cpp,Accepted,177,27392,2072,
s121025014,p02936,u374099594,1566177285,C++,C++14 (GCC 5.4.1),cpp,Accepted,302,30464,738,
s306384278,p02936,u440249591,1566177285,C++,C++14 (GCC 5.4.1),cpp,Accepted,155,23552,727,
s000434854,p02936,u079330987,1566177283,C++,C++14 (GCC 5.4.1),cpp,Accepted,75,21120,5994,
s728771064,p02936,u127130661,1566177283,C++,C++14 (GCC 5.4.1),cpp,Accepted,155,23424,765,
s459265840,p02936,u728334433,1566177282,C++,C++14 (GCC 5.4.1),cpp,Accepted,156,31344,2588,
s329726140,p02936,u297574184,1566177282,Python,PyPy3 (2.4.0),py,Time Limit Exceeded,2146,690808,670,
s084166421,p02936,u533039576,1566177281,Python,PyPy3 (2.4.0),py,Time Limit Exceeded,2123,327032,502,
s460223741,p02936,u967614406,1566177281,C++,C++14 (GCC 5.4.1),cpp,Accepted,142,27392,568,
s996973484,p02936,u403301154,1566177279,Python,Python (3.4.3),py,Time Limit Exceeded,2119,269388,459,
s997571759,p02936,u608862204,1566177279,C++,C++14 (GCC 5.4.1),cpp,Accepted,74,17280,1356,
s313800234,p02936,u371472297,1566177278,C++,C++14 (GCC 5.4.1),cpp,Accepted,149,14976,1689,
s742970437,p02936,u357289011,1566177277,C++,C++14 (GCC 5.4.1),cpp,Accepted,140,32128,2531,
s493069403,p02936,u203033720,1566177277,C++,C++14 (GCC 5.4.1),cpp,Accepted,307,23808,22481,
s515520487,p02936,u077337864,1566177277,Python,PyPy3 (2.4.0),py,Runtime Error,1018,124108,516,
s440001945,p02936,u310678820,1566177275,Python,PyPy3 (2.4.0),py,Wrong Answer,1982,130928,477,
s297145320,p02936,u332519995,1566177274,C++,C++14 (GCC 5.4.1),cpp,Accepted,139,26112,782,
s184588973,p02936,u226155577,1566177273,Python,Python (3.4.3),py,Accepted,1146,56148,545,
s912224350,p02936,u833150479,1566177273,C++,C++14 (GCC 5.4.1),cpp,Accepted,141,25088,844,
s207721273,p02936,u427681070,1566177273,C++,C++14 (GCC 5.4.1),cpp,Runtime Error,256,6904,561,
s410721367,p02936,u964135123,1566177273,Python,Python (3.4.3),py,Runtime Error,2119,261540,688,
s554955627,p02936,u515548399,1566177273,C++,C++14 (GCC 5.4.1),cpp,Compile Error,,,4726,
s818583076,p02936,u017298112,1566177269,Rust,Rust (1.15.1),rs,Accepted,193,35324,3007,
s132310838,p02936,u227082700,1566177267,Python,Python (3.4.3),py,Time Limit Exceeded,2119,256520,356,
s621406041,p02936,u096100827,1566177267,C++,C++14 (GCC 5.4.1),cpp,Accepted,188,29824,946,
s539062495,p02936,u143509139,1566177267,Python,PyPy3 (2.4.0),py,Accepted,1926,130728,449,
s988570160,p02936,u212904724,1566177267,C++,C++14 (GCC 5.4.1),cpp,Accepted,311,30592,2149,
s354663865,p02936,u162209571,1566177266,C++,C++14 (GCC 5.4.1),cpp,Accepted,158,26624,840,
s848353550,p02936,u765391939,1566177266,C++,C++14 (GCC 5.4.1),cpp,Accepted,143,25088,519,
s904588201,p02936,u379679295,1566177263,C++,C++14 (GCC 5.4.1),cpp,Accepted,151,44160,2331,
s104089845,p02936,u454087021,1566177262,C++,C++14 (GCC 5.4.1),cpp,Accepted,382,21376,666,
s563962826,p02936,u994831328,1566177260,C++,C++14 (GCC 5.4.1),cpp,Accepted,327,23808,4961,
s921844412,p02936,u074721972,1566177259,C++,C++14 (GCC 5.4.1),cpp,Accepted,140,28672,1671,
s517917069,p02936,u368780724,1566177258,Python,PyPy3 (2.4.0),py,Accepted,1179,130664,1249,
s351316609,p02936,u394033362,1566177254,C++,C++14 (GCC 5.4.1),cpp,Accepted,188,23552,1166,
s186803118,p02936,u449722246,1566177254,C++,C++14 (GCC 5.4.1),cpp,Accepted,313,19512,867,
s492080974,p02936,u675296835,1566177253,C++,C++14 (GCC 5.4.1),cpp,Accepted,318,21376,7181,
s651197640,p02936,u530012357,1566177252,C++,C++14 (GCC 5.4.1),cpp,Accepted,148,23424,690,
s065415380,p02936,u233393801,1566177252,C++,C++14 (GCC 5.4.1),cpp,Accepted,135,35200,1172,
s628520823,p02936,u066369439,1566177251,C++,C++14 (GCC 5.4.1),cpp,Accepted,63,19328,9400,
s146048442,p02936,u862720966,1566177251,C++,C++14 (GCC 5.4.1),cpp,Accepted,135,45440,965,
s335229098,p02936,u151669663,1566177250,C++,C++14 (GCC 5.4.1),cpp,Accepted,168,24320,587,
s322643945,p02936,u249299065,1566177249,C++,C++14 (GCC 5.4.1),cpp,Accepted,124,16372,1089,
s467636673,p02936,u393512980,1566177247,Python,PyPy3 (2.4.0),py,Time Limit Exceeded,2159,924152,587,
s673997015,p02936,u745250049,1566177245,C++,C++14 (GCC 5.4.1),cpp,Accepted,146,30592,1462,
s996594082,p02936,u096100827,1566177245,C++,C++14 (GCC 5.4.1),cpp,Runtime Error,102,384,944,
s244224107,p02936,u224557577,1566177245,C++,C++14 (GCC 5.4.1),cpp,Accepted,317,44672,1027,
s433289012,p02936,u842401785,1566177244,C++,C++14 (GCC 5.4.1),cpp,Accepted,394,40392,941,
s221270391,p02936,u171366497,1566177244,C++,C++14 (GCC 5.4.1),cpp,Accepted,128,26624,1754,
s488239285,p02936,u548390458,1566177244,C++,C++14 (GCC 5.4.1),cpp,Accepted,171,37376,604,
s993058502,p02936,u898651494,1566177243,C++,C++14 (GCC 5.4.1),cpp,Accepted,380,25088,6163,
s189717021,p02936,u757189157,1566177242,C++,C++14 (GCC 5.4.1),cpp,Accepted,145,28928,649,
s363292634,p02936,u702582248,1566177239,C++,C++14 (GCC 5.4.1),cpp,Accepted,132,21888,2755,
s327390232,p02936,u375708802,1566177237,C++,C++14 (GCC 5.4.1),cpp,Accepted,140,25856,1176,
s156691768,p02936,u929611589,1566177236,Java,Java8 (OpenJDK 1.8.0),java,Time Limit Exceeded,2110,200836,1260,
s419496098,p02936,u807998890,1566177235,C++,C++14 (GCC 5.4.1),cpp,Accepted,354,25600,1012,
s840286951,p02936,u853418842,1566177234,C++,C++14 (GCC 5.4.1),cpp,Accepted,142,25600,1171,
s213657752,p02936,u039623862,1566177234,Python,Python (3.4.3),py,Runtime Error,1667,62752,472,
s751791693,p02936,u130804410,1566177232,C++,C++14 (GCC 5.4.1),cpp,Accepted,136,32128,2797,
s007465086,p02936,u774906517,1566177231,C++,C++14 (GCC 5.4.1),cpp,Accepted,197,33664,1640,
s829663924,p02936,u049420296,1566177231,C++,C++14 (GCC 5.4.1),cpp,Accepted,141,22400,1738,
s157631038,p02936,u869282786,1566177230,C++,C++14 (GCC 5.4.1),cpp,Accepted,176,27392,933,
s622111818,p02936,u192982222,1566177230,C++,C++14 (GCC 5.4.1),cpp,Accepted,111,12288,846,
s150943573,p02936,u459737327,1566177229,Python,Python (3.4.3),py,Runtime Error,17,2940,685,
s319863253,p02936,u608965386,1566177228,C++,C++14 (GCC 5.4.1),cpp,Accepted,310,30464,1996,
s746623718,p02936,u110383845,1566177227,C++,C++14 (GCC 5.4.1),cpp,Accepted,144,24320,3596,
s013700679,p02936,u526667747,1566177226,Java,Java8 (OpenJDK 1.8.0),java,Accepted,1223,148992,2233,
s600290552,p02936,u133391510,1566177225,C++,C++14 (GCC 5.4.1),cpp,Accepted,304,17140,938,
s161548516,p02936,u159208574,1566177224,C++,C++14 (GCC 5.4.1),cpp,Accepted,194,25856,3059,
s969476134,p02936,u086849314,1566177224,C++,C++14 (GCC 5.4.1),cpp,Accepted,138,21120,806,
s001524201,p02936,u280096880,1566177223,C++,C++14 (GCC 5.4.1),cpp,Runtime Error,107,256,1200,
s628424015,p02936,u460609472,1566177223,Scala,Scala (2.11.7),scala,Accepted,896,86828,5174,
s438122548,p02936,u196574642,1566177220,Rust,Rust (1.15.1),rs,Accepted,204,50684,1820,
s759952541,p02936,u447610671,1566177220,C++,C++14 (GCC 5.4.1),cpp,Accepted,126,44672,817,
s797326614,p02936,u687214625,1566177218,C++,C++14 (GCC 5.4.1),cpp,Accepted,152,23680,1321,
s155863754,p02936,u960524878,1566177218,C++,C++14 (GCC 5.4.1),cpp,Accepted,322,30464,3594,
s653982940,p02936,u785989355,1566177217,Python,PyPy3 (2.4.0),py,Accepted,1976,109132,770,
s059174648,p02936,u049421539,1566177216,C++,C++14 (GCC 5.4.1),cpp,Accepted,129,24320,555,
s760899455,p02936,u322084037,1566177216,C++,C++14 (GCC 5.4.1),cpp,Accepted,129,24192,1209,
s310093244,p02936,u226155577,1566177214,Python,PyPy3 (2.4.0),py,Accepted,787,93972,545,
s290133938,p02936,u918753189,1566177214,C++,C++14 (GCC 5.4.1),cpp,Accepted,391,24064,814,
s661898754,p02936,u846041485,1566177212,C++,C++14 (GCC 5.4.1),cpp,Accepted,160,28032,3540,
s694322167,p02936,u108577768,1566177211,C++,C++14 (GCC 5.4.1),cpp,Accepted,191,58880,2583,
s932346371,p02936,u614497125,1566177210,C++,C++14 (GCC 5.4.1),cpp,Accepted,134,30592,920,
s855495431,p02936,u333945892,1566177209,Python,Python (3.4.3),py,Time Limit Exceeded,2119,257868,808,
s933688389,p02936,u218843509,1566177209,Python,PyPy3 (2.4.0),py,Time Limit Exceeded,2144,657272,590,
s719893927,p02936,u467736898,1566177209,Python,Python (3.4.3),py,Runtime Error,1663,69292,434,
s784812064,p02936,u648061881,1566177209,C++,C++14 (GCC 5.4.1),cpp,Accepted,69,16384,1301,
s979409332,p02936,u986399983,1566177208,C++,C++14 (GCC 5.4.1),cpp,Accepted,168,30592,1285,
s276699068,p02936,u451748673,1566177208,C++,C++14 (GCC 5.4.1),cpp,Accepted,140,35200,1718,
s695547302,p02936,u055148700,1566177208,C++,C++14 (GCC 5.4.1),cpp,Accepted,291,61824,1268,
s174382184,p02936,u675503966,1566177207,Java,Java8 (OpenJDK 1.8.0),java,Accepted,988,143536,4230,
s552420164,p02936,u762187782,1566177207,Java,Java8 (OpenJDK 1.8.0),java,Accepted,459,74052,5705,
s531105591,p02936,u096883693,1566177205,C++,C++14 (GCC 5.4.1),cpp,Accepted,140,24320,863,
s097826407,p02936,u640974109,1566177203,C++,C++14 (GCC 5.4.1),cpp,Accepted,124,24064,616,
s846779387,p02936,u898331860,1566177203,C++,C++14 (GCC 5.4.1),cpp,Accepted,606,30592,838,
s660021713,p02936,u548713797,1566177203,C++,C++14 (GCC 5.4.1),cpp,Accepted,133,24448,1049,
s845260735,p02936,u751488284,1566177203,C++,C++14 (GCC 5.4.1),cpp,Accepted,140,25856,1554,
s703631612,p02936,u754651673,1566177201,C++,C++14 (GCC 5.4.1),cpp,Accepted,304,23424,835,
s916793677,p02936,u080679471,1566177200,C++,C++14 (GCC 5.4.1),cpp,Accepted,115,14976,524,
s014351879,p02936,u013079371,1566177198,C++,C++14 (GCC 5.4.1),cpp,Runtime Error,321,265728,1467,
s615403517,p02936,u341540007,1566177198,C++,C++14 (GCC 5.4.1),cpp,Runtime Error,129,3328,1869,
s558965549,p02936,u467423063,1566177198,C++,C++14 (GCC 5.4.1),cpp,Accepted,136,25856,1811,
s435989519,p02936,u759497274,1566177197,C++,C++14 (GCC 5.4.1),cpp,Accepted,137,30592,1842,
s317453111,p02936,u114415753,1566177196,C++,C++14 (GCC 5.4.1),cpp,Accepted,301,21120,1242,
s937466278,p02936,u777923818,1566177194,Python,PyPy3 (2.4.0),py,Accepted,884,100416,643,
s207392494,p02936,u202370403,1566177194,C++,C++14 (GCC 5.4.1),cpp,Accepted,141,33408,2041,
s621536898,p02936,u848737670,1566177194,C++,C++14 (GCC 5.4.1),cpp,Accepted,371,29696,583,
s715927392,p02936,u175295878,1566177192,C++,C++14 (GCC 5.4.1),cpp,Wrong Answer,158,51840,1551,
s064065790,p02936,u579875569,1566177191,C++,C++14 (GCC 5.4.1),cpp,Accepted,145,27392,8411,
s310701310,p02936,u292456136,1566177190,C++,C++14 (GCC 5.4.1),cpp,Accepted,129,24320,2185,
s098329747,p02936,u090994275,1566177190,C++,C++14 (GCC 5.4.1),cpp,Accepted,287,21120,1365,
s480111423,p02936,u393512980,1566177189,Python,PyPy3 (2.4.0),py,Wrong Answer,2148,750016,598,
s401432969,p02936,u269963329,1566177189,C++,C++14 (GCC 5.4.1),cpp,Accepted,302,17904,921,
s228711341,p02936,u599365206,1566177188,C#,C# (Mono 4.6.2.0),cs,Accepted,709,72584,6197,
s542694547,p02936,u789439610,1566177186,C++,C++14 (GCC 5.4.1),cpp,Accepted,364,24320,662,
s335883068,p02936,u798339690,1566177185,C++,C++14 (GCC 5.4.1),cpp,Accepted,161,38144,954,
s157814681,p02936,u553927381,1566177184,C++,C++14 (GCC 5.4.1),cpp,Accepted,133,25856,1197,
s903486830,p02936,u345432788,1566177183,C++,C++14 (GCC 5.4.1),cpp,Accepted,400,177408,727,
s333828263,p02936,u270681687,1566177183,Python,Python (3.4.3),py,Accepted,1625,230960,501,
s270631328,p02936,u636418736,1566177183,C++,C++14 (GCC 5.4.1),cpp,Accepted,130,26624,1618,
s566719119,p02936,u465317453,1566177183,C++,C++14 (GCC 5.4.1),cpp,Accepted,148,48000,2632,
s799099468,p02936,u203927510,1566177183,C++,C++14 (GCC 5.4.1),cpp,Accepted,313,16372,732,
s119983350,p02936,u898167769,1566177181,C++,C++14 (GCC 5.4.1),cpp,Accepted,133,27392,2382,
s841338391,p02936,u075949767,1566177181,C++,C++14 (GCC 5.4.1),cpp,Accepted,384,23424,687,
s489254977,p02936,u943824427,1566177176,C++,C++14 (GCC 5.4.1),cpp,Accepted,138,22528,1026,
s859378383,p02936,u845152373,1566177176,C++,C++14 (GCC 5.4.1),cpp,Accepted,312,27492,1179,
s085734393,p02936,u398942100,1566177173,C++,C++14 (GCC 5.4.1),cpp,Accepted,135,17904,5646,
s651258663,p02936,u341957179,1566177168,C++,C++14 (GCC 5.4.1),cpp,Accepted,296,21104,996,
s393771104,p02936,u550398291,1566177168,C++,C++14 (GCC 5.4.1),cpp,Accepted,116,14080,1683,
s932173636,p02936,u572468811,1566177167,C++,C++14 (GCC 5.4.1),cpp,Accepted,167,41344,2477,
s443216517,p02936,u113106094,1566177167,C++,C++14 (GCC 5.4.1),cpp,Accepted,213,28416,1422,
s386755530,p02936,u761320129,1566177166,Python,PyPy3 (2.4.0),py,Accepted,1988,124548,532,
s790411874,p02936,u898791488,1566177163,C++,C++14 (GCC 5.4.1),cpp,Accepted,315,27392,577,
s200047797,p02936,u525227248,1566177159,Java,Java8 (OpenJDK 1.8.0),java,Accepted,1238,138436,2288,
s664685614,p02936,u309985845,1566177158,C++,C++14 (GCC 5.4.1),cpp,Accepted,141,21120,541,
s020784484,p02936,u218843509,1566177157,Python,Python (3.4.3),py,Time Limit Exceeded,2114,217636,590,
s204771620,p02936,u024809932,1566177156,C++,C++14 (GCC 5.4.1),cpp,Accepted,380,26624,699,
s356122271,p02936,u562016607,1566177154,Python,PyPy3 (2.4.0),py,Accepted,1919,108592,488,
s423250822,p02936,u121725284,1566177152,C++,C++14 (GCC 5.4.1),cpp,Accepted,162,23552,1084,
s536696971,p02936,u633284019,1566177152,C++,C++14 (GCC 5.4.1),cpp,Accepted,612,27264,2700,
s205796023,p02936,u202065611,1566177150,C++,C++14 (GCC 5.4.1),cpp,Accepted,136,23296,2194,
s872530669,p02936,u003873207,1566177150,C++,C++14 (Clang 3.8.0),cpp,Accepted,750,24320,2236,
s330122826,p02936,u548390458,1566177150,C++,C++14 (GCC 5.4.1),cpp,Runtime Error,105,4992,604,
s776822064,p02936,u236127431,1566177149,C++,C++14 (GCC 5.4.1),cpp,Accepted,179,25856,1634,
s392240317,p02936,u950523274,1566177148,C++,C++14 (GCC 5.4.1),cpp,Accepted,147,24320,1011,
s801267359,p02936,u020225116,1566177147,C++,C++14 (GCC 5.4.1),cpp,Accepted,172,28672,696,
s322658003,p02936,u987185250,1566177142,C++,C++14 (GCC 5.4.1),cpp,Accepted,115,21888,624,
s434291641,p02936,u201234972,1566177141,Python,PyPy3 (2.4.0),py,Accepted,804,121804,713,
s713388047,p02936,u022138926,1566177140,Nim,Nim (0.13.0),nim,Accepted,318,62512,6719,
s356719596,p02936,u564902833,1566177140,Python,PyPy3 (2.4.0),py,Time Limit Exceeded,2113,162428,967,
s682456159,p02936,u175295878,1566177137,C++,C++14 (GCC 5.4.1),cpp,Runtime Error,145,4352,1550,
s457149291,p02936,u108577768,1566177137,C++,C++14 (GCC 5.4.1),cpp,Runtime Error,2106,276736,2570,
s842013149,p02936,u200785298,1566177134,Python,Python (3.4.3),py,Accepted,1642,322504,1389,
s297700431,p02936,u160281075,1566177132,Java,Java8 (OpenJDK 1.8.0),java,Accepted,303,86924,83619,
s318628716,p02936,u434674719,1566177131,C++,C++14 (GCC 5.4.1),cpp,Accepted,142,29824,571,
s335212476,p02936,u085110627,1566177131,C++,C++14 (GCC 5.4.1),cpp,Accepted,124,23552,1121,
s269755252,p02936,u426108351,1566177130,Python,PyPy3 (2.4.0),py,Accepted,1314,130164,629,
s138183318,p02936,u401416019,1566177127,C++,C++14 (GCC 5.4.1),cpp,Accepted,144,25856,1001,
s610054087,p02936,u006686215,1566177124,C++,C++14 (GCC 5.4.1),cpp,Accepted,320,21376,1729,
s697156069,p02936,u119714109,1566177123,Python,PyPy3 (2.4.0),py,Time Limit Exceeded,2154,800632,682,
s630990797,p02936,u297574184,1566177122,Python,Python (3.4.3),py,Time Limit Exceeded,2110,233876,564,
s966177803,p02936,u004424779,1566177118,C++,C++14 (GCC 5.4.1),cpp,Accepted,180,29184,2523,
s768475146,p02936,u856232850,1566177116,C++,C++14 (GCC 5.4.1),cpp,Accepted,373,23424,1220,
s466879363,p02936,u327466606,1566177115,Python,Python (3.4.3),py,Runtime Error,1466,48596,364,
s398833949,p02936,u348155686,1566177113,C++,C++14 (GCC 5.4.1),cpp,Accepted,157,25600,1267,
s463724840,p02936,u107077660,1566177113,C++,C++14 (GCC 5.4.1),cpp,Accepted,310,29696,652,
s832103471,p02936,u640323045,1566177108,C++,C++14 (GCC 5.4.1),cpp,Accepted,375,26240,937,
s865927920,p02936,u997521090,1566177108,C++,C++14 (GCC 5.4.1),cpp,Accepted,379,24448,1076,
s418774162,p02936,u870233611,1566177107,C++,C++14 (GCC 5.4.1),cpp,Wrong Answer,140,24960,2131,
s996834788,p02936,u063043074,1566177102,C++,C++14 (GCC 5.4.1),cpp,Accepted,130,32384,1105,
s948927124,p02936,u268245868,1566177102,C++,C++14 (GCC 5.4.1),cpp,Accepted,138,24064,2626,
s063741665,p02936,u509125770,1566177101,C#,C# (Mono 4.6.2.0),cs,Accepted,611,73108,4085,
s405532295,p02936,u891465773,1566177099,C++,C++14 (GCC 5.4.1),cpp,Accepted,75,18944,984,
s072347285,p02936,u091970605,1566177098,C++,C++14 (GCC 5.4.1),cpp,Accepted,145,30592,1030,
s269136291,p02936,u592629796,1566177097,C++,C++14 (GCC 5.4.1),cpp,Accepted,163,24320,632,
s422900167,p02936,u278868910,1566177097,C++,C++14 (GCC 5.4.1),cpp,Wrong Answer,282,44416,4922,
s862899014,p02936,u924339359,1566177097,C++,C++14 (GCC 5.4.1),cpp,Accepted,135,25856,1880,
s692164285,p02936,u646339490,1566177095,C++,C++14 (GCC 5.4.1),cpp,Accepted,358,27264,794,
s895949396,p02936,u217098314,1566177095,C++,C++14 (GCC 5.4.1),cpp,Accepted,175,24192,982,
s399960247,p02936,u095529793,1566177092,C++,C++14 (GCC 5.4.1),cpp,Accepted,393,23424,709,
s127307608,p02936,u895641117,1566177092,C++,C++14 (GCC 5.4.1),cpp,Accepted,145,30592,2130,
s672730967,p02936,u838742270,1566177090,C++,C++11 (GCC 4.8.1),cpp,Accepted,318,51584,2022,
s223159337,p02936,u893920400,1566177089,C++,C++14 (GCC 5.4.1),cpp,Accepted,138,23168,3749,
s609189170,p02936,u435935167,1566177084,C++,C++14 (GCC 5.4.1),cpp,Time Limit Exceeded,2103,3712,940,
s557870792,p02936,u910146840,1566177084,C++,C++14 (GCC 5.4.1),cpp,Accepted,74,18304,875,
s800779361,p02936,u456065785,1566177082,C++,C++14 (GCC 5.4.1),cpp,Accepted,307,20056,1001,
s557210211,p02936,u981808900,1566177082,Java,Java8 (OpenJDK 1.8.0),java,Accepted,1975,119568,1614,
s353099809,p02936,u118797367,1566177078,C++,C++14 (GCC 5.4.1),cpp,Accepted,357,15604,805,
s877677366,p02936,u406407674,1566177077,Nim,Nim (0.13.0),nim,Accepted,524,51048,1789,
s245230553,p02936,u389910364,1566177074,Python,Python (3.4.3),py,Accepted,1703,159168,1041,
s572125513,p02936,u992782045,1566177073,C++,C++14 (GCC 5.4.1),cpp,Accepted,132,30592,2157,
s222228036,p02936,u838742270,1566177072,C++,C++11 (GCC 4.8.1),cpp,Accepted,388,51584,2022,
s676882465,p02936,u756088996,1566177069,C++,C++14 (GCC 5.4.1),cpp,Accepted,323,30464,1259,
s088548447,p02936,u251828455,1566177069,C++,C++14 (GCC 5.4.1),cpp,Accepted,440,25600,574,
s311377672,p02936,u496254754,1566177068,C++,C++14 (GCC 5.4.1),cpp,Accepted,147,25600,680,
s609969785,p02936,u022314541,1566177068,C++,C++14 (GCC 5.4.1),cpp,Accepted,141,21504,795,
s607143702,p02936,u532065884,1566177066,C++,C++14 (GCC 5.4.1),cpp,Accepted,126,24320,3657,
s844149830,p02936,u198590292,1566177065,C++,C++14 (GCC 5.4.1),cpp,Accepted,137,25600,4134,
s395741352,p02936,u693027786,1566177063,C++,C++14 (GCC 5.4.1),cpp,Accepted,321,25856,991,
s481656414,p02936,u768334187,1566177060,C++,C++14 (GCC 5.4.1),cpp,Accepted,116,24320,1721,
s022485818,p02936,u896034488,1566177059,C++,C++14 (GCC 5.4.1),cpp,Accepted,146,20864,1328,
s076228905,p02936,u084411645,1566177055,C++,C++14 (GCC 5.4.1),cpp,Accepted,134,20480,3275,
s697151403,p02936,u357265888,1566177055,C++,C++14 (GCC 5.4.1),cpp,Accepted,311,20468,1818,
s443576421,p02936,u022779916,1566177054,C++,C++14 (GCC 5.4.1),cpp,Accepted,163,23424,574,
s601936097,p02936,u423778821,1566177054,C++,C++14 (GCC 5.4.1),cpp,Accepted,247,37504,3313,
s664153946,p02936,u320923811,1566177051,C++,C++14 (GCC 5.4.1),cpp,Accepted,160,47872,766,
s751223364,p02936,u425248533,1566177048,Rust,Rust (1.15.1),rs,Accepted,88,30968,2186,
s382789580,p02936,u271063202,1566177046,C++,C++14 (GCC 5.4.1),cpp,Accepted,378,23424,1200,
s764470945,p02936,u832039789,1566177045,C++,C++14 (GCC 5.4.1),cpp,Accepted,646,22656,682,
s267554082,p02936,u859396346,1566177043,C++,C++14 (GCC 5.4.1),cpp,Accepted,141,21376,1935,
s305069959,p02936,u120582723,1566177042,Lua,LuaJIT (2.0.4),lua,Accepted,514,48764,773,
s187356130,p02936,u316432228,1566177042,Java,Java8 (OpenJDK 1.8.0),java,Accepted,1677,145012,2889,
s951333741,p02936,u533039576,1566177041,Python,Python (3.4.3),py,Time Limit Exceeded,2111,232232,515,
s699327464,p02936,u521455622,1566177041,C++,C++14 (GCC 5.4.1),cpp,Accepted,125,23704,949,
s887596405,p02936,u210718367,1566177040,C++,C++14 (GCC 5.4.1),cpp,Accepted,202,30080,3672,
s441049287,p02936,u746411953,1566177040,C++,C++14 (GCC 5.4.1),cpp,Accepted,322,23424,835,
s875831952,p02936,u119714109,1566177036,Python,Python (3.4.3),py,Time Limit Exceeded,2119,240168,682,
s440299602,p02936,u333945892,1566177035,Python,PyPy3 (2.4.0),py,Time Limit Exceeded,2143,678744,841,
s928901080,p02936,u443010331,1566177035,C++,C++14 (GCC 5.4.1),cpp,Accepted,148,28672,2439,
s809525486,p02936,u759266806,1566177035,C++,C++14 (GCC 5.4.1),cpp,Accepted,142,35200,4880,
s743182418,p02936,u875291233,1566177033,Python,Python (3.4.3),py,Accepted,1640,236920,660,
s956669007,p02936,u004311543,1566177032,C#,C# (Mono 4.6.2.0),cs,Accepted,675,79232,43249,
s394165668,p02936,u432090061,1566177031,C++,C++14 (GCC 5.4.1),cpp,Accepted,136,28288,1581,
s193575955,p02936,u315702027,1566177029,C++,C++14 (GCC 5.4.1),cpp,Accepted,133,30592,970,
s428711774,p02936,u059234158,1566177029,Java,Java8 (OpenJDK 1.8.0),java,Accepted,1076,158076,649,
s090508164,p02936,u352499693,1566177029,C++,C++14 (GCC 5.4.1),cpp,Accepted,190,41984,2066,
s481553813,p02936,u838261804,1566177028,C++,C++14 (GCC 5.4.1),cpp,Accepted,153,25984,1318,
s018405476,p02936,u114354092,1566177028,C++,C++14 (GCC 5.4.1),cpp,Accepted,119,25600,2688,
s030314311,p02936,u984730891,1566177027,C++,C++14 (GCC 5.4.1),cpp,Accepted,172,24320,816,
s359002460,p02936,u623954643,1566177026,C++,C++14 (GCC 5.4.1),cpp,Accepted,319,33664,686,
s434614584,p02936,u803848678,1566177022,Python,PyPy3 (2.4.0),py,Time Limit Exceeded,2167,1035256,1603,
s528339968,p02936,u287015418,1566177022,C++,C++14 (GCC 5.4.1),cpp,Accepted,286,22952,2455,
s222025545,p02936,u965730380,1566177021,C++,C++14 (GCC 5.4.1),cpp,Accepted,140,25600,1138,
s604569737,p02936,u368329754,1566177019,C++,C++14 (GCC 5.4.1),cpp,Accepted,137,24320,915,
s381596798,p02936,u651976779,1566177017,C++,C++14 (GCC 5.4.1),cpp,Accepted,157,25600,1170,
s251833930,p02936,u837390509,1566177016,C++,C++14 (GCC 5.4.1),cpp,Accepted,137,35968,1123,
s290339217,p02936,u870233611,1566177016,C++,C++14 (GCC 5.4.1),cpp,Wrong Answer,138,22656,1983,
s988302685,p02936,u651764969,1566177015,C++,C++14 (GCC 5.4.1),cpp,Accepted,150,22656,1527,
s741188104,p02936,u319282133,1566177015,C++,C++14 (GCC 5.4.1),cpp,Accepted,295,28672,690,
s459512229,p02936,u282817279,1566177009,C++,C++14 (GCC 5.4.1),cpp,Accepted,147,32128,912,
s450715744,p02936,u219786796,1566177008,C++,C++14 (GCC 5.4.1),cpp,Accepted,126,24320,1381,
s195435914,p02936,u614963308,1566177007,C++,C++14 (GCC 5.4.1),cpp,Accepted,122,20096,1621,
s903348626,p02936,u237010411,1566177007,C++,C++14 (GCC 5.4.1),cpp,Accepted,129,20096,1999,
s413410334,p02936,u284854859,1566177007,Python,PyPy3 (2.4.0),py,Accepted,1953,119032,763,
s820252791,p02936,u756086310,1566177005,C++,C++14 (GCC 5.4.1),cpp,Accepted,154,25856,772,
s845290815,p02936,u585482323,1566177004,Python,Python (3.4.3),py,Accepted,1689,291024,1845,
s003576158,p02936,u742977643,1566177002,C++,C++14 (GCC 5.4.1),cpp,Accepted,148,27136,759,
s644464386,p02936,u508192873,1566177001,C++,C++14 (GCC 5.4.1),cpp,Accepted,345,29696,822,
s413381180,p02936,u112723190,1566177000,C++,C++14 (GCC 5.4.1),cpp,Accepted,146,26368,1764,
s532789491,p02936,u852585808,1566176998,C++,C++14 (GCC 5.4.1),cpp,Accepted,307,18672,798,
s845478961,p02936,u959960486,1566176997,C++,C++14 (GCC 5.4.1),cpp,Accepted,141,32128,959,
s251371041,p02936,u564847900,1566176996,C#,C# (Mono 4.6.2.0),cs,Accepted,466,57496,2060,
s436902086,p02936,u974440381,1566176992,C++,C++14 (GCC 5.4.1),cpp,Accepted,145,27136,2088,
s169131709,p02936,u789366780,1566176991,C++,C++14 (GCC 5.4.1),cpp,Accepted,182,24320,1148,
s414087947,p02936,u533039576,1566176984,Python,Python (3.4.3),py,Runtime Error,1620,61220,474,
s181380749,p02936,u928673524,1566176983,C++,C++14 (GCC 5.4.1),cpp,Accepted,174,27904,876,
s208877391,p02936,u762921614,1566176982,C++,C++14 (GCC 5.4.1),cpp,Accepted,445,25600,1085,
s810764728,p02936,u147049801,1566176979,C++,C++14 (GCC 5.4.1),cpp,Accepted,319,21888,1921,
s835414633,p02936,u303059352,1566176976,C++,C++14 (GCC 5.4.1),cpp,Time Limit Exceeded,2104,21632,6531,
s821640879,p02936,u144340663,1566176975,C++,C++14 (Clang 3.8.0),cpp,Accepted,132,23552,1353,
s425445640,p02936,u715675531,1566176972,C++,C++14 (GCC 5.4.1),cpp,Accepted,375,25600,1697,
s295234749,p02936,u561765782,1566176972,C++,C++14 (GCC 5.4.1),cpp,Accepted,114,22528,858,
s509413531,p02936,u272105488,1566176969,C++,C++14 (GCC 5.4.1),cpp,Accepted,159,25600,736,
s819508203,p02936,u741945117,1566176969,C++,C++14 (GCC 5.4.1),cpp,Accepted,137,27136,1256,
s187874017,p02936,u752056358,1566176968,C++,C++14 (Clang 3.8.0),cpp,Compile Error,,,672,
s448988745,p02936,u876335718,1566176968,C++,C++14 (GCC 5.4.1),cpp,Accepted,167,55936,1653,
s611199261,p02936,u493610446,1566176966,C++,C++14 (GCC 5.4.1),cpp,Accepted,300,16372,1247,
s970782234,p02936,u119460590,1566176964,C++,C++14 (GCC 5.4.1),cpp,Accepted,318,32128,1640,
s293183062,p02936,u197810813,1566176959,C++,C++14 (GCC 5.4.1),cpp,Accepted,133,24064,1418,
s695579608,p02936,u585482323,1566176955,Python,PyPy3 (2.4.0),py,Time Limit Exceeded,2149,776508,1845,
s383877077,p02936,u313288017,1566176954,C++,C++14 (GCC 5.4.1),cpp,Accepted,137,28800,4313,
s120028405,p02936,u386030504,1566176954,C++,C++14 (GCC 5.4.1),cpp,Accepted,145,23552,2628,
s976172487,p02936,u610441939,1566176953,C++,C++14 (GCC 5.4.1),cpp,Accepted,300,24320,814,
s974573365,p02936,u974440381,1566176952,C++,C++14 (GCC 5.4.1),cpp,Runtime Error,362,13568,2088,
s855470833,p02936,u333945892,1566176949,Python,Python (3.4.3),py,Time Limit Exceeded,2119,278096,841,
s427041556,p02936,u801094318,1566176948,C++,C++14 (GCC 5.4.1),cpp,Accepted,154,16372,1167,
s672830754,p02936,u537871123,1566176947,C++,C++14 (GCC 5.4.1),cpp,Accepted,141,24064,942,
s344970928,p02936,u764856393,1566176941,C++,C++14 (GCC 5.4.1),cpp,Accepted,102,22528,805,
s492043061,p02936,u762921614,1566176938,C++,C++14 (GCC 5.4.1),cpp,Runtime Error,101,2560,1085,
s425768739,p02936,u287015418,1566176937,C++,C++14 (GCC 5.4.1),cpp,Wrong Answer,367,22952,2447,
s384575565,p02936,u045811375,1566176937,C++,C++14 (GCC 5.4.1),cpp,Accepted,353,20352,483,
s586369198,p02936,u015514760,1566176935,C++,C++14 (GCC 5.4.1),cpp,Accepted,350,20352,621,
s060047775,p02936,u715750943,1566176933,C++,C++14 (GCC 5.4.1),cpp,Accepted,173,23540,3560,
s114042431,p02936,u413886749,1566176930,C++,C++14 (GCC 5.4.1),cpp,Accepted,167,38528,1722,
s618019462,p02936,u766684188,1566176922,Python,PyPy3 (2.4.0),py,Accepted,867,95380,563,
s693161435,p02936,u728732647,1566176921,C++,C++14 (GCC 5.4.1),cpp,Accepted,149,29952,2582,
s266371901,p02936,u930898631,1566176920,C++,C++14 (GCC 5.4.1),cpp,Accepted,375,20608,941,
s413870930,p02936,u382163500,1566176913,C,C (GCC 5.4.1),c,Accepted,179,27868,1880,
s086114378,p02936,u545022164,1566176911,C++,C++14 (Clang 3.8.0),cpp,Accepted,833,28928,1843,
s797677604,p02936,u827202523,1566176901,Python,Python (3.4.3),py,Runtime Error,1508,155604,751,
s773203247,p02936,u314396879,1566176888,C++,C++14 (GCC 5.4.1),cpp,Accepted,356,24320,590,
s446698145,p02936,u711985352,1566176886,C++,C++14 (GCC 5.4.1),cpp,Accepted,320,24320,1150,
s717574719,p02936,u462437857,1566176886,C++,C++14 (GCC 5.4.1),cpp,Accepted,305,22528,808,
s596376341,p02936,u284140331,1566176881,C++,C++14 (GCC 5.4.1),cpp,Wrong Answer,138,33792,1803,
s837451183,p02936,u045811375,1566176880,C++,C++14 (GCC 5.4.1),cpp,Runtime Error,306,6520,483,
s061188339,p02936,u424655672,1566176871,C++,C++14 (GCC 5.4.1),cpp,Accepted,146,32128,1028,
s814558071,p02936,u382163500,1566176865,C,C (GCC 5.4.1),c,Runtime Error,154,7552,1920,
s057494728,p02936,u146975530,1566176862,C++,C++14 (GCC 5.4.1),cpp,Accepted,147,25600,1938,
s466420915,p02936,u585482323,1566176858,Python,PyPy3 (2.4.0),py,Time Limit Exceeded,2146,710392,1838,
s630040049,p02936,u874644572,1566176854,C++,C++14 (GCC 5.4.1),cpp,Accepted,149,14848,7954,
s540787950,p02936,u434231045,1566176853,C++,C++14 (GCC 5.4.1),cpp,Accepted,160,28672,3532,
s087431998,p02936,u238671650,1566176851,C++,C++14 (GCC 5.4.1),cpp,Accepted,147,27264,968,
s031769226,p02936,u016572066,1566176850,C++,C++14 (GCC 5.4.1),cpp,Accepted,142,25600,1456,
s803649353,p02936,u921168761,1566176848,C++,C++14 (GCC 5.4.1),cpp,Accepted,386,24192,840,
s962876267,p02936,u827202523,1566176846,Python,PyPy3 (2.4.0),py,Time Limit Exceeded,2142,638584,751,
s418323244,p02936,u279196402,1566176843,C++,C++14 (GCC 5.4.1),cpp,Accepted,69,20352,4800,
s530290225,p02936,u834777932,1566176843,C++,C++14 (GCC 5.4.1),cpp,Accepted,119,23040,8386,
s318353293,p02936,u287015418,1566176839,C++,C++14 (GCC 5.4.1),cpp,Wrong Answer,297,22952,2445,
s574580060,p02936,u536580583,1566176824,C++,C++14 (GCC 5.4.1),cpp,Accepted,144,21504,717,
s634441121,p02936,u061850718,1566176797,C++,C++14 (GCC 5.4.1),cpp,Accepted,103,17280,684,
s413609341,p02936,u558299650,1566176792,C++,C++14 (GCC 5.4.1),cpp,Accepted,211,32128,5864,
s075198485,p02936,u653136790,1566176791,C++,C++14 (GCC 5.4.1),cpp,Accepted,132,24320,2636,
s900439279,p02936,u407614884,1566176769,C++,C++14 (GCC 5.4.1),cpp,Accepted,176,24064,1202,
s287984944,p02936,u915020369,1566176763,C++,C++14 (GCC 5.4.1),cpp,Accepted,160,17140,1234,
s223274441,p02936,u452725238,1566176760,C++,C++14 (GCC 5.4.1),cpp,Accepted,154,24320,1062,
s896226909,p02936,u006493569,1566176759,C++,C++14 (GCC 5.4.1),cpp,Accepted,163,21888,707,
s913208610,p02936,u811604715,1566176723,C++,C++14 (GCC 5.4.1),cpp,Accepted,141,27392,896,
s584185050,p02936,u695811449,1566176716,Python,PyPy3 (2.4.0),py,Accepted,990,125532,576,
s314341305,p02936,u579152247,1566176684,C++,C++14 (GCC 5.4.1),cpp,Accepted,373,23552,2580,
s006875248,p02936,u687214625,1566176678,C++,C++14 (GCC 5.4.1),cpp,Wrong Answer,194,23552,1314,
s716803411,p02936,u020344863,1566176594,C++,C++14 (GCC 5.4.1),cpp,Accepted,168,44672,850,
